-4877.7432 -5135.3380 -4933.7969
-4715.8534 -4773.4075 -4735.6809
-4453.4451 -4569.5209 -4477.1368
-4018.5789 -4343.3212 -4118.9196
-3867.9252 -3961.3584 -3893.7250
-3756.1250 -3814.0317 -3772.9608
-3641.5544 -3709.8851 -3661.5022
-3456.9312 -3601.2014 -3521.5225
-3340.7045 -3415.2054 -3365.1847
-3256.5508 -3296.4359 -3266.8382
-3128.6403 -3210.9627 -3148.1360
-3033.4219 -3093.7663 -3051.8319
-2942.3319 -3007.1231 -2956.2555
-2851.5204 -2905.2859 -2862.6334
-2797.6545 -2826.1568 -2801.9436
-2739.2259 -2776.4884 -2743.9325
-2676.6986 -2713.5358 -2686.5928
-2626.0989 -2666.7115 -2635.0628
-2535.5391 -2605.1316 -2552.0895
-2481.1000 -2514.1195 -2489.2442
-2359.6271 -2453.7825 -2390.7066
-2312.9001 -2353.4959 -2324.4837
-2248.6885 -2300.2711 -2266.7262
-2196.3929 -2232.7644 -2205.9786
-2154.7152 -2176.0361 -2159.1037
-2117.4747 -2131.5721 -2120.5796
-2081.9721 -2097.4297 -2083.7513
-2057.3718 -2066.4308 -2059.7453
-1997.1901 -2041.0399 -2014.3887
-1955.4476 -1992.9252 -1971.9260
-1916.3902 -1949.5185 -1923.1184
-1887.8491 -1910.0063 -1890.2723
-1860.4021 -1878.2248 -1860.8446
-1785.4428 -1852.3442 -1810.3417
-1773.0097 -1785.4428 -1777.3009
-1731.0909 -1765.3701 -1736.3465
-1676.6854 -1708.8243 -1685.7275
-1645.5505 -1669.1941 -1653.8498
-1578.1042 -1631.3881 -1595.0016
-1554.2796 -1578.1042 -1561.2121
-1545.4711 -1554.2796 -1547.4020
-1526.3456 -1545.1244 -1530.9407
-1505.1397 -1526.3456 -1506.8900
-1481.8332 -1501.5989 -1485.9294
-1464.5626 -1481.8332 -1466.7741
-1446.3996 -1462.8229 -1448.6643
-1402.4130 -1440.8218 -1419.9518
-1384.2500 -1402.4130 -1389.5237
-1358.3574 -1383.5638 -1365.9295
-1341.3162 -1358.3574 -1347.5108
-1319.8443 -1341.0995 -1325.6092
-1305.4709 -1319.8443 -1310.2437
-1284.9907 -1303.4803 -1291.0633
-1272.2512 -1286.2117 -1277.8842
-1262.8514 -1272.4277 -1264.3394
-1247.8512 -1261.1995 -1250.0245
-1222.9677 -1244.0318 -1228.7415
-1213.3877 -1222.9677 -1217.7392
-1197.6903 -1213.3877 -1201.1079
-1193.7064 -1201.7915 -1194.5939
-1183.1187 -1191.7562 -1186.2999
-1146.4972 -1182.5290 -1162.9890
-1129.9159 -1146.4972 -1135.9534
-1126.6276 -1130.8525 -1128.7251
-1111.9318 -1124.0169 -1114.2487
-1102.9263 -1111.9318 -1107.2163
-1092.8953 -1102.9263 -1095.1343
-1083.0420 -1092.8953 -1085.3993
-1073.1596 -1083.0420 -1075.6719
-1063.8722 -1073.1596 -1065.3948
-1049.2786 -1063.8722 -1055.4806
-1034.7621 -1049.2786 -1041.2830
-1022.0948 -1040.2912 -1028.2475
-1013.0952 -1024.5179 -1015.0029
-1001.2784 -1013.0952 -1005.9314
-995.9662 -1001.2784 -997.2319
-987.7351 -995.9662 -989.4760
-985.0352 -987.7351 -986.1004
-979.4228 -985.0352 -981.4612
-964.6388 -979.4228 -968.6007
-958.3872 -965.1061 -960.4642
-951.8455 -958.3872 -954.5885
-946.9470 -951.8455 -947.5263
-939.9659 -946.9470 -942.9537
-936.9523 -942.9271 -938.6941
-927.7655 -936.9523 -928.6547
-916.4945 -927.7655 -917.1356
-912.1729 -916.4945 -914.0064
-912.1729 -912.9940 -912.1851
-908.6227 -912.1729 -910.0266
-903.0311 -908.6227 -905.6970
-897.4187 -903.0311 -898.7075
-893.9182 -897.4187 -894.5252
-890.3024 -893.9182 -892.3043
-885.5220 -890.0022 -886.4731
-882.4925 -885.5220 -883.6983
-881.8359 -882.4925 -882.0710
-881.8359 -882.4925 -881.8385
-877.4394 -881.8359 -879.4659
-872.9055 -879.0385 -874.6781
-869.6850 -872.9055 -870.0237
-864.9494 -869.6850 -866.7929
-862.9394 -864.9494 -863.6421
-859.7444 -862.8640 -861.0023
-859.7444 -859.7444 -859.7444
-859.7444 -859.7444 -859.7444
-851.5132 -859.7444 -854.5313
-849.1874 -851.5132 -849.8193
-848.4916 -849.1874 -848.9300
-846.4707 -849.1874 -847.6831
-846.4707 -848.9803 -846.4856
-846.4707 -846.4707 -846.4707
-846.4707 -846.4707 -846.4707
-844.0369 -846.4707 -845.0104
-840.9598 -844.0369 -842.7431
-840.9598 -840.9598 -840.9598
-840.5018 -840.9598 -840.7784
-840.5018 -840.9598 -840.5027
-840.5018 -840.5018 -840.5018
-839.3783 -840.5018 -840.0659
-834.7888 -839.3783 -836.5328
-834.5459 -834.7888 -834.7004
-834.5459 -834.7888 -834.5532
-834.5459 -840.4487 -834.5628
-832.7034 -834.5459 -833.4699
-831.7867 -832.7034 -832.3935
-831.7867 -831.7867 -831.7867
-831.7867 -836.4559 -831.8102
-829.9441 -831.7867 -831.1934
-829.9441 -829.9441 -829.9441
-829.9441 -829.9441 -829.9441
-829.9441 -829.9441 -829.9441
-829.9441 -829.9441 -829.9441
-829.9441 -829.9441 -829.9441
-829.9441 -829.9441 -829.9441
-829.9441 -829.9441 -829.9441
-829.9441 -829.9441 -829.9441
-829.9441 -829.9441 -829.9441
-829.9441 -829.9441 -829.9441
-829.9441 -829.9441 -829.9441
-829.9441 -829.9441 -829.9441
-829.9441 -829.9441 -829.9441
-829.9441 -836.1303 -829.9565
-829.9441 -834.2182 -829.9527
-829.9441 -829.9441 -829.9441
-829.9441 -829.9441 -829.9441
-829.9441 -829.9441 -829.9441
-829.9441 -829.9441 -829.9441
-829.9441 -829.9441 -829.9441
-829.9441 -829.9441 -829.9441
-829.9441 -829.9441 -829.9441
-829.9441 -829.9441 -829.9441
-829.9441 -829.9441 -829.9441
-829.9441 -829.9441 -829.9441
-829.9441 -829.9441 -829.9441
-829.9441 -829.9441 -829.9441
-829.9441 -829.9441 -829.9441
-829.9441 -829.9441 -829.9441
-829.9441 -829.9441 -829.9441
-829.9441 -829.9441 -829.9441
-829.9441 -829.9441 -829.9441
-829.9441 -829.9441 -829.9441
-829.9441 -829.9441 -829.9441
-829.9441 -831.3620 -829.9675
-829.9441 -829.9441 -829.9441
-829.9441 -829.9441 -829.9441
-829.9441 -829.9441 -829.9441
-829.9441 -829.9441 -829.9441
-829.9441 -829.9441 -829.9441
-829.9441 -829.9441 -829.9441
-829.9441 -829.9441 -829.9441
-829.9441 -829.9441 -829.9441
-829.9441 -829.9441 -829.9441
-829.9441 -829.9441 -829.9441
-829.9441 -833.7963 -829.9518
-829.9441 -829.9441 -829.9441
-829.9441 -829.9441 -829.9441
-829.9441 -829.9441 -829.9441
-829.9441 -829.9441 -829.9441
-829.9441 -829.9441 -829.9441
-829.9441 -829.9441 -829.9441
-829.9441 -829.9441 -829.9441
-829.9441 -829.9441 -829.9441
-829.9441 -829.9441 -829.9441
-829.9441 -829.9441 -829.9441
-829.9441 -829.9441 -829.9441
-829.9441 -829.9441 -829.9441
-829.9441 -829.9441 -829.9441
-829.9441 -829.9441 -829.9441
-829.9441 -829.9441 -829.9441
-829.9441 -829.9441 -829.9441
-829.9441 -831.3620 -829.9470
-829.9441 -829.9441 -829.9441
-829.9441 -829.9441 -829.9441
-829.9441 -829.9441 -829.9441
-829.9441 -829.9441 -829.9441
-829.9441 -829.9441 -829.9441
-829.9441 -829.9441 -829.9441
-829.9441 -829.9441 -829.9441
-829.9441 -829.9441 -829.9441
-829.9441 -829.9441 -829.9441
-829.9441 -829.9441 -829.9441
-829.9441 -830.4328 -829.9451
-829.9441 -829.9441 -829.9441
-829.9441 -829.9441 -829.9441
-829.9441 -829.9441 -829.9441
-829.9441 -829.9441 -829.9441
-829.9441 -829.9441 -829.9441
-829.9441 -829.9441 -829.9441
-829.9441 -829.9441 -829.9441
-829.9441 -831.7867 -829.9478
-829.9441 -829.9441 -829.9441
-829.9441 -829.9441 -829.9441
-829.9441 -829.9441 -829.9441
-829.9441 -829.9441 -829.9441
-829.9441 -829.9441 -829.9441
-829.9441 -829.9441 -829.9441
-829.9441 -829.9441 -829.9441
-829.9441 -829.9441 -829.9441
-829.9441 -829.9441 -829.9441
-829.9441 -829.9441 -829.9441
-829.9441 -829.9441 -829.9441
-829.9441 -829.9441 -829.9441
-829.9441 -829.9441 -829.9441
-829.9441 -829.9441 -829.9441
-829.9441 -829.9441 -829.9441
-829.9441 -829.9441 -829.9441
-829.9441 -829.9441 -829.9441
-829.9441 -829.9441 -829.9441
-829.9441 -829.9441 -829.9441
-829.9441 -829.9441 -829.9441
-829.9441 -829.9441 -829.9441
-829.9441 -829.9441 -829.9441
-829.9441 -829.9441 -829.9441
-829.9441 -829.9441 -829.9441
-829.9441 -829.9441 -829.9441
-829.9441 -829.9441 -829.9441
-829.9441 -829.9441 -829.9441
-829.9441 -829.9441 -829.9441
-829.9441 -829.9441 -829.9441
-829.9441 -829.9441 -829.9441
-829.9441 -829.9441 -829.9441
-829.9441 -829.9441 -829.9441
-829.9441 -829.9441 -829.9441
-829.9441 -829.9441 -829.9441
-829.9441 -829.9441 -829.9441
-829.9441 -829.9441 -829.9441
-829.9441 -829.9441 -829.9441
-829.9441 -829.9441 -829.9441
-829.9441 -829.9441 -829.9441
-829.9441 -829.9441 -829.9441
-829.9441 -829.9441 -829.9441
-829.9441 -829.9441 -829.9441
-829.9441 -829.9441 -829.9441
-829.9441 -829.9441 -829.9441
-829.9441 -829.9441 -829.9441
-829.9441 -829.9441 -829.9441
-829.9441 -829.9441 -829.9441
-829.9441 -829.9441 -829.9441
-829.9441 -829.9441 -829.9441
-829.9441 -829.9441 -829.9441
-829.9441 -829.9441 -829.9441
-829.9441 -829.9441 -829.9441
-829.9441 -829.9441 -829.9441
-829.9441 -829.9441 -829.9441
-829.9441 -829.9441 -829.9441
-829.9441 -829.9441 -829.9441
-829.9441 -829.9441 -829.9441
-829.9441 -829.9441 -829.9441
-829.9441 -829.9441 -829.9441
-829.9441 -829.9441 -829.9441
-829.9441 -829.9441 -829.9441
-829.9441 -829.9441 -829.9441
-829.9441 -829.9441 -829.9441
-829.9441 -829.9441 -829.9441
-829.9441 -829.9441 -829.9441
-829.9441 -829.9441 -829.9441
-829.9441 -829.9441 -829.9441
-829.9441 -830.8983 -829.9479
-829.9441 -829.9441 -829.9441
-829.9441 -829.9441 -829.9441
-829.9441 -829.9441 -829.9441
-829.9441 -829.9441 -829.9441
-829.9441 -829.9441 -829.9441
-829.9441 -829.9441 -829.9441
-829.9441 -829.9441 -829.9441
-829.9441 -829.9441 -829.9441
-829.9441 -829.9441 -829.9441
-829.9441 -829.9441 -829.9441
-829.9441 -829.9441 -829.9441
-829.9441 -829.9441 -829.9441
-829.9441 -829.9441 -829.9441
-829.9441 -829.9441 -829.9441
-829.9441 -829.9441 -829.9441
-829.9441 -829.9441 -829.9441
-829.9441 -829.9441 -829.9441
-829.9441 -829.9441 -829.9441
-829.9441 -829.9441 -829.9441
-829.9441 -829.9441 -829.9441
-829.9441 -829.9441 -829.9441
