2.856906280734174075e+00 4.790677848667868055e-01 1.426629590200970910e+00
2.856906280734174075e+00 8.876699249936499392e-01 1.684298125393469903e+00
2.856906280734174075e+00 9.485611746087926344e-01 1.829122181009727566e+00
3.660434173043171757e+00 1.643216035754247573e+00 2.574654971174318074e+00
3.687687385154833741e+00 1.228075173173276635e+00 2.857231105876198107e+00
3.735946560747700929e+00 1.454862297479390110e+00 2.561103157685344911e+00
3.743787117698691880e+00 2.185788035886209180e-01 2.265474881647816296e+00
3.753294948857615942e+00 1.408671832445989924e+00 2.985129826823257559e+00
3.753294948857615942e+00 1.306049170250031199e+00 2.766136775089273137e+00
3.753294948857615942e+00 -5.561659499391962136e-01 1.465699733267343818e+00
3.753294948857615942e+00 -7.776476196161761223e-01 1.448149315841667839e+00
4.043773866907727665e+00 1.241742067772560132e+00 3.234833259252947180e+00
4.043773866907727665e+00 1.396235330699447053e+00 2.297044625463040557e+00
4.043773866907727665e+00 -4.796392981759933782e-01 1.791533927358740730e+00
4.043773866907727665e+00 1.942092851008195842e+00 2.681581328183008317e+00
4.043773866907727665e+00 2.179610799885965733e+00 2.587131163157183611e+00
4.110609740000898071e+00 2.077236823601109172e+00 2.605461378055330179e+00
4.110609740000898071e+00 1.041976774016911245e+00 1.745378510832433339e+00
4.110609740000898071e+00 7.904476808458105186e-01 1.915028912922076332e+00
4.110609740000898071e+00 9.039442070514596139e-01 2.603314121641290946e+00
4.110609740000898071e+00 1.129877673353735679e+00 2.373395229005915041e+00
4.110609740000898071e+00 1.134106357680162436e+00 2.945951470118045368e+00
4.110609740000898071e+00 1.020284311425093016e+00 2.790864807412360982e+00
4.110609740000898071e+00 1.269915107610292582e+00 2.552240787253742926e+00
4.110609740000898071e+00 1.623640529891946960e+00 2.713988413058047833e+00
4.110609740000898071e+00 2.339750405471609618e+00 2.922435897354465517e+00
4.110609740000898071e+00 -3.305902855450979505e-01 2.434623949520115183e+00
4.149056710340014220e+00 2.051242804387396923e+00 3.530869082696697969e+00
4.152825821953768148e+00 2.370892865256166271e+00 3.777979414739588204e+00
4.152825821953768148e+00 3.505553073910985695e+00 3.813723693416831928e+00
4.152825821953768148e+00 3.491630570701947711e+00 3.810000951102094469e+00
4.152825821953768148e+00 3.654737162969764697e+00 3.862280076702188758e+00
4.152825821953768148e+00 3.580171690435731691e+00 3.896029557400888077e+00
4.152825821953768148e+00 2.512885971716687816e+00 3.581720791452170261e+00
4.152825821953768148e+00 3.657440625271908274e+00 3.891146997131530672e+00
4.155883834279662459e+00 3.773710179852342694e+00 4.047198758336682189e+00
4.155883834279662459e+00 3.890433392505069143e+00 4.117151894018881819e+00
4.248052892507340417e+00 3.816586516422725950e+00 4.171976252837752419e+00
4.248052892507340417e+00 2.101532868293087830e+00 3.835365733732341020e+00
4.248052892507340417e+00 2.560480106316684878e+00 3.838216042148721918e+00
4.248052892507340417e+00 3.341783139689712190e+00 4.059594251315146174e+00
4.249519145132110154e+00 4.060241360956924339e+00 4.128732842727295349e+00
4.249922875163028024e+00 4.092241694804744867e+00 4.200044642315317489e+00
4.249922875163028024e+00 4.046660353580183944e+00 4.176876304456459188e+00
4.249922875163028024e+00 4.085218790048632975e+00 4.184157288536474617e+00
4.251463046645946875e+00 4.172274833448058828e+00 4.228400767803736748e+00
4.251463046645946875e+00 4.193352630153551530e+00 4.235781844942370533e+00
4.251463046645946875e+00 4.232044693172030136e+00 4.246075920941124515e+00
4.251692892948801372e+00 4.248894969456640247e+00 4.251093131672890379e+00
4.251692892948801372e+00 4.251477200162742776e+00 4.251575304857001747e+00
