32583
58708
77595
96218
134624
159538
200635
203145
263696
335923
369830
407802
448023
449548
453672
463921
483333
540310
552023
584354
649696
671546
697396
712500
749649
774517
822910
880583
912877
929237
971951
1106518
1117564
1141231
1145092
1148150
1148313
1166961
1250701
1316193
1332986
1359652
1368193
1397314
1497437
1523197
1523778
1613013
1626389
1651126
1658400
1690304
1711391
1723833
1766718
1812232
1850651
1901533
1957082
2033226
2055409
2083485
2087165
2212246
2314038
2322772
2327267
2346367
2384941
2405303
2419085
2452175
2456950
2468233
2517762
2552622
2592789
2605416
2608406
2759911
2768597
2781155
2856716
2894331
2922580
2930490
2964757
2986638
3011523
3019602
3086540
3091682
3125545
3132170
3178790
3183901
3191656
3222752
3242459
3267095
3292662
3300492
3314521
3316930
3338014
3394342
3497683
3554429
3592220
3618060
3644871
3644931
3837517
3847447
3881099
3940360
3965238
3986769
3994336
3999640
4030201
4040929
4080855
4115022
4151917
4232291
4300516
4315367
4374089
4377339
4419070
4437129
4443174
4497305
4517224
4520841
4604392
4632524
4640782
4664818
4680136
4719809
4734122
4806878
4858128
4879093
4880019
4974318
4995424
5067673
5087627
5092907
5121743
5183802
5250937
5327348
5375835
5385068
5520235
5520431
5581965
5659789
5727033
5751600
5752345
5788408
5812184
5861783
5874414
5917965
5924831
5959796
5986843
5994808
6013176
6041235
6113769
6141181
6155681
6167652
6179897
6218534
6223308
6247965
6249398
6255474
6335440
6344428
6363480
6367576
6367875
6410323
6431015
6433097
6434007
6492198
6553048
6597828
6737281
6764113
6772538
6781167
6784799
6787076
6826110
6831810
6896369
6908853
6951024
6999245
7040127
7132297
7133457
7168941
7203697
7205294
7332767
7379102
7387478
7399537
7409843
7418054
7438845
7552107
7558453
7573002
7622947
7665948
7690811
7733097
7771986
7805060
7818180
7825673
7887919
7999506
8018506
8149768
8165989
8172807
8191217
8193166
8193637
8208843
8228355
8229130
8266710
8281669
8282770
8291686
8448912
8459905
8472995
8569775
8570829
8623647
8667482
8673400
8673855
8677977
8753836
8792118
8831528
8841323
8914756
8945537
8975883
8986089
9016466
9033054
9055670
9120818
9176971
9192166
9193553
9241843
9251054
9342996
9390950
9414545
9440557
9440661
9449833
9485173
9519243
9635861
9645835
9656980
9714815
9757147
9785851
9797917
9809848
9830028
9897794
9911668
9940609
9948325
9959078
9961977
