-5182.2201 -5733.2716 -5538.8930
-5128.8210 -5552.4613 -5439.4873
-5128.8210 -5472.0866 -5362.4017
-5068.3541 -5391.4620 -5271.6173
-5068.3541 -5267.4011 -5185.9157
-5041.8090 -5194.6677 -5145.7931
-5041.8090 -5155.8786 -5117.4622
-5020.7772 -5127.6768 -5087.2319
-4945.2634 -5094.3177 -5057.3150
-4921.6332 -5067.4814 -5036.9197
-4921.6332 -5044.5168 -5011.7722
-4921.6332 -5018.6677 -4986.7186
-4899.4379 -4995.4959 -4966.2595
-4849.0340 -4975.3438 -4939.4504
-4820.0278 -4950.2014 -4913.1645
-4800.5107 -4922.1760 -4887.1118
-4781.6828 -4886.6558 -4846.7530
-4738.0538 -4857.1529 -4817.9480
-4723.2398 -4837.3656 -4796.4668
-4682.4197 -4801.1660 -4771.2997
-4646.1884 -4785.3153 -4740.8386
-4629.8807 -4746.6071 -4705.2584
-4559.3428 -4719.8457 -4679.5984
-4543.7670 -4692.3191 -4656.8397
-4543.7670 -4668.7181 -4628.8792
-4531.9634 -4649.0378 -4609.5353
-4481.6418 -4619.4397 -4576.1802
-4468.3164 -4587.8321 -4553.3757
-4462.1000 -4564.6008 -4530.1697
-4375.0044 -4549.7177 -4513.6035
-4375.0044 -4528.2136 -4488.3179
-4342.6486 -4501.8327 -4460.2078
-4342.6486 -4476.7833 -4434.3749
-4303.2783 -4453.7163 -4410.7419
-4303.2783 -4428.3255 -4387.6106
-4303.2783 -4404.2065 -4367.6146
-4303.2783 -4379.0810 -4353.1830
-4294.1285 -4366.5270 -4342.6724
-4261.8673 -4353.0318 -4325.5285
-4239.2964 -4333.5200 -4312.5606
-4217.4912 -4322.0560 -4296.4659
-4202.2613 -4308.5507 -4280.7671
-4202.2613 -4298.2581 -4261.5375
-4201.3666 -4272.4009 -4242.2196
-4112.4651 -4251.9007 -4217.4182
-4112.4651 -4222.8948 -4198.0729
-4112.4651 -4210.5956 -4186.4717
-4093.9016 -4199.2719 -4174.0429
-4067.2170 -4190.9428 -4156.4286
-4067.2170 -4170.9047 -4130.0963
-4063.1347 -4147.4072 -4111.2870
-4037.9966 -4118.9084 -4095.3910
-4012.9666 -4110.8821 -4081.7898
-3960.3684 -4093.9016 -4065.3001
-3960.3684 -4082.7249 -4051.2417
-3918.8570 -4063.2144 -4032.2928
-3918.8570 -4051.7985 -4018.9112
-3918.8570 -4037.9966 -3999.7333
-3908.1310 -4012.9666 -3980.2007
-3849.9493 -3993.5236 -3961.8856
-3811.0090 -3978.7017 -3934.6784
-3811.0090 -3953.3157 -3910.1606
-3766.4203 -3925.3344 -3885.1930
-3766.4203 -3907.9871 -3865.2673
-3766.4203 -3875.2058 -3838.3705
-3766.4203 -3849.9493 -3820.3801
-3729.5591 -3840.2621 -3802.5437
-3729.5591 -3821.1401 -3789.6952
-3729.4201 -3808.2232 -3775.7858
-3684.0828 -3783.5501 -3756.1883
-3679.8074 -3766.4203 -3737.2665
-3667.8758 -3751.3031 -3725.3458
-3642.8546 -3738.9329 -3715.6017
-3642.8546 -3729.4201 -3701.5123
-3642.8546 -3715.9361 -3689.8679
-3608.8678 -3708.7768 -3677.2563
-3608.8678 -3688.4392 -3666.1486
-3591.2314 -3675.5312 -3650.0828
-3588.8609 -3659.9532 -3634.4289
-3562.2917 -3644.0066 -3621.0324
-3549.9203 -3633.2973 -3609.9021
-3516.5038 -3624.6481 -3599.7332
-3516.5038 -3613.7649 -3585.9655
-3516.5038 -3599.4360 -3571.5707
-3514.5784 -3579.0087 -3555.3851
-3477.2759 -3564.5520 -3540.5405
-3450.0187 -3553.3806 -3527.0168
-3450.0187 -3541.9180 -3516.8771
-3450.0187 -3529.3897 -3505.5618
-3450.0187 -3516.5038 -3492.8294
-3440.3368 -3508.2065 -3484.9244
-3438.7219 -3500.0893 -3475.7507
-3419.7053 -3488.8007 -3464.0810
-3419.7053 -3477.7668 -3457.7034
-3402.5594 -3470.5593 -3448.6372
-3366.8378 -3458.9279 -3437.2327
-3366.8378 -3450.0187 -3429.7141
-3366.8378 -3443.3455 -3420.5848
-3364.8762 -3437.5170 -3408.5951
-3346.2514 -3419.7053 -3393.7634
-3327.6148 -3404.3514 -3381.7737
-3301.2064 -3393.8105 -3367.4847
-3301.2064 -3380.3327 -3357.5004
-3295.7242 -3366.8378 -3344.9722
-3295.7242 -3354.5159 -3331.3078
-3284.5321 -3346.2514 -3322.0572
-3284.5321 -3334.5930 -3314.3345
-3241.1852 -3320.6206 -3301.5650
-3228.8660 -3308.8052 -3289.8466
-3186.5896 -3301.2348 -3279.2386
-3186.5896 -3295.7242 -3269.1478
-3186.5896 -3285.6064 -3253.3319
-3143.1248 -3270.0682 -3238.4662
-3143.1248 -3260.8527 -3225.1284
-3079.1265 -3240.0673 -3205.2198
-3071.0718 -3228.8660 -3186.7004
-3071.0718 -3204.1713 -3165.0147
-3049.5150 -3188.8107 -3146.7809
-3035.7802 -3164.4334 -3124.4043
-2973.6755 -3150.0657 -3103.3448
-2973.6755 -3126.4057 -3078.3518
-2973.6755 -3107.6772 -3065.2749
-2973.6755 -3084.9735 -3053.3305
-2973.6755 -3075.0804 -3037.0243
-2944.4590 -3064.9468 -3021.1421
-2939.2046 -3042.8328 -3003.1770
-2925.0075 -3019.0715 -2984.2769
-2925.0075 -3000.3291 -2972.8329
-2906.5688 -2988.6571 -2963.7875
-2905.8393 -2973.6755 -2954.6021
-2905.8393 -2967.8879 -2945.1973
-2871.1448 -2957.0375 -2934.4764
-2844.2533 -2951.5638 -2924.3011
-2844.2533 -2942.0754 -2913.6087
-2802.0249 -2929.6157 -2898.9799
-2802.0249 -2920.3511 -2886.9605
-2802.0249 -2906.5688 -2872.7581
-2802.0249 -2894.9503 -2856.1489
-2802.0249 -2871.1448 -2843.5730
-2784.3230 -2855.0605 -2833.8635
-2784.3230 -2845.5519 -2825.7145
-2784.3230 -2843.4014 -2822.2175
-2784.3230 -2836.4580 -2815.2893
-2756.3235 -2832.5012 -2807.6796
-2756.3235 -2823.0374 -2802.0121
-2749.1127 -2809.2412 -2789.2451
-2738.9763 -2802.0249 -2782.6176
-2714.9870 -2801.7909 -2776.6299
-2714.9870 -2791.1866 -2769.5835
-2709.9624 -2784.3230 -2761.1582
-2671.2706 -2777.2445 -2751.4983
-2671.2706 -2767.3799 -2742.9087
-2671.2706 -2760.4867 -2732.8858
-2671.2706 -2755.5975 -2724.9531
-2660.2217 -2739.9308 -2714.3377
-2660.2217 -2729.9262 -2707.0892
-2660.2217 -2723.8824 -2698.4903
-2626.2803 -2717.2924 -2690.0271
-2626.2803 -2709.9626 -2683.7990
-2626.2803 -2700.8540 -2674.8413
-2626.2803 -2690.7552 -2669.6438
-2626.2803 -2684.4489 -2662.2734
-2595.3517 -2675.1469 -2652.8584
-2585.8020 -2668.6210 -2642.8769
-2573.5049 -2660.2217 -2633.4096
-2573.5049 -2647.9213 -2624.5288
-2573.5049 -2636.4298 -2616.7678
-2573.5049 -2629.7817 -2612.7739
-2573.5049 -2625.6033 -2607.0153
-2568.3954 -2621.5917 -2600.7925
-2556.5175 -2615.3002 -2595.0966
-2531.2235 -2606.0516 -2587.6359
-2531.2235 -2601.6800 -2579.9301
-2531.2235 -2592.0165 -2572.2249
-2504.4072 -2586.9216 -2565.5577
-2504.4072 -2581.3555 -2561.5906
-2504.4072 -2575.2725 -2554.5888
-2504.4072 -2571.0278 -2546.8372
-2504.0545 -2562.5824 -2539.8941
-2504.0545 -2556.0146 -2533.1164
-2500.3388 -2546.9215 -2524.0164
-2500.3388 -2539.1669 -2518.9750
-2500.3388 -2529.8431 -2515.2257
-2465.7898 -2524.9722 -2509.8558
-2465.7898 -2519.8390 -2504.2829
-2464.4049 -2513.2643 -2499.5019
-2464.4049 -2511.2444 -2497.1539
-2460.5575 -2504.8251 -2493.3790
-2455.0583 -2504.0545 -2489.8017
-2444.5563 -2500.7189 -2485.2713
-2440.8982 -2499.3025 -2477.3073
-2424.2502 -2495.3725 -2472.2174
-2424.2502 -2487.9389 -2466.2657
-2383.7778 -2478.6949 -2455.4790
-2383.7778 -2470.7584 -2449.1284
-2383.7778 -2465.7898 -2444.5451
-2383.7778 -2460.5575 -2435.4085
-2383.7778 -2455.0583 -2431.9029
-2376.3358 -2451.0817 -2425.6843
-2376.3358 -2444.8189 -2418.7557
-2376.3358 -2437.2348 -2412.0451
-2364.1926 -2428.0828 -2401.6209
-2364.1926 -2417.6587 -2393.8460
-2364.1926 -2409.7300 -2388.6713
-2364.1926 -2398.7474 -2385.0149
-2364.1926 -2393.9927 -2382.3972
-2324.6222 -2390.9297 -2376.9566
-2324.6222 -2387.6080 -2372.5927
-2309.7450 -2383.7778 -2366.7537
-2309.7450 -2377.6501 -2362.5680
-2309.7450 -2373.6357 -2356.5802
-2299.8940 -2368.6234 -2350.2131
-2299.8940 -2364.4048 -2344.7960
-2299.8940 -2362.8428 -2337.2555
-2283.7336 -2356.7057 -2330.0173
-2283.7336 -2347.3783 -2323.8737
-2278.1398 -2342.3279 -2317.9446
-2278.1398 -2332.5179 -2311.4143
-2278.1398 -2326.6913 -2308.2210
-2250.0704 -2323.2779 -2301.8328
-2245.4660 -2315.6583 -2297.2098
-2245.4660 -2309.7450 -2291.6738
-2245.4660 -2303.9182 -2288.4035
-2245.4660 -2301.0098 -2283.0863
-2230.1535 -2298.1024 -2274.4057
-2230.1535 -2287.2665 -2267.4794
-2201.0308 -2281.0214 -2262.0715
-2201.0308 -2275.8480 -2255.4541
-2201.0308 -2269.5847 -2250.0805
-2186.5641 -2264.0972 -2242.7469
-2186.5641 -2261.9055 -2237.8110
-2186.5641 -2251.6145 -2233.3058
-2186.4938 -2247.6574 -2228.4424
-2184.1311 -2245.4660 -2222.6806
-2184.1311 -2241.4480 -2215.8783
-2182.2921 -2230.1535 -2206.9209
-2167.8027 -2222.3156 -2201.8786
-2165.7078 -2218.1296 -2196.9975
-2157.3008 -2210.8870 -2191.5270
-2157.3008 -2201.0308 -2185.0136
-2151.7710 -2199.5989 -2181.0159
-2127.1700 -2189.5559 -2174.5395
-2127.1700 -2186.5641 -2169.9192
-2127.1700 -2182.2921 -2165.0891
-2127.1700 -2177.7139 -2161.0299
-2127.1700 -2174.0424 -2156.0651
-2127.1700 -2171.1547 -2152.0390
-2077.8963 -2164.9832 -2145.7267
-2077.8963 -2160.1851 -2141.9024
-2077.8963 -2158.4471 -2137.2657
-2077.8963 -2152.9101 -2131.4013
-2058.6105 -2146.2287 -2122.1256
-2058.6105 -2139.3112 -2116.3032
-2058.6105 -2135.3021 -2110.9022
-2058.6105 -2130.0636 -2105.2080
-2058.6105 -2127.1201 -2098.9461
-2053.0225 -2116.3416 -2091.5525
-2053.0225 -2112.2432 -2087.0275
-2053.0225 -2103.8853 -2081.6750
-2053.0225 -2100.2955 -2076.5579
-2053.0225 -2090.5191 -2072.1558
-2053.0225 -2084.2861 -2068.6354
-2046.9179 -2078.8457 -2065.5522
-2046.9179 -2077.8963 -2063.8049
-2046.9179 -2075.6207 -2061.5400
-2039.1337 -2071.6279 -2059.4057
-2039.1337 -2069.4635 -2058.1178
-2019.9073 -2066.7362 -2055.3214
-1995.0046 -2061.4307 -2050.7163
-1995.0046 -2058.6540 -2047.4895
-1995.0046 -2058.6105 -2042.5900
-1995.0046 -2055.2313 -2038.8264
-1995.0046 -2053.0225 -2033.8937
-1981.8578 -2049.3574 -2027.5714
-1981.8578 -2045.5690 -2021.0383
-1981.8578 -2040.3264 -2014.4683
-1981.8578 -2033.8216 -2009.4321
-1981.8578 -2023.1092 -2004.9610
-1981.8578 -2019.9073 -2001.1219
-1981.8578 -2015.3319 -1996.5901
-1981.8578 -2011.7863 -1994.2323
-1976.4458 -2003.7665 -1991.2024
-1976.4458 -1999.5020 -1989.6523
-1973.7300 -1995.7099 -1988.0181
-1959.8894 -1995.0046 -1986.2924
-1935.2346 -1992.4684 -1981.3573
-1935.2346 -1991.5132 -1978.7875
-1935.2346 -1988.3923 -1975.2673
-1935.2346 -1982.1473 -1971.8639
-1935.2346 -1981.8841 -1969.7539
-1927.6674 -1981.8578 -1965.3111
-1927.6674 -1978.9547 -1960.1204
-1915.5025 -1973.9416 -1953.9941
-1915.5025 -1971.9016 -1950.7516
-1902.1207 -1962.4242 -1943.1458
-1902.1207 -1959.8894 -1939.5200
-1902.1207 -1951.1382 -1936.0386
-1902.1207 -1947.4988 -1933.5973
-1889.3702 -1943.9537 -1929.1643
-1880.1300 -1941.7451 -1925.0252
-1880.1300 -1937.8936 -1921.4801
-1880.1300 -1934.1780 -1917.5970
-1880.1300 -1932.4689 -1914.9920
-1878.7576 -1928.5156 -1910.4265
-1878.7576 -1926.8667 -1907.1435
-1878.7576 -1921.1587 -1903.7749
-1878.2609 -1917.9307 -1900.5084
-1837.9669 -1915.3237 -1893.5434
-1837.9669 -1908.7326 -1888.0780
-1837.9669 -1903.8494 -1884.5024
-1837.9669 -1902.1207 -1880.6953
-1837.9669 -1893.6922 -1876.7872
-1822.4374 -1889.3702 -1872.6832
-1822.4374 -1887.1666 -1868.9157
-1822.4374 -1881.4731 -1865.2685
-1822.4374 -1880.1300 -1862.4783
-1822.4374 -1878.7576 -1858.3534
-1821.4162 -1874.4321 -1853.1827
-1821.4162 -1870.5832 -1848.0531
-1821.4162 -1864.5762 -1844.4572
-1797.7099 -1858.4562 -1839.8672
-1797.7099 -1853.6239 -1834.0355
-1797.7099 -1849.7844 -1830.2510
-1797.7099 -1847.5121 -1828.4068
-1797.7099 -1841.7473 -1825.2082
-1795.8720 -1837.9669 -1821.3302
-1795.8720 -1832.6965 -1818.6425
-1795.8720 -1828.5648 -1815.7101
-1795.0143 -1825.8629 -1813.4612
-1769.2672 -1823.5264 -1810.2522
-1769.2672 -1822.0269 -1806.8501
-1769.2672 -1821.4162 -1804.7064
-1769.2672 -1818.9583 -1800.6393
-1760.1178 -1813.1527 -1796.5405
-1760.1178 -1809.6960 -1792.4336
-1760.1178 -1803.9511 -1788.6613
-1760.1178 -1797.7099 -1785.2036
-1760.1178 -1797.7099 -1783.9309
-1760.1178 -1795.4246 -1781.6090
-1760.1178 -1795.0143 -1780.1948
-1755.1157 -1793.3491 -1777.5195
-1755.1157 -1789.7208 -1774.0920
-1755.1157 -1786.4966 -1772.1210
-1748.6064 -1783.3120 -1769.6123
-1748.6064 -1779.3437 -1767.9396
-1748.6064 -1777.5398 -1765.4128
-1748.6064 -1776.5697 -1764.4692
-1738.9553 -1774.0399 -1762.1575
-1738.9553 -1772.7275 -1759.6344
-1736.9718 -1769.2672 -1756.4842
-1735.0618 -1764.6131 -1753.6115
-1735.0618 -1762.3385 -1752.3715
-1735.0618 -1760.1178 -1750.6981
-1728.1291 -1760.1178 -1748.4487
-1723.2648 -1757.8225 -1745.9987
-1723.2648 -1756.4650 -1744.8220
-1723.2648 -1755.1157 -1743.4313
-1723.2648 -1753.0307 -1742.5076
-1723.2648 -1752.6349 -1741.4924
-1707.0800 -1750.4443 -1738.7400
-1706.9180 -1748.6064 -1735.6173
-1706.9180 -1744.9704 -1731.8157
-1706.9180 -1741.4668 -1729.5466
-1706.9180 -1738.0703 -1726.7674
-1706.9180 -1736.6108 -1725.1861
-1706.9180 -1734.9117 -1723.1442
-1706.9180 -1732.1902 -1721.4793
-1706.9180 -1728.5290 -1718.9445
-1706.9180 -1727.9790 -1717.7447
-1706.9180 -1726.0362 -1716.8787
-1698.3233 -1723.5163 -1714.9504
-1698.3233 -1723.2648 -1713.1313
-1688.5791 -1721.3964 -1710.9186
-1688.5791 -1719.4027 -1709.3994
-1688.5791 -1716.4508 -1707.4117
-1687.9224 -1713.8380 -1705.8425
-1687.9224 -1712.8853 -1704.9528
-1687.9224 -1712.6336 -1703.4524
-1672.9541 -1710.2447 -1701.0306
-1672.9541 -1708.3767 -1698.3511
-1672.9541 -1707.0800 -1696.7625
-1672.9541 -1706.9180 -1695.7425
-1672.9541 -1705.7606 -1691.5481
-1672.9541 -1702.3093 -1689.3373
-1672.9541 -1698.3233 -1688.5881
-1672.9541 -1698.3233 -1687.9375
-1666.2794 -1697.1081 -1686.2979
-1661.0135 -1694.7927 -1684.0007
-1661.0135 -1692.7004 -1681.9549
-1661.0135 -1689.7641 -1679.8851
-1661.0135 -1688.0851 -1678.2882
-1661.0135 -1687.5037 -1676.1559
-1653.9670 -1685.5945 -1674.4556
-1653.9670 -1682.1457 -1672.3069
-1653.9670 -1680.8002 -1670.9432
-1653.9670 -1679.0043 -1669.2545
-1647.4689 -1676.2421 -1667.6231
-1638.2920 -1674.3416 -1665.7041
-1638.2920 -1672.9541 -1663.6239
-1610.6448 -1672.9541 -1661.1563
-1610.6448 -1672.9541 -1658.4649
-1610.6448 -1672.1181 -1656.1345
-1610.6448 -1670.7479 -1653.3589
-1610.6448 -1667.9603 -1651.9296
-1610.6448 -1666.1157 -1647.9053
-1610.6448 -1661.0135 -1644.0136
-1610.6448 -1661.0135 -1640.9485
-1610.6448 -1655.5722 -1636.9217
-1610.6448 -1653.9670 -1633.4167
-1610.6448 -1647.7528 -1629.6943
-1610.6448 -1646.2635 -1627.1569
-1610.6448 -1642.1439 -1623.5092
-1610.6448 -1640.1946 -1621.5717
-1610.6448 -1636.5809 -1619.4600
-1607.7989 -1632.2680 -1617.8988
-1599.9825 -1628.1871 -1614.5149
-1599.9825 -1625.7977 -1612.4339
-1599.9825 -1619.2152 -1609.8421
-1599.9825 -1615.5874 -1609.0179
-1580.6006 -1613.3534 -1607.0174
-1580.6006 -1611.5564 -1605.7036
-1547.6053 -1610.6448 -1602.9570
-1547.6053 -1610.6448 -1600.3817
-1547.6053 -1610.6448 -1598.4298
-1547.6053 -1610.6448 -1596.0384
-1547.6053 -1607.7989 -1593.2125
-1547.6053 -1605.2551 -1588.3100
-1547.6053 -1603.5815 -1585.1315
-1547.6053 -1601.2029 -1580.0801
-1547.6053 -1599.9825 -1575.6402
-1542.5211 -1595.8977 -1571.2758
-1542.5211 -1590.9212 -1567.6255
-1542.5211 -1583.0073 -1564.0120
-1542.5211 -1579.0065 -1560.0232
-1542.5211 -1576.0866 -1557.5376
-1530.1192 -1573.8587 -1554.8708
-1530.1192 -1570.5185 -1553.0058
-1530.1192 -1569.3980 -1551.4806
-1524.2846 -1562.5635 -1548.5230
-1524.2846 -1559.4943 -1546.3110
-1524.2846 -1554.8517 -1544.2123
-1524.2846 -1551.7796 -1542.5985
-1517.4582 -1547.6053 -1540.5718
-1517.4582 -1547.6053 -1538.8695
-1517.4582 -1547.6053 -1537.4065
-1517.4582 -1546.3999 -1536.1074
-1517.4582 -1544.5562 -1534.9782
-1517.4582 -1542.9464 -1533.0153
-1517.4582 -1542.5211 -1531.0721
-1507.8883 -1542.3903 -1528.5308
-1507.8883 -1541.1198 -1526.5233
-1507.8883 -1536.6236 -1523.6414
-1507.8883 -1532.9010 -1522.4705
-1504.4119 -1530.1192 -1520.4407
-1504.4119 -1529.3255 -1519.5295
-1487.1918 -1528.3649 -1517.6380
-1487.1918 -1525.3511 -1516.2633
-1487.1918 -1524.2846 -1513.4015
-1472.8140 -1522.5994 -1510.0857
-1472.8140 -1518.8133 -1508.0935
-1472.8140 -1517.4582 -1505.9651
-1472.8140 -1517.4582 -1504.1096
-1472.8140 -1515.6047 -1500.7136
-1472.3129 -1513.0185 -1497.9213
-1472.3129 -1510.1894 -1495.6251
-1472.3129 -1507.8883 -1493.3291
-1472.3129 -1505.4693 -1489.9040
-1466.5246 -1503.8644 -1486.5589
-1466.5246 -1502.0284 -1484.7931
-1466.5246 -1495.4653 -1481.8074
-1455.7600 -1491.4087 -1479.4311
-1455.7600 -1490.9275 -1478.6126
-1455.7600 -1489.2084 -1476.9929
-1455.7600 -1487.1918 -1475.7367
-1455.7600 -1486.5635 -1472.5981
-1455.7600 -1486.0494 -1471.6041
-1455.7600 -1480.8718 -1470.0666
-1450.5473 -1476.4353 -1468.1173
-1450.5473 -1474.3002 -1466.9623
-1450.5473 -1472.9061 -1465.9633
-1450.5473 -1472.8140 -1465.0958
-1450.5473 -1472.3129 -1464.2351
-1444.0048 -1472.3129 -1463.1267
-1432.8750 -1471.9252 -1460.4860
-1432.8750 -1470.9952 -1459.5230
-1429.0711 -1467.2705 -1456.1241
-1429.0711 -1466.5246 -1453.2578
-1429.0711 -1463.9203 -1449.3737
-1429.0711 -1462.3382 -1448.1147
-1416.5001 -1461.0789 -1445.4762
-1416.5001 -1457.7502 -1443.4012
-1416.5001 -1455.7600 -1441.2092
-1416.5001 -1455.7600 -1439.8152
-1416.5001 -1453.4379 -1437.2710
-1416.5001 -1450.5473 -1434.7882
-1416.5001 -1446.4083 -1431.9524
-1416.5001 -1442.2016 -1429.7216
-1416.5001 -1438.5354 -1428.4033
-1403.3815 -1436.5598 -1426.2598
-1403.3815 -1433.7629 -1424.2017
-1403.3815 -1432.8750 -1422.8429
-1403.3815 -1430.1474 -1421.2068
-1403.1569 -1429.0711 -1419.7170
-1403.1569 -1429.0711 -1417.8630
-1393.6767 -1427.5302 -1416.0632
-1393.6767 -1425.3083 -1413.9586
-1393.6767 -1422.7471 -1412.1905
-1390.9642 -1420.0182 -1409.7923
-1390.9642 -1417.4855 -1408.9967
-1390.9642 -1416.5001 -1407.8446
-1390.9642 -1416.5001 -1406.4424
-1390.9642 -1416.5001 -1404.9806
-1390.9642 -1416.3280 -1404.1765
-1390.9642 -1416.2193 -1403.2741
-1390.9642 -1414.1408 -1401.4449
-1389.9155 -1410.1774 -1399.6224
-1389.9155 -1408.6757 -1398.4369
-1381.7136 -1404.6034 -1397.0470
-1381.7136 -1403.8370 -1395.9355
-1381.7136 -1403.3815 -1394.8482
-1380.3324 -1403.3815 -1393.2655
-1376.4761 -1398.6407 -1391.0492
-1376.4761 -1396.6118 -1389.9677
-1370.1238 -1394.5107 -1388.2533
-1370.1238 -1393.8488 -1387.5492
-1370.1238 -1393.6767 -1386.5090
-1370.1238 -1393.0658 -1385.1501
-1370.1238 -1391.6512 -1384.2375
-1370.1238 -1390.9642 -1383.1053
-1351.5128 -1390.9642 -1381.1813
-1351.5128 -1390.9642 -1379.8246
-1351.5128 -1389.9155 -1378.6652
-1350.9461 -1388.3573 -1375.5240
-1350.9461 -1386.0054 -1374.2364
-1350.9461 -1382.3165 -1372.5840
-1350.9461 -1381.7136 -1371.3723
-1350.9461 -1381.7136 -1370.5759
-1350.9461 -1378.9242 -1369.3805
-1350.9461 -1378.5657 -1368.1090
-1350.9461 -1377.3035 -1366.9822
-1323.5783 -1376.8942 -1364.7121
-1323.5783 -1376.2106 -1362.8794
-1323.5783 -1372.5061 -1358.9848
-1323.5783 -1371.3254 -1357.4238
-1323.5783 -1370.1238 -1353.6582
-1323.5783 -1370.1238 -1351.0255
-1323.5783 -1366.9867 -1348.1531
-1323.5783 -1358.1436 -1345.1899
-1323.5783 -1357.7218 -1343.8347
-1308.6157 -1353.9318 -1340.1765
-1308.6157 -1351.5128 -1338.2152
-1308.6157 -1350.9461 -1336.4704
-1308.6157 -1350.9461 -1334.2619
-1308.6157 -1349.9602 -1332.7972
-1308.6157 -1348.3319 -1331.3304
-1308.6157 -1346.0603 -1327.2575
-1308.6157 -1341.1733 -1325.1538
-1308.6157 -1338.2988 -1323.2235
-1308.6157 -1336.4486 -1322.6299
-1295.9883 -1332.3211 -1319.8672
-1295.9883 -1331.2705 -1318.1723
-1295.9883 -1329.5368 -1315.3076
-1295.9883 -1323.5783 -1312.9100
-1295.9883 -1323.5783 -1311.1790
-1295.9883 -1323.2659 -1309.7004
-1295.9883 -1319.2368 -1307.7923
-1295.9883 -1316.9617 -1306.8764
-1295.9883 -1314.8406 -1305.6179
-1295.9883 -1311.5199 -1304.1878
-1293.5811 -1310.4021 -1303.3195
-1293.5811 -1309.6292 -1302.7537
-1293.5811 -1308.6157 -1302.1052
-1293.5811 -1308.6157 -1301.1134
-1291.3416 -1308.6157 -1299.6193
-1290.2225 -1306.8667 -1298.4141
-1285.7763 -1303.6357 -1296.6307
-1285.4431 -1303.2250 -1295.8842
-1285.4431 -1302.1039 -1295.2673
-1285.4431 -1301.9395 -1294.6997
-1285.4431 -1300.3966 -1293.8502
-1285.4431 -1298.5924 -1293.3082
-1281.1917 -1296.1737 -1292.7072
-1281.1917 -1295.9883 -1292.0246
-1281.1917 -1295.9883 -1291.5902
-1281.1917 -1295.9883 -1291.1644
-1281.1917 -1295.9883 -1290.5182
-1281.1917 -1295.9883 -1289.8343
-1281.1917 -1295.9883 -1288.7939
-1272.1364 -1295.9664 -1288.0209
-1272.1364 -1293.5811 -1287.1000
-1272.1364 -1293.5811 -1286.0615
-1272.1364 -1292.4239 -1285.3946
-1250.4876 -1291.4721 -1283.3100
-1250.4876 -1291.3316 -1281.6316
-1250.4876 -1289.4948 -1280.1514
-1250.4876 -1286.1805 -1277.9051
-1250.4876 -1285.4431 -1276.8570
-1250.4876 -1285.4431 -1275.1079
-1250.4876 -1285.4431 -1273.5829
-1250.4876 -1282.2376 -1271.6437
-1250.4876 -1281.1917 -1270.0648
-1244.3735 -1281.1917 -1267.5802
-1244.3735 -1281.1917 -1266.3855
-1235.8017 -1277.8530 -1262.9272
-1235.8017 -1275.2295 -1260.2781
-1235.8017 -1272.1364 -1258.3457
-1235.8017 -1272.1364 -1257.0638
-1235.8017 -1272.1364 -1255.4520
-1235.8017 -1270.3905 -1253.9649
-1235.8017 -1268.2896 -1252.5671
-1235.8017 -1265.7153 -1250.6250
-1232.6465 -1262.9559 -1248.7630
-1217.1907 -1260.5126 -1247.0282
-1217.1907 -1257.3507 -1245.0886
-1217.1907 -1256.6865 -1243.8356
-1217.1907 -1252.6000 -1242.2002
-1217.1907 -1251.1237 -1241.3479
-1217.1907 -1250.4876 -1240.1899
-1217.1907 -1250.4876 -1238.3384
-1215.0885 -1247.6471 -1235.0619
-1215.0885 -1246.6607 -1234.1069
-1215.0885 -1244.3735 -1231.8876
-1215.0885 -1244.3735 -1230.7471
-1215.0885 -1242.6461 -1229.5512
-1215.0885 -1240.5230 -1228.5473
-1215.0885 -1239.6762 -1227.6351
-1215.0885 -1237.1928 -1226.9064
-1215.0885 -1235.8017 -1225.4416
-1199.3163 -1235.8017 -1223.9402
-1199.3163 -1235.8017 -1222.3624
-1199.3163 -1232.6465 -1220.5921
-1199.3163 -1231.2453 -1219.3316
-1199.3163 -1229.3306 -1218.0019
-1196.6605 -1227.1030 -1215.0012
-1196.6605 -1223.8155 -1213.4115
-1196.6605 -1222.4358 -1211.7470
-1196.6605 -1218.1705 -1210.6029
-1196.6605 -1217.1907 -1209.6866
-1196.6605 -1217.1907 -1208.6030
-1196.6605 -1217.1689 -1207.2150
-1196.6605 -1215.0885 -1205.2650
-1196.6605 -1215.0885 -1204.4046
-1194.7376 -1214.3964 -1202.5647
-1191.6817 -1212.6061 -1201.4629
-1182.2474 -1210.6241 -1200.0209
-1182.2474 -1208.6089 -1199.1250
-1182.2474 -1206.3327 -1197.5163
-1179.9306 -1203.5319 -1196.3729
-1179.9306 -1202.2474 -1195.6715
-1179.9306 -1202.1344 -1194.9430
-1179.9306 -1201.0393 -1194.1325
-1179.9306 -1200.1367 -1193.5522
-1179.9306 -1199.3163 -1192.7098
-1175.0666 -1199.3163 -1191.8371
-1175.0666 -1198.9463 -1190.3017
-1175.0666 -1198.3835 -1189.8185
-1172.3089 -1196.6605 -1188.8379
-1172.3089 -1196.6605 -1187.9674
-1172.3089 -1196.6605 -1186.6857
-1172.3089 -1196.6605 -1185.8066
-1172.3089 -1194.7376 -1184.1474
-1172.3089 -1194.1168 -1183.4150
-1172.3089 -1193.1519 -1182.9189
-1172.3089 -1192.7941 -1182.2909
-1172.3089 -1191.6817 -1181.1239
-1172.3089 -1190.1177 -1180.4581
-1172.3089 -1188.9523 -1179.3663
-1172.3089 -1185.8891 -1178.1037
-1172.3089 -1183.1718 -1177.4783
-1162.7458 -1182.6781 -1176.4300
-1162.7458 -1182.2474 -1175.7344
-1157.8958 -1182.2474 -1174.7491
-1157.8958 -1179.9306 -1173.9225
-1157.8958 -1179.9306 -1173.2085
-1154.3920 -1179.9306 -1171.7449
-1154.3920 -1179.9306 -1170.4785
-1154.3920 -1177.7483 -1169.2082
-1154.0578 -1175.0666 -1168.3209
-1154.0578 -1175.0666 -1167.6857
-1154.0578 -1173.3304 -1167.1815
-1154.0578 -1172.3089 -1166.3623
-1153.0771 -1172.3089 -1165.4131
-1153.0771 -1172.3089 -1164.9819
-1153.0771 -1172.3089 -1164.2548
-1148.8674 -1172.3089 -1163.4014
-1148.8674 -1172.3089 -1162.5088
-1148.8674 -1171.9564 -1161.4532
-1148.8674 -1171.8049 -1160.0578
-1142.3878 -1171.0120 -1158.7115
-1142.3878 -1167.9157 -1156.7718
-1142.3878 -1166.2671 -1155.4736
-1142.3878 -1162.9257 -1153.8001
-1142.3878 -1161.8941 -1153.0798
-1142.3878 -1160.1566 -1152.5180
-1138.7182 -1159.2285 -1151.5761
-1138.7182 -1157.8958 -1150.8780
-1138.7182 -1157.8958 -1149.8872
-1138.7182 -1157.1640 -1149.0420
-1138.7182 -1154.7243 -1148.6082
-1138.7182 -1154.3920 -1147.7623
-1138.7182 -1154.0578 -1147.3469
-1138.7182 -1154.0578 -1146.3998
-1138.7182 -1153.4026 -1145.6054
-1138.7182 -1153.0771 -1144.5369
-1138.7182 -1153.0013 -1143.9856
-1127.7313 -1150.6038 -1143.0220
-1127.7313 -1149.7330 -1142.5646
-1127.7313 -1148.8674 -1141.7090
-1127.7313 -1148.8674 -1140.5516
-1127.7313 -1148.8674 -1139.9099
-1127.7313 -1147.3666 -1139.3642
-1127.7313 -1144.2652 -1138.5243
-1127.7313 -1142.3878 -1137.8473
-1124.0108 -1142.3878 -1137.1867
-1124.0108 -1142.3878 -1136.5025
-1124.0108 -1142.3878 -1135.5214
-1124.0108 -1142.3878 -1135.0190
-1124.0108 -1141.6473 -1133.4105
-1124.0108 -1140.0940 -1133.0130
-1124.0108 -1139.5771 -1132.5150
-1124.0108 -1138.7182 -1132.1305
-1124.0108 -1138.7182 -1131.2285
-1124.0108 -1138.7182 -1130.4471
-1124.0108 -1138.7182 -1129.9041
-1124.0108 -1138.2468 -1129.0078
-1117.4637 -1137.0405 -1128.0213
-1117.4637 -1134.3060 -1126.9619
-1117.4637 -1133.2318 -1126.3316
-1117.4637 -1132.9171 -1125.9080
-1116.9922 -1129.3675 -1124.9562
-1116.9922 -1128.4505 -1124.3833
-1116.9922 -1127.9034 -1124.1507
-1116.9922 -1127.7313 -1123.6718
-1116.9922 -1127.7313 -1123.1665
-1115.3586 -1127.7313 -1122.7043
-1115.3586 -1127.7313 -1122.2634
-1115.3586 -1126.7067 -1121.9978
-1115.3586 -1126.6990 -1121.5789
-1115.3586 -1126.3441 -1120.9904
-1115.3586 -1124.2520 -1120.4260
-1115.3586 -1124.0108 -1120.0173
-1115.3586 -1124.0108 -1119.5437
-1115.3586 -1124.0108 -1119.3589
-1115.3586 -1124.0108 -1118.9870
-1101.7279 -1124.0108 -1118.3683
-1101.7279 -1124.0108 -1117.9226
-1101.7279 -1124.0108 -1116.9016
-1092.1647 -1121.6799 -1115.4508
-1092.1647 -1120.0958 -1114.2432
-1092.1647 -1119.4478 -1113.6204
-1092.1647 -1119.4478 -1113.0747
-1092.1647 -1119.4478 -1112.5291
-1092.1647 -1117.4637 -1111.6006
-1092.1647 -1117.4637 -1110.9908
-1088.0187 -1117.3601 -1109.8573
-1088.0187 -1116.9922 -1108.7992
-1088.0187 -1116.9922 -1107.7734
-1088.0187 -1116.9922 -1106.7222
-1088.0187 -1116.7521 -1105.5603
-1085.3508 -1115.3586 -1103.5466
-1085.3508 -1115.3586 -1102.1943
-1085.3508 -1115.3586 -1100.6081
-1085.3508 -1114.8734 -1099.1570
-1085.3508 -1113.2292 -1096.6213
-1085.3508 -1111.6460 -1095.1521
-1085.3508 -1104.2918 -1093.0311
-1085.3508 -1101.8999 -1092.2309
-1085.3508 -1098.6273 -1091.2411
-1085.3508 -1097.9715 -1090.5712
-1085.3508 -1096.2292 -1090.2375
-1085.3508 -1095.5625 -1089.6772
-1085.3508 -1095.1914 -1089.3405
-1081.4492 -1093.4068 -1088.5511
-1081.0756 -1092.5280 -1088.0534
-1081.0756 -1092.1647 -1087.7667
-1078.7458 -1092.1647 -1087.1510
-1078.7458 -1092.1647 -1086.7622
-1072.4868 -1091.8776 -1085.8853
-1072.4868 -1091.5490 -1085.1050
-1072.4868 -1089.4020 -1084.1117
-1072.4868 -1088.5224 -1083.6494
-1072.4868 -1088.0187 -1083.3287
-1072.4868 -1088.0187 -1082.7769
-1072.4868 -1088.0187 -1082.4663
-1072.4868 -1087.5262 -1081.9874
-1072.4868 -1086.1762 -1081.5708
-1072.4868 -1085.3508 -1081.0588
-1072.4868 -1085.3508 -1080.8015
-1072.4868 -1085.3508 -1080.5000
-1072.4868 -1085.3508 -1080.2427
-1070.5094 -1085.3508 -1079.3693
-1070.5094 -1085.3508 -1078.8198
-1070.5094 -1085.3508 -1078.5230
-1070.5094 -1085.3508 -1077.8780
-1070.5094 -1085.3508 -1077.5812
-1070.5094 -1083.1426 -1076.9969
-1060.5299 -1082.9150 -1075.6371
-1060.5299 -1081.7962 -1074.8900
-1060.5299 -1081.4137 -1073.8049
-1060.5299 -1080.8085 -1073.0570
-1060.5299 -1080.3158 -1072.3174
-1060.5299 -1079.5827 -1071.7342
-1060.5299 -1078.7458 -1071.1427
-1060.5299 -1078.7458 -1070.6532
-1057.4086 -1076.4125 -1069.7247
-1057.4086 -1075.3102 -1068.7086
-1057.4086 -1072.4868 -1068.0042
-1057.4086 -1072.4868 -1067.5282
-1057.4086 -1072.4868 -1067.0269
-1057.4086 -1072.4868 -1066.2984
-1057.4086 -1072.4868 -1065.5770
-1047.8557 -1072.3474 -1064.2597
-1047.8557 -1071.6935 -1063.7698
-1047.8557 -1070.5094 -1062.0241
-1047.8557 -1070.5094 -1061.3685
-1047.8557 -1070.5094 -1060.7917
-1047.8557 -1070.5094 -1060.2186
-1047.8557 -1070.4336 -1059.5432
-1047.8557 -1065.5792 -1058.3919
-1047.8557 -1064.5074 -1057.4103
-1047.8557 -1063.8955 -1056.8785
-1047.8557 -1062.5018 -1056.1537
-1047.8557 -1062.5018 -1055.7590
-1047.8557 -1060.5299 -1055.3404
-1047.8557 -1060.5299 -1054.7553
-1047.8557 -1060.5299 -1054.3755
-1047.8557 -1060.3856 -1053.7503
-1047.8557 -1058.6526 -1052.9779
-1046.6953 -1057.4086 -1052.3670
-1046.6953 -1057.4086 -1052.1528
-1046.6953 -1057.4086 -1051.8071
-1044.1981 -1057.4086 -1051.0882
-1044.1981 -1057.4086 -1050.6275
-1044.1981 -1057.4086 -1050.1722
-1044.1981 -1057.4086 -1049.7766
-1044.1981 -1057.3676 -1049.2982
-1036.9513 -1054.3825 -1048.0250
-1036.9513 -1052.8748 -1047.1434
-1036.9513 -1052.5981 -1046.8249
-1036.9513 -1050.8388 -1046.3797
-1036.9513 -1049.4048 -1045.9907
-1036.9513 -1049.3852 -1045.7416
-1036.9513 -1047.8557 -1045.4062
-1036.9513 -1047.8557 -1044.7211
-1036.9513 -1047.8557 -1044.5030
-1036.9513 -1047.8557 -1044.2849
-1026.7224 -1047.8557 -1043.4060
-1026.7224 -1047.8557 -1042.9175
-1026.7224 -1047.8557 -1042.4948
-1026.7224 -1047.8557 -1042.0721
-1026.7224 -1047.8557 -1040.8135
-1026.7224 -1047.8557 -1040.3814
-1026.7224 -1047.6232 -1039.3333
-1026.7224 -1047.3799 -1038.6741
-1026.7224 -1046.6953 -1037.9012
-1026.7224 -1046.3931 -1037.3234
-1026.7224 -1044.6693 -1036.6947
-1026.7224 -1044.1981 -1035.6149
-1026.7224 -1044.1981 -1034.9716
-1026.7224 -1042.4285 -1033.6347
-1026.7224 -1041.2507 -1033.0649
-1026.7224 -1039.5601 -1032.3882
-1026.7224 -1039.2716 -1031.9705
-1026.7224 -1039.0818 -1031.4663
-1026.7224 -1037.4476 -1031.1723
-1026.7224 -1036.9513 -1030.9578
-1026.7224 -1036.9513 -1030.1460
-1026.7224 -1036.9513 -1029.8248
-1020.9772 -1036.9513 -1029.2564
-1020.9772 -1036.3947 -1028.7352
-1020.9772 -1035.6913 -1028.3653
-1020.9772 -1035.3235 -1028.0710
-1020.9772 -1034.7365 -1027.6177
-1020.9772 -1034.3081 -1027.1756
-1020.9772 -1031.3247 -1026.7011
-1020.9772 -1031.1190 -1026.4034
-1020.9772 -1030.6721 -1026.1486
-1020.9772 -1029.6701 -1025.8885
-1020.1175 -1028.6743 -1025.3751
-1020.1175 -1028.0731 -1025.2040
-1020.1175 -1026.7224 -1025.0420
-1020.1175 -1026.7224 -1024.8777
-1020.1175 -1026.7224 -1024.6550
-1020.1175 -1026.7224 -1024.4536
-1020.1175 -1026.7224 -1024.3215
-1020.1175 -1026.7224 -1024.1894
-1020.1175 -1026.7224 -1024.0573
-1020.1175 -1026.7224 -1023.7931
-1020.1175 -1026.7224 -1023.5204
-1020.1175 -1026.7224 -1023.3028
-1020.1175 -1026.7224 -1023.0386
-1019.2925 -1026.7224 -1022.4409
-1016.0800 -1026.7224 -1021.9473
-1016.0800 -1026.7224 -1021.5054
-1016.0800 -1026.7224 -1021.2925
-1016.0800 -1026.7224 -1020.9476
-1016.0800 -1026.5781 -1020.7347
-1016.0800 -1025.1171 -1020.2974
-1016.0800 -1023.6090 -1020.0377
-1016.0800 -1023.2586 -1019.8871
-1016.0800 -1022.4476 -1019.6905
-1012.7944 -1021.1868 -1019.3552
-1012.7944 -1020.9772 -1019.0546
-1012.7944 -1020.9772 -1018.7386
-1012.7944 -1020.9772 -1018.4770
-1012.7944 -1020.9772 -1018.1740
-1012.7944 -1020.1175 -1017.7889
-1012.7944 -1020.1175 -1017.6425
-1012.7944 -1020.1175 -1017.3050
-1012.7944 -1020.1175 -1017.0777
-1010.3347 -1020.1175 -1016.7356
-1010.3347 -1020.1175 -1016.3935
-1009.6000 -1020.1175 -1015.9811
-1009.6000 -1020.1175 -1015.5733
-1009.6000 -1020.1175 -1015.2155
-1009.6000 -1020.1175 -1014.9244
-1009.6000 -1019.7986 -1014.5644
-1009.6000 -1019.2925 -1014.1593
-1009.6000 -1019.2054 -1013.7849
-1009.6000 -1016.0800 -1013.2088
-1009.6000 -1016.0800 -1012.9053
-1009.6000 -1016.0800 -1012.6551
-1009.6000 -1016.0800 -1012.4302
-1009.6000 -1016.0800 -1012.2508
-1007.8408 -1016.0800 -1011.8258
-1007.8408 -1016.0301 -1011.6281
-1007.4950 -1014.6024 -1011.2807
-1007.4950 -1013.8637 -1010.8224
-1007.4950 -1012.7944 -1010.4334
-1006.1732 -1012.7944 -1010.0724
-1006.1732 -1012.7944 -1009.8761
-1006.1732 -1012.7944 -1009.7188
-1006.1732 -1012.7944 -1009.5864
-1006.1732 -1012.5588 -1009.3469
-1006.1732 -1011.6761 -1009.0419
-1006.1732 -1011.0962 -1008.8179
-1006.1732 -1010.3347 -1008.6786
-1006.1732 -1010.3347 -1008.5807
-1006.1732 -1010.2995 -1008.4827
-1006.1732 -1009.6000 -1008.3591
-1004.5678 -1009.6000 -1008.0793
-1004.5678 -1009.6000 -1007.9691
-993.7688 -1009.6000 -1007.5171
-993.7688 -1009.6000 -1007.2005
-993.7688 -1009.6000 -1006.7856
-993.7688 -1009.6000 -1006.4269
-993.7688 -1009.6000 -1006.1103
-993.7688 -1009.6000 -1005.7937
-993.7688 -1009.6000 -1005.2425
-993.7688 -1009.6000 -1004.8903
-993.7688 -1009.5811 -1004.5736
-993.7688 -1009.1242 -1004.0788
-993.7688 -1008.3265 -1003.5423
-993.7688 -1007.7935 -1002.6320
-993.7688 -1007.4950 -1001.9171
-993.7688 -1007.4950 -1001.4290
-993.6930 -1006.1732 -1000.6970
-993.6930 -1006.1732 -1000.4474
-993.6930 -1006.1732 -1000.0207
-993.6930 -1006.1732 -999.2029
-993.6930 -1006.1732 -998.4591
-990.6068 -1006.1732 -997.8981
-990.6068 -1004.5678 -997.2349
-990.6068 -1003.9056 -996.5587
-988.8386 -1003.4908 -995.8177
-988.8386 -1001.6400 -995.2933
-988.8386 -1001.5978 -994.7787
-988.8386 -999.6714 -993.9165
-987.2332 -998.5252 -993.2918
-987.2332 -998.5252 -993.0659
-987.2332 -998.1398 -992.7450
-987.2332 -997.8063 -992.5268
-987.2332 -994.7417 -992.2841
-987.2332 -993.7688 -992.0783
-987.2332 -993.7688 -991.9460
-987.2332 -993.7688 -991.8153
-987.2104 -993.7688 -991.5534
-987.2104 -993.7688 -991.3764
-987.2104 -993.7688 -991.1768
-987.0639 -993.7688 -990.6042
-980.8679 -993.7688 -990.1253
-974.0545 -993.7688 -989.4688
-974.0545 -993.7688 -989.0060
-974.0545 -993.6930 -988.2180
-974.0545 -993.6930 -987.4324
-974.0545 -993.5589 -986.7038
-974.0545 -991.4763 -986.1163
-974.0545 -990.6068 -985.3112
-974.0545 -990.6068 -984.6394
-974.0545 -990.5880 -984.0783
-974.0545 -990.3434 -983.7476
-974.0545 -989.8669 -982.9431
-974.0545 -988.8386 -982.5430
-974.0545 -988.8386 -982.0699
-974.0545 -987.8348 -981.7136
-974.0545 -987.2332 -981.1982
-974.0545 -987.2332 -980.9154
-974.0545 -987.2332 -980.5467
-974.0545 -987.2332 -980.2264
-974.0545 -987.2104 -979.6992
-974.0545 -987.2104 -979.3851
-974.0545 -987.0639 -978.6021
-974.0545 -986.2681 -978.0107
-973.9450 -984.9215 -977.1057
-973.9450 -984.3952 -976.4670
-973.9450 -983.9856 -976.2580
-973.9450 -982.3646 -975.8235
-973.9450 -980.8679 -975.4889
-973.9450 -980.8679 -975.2120
-973.9450 -980.7302 -975.0166
-973.9450 -979.9683 -974.6601
-973.9450 -978.6836 -974.5397
-973.9450 -978.3841 -974.3551
-973.9450 -976.4549 -974.1500
-973.9450 -975.3032 -974.0692
-973.9450 -975.0143 -974.0420
-973.9450 -974.0545 -974.0151
-972.1203 -974.0545 -973.9742
-972.1203 -974.0545 -973.9355
-972.1203 -974.0545 -973.8968
-972.1203 -974.0545 -973.8560
-972.1203 -974.0545 -973.8173
-967.1696 -974.0545 -973.6210
-967.1696 -974.0545 -973.4790
-967.1696 -974.0545 -973.3391
-967.1696 -974.0545 -973.2014
-967.1696 -974.0545 -973.0520
-967.1696 -974.0545 -972.9121
-966.1041 -974.0545 -972.6088
-966.1041 -974.0545 -972.3160
-966.1041 -973.9450 -972.0186
-966.1041 -973.9450 -971.6894
-961.4244 -973.9450 -971.2822
-961.4244 -973.9450 -971.0318
-961.4244 -973.9450 -970.5927
-961.4244 -973.9450 -970.0712
-961.4244 -973.9450 -969.6853
-961.4244 -973.9450 -969.3738
-961.4244 -973.9450 -968.7451
-958.5784 -973.9450 -967.9636
-958.5784 -973.9450 -967.6562
-955.6960 -973.4692 -966.5300
-954.6670 -972.1203 -965.4934
-954.6670 -972.1203 -964.9096
-954.6670 -972.1203 -964.4900
-954.6670 -970.8915 -963.9155
-954.6670 -969.7040 -963.2722
-954.6670 -969.7040 -962.8995
-954.6670 -968.4300 -962.5490
-954.6670 -967.1696 -962.0806
-954.6670 -967.1696 -961.6456
-954.6670 -967.1696 -961.2686
-951.3098 -967.1696 -960.5156
-951.3098 -967.1696 -960.1909
-951.3098 -966.1041 -959.3073
-951.3098 -966.1041 -958.8033
-951.3098 -966.1041 -958.3211
-951.3098 -965.1462 -957.9382
-951.3098 -964.5099 -957.5870
-951.3098 -963.7545 -957.2580
-951.3098 -961.8547 -956.9122
-951.3098 -961.4244 -956.6674
-951.3098 -961.4244 -956.0300
-951.3098 -961.4244 -955.7081
-951.3098 -960.7053 -954.9646
-951.3098 -960.3830 -954.6610
-942.5122 -959.7194 -954.1035
-942.5122 -958.3841 -953.6169
-942.5122 -957.5128 -952.9385
-942.5122 -956.1345 -952.5566
-942.5122 -955.6960 -952.1473
-942.5122 -955.4448 -951.8570
-942.5122 -955.3306 -951.5167
-942.5122 -954.6670 -951.2220
-942.5122 -954.6670 -950.4297
-942.5122 -954.6670 -950.1866
-939.3690 -954.6670 -949.5823
-939.3690 -954.6670 -949.2212
-939.3690 -954.5954 -948.5983
-939.3690 -954.1224 -947.8245
-939.3690 -953.2108 -947.4344
-939.3690 -951.9075 -947.1575
-939.3690 -951.3098 -946.5554
-939.3690 -951.3098 -946.1997
-939.3690 -951.3098 -945.6001
-939.3690 -951.3098 -945.3343
-939.3690 -951.3098 -945.0955
-939.3690 -951.3098 -944.6179
-939.3690 -951.3098 -943.8460
-939.3690 -951.3098 -943.4969
-939.3690 -951.3098 -943.1601
-933.2036 -949.9603 -942.2880
-933.2036 -948.3805 -941.8162
-933.2036 -947.7153 -941.4062
-933.2036 -945.8454 -940.9816
-933.2036 -945.7947 -940.7288
-933.2036 -945.7947 -940.3895
-933.2036 -943.6986 -940.0462
-931.2412 -942.5122 -939.4100
-931.2412 -942.5122 -939.1218
-931.2412 -942.5122 -938.8963
-931.2412 -942.5122 -938.6709
-930.0840 -942.5122 -938.0714
-930.0840 -942.5122 -937.8228
-930.0840 -942.5122 -937.3881
-930.0840 -942.5122 -937.1178
-930.0840 -942.5122 -936.7329
-925.3626 -942.5122 -936.1413
-925.3626 -941.9817 -935.7419
-925.3626 -941.4153 -935.2242
-925.3626 -939.3690 -934.5335
-925.3626 -939.3690 -933.9844
-925.3626 -939.3690 -933.0898
-925.3626 -939.3690 -932.6767
-925.3626 -939.3690 -932.0087
-925.3626 -939.3690 -931.3247
-925.3626 -939.3690 -931.0446
-919.9348 -936.2354 -930.0088
-919.9348 -933.2036 -929.5706
-919.9348 -933.2036 -929.3052
-919.9348 -933.2036 -929.0398
-919.9348 -933.2036 -928.1915
-919.9348 -932.4162 -927.3884
-919.9348 -931.3587 -926.9995
-919.9348 -931.2412 -926.4079
-919.9348 -931.2412 -925.8199
-919.9348 -930.0985 -925.2946
-919.9348 -930.0840 -924.9189
-919.9348 -930.0840 -924.3362
-919.9348 -930.0840 -923.9960
-919.9348 -929.9742 -923.3447
-919.9348 -925.7820 -922.9015
-919.9348 -925.3626 -922.7846
-919.9348 -925.3626 -922.5196
-919.9348 -925.3626 -922.3025
-919.9348 -925.3626 -922.1940
-919.9348 -925.3626 -921.8683
-919.9348 -925.3626 -921.7238
-919.9348 -925.3626 -921.6152
-919.9348 -925.3626 -921.4966
-916.0919 -925.3626 -921.2026
-916.0919 -925.2622 -920.9830
-916.0919 -925.1794 -920.7996
-916.0919 -924.0925 -920.4893
-916.0919 -923.2801 -920.0369
-916.0919 -923.2203 -919.8059
-916.0919 -923.1247 -919.6627
-916.0919 -921.4646 -919.3050
-916.0919 -920.4508 -919.1975
-916.0919 -919.9348 -919.0469
-916.0919 -919.9348 -918.9700
-916.0919 -919.9348 -918.8931
-916.0919 -919.9348 -918.7536
-916.0919 -919.9348 -918.6768
-916.0919 -919.9348 -918.5999
-916.0919 -919.9348 -918.5230
-916.0919 -919.9348 -918.3693
-916.0919 -919.9348 -918.2363
-916.0919 -919.9348 -918.0825
-911.7899 -919.9348 -917.8428
-911.7899 -919.9348 -917.5865
-911.7899 -919.9348 -917.4140
-911.7899 -919.9348 -917.2511
-911.5288 -919.9348 -916.8432
-911.5288 -919.9348 -916.6751
-911.5288 -919.9348 -916.4820
-911.5288 -919.9348 -916.0144
-911.5288 -919.9348 -915.7694
-911.5288 -919.9348 -915.6013
-911.5288 -919.9348 -915.3563
-911.5288 -918.6899 -914.9880
-911.5288 -917.1241 -914.8448
-911.5288 -916.9512 -914.7122
-911.5288 -916.8013 -914.5234
-910.7042 -916.0919 -914.1134
-910.7042 -916.0919 -914.0057
-910.7042 -916.0919 -913.8979
-910.7042 -916.0919 -913.6281
-910.7042 -916.0919 -913.5204
-910.7042 -916.0919 -913.4126
-910.7042 -916.0919 -913.3048
-910.7042 -916.0919 -912.9400
-910.7042 -916.0919 -912.7365
-910.7042 -916.0919 -912.3490
-910.7042 -916.0919 -912.1335
-910.7042 -916.0919 -912.0257
-910.7042 -916.0919 -911.7194
-910.7042 -915.2672 -911.5311
-906.6170 -912.5511 -911.2074
-906.3086 -911.7899 -910.9250
-906.3086 -911.7899 -910.7024
-906.3086 -911.7899 -910.5927
-906.3086 -911.5288 -910.4614
-906.3086 -911.5288 -910.3240
-906.3086 -911.5288 -910.2031
-906.3086 -911.5288 -910.0822
-906.3086 -911.5288 -909.8575
-906.3086 -911.5288 -909.7531
-902.7679 -911.5288 -909.4570
-902.7679 -911.5288 -909.1527
-902.7679 -910.8136 -908.9655
-902.7679 -910.7042 -908.7829
-902.7679 -910.7042 -908.5424
-902.7679 -910.7042 -908.3389
-902.7679 -910.7042 -908.1802
-902.7679 -910.7042 -908.0215
-902.7679 -910.7042 -907.7748
-902.7679 -910.7042 -907.4574
-902.7679 -910.7042 -907.2987
-902.7679 -910.7042 -907.0942
-902.7679 -910.7042 -906.8476
-902.7679 -910.7042 -906.5912
-894.2605 -910.7042 -905.9293
-894.2605 -910.7042 -905.4417
-894.2605 -910.7042 -904.9109
-894.2605 -909.4593 -904.3605
-894.2605 -909.1980 -904.0565
-894.2605 -908.0648 -903.6507
-894.2605 -907.6909 -903.3454
-894.2605 -907.1634 -902.8175
-894.2605 -906.6170 -902.4360
-894.2605 -906.3086 -902.0078
-894.2605 -906.3086 -901.7668
-894.2605 -906.3086 -901.5258
-894.2605 -906.3086 -900.7321
-894.2605 -906.3086 -900.2502
-894.2605 -906.3086 -899.8362
-894.2605 -905.0638 -898.9593
-894.2605 -904.4280 -898.6709
-894.2605 -902.7679 -898.4675
-894.2605 -902.7679 -898.1181
-894.2605 -902.7679 -897.7968
-894.2605 -902.7679 -897.5205
-894.2605 -902.7679 -897.1802
-892.6789 -902.7679 -896.7237
-890.2625 -902.7679 -895.9860
-890.2625 -902.3105 -895.1638
-890.2625 -900.7936 -894.5458
-890.2625 -898.9964 -894.2046
-890.2625 -897.4555 -893.8410
-890.2625 -896.4870 -893.6386
-887.9972 -894.2605 -893.3545
-887.9972 -894.2605 -893.1189
-887.9972 -894.2605 -892.9620
-887.9972 -894.2605 -892.8367
-887.9972 -894.2605 -892.6315
-887.9972 -894.2605 -892.5062
-887.9972 -894.2605 -892.3435
-887.9972 -894.2605 -892.2182
-887.9972 -894.2605 -891.9259
-887.9972 -894.2605 -891.6991
-887.9972 -894.2605 -891.4743
-887.9972 -894.2605 -891.2237
-887.9972 -894.2605 -891.0668
-880.0654 -894.2605 -890.5474
-880.0654 -894.2605 -890.2635
-880.0654 -894.2605 -889.9796
-880.0654 -894.2605 -889.4904
-880.0654 -894.2605 -889.0986
-880.0654 -893.6670 -888.5380
-880.0654 -892.8618 -888.2659
-880.0654 -892.6789 -887.9194
-880.0654 -892.6789 -887.5534
-880.0654 -892.3859 -887.2102
-880.0654 -890.6679 -886.7498
-880.0654 -890.2625 -886.3491
-880.0654 -890.2625 -885.9944
-880.0654 -890.2625 -885.7451
-880.0654 -890.2625 -885.4793
-880.0654 -890.1593 -885.0928
-880.0654 -889.4110 -884.8325
-880.0654 -889.2845 -884.6456
-880.0654 -888.7455 -884.3410
-880.0654 -887.9972 -884.1674
-880.0654 -887.9972 -884.0088
-880.0654 -887.9972 -883.7346
-880.0654 -887.9972 -883.4174
-880.0654 -887.9972 -883.1432
-880.0654 -887.9972 -882.8917
-880.0654 -887.9972 -882.5681
-880.0654 -887.9972 -882.2461
-880.0654 -887.9972 -882.0875
-880.0654 -887.9972 -881.8359
-880.0654 -887.9972 -881.3910
-880.0654 -886.9085 -880.8780
-880.0654 -884.9884 -880.6141
-880.0654 -884.3971 -880.5086
-880.0654 -883.3510 -880.3950
-880.0654 -882.2228 -880.2224
-880.0654 -881.6145 -880.1361
-880.0654 -881.6038 -880.1052
-880.0654 -880.5128 -880.0744
-879.4162 -880.0654 -880.0525
-879.4162 -880.0654 -880.0395
-879.4162 -880.0654 -880.0265
-879.4162 -880.0654 -880.0135
-879.4162 -880.0654 -880.0005
-879.4162 -880.0654 -879.9875
-879.4162 -880.0654 -879.9745
-879.4162 -880.0654 -879.9616
-879.4162 -880.0654 -879.9486
-879.4162 -880.0654 -879.9356
-879.4162 -880.0654 -879.9226
-873.9011 -880.0654 -879.7863
-873.1506 -880.0654 -879.5248
-873.1506 -880.0654 -879.3865
-873.1506 -880.0654 -879.2482
-873.1506 -880.0654 -879.1099
-873.1506 -880.0654 -878.9077
-873.1506 -880.0654 -878.7393
-873.1506 -880.0654 -878.6010
-873.1506 -880.0654 -878.4627
-873.1506 -880.0654 -878.3136
-873.1506 -880.0654 -878.1753
-873.1506 -880.0654 -878.0371
-870.0171 -880.0654 -877.6954
-870.0171 -880.0654 -877.4820
-870.0171 -880.0654 -877.2680
-870.0171 -880.0654 -877.0671
-870.0171 -880.0654 -876.7124
-870.0171 -880.0654 -876.5115
-870.0171 -880.0654 -876.1095
-868.8486 -880.0654 -875.4703
-868.8486 -880.0654 -875.2459
-868.8486 -879.5256 -874.8822
-868.8486 -879.4162 -874.5956
-868.8486 -879.4162 -874.2489
-868.8486 -879.4162 -873.5435
-868.8486 -879.4162 -873.0742
-868.8486 -879.4162 -872.5854
-868.8486 -878.0736 -872.2178
-868.8486 -877.8132 -871.9192
-868.8486 -876.8059 -871.7386
-868.8486 -875.7623 -871.4381
-868.8486 -875.7623 -871.2475
-868.8486 -873.9011 -871.1093
-868.8486 -873.9011 -871.0082
-868.8486 -873.1506 -870.8295
-868.8486 -873.1506 -870.7435
-868.8486 -873.1506 -870.5757
-868.8486 -873.1506 -870.4693
-868.8486 -873.1506 -870.2769
-868.8486 -873.1506 -870.1909
-868.8486 -873.1506 -869.8264
-868.8486 -873.1506 -869.6608
-868.8486 -872.1982 -869.5396
-868.8486 -872.1341 -869.4069
-868.8486 -872.1341 -869.2887
-868.8486 -870.0171 -869.1890
-868.8486 -870.0171 -869.1189
-868.8486 -870.0171 -869.0488
-868.8486 -870.0171 -869.0254
-868.8486 -870.0171 -869.0020
-868.8486 -870.0171 -868.9787
-868.8486 -870.0171 -868.9319
-868.8486 -869.5099 -868.8618
-868.8486 -868.8486 -868.8486
-868.8486 -868.8486 -868.8486
-868.8486 -868.8486 -868.8486
-868.8486 -868.8486 -868.8486
-868.8486 -868.8486 -868.8486
-867.2669 -868.8486 -868.8170
-867.1319 -868.8486 -868.7510
-867.1319 -868.8486 -868.7167
-867.1319 -868.8486 -868.6823
-867.1319 -868.8486 -868.6480
-867.1319 -868.8486 -868.6136
-867.1319 -868.8486 -868.5793
-867.1319 -868.8486 -868.5133
-866.9317 -868.8486 -868.4407
-866.9317 -868.8486 -868.4023
-866.9317 -868.8486 -868.3640
-866.9317 -868.8486 -868.3257
-866.9317 -868.8486 -868.2873
-866.9317 -868.8486 -868.2490
-866.9317 -868.8486 -868.1763
-866.9317 -868.8486 -868.0377
-866.9317 -868.8486 -867.9267
-866.9317 -868.8486 -867.8883
-866.9317 -868.8486 -867.8157
-866.9317 -868.8486 -867.7390
-866.9317 -868.8486 -867.6663
-866.9317 -868.8486 -867.6280
-866.9317 -868.8486 -867.5553
-866.9317 -868.8486 -867.4786
-866.9317 -868.8486 -867.4019
-866.9317 -868.8486 -867.3293
-866.9317 -868.8486 -867.2526
-866.9317 -868.8486 -867.1799
-866.9317 -868.8486 -867.1033
-866.9317 -867.2669 -867.0105
-866.9317 -867.1319 -867.0038
-866.9317 -867.1319 -866.9998
-866.9317 -867.1319 -866.9958
-866.9317 -867.1319 -866.9878
-866.9317 -867.1319 -866.9837
-866.9317 -867.1319 -866.9797
-866.9317 -867.1319 -866.9757
-866.9317 -867.1319 -866.9717
-866.9317 -867.1319 -866.9597
-866.8123 -867.1319 -866.9453
-866.8123 -867.1319 -866.9309
-866.8123 -866.9317 -866.9245
-866.8123 -866.9317 -866.9222
-866.8123 -866.9317 -866.9198
-866.8123 -866.9317 -866.9150
-866.8123 -866.9317 -866.9126
-866.8123 -866.9317 -866.9102
-866.8123 -866.9317 -866.9078
-866.8123 -866.9317 -866.9054
-866.8123 -866.9317 -866.9030
-866.8123 -866.9317 -866.8983
-866.8123 -866.9317 -866.8959
-866.8123 -866.9317 -866.8911
-866.8123 -866.9317 -866.8887
-866.8123 -866.9317 -866.8863
-866.8123 -866.9317 -866.8839
-866.8123 -866.9317 -866.8815
-866.8123 -866.9317 -866.8792
-866.8123 -866.9317 -866.8744
-866.8123 -866.9317 -866.8672
-866.8123 -866.9317 -866.8624
-866.8123 -866.9317 -866.8577
-866.8123 -866.9317 -866.8553
-866.8123 -866.9317 -866.8529
-866.8123 -866.9317 -866.8505
-866.8123 -866.9317 -866.8433
-866.8123 -866.9317 -866.8409
-866.8123 -866.9317 -866.8362
-866.8123 -866.9317 -866.8338
-866.8123 -866.9317 -866.8314
-866.8123 -866.9317 -866.8290
-863.6787 -866.9317 -866.7592
-863.6787 -866.9317 -866.6917
-863.6787 -866.8123 -866.6243
-863.6787 -866.8123 -866.5616
-863.6787 -866.8123 -866.4989
-863.6787 -866.8123 -866.4363
-863.6787 -866.8123 -866.3736
-863.6787 -866.8123 -866.2482
-863.6787 -866.8123 -866.1856
-863.6787 -866.8123 -866.0602
-863.6787 -866.8123 -865.9976
-863.6787 -866.8123 -865.9349
-863.6787 -866.8123 -865.8681
-863.6787 -866.8123 -865.8054
-863.6787 -866.8123 -865.7427
-863.6787 -866.8123 -865.6801
-863.6787 -866.8123 -865.4921
-863.6787 -866.8123 -865.4294
-863.6787 -866.8123 -865.3667
-863.6787 -866.8123 -865.2811
-863.6787 -866.8123 -865.2184
-863.6787 -866.8123 -865.1557
-863.6787 -866.8123 -865.0304
-863.6787 -866.8123 -864.9051
-863.6787 -866.8123 -864.8424
-863.6787 -866.8123 -864.7797
-863.6787 -866.8123 -864.6544
-863.6787 -866.8123 -864.5917
-863.6787 -866.8123 -864.5290
-863.6787 -866.8123 -864.4037
-863.6787 -866.8123 -864.3066
-863.6787 -866.8123 -864.1813
-863.6787 -866.8123 -864.1186
-863.6787 -866.8123 -863.8679
-863.6787 -865.6645 -863.7653
-863.6787 -865.0926 -863.7256
-863.6787 -863.6787 -863.6787
-863.6787 -863.6787 -863.6787
-863.6787 -863.6787 -863.6787
-863.6787 -863.6787 -863.6787
-863.6787 -863.6787 -863.6787
-863.6787 -863.6787 -863.6787
-863.6787 -863.6787 -863.6787
-863.6787 -863.6787 -863.6787
-863.6787 -863.6787 -863.6787
-863.6787 -863.6787 -863.6787
-852.4077 -863.6787 -863.4533
-852.4077 -863.6787 -863.2279
-852.4077 -863.6787 -863.0025
-852.4077 -863.6787 -862.7771
-852.4077 -863.6787 -862.5516
-852.4077 -863.6787 -862.3262
-852.4077 -863.6787 -861.8754
-852.4077 -863.6787 -861.6355
-852.4077 -863.6787 -861.3279
-852.4077 -863.6787 -861.0401
-852.4077 -863.6787 -860.7147
-852.4077 -863.6787 -860.4748
-852.4077 -863.6787 -860.2494
-852.4077 -863.6787 -860.0240
-852.4077 -863.6787 -859.7986
-852.4077 -863.6787 -859.5732
-852.4077 -863.6787 -859.3477
-852.4077 -863.6787 -859.1223
-852.4077 -863.6787 -858.7785
-852.4077 -863.6787 -858.5479
-852.4077 -863.6787 -858.0971
-852.4077 -863.6787 -857.8716
-852.4077 -863.6787 -857.6462
-852.4077 -863.6787 -857.3350
-852.4077 -863.6787 -856.7470
-852.4077 -863.6787 -855.6211
-852.4077 -863.6787 -855.1593
-852.4077 -863.6787 -854.7085
-852.4077 -862.9557 -854.0057
-852.4077 -862.0960 -853.5838
-852.4077 -858.6825 -853.1026
-852.4077 -858.1984 -852.9771
-852.4077 -857.7566 -852.8613
-852.4077 -855.1755 -852.6060
-852.4077 -855.0784 -852.5506
-852.4077 -854.9036 -852.4972
-852.4077 -854.3246 -852.4473
-852.4077 -852.4077 -852.4077
-852.4077 -852.4077 -852.4077
-852.4077 -852.4077 -852.4077
-852.4077 -852.4077 -852.4077
-852.4077 -852.4077 -852.4077
-850.5652 -852.4077 -852.3709
-850.5652 -852.4077 -852.3340
-850.5652 -852.4077 -852.2972
-850.5652 -852.4077 -852.2603
-850.5652 -852.4077 -852.1866
-850.5652 -852.4077 -852.1498
-850.5652 -852.4077 -852.1129
-850.5652 -852.4077 -852.0761
-850.5652 -852.4077 -852.0392
-850.5652 -852.4077 -852.0024
-850.5652 -852.4077 -851.9655
-850.5652 -852.4077 -851.8550
-850.5652 -852.4077 -851.8181
-850.5652 -852.4077 -851.7813
-850.5652 -852.4077 -851.7444
-850.5652 -852.4077 -851.6707
-850.5652 -852.4077 -851.5970
-850.5652 -852.4077 -851.5602
-850.5652 -852.4077 -851.4865
-850.5652 -852.4077 -851.4496
-850.5652 -852.4077 -851.3759
-850.5652 -852.4077 -851.3305
-850.5652 -852.4077 -851.2568
-850.5652 -852.4077 -851.1553
-850.5652 -852.4077 -851.1185
-849.4174 -852.4077 -851.0218
-844.6624 -852.4077 -850.7703
-844.6624 -852.4077 -850.6154
-844.6624 -852.4077 -850.4236
-844.6624 -852.4077 -850.2687
-844.6624 -852.4077 -850.1138
-844.6624 -852.4077 -849.9589
-844.6624 -851.0208 -849.6746
-844.6624 -850.5652 -849.5474
-844.6624 -850.5652 -849.1933
-844.6624 -850.5652 -848.9572
-843.5147 -850.5652 -848.6981
-843.5147 -850.5652 -848.4390
-843.5147 -850.5652 -848.1877
-843.5147 -850.5652 -848.0467
-843.5147 -850.5652 -847.9057
-843.5147 -850.5652 -847.6237
-843.5147 -850.5652 -847.4827
-843.5147 -850.5652 -847.3417
-843.5147 -850.5652 -847.2007
-843.5147 -850.5652 -846.9416
-843.5147 -850.5652 -846.5186
-843.5147 -850.5652 -846.3766
-843.5147 -850.5652 -846.1176
-843.5147 -850.5652 -845.9536
-843.5147 -850.5652 -845.8126
-843.5147 -850.5652 -845.5613
-843.5147 -850.5652 -845.2793
-843.5147 -850.5191 -844.7345
-843.5147 -849.1956 -844.2632
-843.5147 -845.0501 -844.0352
-843.5147 -844.7819 -843.9991
-843.5147 -844.6624 -843.9738
-843.5147 -844.6624 -843.9279
-843.5147 -844.6624 -843.9049
-843.5147 -844.6624 -843.8360
-843.5147 -844.6624 -843.8131
-843.5147 -844.6624 -843.7672
-843.5147 -844.6624 -843.7442
-843.5147 -844.6624 -843.6983
-843.5147 -844.6624 -843.6754
-843.5147 -844.6624 -843.6524
-843.5147 -844.6624 -843.5835
-843.5147 -843.5147 -843.5147
-843.5147 -843.5147 -843.5147
-843.5147 -843.5147 -843.5147
-843.5147 -843.5147 -843.5147
-843.5147 -843.5147 -843.5147
-843.5147 -843.5147 -843.5147
-843.5147 -843.5147 -843.5147
-843.5147 -843.5147 -843.5147
-843.5147 -843.5147 -843.5147
-843.5147 -843.5147 -843.5147
-843.5147 -843.5147 -843.5147
-843.5147 -843.5147 -843.5147
-843.5147 -843.5147 -843.5147
-837.9996 -843.5147 -843.4044
-837.9996 -843.5147 -843.2941
-837.9996 -843.5147 -843.1838
-837.9996 -843.5147 -843.0735
-837.9996 -843.5147 -842.9632
-837.9996 -843.5147 -842.8529
-837.9996 -843.5147 -842.7426
-837.9996 -843.5147 -842.6323
-837.9996 -843.5147 -842.4940
-836.8157 -843.5147 -842.2497
-836.8157 -843.5147 -842.1157
-836.8157 -843.5147 -841.9818
-836.8157 -843.5147 -841.7375
-836.8157 -843.5147 -841.6035
-836.8157 -843.5147 -841.4695
-836.8157 -843.5147 -841.3355
-836.8157 -843.5147 -841.2016
-836.8157 -843.5147 -841.0676
-836.8157 -843.5147 -840.9336
-836.8157 -843.5147 -840.6268
-836.8157 -843.5147 -840.4928
-836.8157 -843.5147 -840.2485
-836.8157 -843.5147 -840.1145
-836.8157 -843.5147 -839.9806
-836.8157 -843.5147 -839.7126
-836.8157 -843.5147 -839.4576
-836.8157 -843.5147 -839.3237
-836.8157 -843.5147 -839.0557
-836.8157 -843.5147 -838.8737
-836.8157 -843.5147 -838.6058
-836.8157 -843.5147 -838.4267
-836.8157 -843.5147 -838.2927
-836.8157 -843.5147 -838.1154
-836.8157 -843.5147 -837.8604
-836.8157 -842.1159 -837.6831
-836.8157 -841.5721 -837.5771
-836.8157 -841.3489 -837.4820
-836.8157 -841.3489 -837.3914
-836.8157 -837.9996 -837.1258
-836.8157 -837.9996 -837.1021
-836.4632 -837.9996 -837.0477
-836.4632 -837.9996 -836.9696
-836.4632 -837.9996 -836.9389
-836.4632 -837.9996 -836.9082
-836.4632 -837.9996 -836.8775
-836.4632 -837.9996 -836.8467
-836.4632 -837.4650 -836.7923
-836.4632 -836.8157 -836.7523
-836.4632 -836.8157 -836.7452
-836.4632 -836.8157 -836.7382
-836.4632 -836.8157 -836.7311
-836.4632 -836.8157 -836.7170
-836.4632 -836.8157 -836.7099
-836.4632 -836.8157 -836.6958
-836.4632 -836.8157 -836.6817
-836.4632 -836.8157 -836.6747
-836.4632 -836.8157 -836.6676
-836.4632 -836.8157 -836.6606
-836.4632 -836.8157 -836.6399
-836.4632 -836.8157 -836.6117
-836.4632 -836.8157 -836.6046
-836.4632 -836.8157 -836.5905
-836.4632 -836.8157 -836.5835
-836.4632 -836.8157 -836.5628
-836.4632 -836.8157 -836.5557
-836.4632 -836.8157 -836.5416
-836.4632 -836.8157 -836.5275
-836.4632 -836.8157 -836.5205
-836.4632 -836.8157 -836.5134
-836.4632 -836.8157 -836.4993
-836.4632 -836.8157 -836.4923
-836.4632 -836.8157 -836.4852
-836.4632 -836.8157 -836.4782
-836.4632 -836.4861 -836.4641
-836.4632 -836.4632 -836.4632
-836.4632 -836.4632 -836.4632
-836.4632 -836.4632 -836.4632
-836.4632 -836.4632 -836.4632
-836.4632 -836.4632 -836.4632
-836.4632 -836.4632 -836.4632
-830.9481 -836.4632 -836.3529
-830.9481 -836.4632 -836.2426
-830.9481 -836.4632 -836.1322
-830.9481 -836.4632 -836.0219
-830.9481 -836.4632 -835.9116
-830.9481 -836.4632 -835.8013
-830.9481 -836.4632 -835.5807
-830.9481 -836.4632 -835.4704
-830.9481 -836.4632 -835.1395
-830.9481 -836.4632 -834.6983
-830.9481 -836.4632 -834.3674
-830.9481 -836.4632 -834.1241
-830.9481 -836.4632 -833.8602
-830.9481 -836.4632 -833.7328
-830.9481 -836.4632 -833.5122
-830.9481 -836.4632 -833.4019
-830.9481 -836.4632 -833.0152
-830.9481 -836.4632 -832.7946
-830.9481 -836.4632 -832.5633
-830.9481 -836.4632 -832.2324
-830.9481 -836.4632 -832.1221
-830.9481 -836.4632 -832.0118
-830.9481 -836.4632 -831.8621
-830.9481 -836.4632 -831.7518
-830.9481 -835.9276 -831.6415
-830.9481 -835.9276 -831.4423
-830.9481 -835.6107 -831.2812
-830.9481 -834.4921 -831.1880
-830.9481 -834.0645 -831.0473
-830.9481 -830.9481 -830.9481
-830.9481 -830.9481 -830.9481
-830.9481 -830.9481 -830.9481
-830.9481 -830.9481 -830.9481
-830.9481 -830.9481 -830.9481
-830.9481 -830.9481 -830.9481
-830.9481 -830.9481 -830.9481
-830.9481 -830.9481 -830.9481
-830.9481 -830.9481 -830.9481
-830.9481 -830.9481 -830.9481
-830.9481 -830.9481 -830.9481
-830.9481 -830.9481 -830.9481
-830.9481 -830.9481 -830.9481
-830.9481 -830.9481 -830.9481
-830.9481 -830.9481 -830.9481
-830.9481 -830.9481 -830.9481
-830.9481 -830.9481 -830.9481
-830.9481 -830.9481 -830.9481
-830.9481 -830.9481 -830.9481
-830.9481 -830.9481 -830.9481
-830.9481 -830.9481 -830.9481
-830.9481 -830.9481 -830.9481
-830.9481 -830.9481 -830.9481
-830.9481 -830.9481 -830.9481
-830.9481 -830.9481 -830.9481
-830.9481 -830.9481 -830.9481
-830.9481 -830.9481 -830.9481
-830.9481 -830.9481 -830.9481
-830.9481 -830.9481 -830.9481
-830.9481 -830.9481 -830.9481
-830.9481 -830.9481 -830.9481
-830.9481 -830.9481 -830.9481
-830.9481 -830.9481 -830.9481
-830.9481 -830.9481 -830.9481
-830.9481 -830.9481 -830.9481
-830.9481 -830.9481 -830.9481
-830.9481 -830.9481 -830.9481
-830.9481 -830.9481 -830.9481
-830.9481 -830.9481 -830.9481
-830.9481 -830.9481 -830.9481
-830.9481 -830.9481 -830.9481
-830.9481 -830.9481 -830.9481
-830.9481 -830.9481 -830.9481
-830.9481 -830.9481 -830.9481
-830.9481 -830.9481 -830.9481
-830.9481 -830.9481 -830.9481
-830.9481 -830.9481 -830.9481
-830.9481 -830.9481 -830.9481
-830.9481 -830.9481 -830.9481
-830.9481 -830.9481 -830.9481
-830.9481 -830.9481 -830.9481
-830.9481 -830.9481 -830.9481
-830.9481 -830.9481 -830.9481
-830.9481 -830.9481 -830.9481
-830.9481 -830.9481 -830.9481
-830.9481 -830.9481 -830.9481
-830.9481 -830.9481 -830.9481
-830.9481 -830.9481 -830.9481
-830.9481 -830.9481 -830.9481
-830.9481 -830.9481 -830.9481
-830.9481 -830.9481 -830.9481
-830.9481 -830.9481 -830.9481
-830.3545 -830.9481 -830.9362
-830.3545 -830.9481 -830.9243
-830.3545 -830.9481 -830.9125
-830.3545 -830.9481 -830.9006
-830.3545 -830.9481 -830.8887
-830.3545 -830.9481 -830.8768
-830.3545 -830.9481 -830.8650
-830.3545 -830.9481 -830.8531
-830.3545 -830.9481 -830.8412
-830.3545 -830.9481 -830.8175
-830.3545 -830.9481 -830.8056
-830.3545 -830.9481 -830.7819
-830.3545 -830.9481 -830.7700
-830.3545 -830.9481 -830.7581
-830.3545 -830.9481 -830.7463
-830.3545 -830.9481 -830.7344
-830.3545 -830.9481 -830.7106
-830.3545 -830.9481 -830.6869
-830.3545 -830.9481 -830.6632
-830.3545 -830.9481 -830.6513
-830.3545 -830.9481 -830.6275
-830.3545 -830.9481 -830.6157
-830.3545 -830.9481 -830.5919
-830.3545 -830.9481 -830.5801
-830.3545 -830.9481 -830.5444
-830.3545 -830.9481 -830.5207
-830.3545 -830.9481 -830.4970
-830.3545 -830.9481 -830.4851
-830.3545 -830.9481 -830.4732
-830.3545 -830.9481 -830.4495
-830.3545 -830.9481 -830.4376
-830.3545 -830.9481 -830.4139
-830.3545 -830.9481 -830.3901
-830.3545 -830.9481 -830.3664
-830.3545 -830.3545 -830.3545
-830.3545 -830.3545 -830.3545
-830.3545 -830.3545 -830.3545
-830.3545 -830.3545 -830.3545
-830.3545 -830.3545 -830.3545
-830.3545 -830.3545 -830.3545
-830.3545 -830.3545 -830.3545
-830.3545 -830.3545 -830.3545
-830.3545 -830.3545 -830.3545
-830.3545 -830.3545 -830.3545
-830.3545 -830.3545 -830.3545
-830.3545 -830.3545 -830.3545
-830.3545 -830.3545 -830.3545
-830.3545 -830.3545 -830.3545
-830.3545 -830.3545 -830.3545
-830.3545 -830.3545 -830.3545
-830.3545 -830.3545 -830.3545
-830.3545 -830.3545 -830.3545
-830.3545 -830.3545 -830.3545
-830.3545 -830.3545 -830.3545
-830.3545 -830.3545 -830.3545
-830.3545 -830.3545 -830.3545
-830.3545 -830.3545 -830.3545
-830.3545 -830.3545 -830.3545
-830.3545 -830.3545 -830.3545
-830.3545 -830.3545 -830.3545
-830.3545 -830.3545 -830.3545
-830.3545 -830.3545 -830.3545
-830.3545 -830.3545 -830.3545
-830.3545 -830.3545 -830.3545
-830.3545 -830.3545 -830.3545
-830.3545 -830.3545 -830.3545
-830.3545 -830.3545 -830.3545
-830.3545 -830.3545 -830.3545
-830.3545 -830.3545 -830.3545
-830.3545 -830.3545 -830.3545
-830.3545 -830.3545 -830.3545
-830.3545 -830.3545 -830.3545
-830.3545 -830.3545 -830.3545
-830.3545 -830.3545 -830.3545
-830.3545 -830.3545 -830.3545
-830.3545 -830.3545 -830.3545
-830.3545 -830.3545 -830.3545
-830.3545 -830.3545 -830.3545
-830.3545 -830.3545 -830.3545
-830.3545 -830.3545 -830.3545
-830.3545 -830.3545 -830.3545
-830.3545 -830.3545 -830.3545
-830.3545 -830.3545 -830.3545
-830.3545 -830.3545 -830.3545
-830.3545 -830.3545 -830.3545
-830.3545 -830.3545 -830.3545
-830.3545 -830.3545 -830.3545
-830.3545 -830.3545 -830.3545
-830.3545 -830.3545 -830.3545
-830.3545 -830.3545 -830.3545
-830.3545 -830.3545 -830.3545
-830.3545 -830.3545 -830.3545
-830.3545 -830.3545 -830.3545
-830.3545 -830.3545 -830.3545
-830.3545 -830.3545 -830.3545
-830.3545 -830.3545 -830.3545
-830.3545 -830.3545 -830.3545
-830.3545 -830.3545 -830.3545
-830.3545 -830.3545 -830.3545
-830.3545 -830.3545 -830.3545
-830.3545 -830.3545 -830.3545
-830.3545 -830.3545 -830.3545
-830.3545 -830.3545 -830.3545
-830.3545 -830.3545 -830.3545
-830.3545 -830.3545 -830.3545
-830.3545 -830.3545 -830.3545
-830.3545 -830.3545 -830.3545
-830.3545 -830.3545 -830.3545
-830.3545 -830.3545 -830.3545
-830.3545 -830.3545 -830.3545
-830.3545 -830.3545 -830.3545
-830.3545 -830.3545 -830.3545
-830.3545 -830.3545 -830.3545
-830.3545 -830.3545 -830.3545
-830.3545 -830.3545 -830.3545
-830.3545 -830.3545 -830.3545
-830.3545 -830.3545 -830.3545
-830.3545 -830.3545 -830.3545
-830.3545 -830.3545 -830.3545
-830.3545 -830.3545 -830.3545
-830.3545 -830.3545 -830.3545
-830.3545 -830.3545 -830.3545
-830.3545 -830.3545 -830.3545
-830.3545 -830.3545 -830.3545
-830.3545 -830.3545 -830.3545
-830.3545 -830.3545 -830.3545
-830.3545 -830.3545 -830.3545
-830.3545 -830.3545 -830.3545
-830.3545 -830.3545 -830.3545
-830.3545 -830.3545 -830.3545
-830.3545 -830.3545 -830.3545
-830.3545 -830.3545 -830.3545
-830.3545 -830.3545 -830.3545
-830.3545 -830.3545 -830.3545
-830.3545 -830.3545 -830.3545
-830.3545 -830.3545 -830.3545
-830.3545 -830.3545 -830.3545
-830.3545 -830.3545 -830.3545
-830.3545 -830.3545 -830.3545
-830.3545 -830.3545 -830.3545
-830.3545 -830.3545 -830.3545
-830.3545 -830.3545 -830.3545
-830.3545 -830.3545 -830.3545
-830.3545 -830.3545 -830.3545
-830.3545 -830.3545 -830.3545
-830.3545 -830.3545 -830.3545
-830.3545 -830.3545 -830.3545
-830.3545 -830.3545 -830.3545
-830.3545 -830.3545 -830.3545
-830.3545 -830.3545 -830.3545
-830.3545 -830.3545 -830.3545
-830.3545 -830.3545 -830.3545
-830.3545 -830.3545 -830.3545
-830.3545 -830.3545 -830.3545
-830.3545 -830.3545 -830.3545
-830.3545 -830.3545 -830.3545
-830.3545 -830.3545 -830.3545
-830.3545 -830.3545 -830.3545
-830.3545 -830.3545 -830.3545
-830.3545 -830.3545 -830.3545
-830.3545 -830.3545 -830.3545
-830.3545 -830.3545 -830.3545
-830.3545 -830.3545 -830.3545
-830.3545 -830.3545 -830.3545
-830.3545 -830.3545 -830.3545
-830.3545 -830.3545 -830.3545
-830.3545 -830.3545 -830.3545
-830.3545 -830.3545 -830.3545
-830.3545 -830.3545 -830.3545
-830.3545 -830.3545 -830.3545
-830.3545 -830.3545 -830.3545
-830.3545 -830.3545 -830.3545
-830.3545 -830.3545 -830.3545
-830.3545 -830.3545 -830.3545
-830.3545 -830.3545 -830.3545
-830.3545 -830.3545 -830.3545
-830.3545 -830.3545 -830.3545
-830.3545 -830.3545 -830.3545
-830.3545 -830.3545 -830.3545
-830.3545 -830.3545 -830.3545
-830.3545 -830.3545 -830.3545
-830.3545 -830.3545 -830.3545
-830.3545 -830.3545 -830.3545
-830.3545 -830.3545 -830.3545
-830.3545 -830.3545 -830.3545
-830.3545 -830.3545 -830.3545
-830.3545 -830.3545 -830.3545
-830.3545 -830.3545 -830.3545
-830.3545 -830.3545 -830.3545
-830.3545 -830.3545 -830.3545
-830.3545 -830.3545 -830.3545
-830.3545 -830.3545 -830.3545
-830.3545 -830.3545 -830.3545
-830.3545 -830.3545 -830.3545
-830.3545 -830.3545 -830.3545
-830.3545 -830.3545 -830.3545
-830.3545 -830.3545 -830.3545
-830.3545 -830.3545 -830.3545
-830.3545 -830.3545 -830.3545
-830.3545 -830.3545 -830.3545
-830.3545 -830.3545 -830.3545
-830.3545 -830.3545 -830.3545
-830.3545 -830.3545 -830.3545
-830.3545 -830.3545 -830.3545
-830.3545 -830.3545 -830.3545
-830.3545 -830.3545 -830.3545
-830.3545 -830.3545 -830.3545
-830.3545 -830.3545 -830.3545
-830.3545 -830.3545 -830.3545
-830.3545 -830.3545 -830.3545
-830.3545 -830.3545 -830.3545
-830.3545 -830.3545 -830.3545
-830.3545 -830.3545 -830.3545
-830.3545 -830.3545 -830.3545
-830.3545 -830.3545 -830.3545
-830.3545 -830.3545 -830.3545
-830.3545 -830.3545 -830.3545
-830.3545 -830.3545 -830.3545
-830.3545 -830.3545 -830.3545
-830.3545 -830.3545 -830.3545
-830.3545 -830.3545 -830.3545
-830.3545 -830.3545 -830.3545
-830.3545 -830.3545 -830.3545
-830.3545 -830.3545 -830.3545
-830.3545 -830.3545 -830.3545
-830.3545 -830.3545 -830.3545
-830.3545 -830.3545 -830.3545
-830.3545 -830.3545 -830.3545
