-4821.6090 -5813.8648 -5604.4430
-4813.4564 -5670.6110 -5444.7610
-4799.2629 -5510.8190 -5288.6273
-4771.6849 -5397.4526 -5113.3177
-4731.1313 -5221.2989 -4878.6733
-4731.1313 -4892.8355 -4815.0858
-4675.3000 -4821.6090 -4784.2773
-4675.3000 -4797.3164 -4758.0006
-4631.8768 -4758.3188 -4727.8096
-4618.9812 -4743.1032 -4706.1590
-4618.6474 -4718.7711 -4677.8650
-4589.9017 -4683.9779 -4658.2582
-4546.6239 -4669.2027 -4640.5075
-4546.6239 -4648.6893 -4618.6609
-4488.2684 -4625.1634 -4595.3151
-4460.1465 -4604.3786 -4564.8744
-4460.1465 -4580.3404 -4542.5579
-4431.0351 -4552.5240 -4514.6024
-4355.6187 -4530.7487 -4481.9720
-4355.6187 -4494.7091 -4455.1634
-4353.2035 -4467.7253 -4433.4350
-4333.6710 -4443.1607 -4409.7090
-4289.6641 -4425.3543 -4384.4525
-4275.7392 -4397.8645 -4348.1317
-4208.9336 -4355.6187 -4317.9141
-4208.9336 -4333.5478 -4297.8249
-4176.2448 -4311.7476 -4278.5136
-4176.2448 -4293.8916 -4259.3056
-4121.9361 -4272.7387 -4236.2851
-4121.9361 -4250.3839 -4213.0556
-4115.7194 -4229.8587 -4193.9006
-4093.6739 -4213.2528 -4174.3862
-4093.6739 -4185.0755 -4150.4528
-4053.4063 -4162.9170 -4127.1444
-4024.4027 -4140.9881 -4108.7834
-3965.9639 -4121.9361 -4086.7008
-3965.9639 -4100.9268 -4060.7056
-3955.6827 -4076.0051 -4037.9822
-3955.6827 -4054.7655 -4018.2811
-3955.6827 -4040.7625 -4004.6810
-3915.9313 -4013.6605 -3984.0353
-3892.0843 -3994.0177 -3965.4736
-3892.0843 -3976.1701 -3947.5345
-3830.9130 -3958.6001 -3932.2293
-3830.9130 -3947.5156 -3913.2807
-3791.7975 -3924.4348 -3890.6430
-3786.9158 -3905.5618 -3868.1130
-3767.7473 -3888.3985 -3849.8653
-3767.7473 -3873.7436 -3836.6312
-3663.3964 -3850.6448 -3810.8468
-3663.3964 -3825.5340 -3787.5639
-3663.3964 -3805.1622 -3767.9297
-3662.3829 -3790.3019 -3750.5778
-3635.9931 -3767.7473 -3723.9514
-3635.9931 -3741.4802 -3702.0219
-3635.9931 -3718.1609 -3686.7976
-3606.8908 -3702.9518 -3669.8675
-3606.8908 -3687.1379 -3655.4410
-3576.0017 -3664.2880 -3641.0560
-3538.0269 -3654.4575 -3625.2493
-3538.0269 -3638.5387 -3612.1943
-3487.6767 -3628.4226 -3596.7668
-3487.6767 -3613.8297 -3573.8952
-3487.6767 -3597.6219 -3557.8923
-3458.0768 -3577.6545 -3540.4577
-3458.0768 -3551.0884 -3517.4318
-3435.4420 -3533.1202 -3502.2221
-3417.2814 -3517.3476 -3488.1841
-3361.8511 -3497.4003 -3467.5455
-3361.8511 -3487.6605 -3454.6870
-3343.5598 -3472.2618 -3436.6180
-3343.5598 -3459.2804 -3419.3908
-3343.5598 -3446.0901 -3403.6868
-3292.8576 -3426.0539 -3385.9086
-3292.8576 -3398.6743 -3364.8205
-3279.2290 -3381.0466 -3351.7859
-3279.2290 -3365.8769 -3340.2771
-3279.2290 -3358.4699 -3331.3468
-3270.3064 -3349.2049 -3318.5931
-3223.2526 -3340.9336 -3309.1962
-3223.2526 -3325.7561 -3297.4113
-3223.2526 -3312.3047 -3283.4189
-3160.5155 -3295.4603 -3268.0390
-3160.5155 -3282.5049 -3251.6137
-3160.5155 -3273.6383 -3238.5565
-3160.5155 -3258.6082 -3224.9492
-3159.1797 -3239.7531 -3212.4704
-3129.9838 -3230.7983 -3199.4667
-3094.7560 -3219.5145 -3184.1288
-3094.7560 -3206.2790 -3174.5383
-3089.0408 -3186.8072 -3155.1572
-3089.0408 -3170.0032 -3143.5651
-3089.0408 -3160.5155 -3134.0531
-3047.2548 -3153.4024 -3120.0270
-3030.4047 -3134.5120 -3106.0818
-3024.5237 -3127.7967 -3097.6914
-2996.8228 -3112.3970 -3083.3266
-2996.8228 -3103.0933 -3073.7847
-2996.8228 -3089.0408 -3059.8985
-2989.7868 -3081.3018 -3049.2222
-2957.0867 -3065.8817 -3035.5490
-2957.0867 -3050.1360 -3022.2947
-2928.5664 -3040.4164 -3009.7963
-2928.5664 -3024.5237 -2994.0728
-2928.5664 -3008.6181 -2981.2122
-2928.5664 -2996.8228 -2970.9163
-2913.8397 -2984.8896 -2962.7702
-2913.8397 -2981.1803 -2956.2551
-2909.2142 -2970.7069 -2948.0956
-2899.8171 -2962.9968 -2940.8677
-2899.8171 -2957.0867 -2931.9081
-2893.2397 -2948.9313 -2924.3539
-2893.2397 -2937.1397 -2917.0287
-2876.7146 -2928.5664 -2911.5535
-2777.4397 -2921.3434 -2903.4590
-2777.4397 -2913.8397 -2893.8460
-2777.4397 -2908.6476 -2881.9754
-2754.4476 -2900.6072 -2869.3177
-2724.4768 -2890.6970 -2850.2752
-2703.3810 -2879.6743 -2824.3468
-2703.3810 -2859.1075 -2806.3129
-2703.3810 -2842.4069 -2780.4613
-2703.3810 -2798.3423 -2759.1225
-2696.2793 -2777.5814 -2747.1874
-2696.2793 -2769.8902 -2738.0922
-2696.2793 -2751.1537 -2727.5533
-2696.2793 -2743.6045 -2722.2037
-2626.4772 -2736.0053 -2713.8622
-2626.4772 -2727.6549 -2707.7529
-2623.7147 -2715.3440 -2694.6308
-2623.7147 -2709.5697 -2688.8523
-2607.0722 -2703.7138 -2681.5731
-2607.0722 -2699.5823 -2671.9950
-2607.0722 -2695.5816 -2665.0938
-2607.0722 -2679.8047 -2648.8372
-2585.9382 -2673.9904 -2638.1919
-2552.9117 -2656.4328 -2622.7240
-2552.9117 -2629.7591 -2612.0492
-2552.9117 -2621.9858 -2603.5368
-2552.9117 -2614.3698 -2595.6463
-2552.9117 -2609.7100 -2590.5320
-2532.8534 -2603.7673 -2583.5401
-2532.8534 -2598.4881 -2576.3901
-2532.8534 -2592.6270 -2571.5769
-2532.8534 -2586.1574 -2562.5174
-2532.8534 -2577.2388 -2556.1765
-2488.1270 -2567.1642 -2546.9021
-2488.1270 -2563.5332 -2541.4220
-2488.1270 -2553.1600 -2533.8436
-2488.1270 -2549.0786 -2528.4064
-2468.4433 -2542.8791 -2522.4795
-2451.6578 -2534.5492 -2516.0823
-2451.6578 -2532.5353 -2510.4635
-2451.6578 -2528.7383 -2505.4654
-2420.2725 -2522.0120 -2494.0658
-2415.8266 -2511.0947 -2484.5229
-2415.8266 -2507.4834 -2478.8738
-2415.8266 -2498.0415 -2469.3721
-2415.4955 -2488.1270 -2460.6178
-2415.4955 -2480.5552 -2456.7728
-2415.4955 -2473.7492 -2450.8120
-2393.2347 -2469.5935 -2442.5172
-2390.4566 -2457.3220 -2429.2277
-2364.9330 -2448.0554 -2419.8231
-2364.9330 -2433.0474 -2410.4986
-2364.9330 -2420.2725 -2403.9388
-2361.9430 -2415.8266 -2395.8622
-2361.9430 -2414.8038 -2390.5306
-2352.3593 -2400.5290 -2382.8307
-2352.3593 -2393.5355 -2380.5335
-2352.3593 -2392.4653 -2377.8868
-2326.8620 -2387.1127 -2370.9177
-2317.2835 -2382.2828 -2363.9956
-2317.2835 -2377.3245 -2356.8140
-2317.2835 -2366.6486 -2350.1646
-2311.8169 -2361.9430 -2342.8983
-2311.5788 -2356.6549 -2338.1741
-2278.2699 -2352.0616 -2328.7367
-2278.2699 -2344.2934 -2322.5233
-2278.2699 -2333.2140 -2315.9983
-2277.5884 -2326.8620 -2309.4659
-2265.7294 -2322.3617 -2303.6309
-2255.3637 -2317.2835 -2296.9997
-2241.0210 -2311.5001 -2290.5002
-2241.0210 -2306.5448 -2285.3379
-2241.0210 -2300.4635 -2280.4580
-2241.0210 -2298.0492 -2277.1714
-2239.8461 -2292.7749 -2272.7743
-2235.0116 -2287.1693 -2268.0834
-2235.0116 -2282.1177 -2262.7271
-2199.8838 -2278.2699 -2255.3391
-2199.8838 -2271.9728 -2247.4422
-2192.6106 -2259.8388 -2239.0349
-2192.6106 -2256.8851 -2234.5321
-2192.6106 -2249.8662 -2229.0133
-2161.6067 -2241.6859 -2222.2493
-2161.6067 -2241.0171 -2218.9642
-2160.8450 -2237.1023 -2214.3995
-2160.8450 -2235.0116 -2210.0423
-2158.0741 -2226.6889 -2202.8239
-2151.2886 -2220.6437 -2195.5556
-2151.2886 -2213.9969 -2190.0082
-2151.2886 -2206.3646 -2183.6225
-2148.5185 -2201.8402 -2177.7033
-2118.2679 -2193.8091 -2170.5110
-2118.2679 -2188.9601 -2165.3054
-2118.2679 -2183.2302 -2159.1544
-2114.7908 -2175.4360 -2154.8453
-2113.0989 -2167.9881 -2150.8004
-2076.7996 -2164.7547 -2144.6527
-2076.7996 -2161.6228 -2140.6553
-2053.9170 -2159.3222 -2133.7029
-2053.9170 -2151.3067 -2126.1659
-2053.9170 -2145.8124 -2116.8791
-2053.9170 -2135.8343 -2109.6430
-2053.9170 -2124.3362 -2101.2495
-2046.1019 -2118.4113 -2089.8133
-2046.1019 -2114.7616 -2080.4347
-2031.2413 -2108.9009 -2071.5232
-2022.2993 -2088.0356 -2063.1153
-2011.5008 -2079.6966 -2057.3138
-2011.5008 -2070.0358 -2051.1596
-2011.5008 -2062.8724 -2046.4966
-2011.5008 -2053.9365 -2040.1849
-2011.5008 -2053.9170 -2037.3285
-2011.5008 -2053.4253 -2033.6499
-2011.5008 -2046.7729 -2029.9900
-2011.5008 -2043.1187 -2025.9205
-2003.4921 -2036.7936 -2022.4648
-2003.4921 -2029.2660 -2018.7312
-1999.0637 -2026.5801 -2016.3591
-1999.0637 -2022.2993 -2013.7786
-1999.0637 -2020.5560 -2011.8730
-1977.6434 -2018.0385 -2008.5454
-1977.6434 -2015.6521 -2006.9652
-1977.6434 -2014.5637 -2005.1141
-1976.3008 -2011.5008 -2002.0623
-1959.9669 -2009.9107 -1997.7417
-1959.9669 -2007.6671 -1994.6503
-1943.2044 -2003.4921 -1990.4388
-1943.2044 -2001.6896 -1986.3695
-1938.5418 -1999.5259 -1982.3295
-1938.5418 -1997.4056 -1978.6548
-1938.5418 -1991.5427 -1971.4551
-1927.6868 -1987.0793 -1966.3866
-1927.6868 -1978.2072 -1960.9275
-1927.6868 -1976.3512 -1958.0880
-1899.4457 -1973.7605 -1952.6268
-1899.4457 -1969.7504 -1949.5016
-1899.4457 -1963.9028 -1944.7549
-1881.7691 -1959.9669 -1938.0691
-1881.7691 -1952.0375 -1930.7254
-1881.7691 -1943.2044 -1925.1857
-1881.7691 -1941.3625 -1921.7536
-1881.7691 -1938.5418 -1916.9964
-1842.6915 -1936.4365 -1911.9046
-1842.6915 -1929.7870 -1905.2850
-1842.6915 -1919.3070 -1897.1676
-1842.6915 -1914.8323 -1893.2276
-1842.6293 -1908.6764 -1885.6495
-1842.6293 -1901.0619 -1880.9633
-1842.6293 -1898.6784 -1877.1721
-1842.6293 -1895.3322 -1873.5360
-1833.0057 -1888.4778 -1868.0888
-1833.0057 -1881.7691 -1863.8682
-1833.0057 -1876.3943 -1858.6832
-1816.4477 -1873.0558 -1854.6008
-1816.4477 -1870.8777 -1851.9387
-1815.5453 -1867.4502 -1847.6943
-1815.5453 -1862.9088 -1844.1290
-1815.5453 -1858.8923 -1840.1825
-1815.5453 -1851.2935 -1835.4199
-1815.5453 -1843.9784 -1832.2909
-1794.8221 -1842.6915 -1829.7521
-1794.8221 -1842.6293 -1827.9765
-1794.8221 -1839.0239 -1825.7437
-1794.8221 -1836.8905 -1823.3680
-1791.9063 -1834.3428 -1820.6874
-1791.9063 -1833.0057 -1818.7281
-1788.4478 -1831.4412 -1814.9437
-1788.4478 -1828.9197 -1811.2013
-1770.5404 -1821.8796 -1806.2092
-1770.5404 -1816.2764 -1801.8981
-1770.5404 -1815.5453 -1799.3216
-1770.5404 -1811.4747 -1793.8411
-1770.5404 -1809.9505 -1792.2252
-1770.5404 -1801.1016 -1787.9444
-1757.1616 -1795.4119 -1785.1232
-1757.1616 -1794.8221 -1783.3709
-1757.1616 -1794.0885 -1780.8982
-1747.0410 -1791.9063 -1778.3781
-1747.0410 -1791.1919 -1776.4368
-1747.0410 -1787.7629 -1773.2535
-1712.1830 -1784.6247 -1770.0029
-1712.1830 -1783.2648 -1767.6792
-1712.1830 -1780.6350 -1764.1642
-1712.1830 -1776.2007 -1760.9782
-1712.1830 -1774.3257 -1758.5545
-1712.1830 -1772.1212 -1755.7734
-1711.8147 -1770.5404 -1749.2427
-1711.8147 -1769.6380 -1746.0313
-1708.7060 -1765.5547 -1741.8834
-1708.7060 -1760.3499 -1736.3675
-1708.7060 -1752.6126 -1731.2776
-1697.3125 -1747.2294 -1728.3362
-1697.3125 -1746.2529 -1724.7373
-1697.2152 -1741.7077 -1721.5842
-1693.6276 -1736.5712 -1719.4135
-1693.6276 -1734.9551 -1717.8942
-1693.6276 -1731.4465 -1713.5773
-1681.5305 -1726.1645 -1711.3588
-1659.7617 -1722.1318 -1707.9263
-1659.7617 -1720.4751 -1705.5037
-1659.7617 -1716.8694 -1702.5449
-1659.7617 -1713.4157 -1699.2202
-1651.8118 -1712.1830 -1695.1558
-1651.8118 -1711.8147 -1692.3455
-1651.8118 -1708.1248 -1685.9530
-1626.6631 -1701.6697 -1679.1975
-1626.6631 -1696.7031 -1673.5047
-1626.6631 -1693.6276 -1669.0449
-1626.6631 -1687.2592 -1665.1829
-1626.6631 -1682.1476 -1662.6036
-1626.6631 -1678.9864 -1661.0315
-1626.3177 -1677.7722 -1657.5413
-1626.3177 -1676.2722 -1655.2740
-1626.3177 -1669.2838 -1652.5786
-1613.6503 -1666.5984 -1650.2522
-1613.6503 -1663.3945 -1647.2506
-1613.1648 -1659.7617 -1641.2460
-1610.7464 -1657.9880 -1637.7625
-1610.7464 -1655.3258 -1636.5497
-1610.7464 -1651.8118 -1632.7217
-1610.7464 -1648.5533 -1628.7633
-1610.7464 -1643.7523 -1625.8060
-1593.0079 -1634.5917 -1620.8954
-1593.0079 -1630.9599 -1619.1352
-1593.0079 -1628.0990 -1617.9730
-1589.8106 -1626.6631 -1615.1432
-1589.8106 -1626.3177 -1612.6661
-1551.1821 -1622.6861 -1608.1864
-1551.1821 -1616.9871 -1605.4519
-1551.1821 -1615.5981 -1603.7282
-1542.2119 -1613.5940 -1599.6227
-1542.2119 -1611.1664 -1594.9911
-1542.2119 -1610.7464 -1590.5385
-1542.2119 -1609.7182 -1584.5076
-1542.2119 -1606.6280 -1579.7260
-1516.3075 -1600.6342 -1572.2308
-1516.3075 -1593.3891 -1568.3397
-1516.3075 -1591.1653 -1564.7119
-1516.3075 -1585.5410 -1558.6754
-1508.0667 -1581.2301 -1554.3282
-1508.0667 -1572.1708 -1547.3069
-1508.0667 -1565.6143 -1544.7319
-1504.1340 -1562.6717 -1540.1684
-1504.1340 -1552.1840 -1534.9763
-1504.1340 -1551.6500 -1532.4439
-1504.1340 -1549.2057 -1528.1874
-1504.1340 -1542.2880 -1525.1762
-1485.7822 -1542.2119 -1522.2012
-1485.7822 -1540.5702 -1519.4992
-1485.7822 -1536.5248 -1515.5848
-1485.7822 -1528.9595 -1509.4522
-1485.7822 -1523.0981 -1507.4479
-1485.7822 -1516.9953 -1505.1398
-1485.7822 -1516.3075 -1503.4242
-1485.7822 -1514.4389 -1501.3969
-1485.7822 -1512.4313 -1500.2184
-1485.7822 -1511.6058 -1499.5870
-1476.6505 -1508.8696 -1498.2184
-1476.6505 -1508.0667 -1496.5410
-1476.6505 -1506.3415 -1494.4990
-1476.6505 -1504.1340 -1491.4223
-1476.6505 -1501.0796 -1489.6822
-1467.6027 -1499.8969 -1487.8031
-1467.6027 -1497.8042 -1486.3944
-1467.6027 -1496.7982 -1485.6476
-1467.6027 -1495.9197 -1483.9006
-1467.6027 -1492.5494 -1482.6343
-1467.6027 -1490.6638 -1481.5754
-1467.6027 -1486.6957 -1480.3878
-1465.9474 -1486.2022 -1479.2224
-1465.9474 -1485.7822 -1478.0657
-1460.5131 -1485.7822 -1476.5747
-1460.5131 -1485.7822 -1475.4348
-1435.4351 -1485.1517 -1473.3822
-1435.4351 -1480.3589 -1470.0771
-1435.4351 -1477.9559 -1467.5780
-1413.0814 -1476.6505 -1463.5404
-1413.0814 -1475.8109 -1460.0418
-1413.0814 -1472.1987 -1456.1321
-1413.0814 -1468.1063 -1454.1623
-1413.0814 -1467.6027 -1451.9845
-1413.0814 -1466.8052 -1448.3912
-1413.0814 -1465.9474 -1446.3934
-1406.9502 -1465.1630 -1442.8236
-1406.9502 -1460.5131 -1439.1301
-1406.9502 -1458.3867 -1436.1499
-1393.6840 -1455.9542 -1433.0263
-1393.6840 -1451.9237 -1426.5154
-1393.6840 -1442.7841 -1423.7134
-1393.6840 -1439.2391 -1419.8436
-1393.6840 -1435.4351 -1416.7686
-1386.0811 -1433.8992 -1414.3742
-1386.0811 -1428.6035 -1412.2358
-1386.0811 -1425.1383 -1410.1393
-1386.0811 -1420.3993 -1408.1581
-1386.0811 -1418.8700 -1406.6637
-1380.5418 -1416.2931 -1404.4105
-1380.5418 -1413.0814 -1402.7789
-1380.5418 -1413.0814 -1401.3539
-1380.5418 -1413.0814 -1399.0315
-1380.5418 -1412.2913 -1397.8303
-1376.0493 -1409.5759 -1395.2390
-1376.0493 -1406.9502 -1392.8110
-1376.0493 -1406.9502 -1392.1930
-1376.0493 -1406.8278 -1390.8957
-1376.0493 -1403.5916 -1389.0088
-1372.2083 -1400.0815 -1386.8310
-1372.2083 -1396.7470 -1385.5815
-1372.2083 -1395.7683 -1384.6781
-1372.2083 -1393.9847 -1383.9906
-1361.8758 -1393.6840 -1382.2473
-1361.8758 -1392.6093 -1380.6218
-1361.8758 -1388.9116 -1379.4637
-1361.8758 -1386.9322 -1378.6135
-1361.8758 -1386.0811 -1377.7560
-1361.8758 -1386.0811 -1377.1296
-1361.8758 -1384.5754 -1376.4644
-1354.6741 -1384.2859 -1374.8767
-1354.6741 -1382.0327 -1373.3782
-1354.6741 -1381.3053 -1372.5781
-1354.6741 -1380.8282 -1371.6528
-1354.6741 -1380.5418 -1370.0971
-1354.6741 -1378.5427 -1368.5613
-1349.3267 -1376.4197 -1367.0149
-1349.3267 -1376.0493 -1366.1335
-1346.9191 -1375.6778 -1364.1740
-1346.9191 -1372.2083 -1361.9225
-1346.9191 -1372.2083 -1360.5473
-1346.9191 -1370.1768 -1358.4913
-1346.9191 -1368.3278 -1357.8326
-1346.9191 -1367.0145 -1356.3344
-1346.9191 -1362.0763 -1355.0923
-1346.9191 -1361.8758 -1354.5414
-1343.1463 -1361.8758 -1353.6391
-1343.1463 -1361.8758 -1352.6619
-1343.1463 -1359.1021 -1351.4136
-1343.1463 -1357.6477 -1350.6100
-1340.6614 -1354.6741 -1349.7227
-1337.7989 -1354.6741 -1348.3080
-1337.7989 -1354.2544 -1347.7322
-1327.4680 -1354.0485 -1346.1340
-1327.4680 -1351.7166 -1345.3516
-1327.4680 -1350.5135 -1344.2736
-1314.6520 -1348.6406 -1342.4789
-1314.6520 -1348.2822 -1341.6981
-1314.6520 -1346.9191 -1340.0808
-1314.6520 -1346.9191 -1338.1598
-1314.6520 -1346.9191 -1337.2902
-1314.6520 -1346.6214 -1335.9185
-1310.7813 -1344.8230 -1333.2984
-1310.7813 -1343.1463 -1332.1416
-1310.7813 -1342.4714 -1329.2518
-1310.7813 -1340.6614 -1327.8382
-1310.7813 -1340.6614 -1327.2406
-1310.7813 -1338.6674 -1325.6499
-1310.7278 -1337.7729 -1324.3289
-1295.2010 -1336.5657 -1322.7103
-1295.2010 -1335.6019 -1321.1559
-1295.2010 -1332.5705 -1318.9348
-1295.2010 -1330.2233 -1317.3202
-1295.2010 -1327.4680 -1315.5117
-1295.2010 -1327.4680 -1314.4591
-1295.2010 -1325.6264 -1313.2361
-1295.2010 -1322.7236 -1311.9819
-1295.2010 -1321.0134 -1309.9119
-1295.2010 -1318.6203 -1308.5299
-1295.2010 -1317.2897 -1307.0437
-1289.2412 -1314.6520 -1305.1451
-1288.4050 -1313.0527 -1302.5581
-1288.4050 -1310.7813 -1301.5670
-1288.4050 -1310.7813 -1300.8883
-1285.3519 -1310.7278 -1299.1083
-1285.3519 -1309.7706 -1297.9182
-1285.3519 -1306.6317 -1296.9426
-1285.3519 -1306.0246 -1295.6756
-1285.3519 -1304.4169 -1294.6989
-1263.8118 -1303.7451 -1292.8452
-1263.8118 -1301.3858 -1290.8213
-1263.8118 -1300.0559 -1289.5268
-1263.8118 -1295.2010 -1288.5439
-1261.8893 -1295.2010 -1286.9518
-1256.8247 -1295.2010 -1285.2485
-1256.8247 -1295.2010 -1283.7391
-1256.8247 -1294.5821 -1282.7509
-1256.8247 -1291.7102 -1279.1344
-1256.8247 -1291.3131 -1278.3571
-1256.8247 -1288.4050 -1276.6021
-1256.8247 -1288.4050 -1275.1780
-1255.2975 -1288.1631 -1273.1094
-1248.8091 -1285.3519 -1270.5818
-1248.8091 -1282.1024 -1268.5824
-1248.8091 -1281.2448 -1267.1851
-1248.8091 -1281.1663 -1266.2016
-1248.8091 -1277.0897 -1264.7343
-1248.8091 -1275.5951 -1263.5698
-1248.8091 -1272.3980 -1261.9107
-1248.8091 -1271.6352 -1261.2984
-1248.8091 -1270.4457 -1260.1012
-1248.8091 -1269.7538 -1259.5409
-1248.8091 -1268.8031 -1259.0195
-1248.8091 -1267.6094 -1258.2921
-1248.8091 -1265.8523 -1257.4198
-1238.9642 -1264.8490 -1256.1462
-1238.9642 -1263.8118 -1254.3363
-1238.9642 -1263.6207 -1253.5217
-1238.9642 -1263.6207 -1253.0286
-1238.9642 -1261.6589 -1252.0392
-1238.9642 -1259.1247 -1251.0651
-1238.9642 -1258.1854 -1250.1539
-1238.3337 -1256.8247 -1249.1032
-1238.3337 -1256.8247 -1248.5822
-1238.3337 -1256.8247 -1247.9321
-1238.3337 -1256.3125 -1247.1512
-1221.6028 -1253.5561 -1245.4778
-1221.6028 -1252.3925 -1244.7187
-1221.6028 -1251.7139 -1243.4232
-1221.6028 -1251.3161 -1242.2630
-1221.6028 -1248.8091 -1240.6192
-1221.6028 -1248.8091 -1239.0597
-1218.4991 -1248.8091 -1237.8368
-1218.4991 -1248.8091 -1235.9747
-1218.4991 -1246.6353 -1234.5223
-1218.4991 -1243.1291 -1232.3648
-1218.4991 -1242.5291 -1231.7609
-1218.4991 -1239.5677 -1230.9266
-1218.4991 -1238.9642 -1229.4922
-1218.4991 -1238.9642 -1228.8942
-1218.0012 -1238.9642 -1227.5430
-1215.4220 -1238.3337 -1226.5085
-1215.4220 -1237.4480 -1225.0256
-1195.6492 -1235.1175 -1223.1324
-1195.6492 -1233.3857 -1220.8499
-1195.6492 -1229.2527 -1218.6771
-1195.6492 -1225.2612 -1216.6924
-1195.6492 -1223.4314 -1215.7497
-1195.6492 -1221.6028 -1213.3716
-1192.5956 -1221.4943 -1211.6402
-1192.5956 -1218.4991 -1210.7909
-1177.4190 -1218.4991 -1208.6306
-1177.4190 -1218.4991 -1207.0317
-1177.4190 -1218.3220 -1205.6724
-1177.4190 -1218.0023 -1204.7502
-1177.4190 -1217.9870 -1202.1224
-1177.4190 -1216.1146 -1199.3348
-1177.4190 -1214.0333 -1197.0736
-1177.4190 -1211.5210 -1195.2750
-1177.4190 -1209.6639 -1193.9617
-1177.4190 -1208.7251 -1193.0208
-1173.7535 -1203.8518 -1190.8317
-1173.7535 -1200.3118 -1189.6964
-1173.7535 -1198.3872 -1188.9163
-1173.7535 -1196.3307 -1187.9272
-1173.7535 -1196.1202 -1187.4756
-1173.7535 -1195.6492 -1186.6880
-1173.7535 -1195.6492 -1185.6394
-1173.7535 -1195.6492 -1184.3564
-1172.4878 -1194.4742 -1183.1789
-1162.6929 -1193.9105 -1182.0626
-1162.6929 -1192.5956 -1181.0587
-1162.6929 -1191.9700 -1179.4484
-1162.6929 -1191.0030 -1178.0473
-1162.6929 -1189.1231 -1176.5241
-1162.6929 -1185.0862 -1174.7880
-1162.6929 -1179.7881 -1173.6135
-1162.6929 -1177.7726 -1172.6557
-1161.9551 -1177.4190 -1172.0412
-1161.9551 -1177.4190 -1171.6562
-1158.4450 -1177.4190 -1170.4589
-1158.4450 -1177.4190 -1169.7679
-1158.4450 -1175.3166 -1168.2699
-1156.8311 -1174.1435 -1167.2435
-1156.8311 -1173.7535 -1166.4883
-1156.8311 -1173.7535 -1165.9286
-1156.8311 -1173.7535 -1165.5902
-1156.8311 -1173.7535 -1165.0158
-1156.8311 -1173.7535 -1164.4885
-1155.0425 -1171.8096 -1162.8311
-1145.2980 -1169.5438 -1161.5056
-1145.2980 -1167.0691 -1160.4079
-1145.2980 -1166.0302 -1159.4445
-1145.2980 -1165.9126 -1158.8554
-1145.2980 -1162.6929 -1158.0305
-1145.2980 -1162.6929 -1157.4481
-1137.8807 -1162.6929 -1156.5079
-1137.8807 -1162.6929 -1155.8945
-1126.3476 -1162.1951 -1154.3234
-1126.3476 -1161.9551 -1153.2354
-1126.3476 -1161.9551 -1151.7926
-1126.3476 -1160.6086 -1150.1572
-1126.3476 -1158.4450 -1149.0609
-1126.3476 -1158.4450 -1147.1924
-1126.3476 -1157.8916 -1146.5135
-1126.3476 -1157.1918 -1145.1882
-1126.3476 -1156.8311 -1143.8787
-1123.2704 -1156.8311 -1142.2582
-1123.2704 -1156.2743 -1140.7117
-1123.2704 -1154.6786 -1139.1387
-1123.2704 -1151.8891 -1137.5060
-1123.2704 -1148.0199 -1135.4317
-1121.5660 -1145.6713 -1133.4883
-1121.5660 -1145.2980 -1132.4378
-1121.4164 -1143.9547 -1130.2858
-1121.4164 -1142.3888 -1128.9957
-1121.4164 -1138.0904 -1127.8976
-1121.4164 -1137.8807 -1127.5052
-1121.4164 -1136.4106 -1126.4617
-1118.7054 -1135.0185 -1125.8220
-1118.7054 -1131.4976 -1124.7401
-1118.7054 -1128.8779 -1124.2166
-1118.7054 -1126.9411 -1123.8678
-1109.5275 -1126.3476 -1122.9783
-1109.5275 -1126.3476 -1122.4742
-1109.5275 -1126.3476 -1122.0763
-1109.5275 -1126.3476 -1121.7399
-1109.5275 -1126.3476 -1120.8656
-1109.5275 -1126.2245 -1119.8458
-1109.5275 -1125.7025 -1119.3590
-1109.5275 -1124.8204 -1118.9520
-1109.5275 -1123.6343 -1118.2882
-1109.5275 -1123.2704 -1117.9038
-1109.5275 -1123.2704 -1117.6289
-1109.5275 -1123.2704 -1117.0961
-1109.5275 -1122.0173 -1116.3977
-1108.6566 -1121.5660 -1115.5449
-1108.5787 -1121.5660 -1114.7808
-1108.5787 -1121.4164 -1114.4479
-1108.5787 -1121.4164 -1114.0334
-1108.5787 -1120.6897 -1113.4314
-1108.5787 -1120.2242 -1112.7044
-1108.5787 -1118.9302 -1112.4483
-1108.5787 -1118.7054 -1112.2285
-1102.4839 -1118.7054 -1111.4280
-1101.5351 -1118.0632 -1110.5060
-1101.5351 -1117.0261 -1110.0802
-1101.5351 -1115.0207 -1109.3181
-1101.5351 -1113.7362 -1108.8391
-1101.5351 -1113.1699 -1108.5424
-1101.5351 -1112.5649 -1108.2195
-1101.5351 -1111.1589 -1107.9318
-1101.5351 -1110.5614 -1107.6611
-1097.5893 -1109.5275 -1106.8278
-1097.5893 -1109.5275 -1106.5890
-1097.5893 -1109.5275 -1106.3503
-1097.5893 -1109.5275 -1105.8068
-1097.5893 -1109.5275 -1105.5264
-1097.5893 -1109.5275 -1105.0557
-1094.8986 -1109.5275 -1104.4281
-1094.8986 -1109.4044 -1103.9339
-1094.8986 -1108.8693 -1103.4170
-1094.8986 -1108.5787 -1102.7424
-1094.8986 -1108.5787 -1102.1334
-1094.8986 -1108.5787 -1101.8498
-1094.8986 -1108.5787 -1101.4592
-1094.8986 -1108.3995 -1100.4796
-1094.8986 -1106.4763 -1099.6477
-1092.6625 -1105.6864 -1099.1554
-1070.4853 -1104.8895 -1098.1464
-1070.4853 -1104.2328 -1097.3735
-1070.4853 -1101.8990 -1096.4265
-1070.4853 -1101.8079 -1095.6528
-1070.4853 -1101.5351 -1094.8358
-1070.4853 -1101.5351 -1093.7865
-1070.4853 -1101.5351 -1092.9904
-1070.4853 -1101.3050 -1091.7715
-1070.4853 -1099.1983 -1091.0261
-1070.4853 -1098.1829 -1090.3802
-1070.4853 -1097.5893 -1089.6954
-1070.4853 -1097.5893 -1089.1331
-1070.4853 -1097.5893 -1088.1955
-1070.4853 -1097.5893 -1087.6534
-1070.4853 -1097.5893 -1086.8409
-1062.6562 -1096.0622 -1085.1311
-1062.6562 -1095.4674 -1084.1620
-1062.6562 -1094.8986 -1082.4498
-1062.6562 -1094.8986 -1081.6373
-1062.6562 -1094.8986 -1080.0002
-1062.6562 -1092.6625 -1078.7118
-1062.6562 -1090.8388 -1076.2633
-1062.6562 -1089.5700 -1075.2769
-1062.6562 -1086.5349 -1072.9224
-1062.6562 -1086.1884 -1072.2291
-1062.6562 -1085.4952 -1071.3817
-1062.6562 -1082.7544 -1070.0580
-1062.6562 -1080.5484 -1069.1997
-1062.6562 -1078.8407 -1068.2494
-1062.6562 -1072.3000 -1067.5248
-1062.6562 -1070.4853 -1067.3319
-1048.6137 -1070.4853 -1066.4785
-1048.6137 -1070.4853 -1066.0411
-1048.6137 -1070.4853 -1065.6037
-1048.1374 -1070.4853 -1064.7193
-1048.1374 -1070.4853 -1064.2723
-1048.1374 -1070.4853 -1063.5971
-1048.1374 -1070.4853 -1063.1502
-1048.1374 -1070.4853 -1062.5984
-1048.1374 -1070.4853 -1061.6101
-1048.1374 -1069.2057 -1060.6767
-1048.1374 -1068.6099 -1059.9523
-1048.1374 -1067.2692 -1059.1305
-1048.1374 -1066.1567 -1058.5512
-1048.1374 -1065.2474 -1057.8649
-1041.0509 -1062.7668 -1056.9295
-1041.0509 -1062.6562 -1056.2005
-1041.0509 -1062.6562 -1055.7302
-1041.0509 -1062.6562 -1055.1433
-1041.0509 -1062.6562 -1054.4208
-1041.0509 -1062.6562 -1053.3945
-1041.0509 -1062.6562 -1052.2592
-1041.0509 -1062.6562 -1051.5047
-1041.0509 -1062.6562 -1050.1947
-1041.0509 -1060.8695 -1048.6529
-1041.0509 -1058.6315 -1047.4139
-1041.0509 -1055.4295 -1046.8266
-1040.0811 -1053.1192 -1046.0915
-1040.0811 -1049.7891 -1045.5258
-1040.0811 -1049.5105 -1045.1568
-1040.0811 -1048.6137 -1044.9521
-1040.0811 -1048.6137 -1044.7815
-1040.0811 -1048.6137 -1044.4889
-1040.0811 -1048.1374 -1044.1429
-1040.0811 -1048.1374 -1043.9818
-1028.3165 -1048.1374 -1042.6686
-1028.3165 -1048.1374 -1042.1757
-1028.3165 -1047.9130 -1041.6418
-1028.3165 -1047.3194 -1040.7255
-1028.3165 -1046.6212 -1039.5751
-1028.3165 -1045.6064 -1038.8520
-1025.1003 -1042.9465 -1038.0179
-1025.1003 -1041.2839 -1037.5962
-1021.4709 -1041.0509 -1036.4181
-1021.4709 -1041.0509 -1035.4137
-1021.4709 -1041.0509 -1035.0221
-1021.4709 -1041.0509 -1034.4679
-1021.4709 -1041.0509 -1033.8742
-1021.4709 -1040.5530 -1033.4246
-1018.5364 -1040.5479 -1032.5872
-1018.5364 -1040.0811 -1031.4058
-1018.5364 -1040.0811 -1030.3000
-1018.5364 -1039.1899 -1028.9805
-1018.5364 -1038.2925 -1028.4087
-1018.5364 -1037.5254 -1027.3569
-1018.5364 -1034.9342 -1026.7150
-1018.5364 -1034.6039 -1026.0358
-1018.5364 -1034.3037 -1025.5906
-1018.5364 -1033.2658 -1025.1851
-1018.5364 -1031.4759 -1024.1118
-1018.5364 -1029.2863 -1023.5169
-1018.5364 -1028.3165 -1023.1573
-1018.5364 -1028.3165 -1022.7998
-1018.5364 -1028.3165 -1022.4086
-1018.5364 -1028.3165 -1021.9591
-1018.5364 -1027.1540 -1021.6094
-1018.5364 -1026.9080 -1021.4187
-1018.5364 -1026.1546 -1021.0543
-1018.5364 -1025.9734 -1020.8703
-1018.5364 -1025.7097 -1020.5847
-1018.5364 -1025.5292 -1020.4412
-1018.5364 -1025.1003 -1020.1314
-1018.5364 -1024.5025 -1019.8669
-1000.9012 -1023.2055 -1019.2853
-1000.9012 -1021.5814 -1018.8027
-1000.9012 -1021.4709 -1018.3304
-1000.9012 -1021.4709 -1017.5065
-1000.9012 -1021.4709 -1016.6138
-1000.9012 -1021.4148 -1015.8315
-1000.9012 -1021.2754 -1015.1144
-1000.9012 -1019.2636 -1014.6547
-1000.9012 -1019.2294 -1014.2874
-1000.9012 -1018.7222 -1013.7447
-1000.9012 -1018.5364 -1013.2782
-1000.9012 -1018.5364 -1011.8805
-1000.9012 -1018.5364 -1011.4865
-1000.9012 -1018.5364 -1009.9848
-1000.9012 -1018.5364 -1008.9226
-997.6156 -1018.5364 -1008.0611
-997.6156 -1018.5364 -1007.0284
-997.6156 -1018.5364 -1005.8749
-997.6156 -1016.4706 -1004.4289
-997.6156 -1014.0174 -1003.7093
-997.6156 -1011.5736 -1002.9136
-997.6156 -1010.4636 -1002.2683
-997.6156 -1010.4636 -1002.0113
-997.6156 -1008.7917 -1001.3474
-997.6156 -1007.3787 -1000.6495
-997.6156 -1003.8240 -1000.2191
-997.6156 -1001.9417 -1000.0054
-994.9651 -1000.9012 -999.6920
-994.9651 -1000.9012 -999.5076
-991.5123 -1000.9012 -999.2011
-991.5123 -1000.9012 -998.9476
-991.5123 -1000.9012 -998.6639
-989.2762 -1000.9012 -997.9674
-989.2762 -1000.9012 -997.5471
-989.2762 -1000.9012 -997.1527
-989.2762 -1000.9012 -996.8964
-989.2762 -1000.9012 -996.6231
-989.2762 -1000.8451 -996.0685
-989.2762 -999.7071 -995.4576
-989.2762 -999.7071 -995.0790
-989.2762 -999.7071 -994.8704
-989.2762 -999.2397 -994.4249
-989.2762 -997.7665 -993.9660
-989.2762 -997.6156 -993.5113
-989.2762 -997.6156 -993.3419
-989.2762 -997.6156 -993.0301
-989.2762 -997.6156 -992.6342
-989.2762 -997.6156 -992.3006
-989.2762 -997.6156 -992.0599
-989.2762 -997.6156 -991.6966
-989.2762 -997.6156 -991.5298
-989.2762 -997.4839 -991.3631
-989.2762 -996.1285 -991.0156
-986.1726 -995.8031 -990.6445
-986.1726 -994.9651 -990.4519
-986.1726 -994.9651 -990.1532
-986.1726 -994.0712 -989.7564
-986.1726 -992.6115 -989.5305
-986.1726 -992.0527 -989.4017
-986.1726 -991.5811 -989.2841
-986.1726 -991.5123 -989.1759
-986.1726 -991.5123 -989.0244
-986.1726 -991.5123 -988.7040
-986.1726 -991.2082 -988.4567
-980.4053 -989.2762 -988.0119
-980.4053 -989.2762 -987.7619
-980.4053 -989.2762 -987.5779
-980.4053 -989.2762 -987.3997
-980.4053 -989.2762 -987.0571
-980.4053 -989.2762 -986.6874
-977.7238 -989.2762 -986.2025
-977.7238 -989.2762 -985.8329
-977.7238 -989.2762 -985.4245
-977.7238 -989.2762 -984.8386
-977.7238 -989.2762 -984.4301
-977.7238 -989.2762 -984.0749
-977.7238 -988.9490 -983.7826
-977.7238 -987.6511 -983.4978
-974.4383 -986.1726 -982.9725
-974.4383 -986.1726 -982.6225
-974.4383 -986.1726 -982.3878
-974.4383 -986.1726 -981.8894
-974.4383 -986.1726 -981.3278
-974.4383 -986.1726 -981.0482
-974.4383 -986.1726 -980.8135
-974.4383 -986.1726 -980.2331
-974.4383 -986.1726 -979.4979
-974.4383 -985.4543 -978.9502
-974.4383 -983.9272 -978.4950
-972.9112 -982.7644 -978.0306
-967.3917 -980.6207 -977.3687
-967.3917 -980.6207 -977.1041
-967.3917 -980.4053 -976.7224
-967.3917 -980.4053 -976.2551
-967.3917 -980.4053 -975.8692
-958.5208 -980.4053 -975.0891
-958.5208 -980.4053 -974.0941
-958.5208 -980.2007 -973.5949
-958.5208 -977.7547 -973.0018
-958.5208 -977.7238 -972.4793
-958.5208 -977.7238 -972.0570
-958.5208 -977.7238 -971.5824
-945.7286 -977.3258 -970.3706
-945.7286 -975.1472 -968.8286
-945.7286 -974.4383 -967.4872
-945.7286 -974.4383 -966.9040
-945.7286 -974.4383 -965.8827
-945.7286 -974.4383 -964.3972
-945.7286 -974.4383 -963.4995
-945.7286 -974.4383 -962.9253
-945.7286 -974.4383 -961.6734
-945.7286 -973.5656 -960.4628
-945.7286 -972.9112 -958.5978
-945.7286 -971.4224 -957.3947
-945.7286 -968.5144 -956.5638
-945.7286 -967.3917 -955.7214
-945.7286 -967.3917 -954.5402
-945.7286 -964.2717 -953.1158
-945.7286 -960.7770 -951.8819
-945.7286 -958.5208 -951.1851
-945.7286 -958.5208 -950.2868
-945.7286 -958.5208 -949.5826
-945.7286 -958.1637 -949.1684
-945.7286 -957.7999 -948.4287
-945.7286 -955.8702 -948.1873
-945.7286 -954.5996 -947.7281
-945.7286 -953.5344 -947.3877
-944.7456 -951.8169 -946.8993
-944.7456 -951.5192 -946.6371
-944.2788 -951.4125 -946.3589
-944.2788 -950.5090 -946.1156
-944.0247 -948.5051 -945.7710
-944.0247 -948.5051 -945.5969
-944.0247 -945.7286 -945.4486
-944.0247 -945.7286 -945.4145
-944.0247 -945.7286 -945.3464
-944.0247 -945.7286 -945.3123
-944.0247 -945.7286 -945.2782
-944.0247 -945.7286 -945.2101
-944.0247 -945.7286 -945.1326
-944.0247 -945.7286 -945.0985
-944.0247 -945.7286 -945.0303
-944.0247 -945.7286 -944.9962
-944.0247 -945.7286 -944.9622
-944.0247 -945.7286 -944.8940
-944.0247 -945.7286 -944.8599
-944.0247 -945.7286 -944.8258
-944.0247 -945.7286 -944.7577
-944.0247 -945.7286 -944.7236
-944.0247 -945.7286 -944.6895
-942.7742 -945.7286 -944.5282
-942.7742 -945.7286 -944.4010
-935.9897 -945.7286 -944.1471
-935.9897 -945.7286 -943.9182
-935.9897 -945.7286 -943.7235
-935.9897 -945.7286 -943.4946
-935.9897 -944.7456 -943.1548
-935.9897 -944.7456 -942.9652
-935.9897 -944.2788 -942.6142
-935.9897 -944.2788 -942.4433
-935.9897 -944.0247 -942.2775
-935.9897 -944.0247 -942.0591
-935.9897 -944.0247 -941.8984
-935.9897 -944.0247 -941.7377
-935.9897 -944.0247 -941.5163
-935.9897 -944.0247 -941.0342
-932.2784 -944.0247 -940.3172
-932.2784 -944.0247 -939.9216
-932.2784 -944.0247 -939.5260
-932.2784 -944.0247 -938.7902
-932.2784 -944.0247 -938.2894
-932.2784 -944.0247 -938.0545
-932.2784 -944.0247 -937.6383
-932.2784 -944.0247 -937.1189
-932.2784 -944.0247 -936.8840
-932.2784 -942.7742 -936.2358
-932.2784 -941.1397 -935.7732
-932.2784 -938.7661 -935.0683
-932.2784 -938.2522 -934.9386
-932.2784 -938.1772 -934.8191
-932.2784 -935.9897 -934.4403
-932.2784 -935.9897 -934.3660
-932.2784 -935.9897 -934.2176
-932.2784 -935.9897 -934.0691
-932.2784 -935.9897 -933.8933
-932.2784 -935.9897 -933.6706
-924.6840 -935.9897 -933.2416
-924.6840 -935.9897 -932.9412
-924.6840 -935.9897 -932.7151
-924.6840 -935.9897 -932.4890
-924.6840 -935.9897 -932.2629
-924.6840 -935.9897 -931.8801
-924.6840 -935.9897 -931.6370
-924.6840 -934.7206 -931.0593
-924.6840 -934.5409 -930.8586
-924.6840 -934.2009 -930.6615
-924.6840 -932.7452 -930.4606
-924.6840 -932.3576 -930.1453
-924.6840 -932.2784 -929.8018
-924.6840 -932.2784 -929.4980
-924.6840 -932.2784 -929.1942
-924.6840 -932.2784 -928.8312
-924.6840 -932.2784 -928.3657
-924.6840 -932.2784 -928.2138
-924.6840 -932.2784 -928.0135
-924.6840 -932.2784 -927.8617
-924.6840 -932.2784 -927.3775
-924.6840 -932.2784 -927.2256
-924.6840 -932.2784 -926.9559
-924.6840 -932.2784 -926.6522
-924.6840 -932.2784 -926.2418
-924.6840 -932.2784 -925.9380
-917.5974 -929.7176 -925.1070
-917.5974 -929.3182 -924.7886
-916.7744 -927.1530 -924.3239
-916.7744 -926.9465 -924.0670
-916.7744 -926.9465 -923.8635
-916.7744 -926.3879 -923.6601
-916.7744 -924.6840 -923.4148
-916.7744 -924.6840 -923.2566
-916.7744 -924.6840 -923.0984
-916.7744 -924.6840 -922.9402
-916.7744 -924.6840 -922.6245
-913.1450 -924.6840 -921.8762
-913.1450 -924.6840 -921.4216
-913.1450 -924.6840 -921.1508
-913.1450 -924.6840 -920.8890
-913.1450 -924.6840 -920.5856
-913.1450 -924.6840 -920.1440
-913.1450 -924.6840 -919.9132
-913.1450 -924.6840 -919.6020
-913.1450 -924.6840 -919.1404
-913.1450 -924.6840 -918.8452
-913.1450 -924.6840 -918.4849
-913.1450 -924.6840 -917.9703
-913.1450 -924.6840 -917.7059
-913.1450 -924.6840 -917.3169
-913.1450 -923.1335 -916.7822
-911.8831 -922.6833 -916.2239
-911.8831 -921.7144 -915.7195
-911.8831 -920.6604 -915.3715
-911.8831 -919.3855 -915.1347
-904.3677 -917.5974 -914.5957
-895.3936 -917.5974 -913.8871
-895.3936 -917.5974 -913.2929
-895.3936 -916.7744 -912.5959
-895.3936 -916.7744 -912.1682
-895.3936 -916.7744 -911.7406
-895.3936 -916.7744 -911.2946
-895.3936 -916.7744 -910.3554
-895.3936 -916.7744 -909.6271
-895.3936 -916.2080 -908.5320
-895.3936 -913.4937 -907.2399
-895.3936 -913.4937 -906.8779
-895.3936 -913.1450 -906.5022
-895.3936 -913.1450 -906.1472
-895.3936 -913.1450 -905.5971
-895.3936 -913.1450 -905.0992
-895.3936 -913.1450 -903.6933
-895.3936 -913.1450 -902.3663
-893.7415 -911.8831 -901.2044
-893.7415 -911.8831 -900.2314
-893.7415 -910.0448 -899.4281
-893.7415 -910.0448 -899.1021
-893.7415 -909.1956 -898.0207
-893.7415 -906.8736 -897.2848
-893.7415 -904.3677 -896.5208
-892.7430 -904.3677 -895.8963
-892.7430 -900.3208 -895.0914
-892.7430 -897.8626 -894.9398
-892.7430 -895.5444 -894.7881
-892.7430 -895.3936 -894.6990
-892.7430 -895.3936 -894.6315
-892.7430 -895.3936 -894.5785
-892.7430 -895.3936 -894.5255
-889.1135 -895.3936 -894.3469
-889.1135 -895.3936 -894.2213
-889.1135 -895.3936 -894.0957
-889.1135 -895.3936 -893.9701
-889.1135 -895.3936 -893.8114
-889.1135 -895.3936 -893.6328
-889.1135 -895.3936 -893.4211
-889.1135 -895.3936 -893.2438
-889.1135 -895.3936 -892.9370
-889.1135 -895.3936 -892.6486
-889.1135 -895.3936 -892.4700
-889.1135 -895.3936 -892.2253
-889.1135 -894.6696 -891.9783
-885.8328 -893.7415 -891.6864
-885.8328 -893.7415 -891.4357
-885.8328 -893.7415 -891.2350
-885.8328 -893.7415 -890.9873
-885.8328 -893.7415 -890.8104
-885.8328 -893.7415 -890.6335
-885.8328 -893.7415 -890.3628
-877.5630 -892.8067 -889.8811
-877.5630 -892.8067 -889.5741
-877.5630 -892.7430 -888.9261
-877.5630 -892.7430 -888.2993
-877.5630 -892.7430 -887.9878
-877.5630 -892.7430 -887.6833
-877.5630 -892.7430 -887.0761
-877.5630 -892.7430 -886.7725
-877.5630 -892.7000 -886.3963
-877.5630 -892.6140 -885.6684
-877.5630 -892.3868 -885.2318
-877.5630 -890.7096 -884.6712
-877.5630 -889.1135 -883.9737
-877.5630 -889.1135 -883.6109
-877.5630 -889.1135 -883.1377
-877.5630 -889.1135 -882.8512
-877.5630 -889.1135 -882.3892
-877.5630 -889.1135 -881.8148
-877.5630 -889.1135 -881.5188
-877.5630 -889.1135 -881.1118
-877.5630 -888.0582 -880.8264
-877.5630 -885.8328 -880.1871
-877.5630 -885.8328 -880.0217
-873.9335 -885.8328 -879.6183
-873.9335 -885.8328 -878.9803
-873.9335 -884.8677 -878.3738
-873.9335 -883.4945 -877.9984
-873.9335 -882.6770 -877.5061
-873.9335 -880.3151 -877.1310
-871.1555 -878.3831 -876.8292
-871.1555 -877.5630 -876.4569
-871.1555 -877.5630 -876.3288
-871.1555 -877.5630 -876.2006
-871.1555 -877.5630 -876.0725
-869.6120 -877.5630 -875.7127
-869.6120 -877.5630 -875.5537
-869.6120 -877.5630 -875.3947
-869.6120 -877.5630 -875.2357
-869.6120 -877.5630 -875.0766
-869.6120 -877.5630 -874.7047
-869.6120 -877.5630 -874.4254
-869.6120 -877.5630 -874.1957
-869.6120 -877.5630 -873.8655
-869.6120 -877.5630 -873.6130
-866.5490 -877.5630 -873.0727
-866.5490 -877.5630 -872.1604
-866.5490 -877.4389 -871.9395
-866.5490 -876.1897 -871.5239
-866.5490 -876.1897 -871.2066
-866.5490 -875.1461 -870.8418
-866.5490 -873.9335 -870.5336
-866.5490 -873.9335 -870.3261
-866.5490 -873.9335 -870.0055
-866.5490 -873.9335 -869.8578
-866.5490 -873.9335 -869.6711
-866.5490 -873.9335 -869.5234
-866.5490 -872.8852 -869.2829
-863.2682 -871.9802 -868.9177
-863.2682 -871.1555 -868.6764
-863.2682 -871.1555 -868.4640
-863.2682 -871.1555 -868.3062
-863.2682 -871.1555 -868.1485
-863.2682 -871.1555 -867.9907
-863.2682 -869.9645 -867.7901
-863.2682 -869.9645 -867.6421
-863.2682 -869.6120 -867.5082
-863.2682 -869.6120 -867.2493
-863.2682 -869.6120 -867.0612
-863.2682 -869.6120 -866.9343
-863.2682 -869.6120 -866.7571
-863.2682 -869.6120 -866.5690
-863.2682 -869.6120 -866.3799
-863.2682 -869.6120 -866.2530
-863.2682 -869.6120 -866.0925
-863.2682 -869.6120 -865.8965
-863.2682 -869.6120 -865.7083
-863.2682 -869.6120 -865.3812
-863.2682 -869.2151 -865.1901
-863.2682 -867.9308 -865.0178
-863.2682 -867.0948 -864.9082
-863.2682 -866.5490 -864.8296
-863.2682 -866.5490 -864.7489
-860.2987 -866.5490 -864.5583
-860.2987 -866.5490 -864.4333
-860.2987 -866.5490 -864.2418
-860.2987 -866.5490 -864.0511
-860.2987 -866.5490 -863.8605
-860.2987 -866.5490 -863.6941
-860.2987 -866.5490 -863.4441
-860.2987 -866.5490 -863.3191
-860.2987 -866.5490 -863.1285
-860.2987 -866.3381 -862.7029
-860.2987 -865.7943 -862.4680
-860.2987 -864.4808 -862.3581
-860.2987 -863.9204 -862.2744
-856.7564 -863.2682 -862.0626
-856.7564 -863.2682 -861.9323
-856.7564 -863.2682 -861.7176
-856.7564 -863.2682 -861.5292
-856.7564 -863.2682 -861.3990
-856.7564 -863.2682 -861.2094
-856.7564 -863.2682 -860.9346
-856.7564 -863.2682 -860.6148
-856.7564 -863.2682 -860.4845
-856.7564 -863.2682 -860.1879
-856.7564 -863.2682 -859.9983
-856.7564 -863.2682 -859.8680
-856.7564 -863.2682 -859.6190
-856.7564 -862.0154 -859.1159
-856.7564 -860.3582 -858.9103
-856.7564 -860.2987 -858.8383
-856.7564 -860.2987 -858.7674
-856.7564 -860.2987 -858.6257
-856.7564 -860.2987 -858.4840
-856.7564 -860.2987 -858.4132
-854.0858 -860.2987 -858.1472
-854.0858 -860.2987 -858.0230
-854.0858 -860.2987 -857.8279
-854.0858 -860.2987 -857.6006
-854.0858 -860.2987 -857.4764
-854.0858 -860.2987 -857.1570
-854.0858 -860.2987 -856.8654
-854.0858 -860.2987 -856.4359
-854.0858 -856.7564 -856.1296
-854.0858 -856.7564 -856.0228
-854.0858 -856.7564 -855.8625
-854.0858 -856.7564 -855.8091
-854.0858 -856.7564 -855.7557
-854.0858 -856.7564 -855.7023
-854.0858 -856.7564 -855.6489
-854.0858 -856.7564 -855.4352
-854.0858 -856.7564 -855.3818
-850.3490 -856.7564 -855.0934
-850.3490 -856.7564 -854.7516
-850.3490 -856.7564 -854.6235
-850.3490 -856.7564 -854.4953
-850.3490 -856.7564 -854.3672
-850.3490 -856.7564 -854.1856
-850.3490 -856.7564 -854.0574
-850.3490 -856.7564 -853.9293
-848.3837 -856.7564 -853.4521
-848.3837 -856.7564 -853.2847
-848.3837 -856.7564 -852.9891
-847.6783 -854.0858 -852.6794
-844.3409 -854.0858 -852.3563
-844.3409 -854.0858 -852.1221
-844.3409 -854.0858 -851.9272
-844.3409 -854.0858 -851.6576
-844.3409 -854.0858 -851.4627
-844.3409 -854.0858 -851.1930
-844.3409 -854.0858 -850.9455
-844.3409 -854.0858 -850.6759
-844.3409 -854.0858 -850.3223
-844.3409 -854.0858 -850.1218
-844.3409 -854.0858 -849.9012
-844.3409 -854.0858 -849.4367
-844.3409 -854.0858 -849.2057
-844.3409 -854.0858 -849.0108
-844.3409 -854.0858 -848.6890
-844.3409 -853.8578 -848.4118
-844.3409 -853.6684 -847.9683
-844.3409 -852.1205 -847.6634
-844.3409 -851.4883 -847.4771
-843.0905 -850.3490 -847.1381
-843.0905 -850.3490 -846.9929
-843.0905 -850.3490 -846.7276
-843.0905 -850.3490 -846.5431
-843.0905 -850.3490 -846.2778
-843.0905 -850.3490 -846.0125
-843.0905 -850.3490 -845.8280
-843.0905 -850.3490 -845.6828
-843.0905 -850.3490 -845.3957
-843.0905 -848.3837 -845.0194
-843.0905 -848.3837 -844.9136
-843.0905 -848.3837 -844.8077
-843.0905 -848.3837 -844.6877
-843.0905 -848.3837 -844.4760
-842.3757 -847.6783 -844.1889
-842.3757 -847.6783 -844.0161
-842.3757 -846.1611 -843.8183
-842.3757 -844.7944 -843.7426
-842.3757 -844.3409 -843.6692
-842.3757 -844.3409 -843.6299
-842.3757 -844.3409 -843.5656
-842.3757 -844.3409 -843.5263
-842.3757 -844.3409 -843.4477
-842.3757 -844.3409 -843.3441
-842.3757 -844.3409 -843.2655
-842.3757 -844.3409 -843.2011
-842.3757 -844.3409 -843.1225
-842.3757 -844.3409 -843.0832
-842.3757 -844.3409 -843.0189
-842.3757 -844.3409 -842.9796
-842.3757 -844.3409 -842.9153
-842.3757 -844.3409 -842.8510
-842.3757 -844.3409 -842.8117
-842.3757 -844.3409 -842.7724
-842.3757 -843.0905 -842.7331
-842.3757 -843.0905 -842.7188
-842.3757 -843.0905 -842.6902
-842.3757 -843.0905 -842.6759
-842.3757 -843.0905 -842.6616
-842.3757 -843.0905 -842.6330
-842.3757 -843.0905 -842.6187
-842.3757 -843.0905 -842.5901
-842.3757 -843.0905 -842.5758
-842.3757 -843.0905 -842.5472
-841.0914 -843.0905 -842.4787
-841.0914 -843.0905 -842.3815
-841.0914 -843.0905 -842.3129
-841.0914 -842.3757 -842.2729
-841.0914 -842.3757 -842.2472
-841.0914 -842.3757 -842.2216
-841.0914 -842.3757 -842.1959
-841.0914 -842.3757 -842.1702
-839.2363 -842.3757 -842.0560
-839.2363 -842.3757 -841.9932
-839.2363 -842.3757 -841.9305
-839.2363 -842.3757 -841.8677
-839.2363 -842.3757 -841.7792
-839.2363 -842.3757 -841.7164
-839.2363 -842.3757 -841.5908
-839.2363 -842.3757 -841.5024
-839.2363 -842.3757 -841.4396
-839.2363 -842.3757 -841.3768
-839.2363 -842.3757 -841.3140
-839.2363 -842.3757 -841.2512
-839.2363 -842.3757 -841.1884
-839.2363 -842.3757 -841.0629
-839.2363 -842.3757 -841.0001
-839.2363 -842.3757 -840.9373
-839.2363 -842.3757 -840.8745
-839.2363 -842.3757 -840.6861
-839.2363 -842.3757 -840.5605
-839.2363 -842.3757 -840.4350
-839.2363 -842.3757 -840.2837
-839.2363 -842.3757 -840.2209
-839.2363 -842.3757 -840.1581
-839.2363 -842.3757 -840.0312
-839.2363 -842.3757 -839.9684
-839.2363 -842.3061 -839.7800
-839.2363 -841.0914 -839.6815
-839.2363 -841.0914 -839.5702
-839.2363 -841.0914 -839.4589
-837.9858 -841.0914 -839.3597
-837.9858 -841.0914 -839.2234
-837.9858 -839.2363 -839.1613
-837.9858 -839.2363 -839.1363
-837.9858 -839.2363 -839.1112
-837.9858 -839.2363 -839.0862
-837.9858 -839.2363 -839.0612
-837.9858 -839.2363 -839.0362
-837.9858 -839.2363 -839.0112
-837.9858 -839.2363 -838.9862
-837.9858 -839.2363 -838.9612
-837.9858 -839.2363 -838.9362
-837.9858 -839.2363 -838.9112
-837.9858 -839.2363 -838.8862
-837.9858 -839.2363 -838.8361
-837.9858 -839.2363 -838.8111
-837.9858 -839.2363 -838.7861
-837.9858 -839.2363 -838.7611
-837.9858 -839.2363 -838.7111
-837.9858 -839.2363 -838.6861
-837.9858 -839.2363 -838.6611
-837.9858 -839.2363 -838.6361
-837.9858 -839.2363 -838.5861
-837.9858 -839.2363 -838.5360
-837.9858 -839.2363 -838.5110
-837.9858 -839.2363 -838.4860
-837.9858 -839.2363 -838.4360
-837.9858 -839.2363 -838.3860
-837.9858 -839.2363 -838.3360
-837.9858 -839.2363 -838.3110
-837.9858 -839.2363 -838.2859
-837.9858 -839.2363 -838.2609
-837.9858 -839.2363 -838.2359
-837.9858 -839.2363 -838.1859
-837.9858 -839.2363 -838.1359
-837.9858 -839.2363 -838.0859
-837.9858 -839.2363 -838.0609
-837.9858 -837.9858 -837.9858
-837.9858 -837.9858 -837.9858
-834.7265 -837.9858 -837.9206
-834.7265 -837.9858 -837.8555
-834.7265 -837.9858 -837.7903
-834.7265 -837.9858 -837.7251
-834.7265 -837.9858 -837.6599
-834.7265 -837.9858 -837.5947
-834.7265 -837.9858 -837.5295
-834.7265 -837.9858 -837.4643
-834.7265 -837.9858 -837.3992
-834.7265 -837.9858 -837.3340
-834.7265 -837.9858 -837.2688
-834.7265 -837.9858 -837.1384
-834.7265 -837.9858 -837.0732
-834.7265 -837.9858 -837.0080
-834.7265 -837.9858 -836.9428
-834.7265 -837.9858 -836.8243
-834.7265 -837.9858 -836.7592
-834.7265 -837.9858 -836.6179
-834.7265 -837.9858 -836.5527
-834.7265 -837.9858 -836.4875
-834.7265 -837.9858 -836.4223
-834.7265 -837.9858 -836.3571
-834.7265 -837.9858 -836.2919
-834.7265 -837.9858 -836.1616
-833.4422 -837.9858 -835.8751
-833.4422 -837.9858 -835.7843
-833.4422 -837.9858 -835.6282
-833.4422 -837.9858 -835.3813
-833.4422 -837.9858 -835.2252
-830.7716 -837.9858 -834.9633
-830.7716 -837.9858 -834.7538
-830.7716 -837.1946 -834.3635
-830.7716 -835.3201 -834.2165
-830.7716 -834.7265 -834.1255
-830.7716 -834.7265 -833.9870
-830.7716 -834.7265 -833.8823
-830.7716 -834.7265 -833.8032
-830.7716 -834.7265 -833.7241
-830.7716 -834.7265 -833.6450
-830.7716 -834.7265 -833.5124
-830.7716 -834.7265 -833.4197
-830.7716 -834.7265 -833.3149
-830.7716 -834.7265 -833.2101
-830.7716 -834.7265 -833.1187
-830.7716 -834.7265 -833.0396
-830.7716 -834.7265 -832.9605
-830.7716 -834.7265 -832.8814
-830.7716 -834.7265 -832.6975
-830.7716 -834.7265 -832.6183
-830.7716 -834.7265 -832.5392
-830.7716 -834.7265 -832.3810
-830.7716 -834.7265 -832.3019
-830.7716 -834.7265 -832.2228
-830.7716 -834.7265 -832.0646
-830.7716 -834.7229 -831.9599
-830.7716 -834.7229 -831.8808
-830.7716 -834.0448 -831.7350
-830.7716 -833.4422 -831.6161
-830.7716 -833.4422 -831.5627
-830.7716 -833.4422 -831.5093
-830.7716 -833.4422 -831.3491
-830.7716 -833.4422 -831.2956
-830.7716 -833.4422 -831.1354
-830.7716 -833.4422 -831.0286
-830.7716 -833.4422 -830.9752
-830.7716 -833.4422 -830.9218
-830.7716 -833.0415 -830.8683
-830.7716 -830.7716 -830.7716
-830.7716 -830.7716 -830.7716
-830.7716 -830.7716 -830.7716
-830.7716 -830.7716 -830.7716
-830.7716 -830.7716 -830.7716
-830.7716 -830.7716 -830.7716
-830.7716 -830.7716 -830.7716
-830.7716 -830.7716 -830.7716
-830.7716 -830.7716 -830.7716
-830.7716 -830.7716 -830.7716
-830.7716 -830.7716 -830.7716
-830.7716 -830.7716 -830.7716
-830.7716 -830.7716 -830.7716
-830.7716 -830.7716 -830.7716
-830.7716 -830.7716 -830.7716
-830.7716 -830.7716 -830.7716
-830.7716 -830.7716 -830.7716
-830.7716 -830.7716 -830.7716
-830.7716 -830.7716 -830.7716
-830.7716 -830.7716 -830.7716
-830.7716 -830.7716 -830.7716
-830.7716 -830.7716 -830.7716
-830.7716 -830.7716 -830.7716
-830.7716 -830.7716 -830.7716
-830.7716 -830.7716 -830.7716
-830.7716 -830.7716 -830.7716
-830.7716 -830.7716 -830.7716
-830.7716 -830.7716 -830.7716
-830.7716 -830.7716 -830.7716
-830.7716 -830.7716 -830.7716
-830.7716 -830.7716 -830.7716
-830.7716 -830.7716 -830.7716
-830.7716 -830.7716 -830.7716
-830.7716 -830.7716 -830.7716
-830.7716 -830.7716 -830.7716
-830.7716 -830.7716 -830.7716
-830.7716 -830.7716 -830.7716
-830.7716 -830.7716 -830.7716
-830.7716 -830.7716 -830.7716
-830.7716 -830.7716 -830.7716
-830.7716 -830.7716 -830.7716
-830.7716 -830.7716 -830.7716
-830.7716 -830.7716 -830.7716
-830.7716 -830.7716 -830.7716
-830.7716 -830.7716 -830.7716
-830.7716 -830.7716 -830.7716
-830.7716 -830.7716 -830.7716
-830.7716 -830.7716 -830.7716
-830.7716 -830.7716 -830.7716
-830.7716 -830.7716 -830.7716
-830.7716 -830.7716 -830.7716
-830.7716 -830.7716 -830.7716
-830.7716 -830.7716 -830.7716
-830.7716 -830.7716 -830.7716
-830.7716 -830.7716 -830.7716
-830.7716 -830.7716 -830.7716
-830.7716 -830.7716 -830.7716
-830.7716 -830.7716 -830.7716
-830.7716 -830.7716 -830.7716
-830.7716 -830.7716 -830.7716
-830.7716 -830.7716 -830.7716
-830.7716 -830.7716 -830.7716
-830.7716 -830.7716 -830.7716
-830.7716 -830.7716 -830.7716
-830.7716 -830.7716 -830.7716
-830.7716 -830.7716 -830.7716
-830.7716 -830.7716 -830.7716
-830.7716 -830.7716 -830.7716
-830.7716 -830.7716 -830.7716
-830.7716 -830.7716 -830.7716
-830.7716 -830.7716 -830.7716
-830.7716 -830.7716 -830.7716
-830.7716 -830.7716 -830.7716
-830.7716 -830.7716 -830.7716
-830.7716 -830.7716 -830.7716
-830.7716 -830.7716 -830.7716
-830.7716 -830.7716 -830.7716
-830.7716 -830.7716 -830.7716
-830.7716 -830.7716 -830.7716
-830.7716 -830.7716 -830.7716
-830.7716 -830.7716 -830.7716
-830.7716 -830.7716 -830.7716
-830.7716 -830.7716 -830.7716
-830.7716 -830.7716 -830.7716
-830.7716 -830.7716 -830.7716
-830.7716 -830.7716 -830.7716
-830.7716 -830.7716 -830.7716
-830.7716 -830.7716 -830.7716
-830.7716 -830.7716 -830.7716
-830.7716 -830.7716 -830.7716
-830.7716 -830.7716 -830.7716
-830.7716 -830.7716 -830.7716
-830.7716 -830.7716 -830.7716
-830.7716 -830.7716 -830.7716
-830.7716 -830.7716 -830.7716
-830.7716 -830.7716 -830.7716
-830.7716 -830.7716 -830.7716
-830.7716 -830.7716 -830.7716
-830.7716 -830.7716 -830.7716
-830.7716 -830.7716 -830.7716
-830.7716 -830.7716 -830.7716
-830.7716 -830.7716 -830.7716
-830.7716 -830.7716 -830.7716
-830.7716 -830.7716 -830.7716
-830.7716 -830.7716 -830.7716
-830.7716 -830.7716 -830.7716
-830.7716 -830.7716 -830.7716
-830.7716 -830.7716 -830.7716
-830.7716 -830.7716 -830.7716
-830.7716 -830.7716 -830.7716
-830.7716 -830.7716 -830.7716
-830.7716 -830.7716 -830.7716
-830.7716 -830.7716 -830.7716
-830.7716 -830.7716 -830.7716
-830.7716 -830.7716 -830.7716
-830.7716 -830.7716 -830.7716
-830.7716 -830.7716 -830.7716
-830.7716 -830.7716 -830.7716
-830.7716 -830.7716 -830.7716
-830.7716 -830.7716 -830.7716
-830.7716 -830.7716 -830.7716
-830.7716 -830.7716 -830.7716
-830.7716 -830.7716 -830.7716
-830.7716 -830.7716 -830.7716
-830.7716 -830.7716 -830.7716
-830.7716 -830.7716 -830.7716
-830.7716 -830.7716 -830.7716
-830.7716 -830.7716 -830.7716
-830.7716 -830.7716 -830.7716
-830.7716 -830.7716 -830.7716
-830.7716 -830.7716 -830.7716
-830.7716 -830.7716 -830.7716
-830.7716 -830.7716 -830.7716
-830.7716 -830.7716 -830.7716
-830.7716 -830.7716 -830.7716
-830.7716 -830.7716 -830.7716
-830.7716 -830.7716 -830.7716
-830.7716 -830.7716 -830.7716
-830.7716 -830.7716 -830.7716
-830.7716 -830.7716 -830.7716
-830.7716 -830.7716 -830.7716
-830.7716 -830.7716 -830.7716
-830.7716 -830.7716 -830.7716
-830.7716 -830.7716 -830.7716
-830.7716 -830.7716 -830.7716
-830.7716 -830.7716 -830.7716
-830.7716 -830.7716 -830.7716
-830.7716 -830.7716 -830.7716
-830.7716 -830.7716 -830.7716
-830.7716 -830.7716 -830.7716
-830.7716 -830.7716 -830.7716
-830.7716 -830.7716 -830.7716
-830.7716 -830.7716 -830.7716
-830.7716 -830.7716 -830.7716
-830.7716 -830.7716 -830.7716
-830.7716 -830.7716 -830.7716
-830.7716 -830.7716 -830.7716
-830.7716 -830.7716 -830.7716
-830.7716 -830.7716 -830.7716
-830.7716 -830.7716 -830.7716
-830.7716 -830.7716 -830.7716
-830.7716 -830.7716 -830.7716
-830.7716 -830.7716 -830.7716
-830.7716 -830.7716 -830.7716
-830.7716 -830.7716 -830.7716
-830.7716 -830.7716 -830.7716
-830.7716 -830.7716 -830.7716
-830.7716 -830.7716 -830.7716
-830.7716 -830.7716 -830.7716
-830.7716 -830.7716 -830.7716
-830.7716 -830.7716 -830.7716
-830.7716 -830.7716 -830.7716
-830.7716 -830.7716 -830.7716
-830.7716 -830.7716 -830.7716
-830.7716 -830.7716 -830.7716
-830.7716 -830.7716 -830.7716
-830.7716 -830.7716 -830.7716
-830.7716 -830.7716 -830.7716
-830.7716 -830.7716 -830.7716
-830.7716 -830.7716 -830.7716
-830.7716 -830.7716 -830.7716
-830.7716 -830.7716 -830.7716
-830.7716 -830.7716 -830.7716
-830.7716 -830.7716 -830.7716
-830.7716 -830.7716 -830.7716
-830.7716 -830.7716 -830.7716
-830.7716 -830.7716 -830.7716
-830.7716 -830.7716 -830.7716
-830.7716 -830.7716 -830.7716
-830.7716 -830.7716 -830.7716
-830.7716 -830.7716 -830.7716
-830.7716 -830.7716 -830.7716
-830.7716 -830.7716 -830.7716
-830.7716 -830.7716 -830.7716
-830.7716 -830.7716 -830.7716
-830.7716 -830.7716 -830.7716
-830.7716 -830.7716 -830.7716
-830.7716 -830.7716 -830.7716
-830.7716 -830.7716 -830.7716
-830.7716 -830.7716 -830.7716
-830.7716 -830.7716 -830.7716
-830.7716 -830.7716 -830.7716
-830.7716 -830.7716 -830.7716
-830.7716 -830.7716 -830.7716
-830.7716 -830.7716 -830.7716
-830.7716 -830.7716 -830.7716
-830.7716 -830.7716 -830.7716
-830.7716 -830.7716 -830.7716
-830.7716 -830.7716 -830.7716
-830.7716 -830.7716 -830.7716
-830.7716 -830.7716 -830.7716
-830.7716 -830.7716 -830.7716
-830.7716 -830.7716 -830.7716
-830.7716 -830.7716 -830.7716
-830.7716 -830.7716 -830.7716
-830.7716 -830.7716 -830.7716
-830.7716 -830.7716 -830.7716
-830.7716 -830.7716 -830.7716
-830.7716 -830.7716 -830.7716
-830.7716 -830.7716 -830.7716
-830.7716 -830.7716 -830.7716
-830.7716 -830.7716 -830.7716
-830.7716 -830.7716 -830.7716
-830.7716 -830.7716 -830.7716
-830.7716 -830.7716 -830.7716
-830.7716 -830.7716 -830.7716
-830.7716 -830.7716 -830.7716
-830.7716 -830.7716 -830.7716
-830.7716 -830.7716 -830.7716
-830.7716 -830.7716 -830.7716
-830.7716 -830.7716 -830.7716
-830.7716 -830.7716 -830.7716
-830.7716 -830.7716 -830.7716
-830.7716 -830.7716 -830.7716
-830.7716 -830.7716 -830.7716
-830.7716 -830.7716 -830.7716
-830.7716 -830.7716 -830.7716
-830.7716 -830.7716 -830.7716
-830.7716 -830.7716 -830.7716
-830.7716 -830.7716 -830.7716
-830.7716 -830.7716 -830.7716
-830.7716 -830.7716 -830.7716
-830.7716 -830.7716 -830.7716
-830.2278 -830.7716 -830.7607
-830.2278 -830.7716 -830.7498
-830.2278 -830.7716 -830.7389
-830.2278 -830.7716 -830.7281
-830.2278 -830.7716 -830.7172
-830.2278 -830.7716 -830.7063
-830.2278 -830.7716 -830.6954
-830.2278 -830.7716 -830.6846
-830.2278 -830.7716 -830.6737
-830.2278 -830.7716 -830.6628
-830.2278 -830.7716 -830.6519
-830.2278 -830.7716 -830.6411
-830.2278 -830.7716 -830.6302
-830.2278 -830.7716 -830.6084
-830.2278 -830.7716 -830.5976
-830.2278 -830.7716 -830.5758
-830.2278 -830.7716 -830.5649
-830.2278 -830.7716 -830.5541
-830.2278 -830.7716 -830.5323
-830.2278 -830.7716 -830.5214
-830.2278 -830.7716 -830.4997
-830.2278 -830.7716 -830.4779
-830.2278 -830.7716 -830.4671
-830.2278 -830.7716 -830.4562
-830.2278 -830.7716 -830.4453
-830.2278 -830.7716 -830.4344
-830.2278 -830.7716 -830.4127
-830.2278 -830.7716 -830.3801
-830.2278 -830.7716 -830.3583
-830.2278 -830.7716 -830.3257
-830.2278 -830.7716 -830.3148
-830.2278 -830.7716 -830.2931
-830.2278 -830.7716 -830.2713
-830.2278 -830.7716 -830.2604
-830.2278 -830.7716 -830.2387
-830.2278 -830.2278 -830.2278
-830.2278 -830.2278 -830.2278
-830.2278 -830.2278 -830.2278
-830.2278 -830.2278 -830.2278
-830.2278 -830.2278 -830.2278
-830.2278 -830.2278 -830.2278
-830.2278 -830.2278 -830.2278
-830.2278 -830.2278 -830.2278
-830.2278 -830.2278 -830.2278
-830.2278 -830.2278 -830.2278
-830.2278 -830.2278 -830.2278
-830.2278 -830.2278 -830.2278
-830.2278 -830.2278 -830.2278
-830.2278 -830.2278 -830.2278
-830.2278 -830.2278 -830.2278
-830.2278 -830.2278 -830.2278
-830.2278 -830.2278 -830.2278
-830.2278 -830.2278 -830.2278
-830.2278 -830.2278 -830.2278
-830.2278 -830.2278 -830.2278
-830.2278 -830.2278 -830.2278
-830.2278 -830.2278 -830.2278
-830.2278 -830.2278 -830.2278
-830.2278 -830.2278 -830.2278
-830.2278 -830.2278 -830.2278
-830.2278 -830.2278 -830.2278
-830.2278 -830.2278 -830.2278
-830.2278 -830.2278 -830.2278
-830.2278 -830.2278 -830.2278
-830.2278 -830.2278 -830.2278
-830.2278 -830.2278 -830.2278
-830.2278 -830.2278 -830.2278
-830.2278 -830.2278 -830.2278
-830.2278 -830.2278 -830.2278
-830.2278 -830.2278 -830.2278
-830.2278 -830.2278 -830.2278
-830.2278 -830.2278 -830.2278
-830.2278 -830.2278 -830.2278
-830.2278 -830.2278 -830.2278
-823.1661 -830.2278 -830.0866
-823.1661 -830.2278 -829.9453
-823.1661 -830.2278 -829.8041
-823.1661 -830.2278 -829.6629
-823.1661 -830.2278 -829.5216
-823.1661 -830.2278 -829.3804
-823.1661 -830.2278 -829.2392
-823.1661 -830.2278 -829.0597
-823.1661 -830.2278 -828.7772
-823.1661 -830.2278 -828.6360
-823.1661 -830.2278 -828.3535
-823.1661 -830.2278 -828.0715
-823.1661 -830.2278 -827.9303
-823.1661 -830.2278 -827.7890
-823.1661 -830.2278 -827.3576
-823.1661 -830.2278 -827.1290
-823.1661 -830.2278 -826.8852
-823.1661 -830.2278 -826.6027
-823.1661 -830.2278 -826.1718
-823.1661 -830.2278 -825.8893
-823.1661 -830.2278 -825.5418
-823.1661 -830.2278 -825.3312
-823.1661 -830.2278 -825.0101
-823.1661 -830.2278 -824.7276
-823.1661 -830.2132 -824.4451
-823.1661 -828.3268 -823.9988
-823.1661 -828.3161 -823.8956
-823.1661 -827.7696 -823.6467
-823.1661 -826.7593 -823.5046
-823.1661 -826.5058 -823.4328
-823.1661 -825.1003 -823.3002
-823.1661 -824.7889 -823.2247
-823.1661 -824.4759 -823.1922
-823.1661 -823.1661 -823.1661
-823.1661 -823.1661 -823.1661
-823.1661 -823.1661 -823.1661
-823.1661 -823.1661 -823.1661
-823.1661 -823.1661 -823.1661
-823.1661 -823.1661 -823.1661
-823.1661 -823.1661 -823.1661
-823.1661 -823.1661 -823.1661
-823.1661 -823.1661 -823.1661
-823.1661 -823.1661 -823.1661
-823.1661 -823.1661 -823.1661
-823.1661 -823.1661 -823.1661
-823.1661 -823.1661 -823.1661
-823.1661 -823.1661 -823.1661
-823.1661 -823.1661 -823.1661
-823.1661 -823.1661 -823.1661
-823.1661 -823.1661 -823.1661
-823.1661 -823.1661 -823.1661
-823.1661 -823.1661 -823.1661
-823.1661 -823.1661 -823.1661
-823.1661 -823.1661 -823.1661
-823.1661 -823.1661 -823.1661
-823.1661 -823.1661 -823.1661
-823.1661 -823.1661 -823.1661
-823.1661 -823.1661 -823.1661
-823.1661 -823.1661 -823.1661
-823.1661 -823.1661 -823.1661
-823.1661 -823.1661 -823.1661
-823.1661 -823.1661 -823.1661
-823.1661 -823.1661 -823.1661
-823.1661 -823.1661 -823.1661
-823.1661 -823.1661 -823.1661
-823.1661 -823.1661 -823.1661
-823.1661 -823.1661 -823.1661
-823.1661 -823.1661 -823.1661
-823.1661 -823.1661 -823.1661
-823.1661 -823.1661 -823.1661
-823.1661 -823.1661 -823.1661
-823.1661 -823.1661 -823.1661
-823.1661 -823.1661 -823.1661
-823.1661 -823.1661 -823.1661
-823.1661 -823.1661 -823.1661
-823.1661 -823.1661 -823.1661
-823.1661 -823.1661 -823.1661
-823.1661 -823.1661 -823.1661
-823.1661 -823.1661 -823.1661
-823.1661 -823.1661 -823.1661
-823.1661 -823.1661 -823.1661
-823.1661 -823.1661 -823.1661
-823.1661 -823.1661 -823.1661
-823.1661 -823.1661 -823.1661
-823.1661 -823.1661 -823.1661
-823.1661 -823.1661 -823.1661
-823.1661 -823.1661 -823.1661
-823.1661 -823.1661 -823.1661
-823.1661 -823.1661 -823.1661
-823.1661 -823.1661 -823.1661
-823.1661 -823.1661 -823.1661
-823.1661 -823.1661 -823.1661
-823.1661 -823.1661 -823.1661
-823.1661 -823.1661 -823.1661
-823.1661 -823.1661 -823.1661
-823.1661 -823.1661 -823.1661
-823.1661 -823.1661 -823.1661
-823.1661 -823.1661 -823.1661
-823.1661 -823.1661 -823.1661
-823.1661 -823.1661 -823.1661
-823.1661 -823.1661 -823.1661
-823.1661 -823.1661 -823.1661
-823.1661 -823.1661 -823.1661
-823.1661 -823.1661 -823.1661
-823.1661 -823.1661 -823.1661
-823.1661 -823.1661 -823.1661
-823.1661 -823.1661 -823.1661
-823.1661 -823.1661 -823.1661
-823.1661 -823.1661 -823.1661
-823.1661 -823.1661 -823.1661
-823.1661 -823.1661 -823.1661
-823.1661 -823.1661 -823.1661
-823.1661 -823.1661 -823.1661
-823.1661 -823.1661 -823.1661
-823.1661 -823.1661 -823.1661
-823.1661 -823.1661 -823.1661
-823.1661 -823.1661 -823.1661
-823.1661 -823.1661 -823.1661
-823.1661 -823.1661 -823.1661
-823.1661 -823.1661 -823.1661
-823.1661 -823.1661 -823.1661
-823.1661 -823.1661 -823.1661
-823.1661 -823.1661 -823.1661
-823.1661 -823.1661 -823.1661
-823.1661 -823.1661 -823.1661
-823.1661 -823.1661 -823.1661
-823.1661 -823.1661 -823.1661
-823.1661 -823.1661 -823.1661
-823.1661 -823.1661 -823.1661
-823.1661 -823.1661 -823.1661
-823.1661 -823.1661 -823.1661
-823.1661 -823.1661 -823.1661
-823.1661 -823.1661 -823.1661
-823.1661 -823.1661 -823.1661
-823.1661 -823.1661 -823.1661
-823.1661 -823.1661 -823.1661
-823.1661 -823.1661 -823.1661
-823.1661 -823.1661 -823.1661
-823.1661 -823.1661 -823.1661
-823.1661 -823.1661 -823.1661
-823.1661 -823.1661 -823.1661
-823.1661 -823.1661 -823.1661
-823.1661 -823.1661 -823.1661
-823.1661 -823.1661 -823.1661
-823.1661 -823.1661 -823.1661
-823.1661 -823.1661 -823.1661
-823.1661 -823.1661 -823.1661
-823.1661 -823.1661 -823.1661
-823.1661 -823.1661 -823.1661
-823.1661 -823.1661 -823.1661
-823.1661 -823.1661 -823.1661
-823.1661 -823.1661 -823.1661
-823.1661 -823.1661 -823.1661
-823.1661 -823.1661 -823.1661
-823.1661 -823.1661 -823.1661
-823.1661 -823.1661 -823.1661
-823.1661 -823.1661 -823.1661
-823.1661 -823.1661 -823.1661
-823.1661 -823.1661 -823.1661
-823.1661 -823.1661 -823.1661
-823.1661 -823.1661 -823.1661
-823.1661 -823.1661 -823.1661
-823.1661 -823.1661 -823.1661
-823.1661 -823.1661 -823.1661
-823.1661 -823.1661 -823.1661
-823.1661 -823.1661 -823.1661
-823.1661 -823.1661 -823.1661
-823.1661 -823.1661 -823.1661
-823.1661 -823.1661 -823.1661
-823.1661 -823.1661 -823.1661
-823.1661 -823.1661 -823.1661
-823.1661 -823.1661 -823.1661
-823.1661 -823.1661 -823.1661
-823.1661 -823.1661 -823.1661
-823.1661 -823.1661 -823.1661
-823.1661 -823.1661 -823.1661
-823.1661 -823.1661 -823.1661
-823.1661 -823.1661 -823.1661
-823.1661 -823.1661 -823.1661
-823.1661 -823.1661 -823.1661
-823.1661 -823.1661 -823.1661
-823.1661 -823.1661 -823.1661
-823.1661 -823.1661 -823.1661
-823.1661 -823.1661 -823.1661
-823.1661 -823.1661 -823.1661
-823.1661 -823.1661 -823.1661
-823.1661 -823.1661 -823.1661
-823.1661 -823.1661 -823.1661
-823.1661 -823.1661 -823.1661
-823.1661 -823.1661 -823.1661
-823.1661 -823.1661 -823.1661
-823.1661 -823.1661 -823.1661
-823.1661 -823.1661 -823.1661
-823.1661 -823.1661 -823.1661
-823.1661 -823.1661 -823.1661
-823.1661 -823.1661 -823.1661
-823.1661 -823.1661 -823.1661
-823.1661 -823.1661 -823.1661
-823.1661 -823.1661 -823.1661
-823.1661 -823.1661 -823.1661
-823.1661 -823.1661 -823.1661
-823.1661 -823.1661 -823.1661
-823.1661 -823.1661 -823.1661
-823.1661 -823.1661 -823.1661
-823.1661 -823.1661 -823.1661
-823.1661 -823.1661 -823.1661
-823.1661 -823.1661 -823.1661
-823.1661 -823.1661 -823.1661
-823.1661 -823.1661 -823.1661
-823.1661 -823.1661 -823.1661
-823.1661 -823.1661 -823.1661
-823.1661 -823.1661 -823.1661
-823.1661 -823.1661 -823.1661
-823.1661 -823.1661 -823.1661
-823.1661 -823.1661 -823.1661
-823.1661 -823.1661 -823.1661
-823.1661 -823.1661 -823.1661
-823.1661 -823.1661 -823.1661
-823.1661 -823.1661 -823.1661
-823.1661 -823.1661 -823.1661
-823.1661 -823.1661 -823.1661
-823.1661 -823.1661 -823.1661
-823.1661 -823.1661 -823.1661
-823.1661 -823.1661 -823.1661
-823.1661 -823.1661 -823.1661
-823.1661 -823.1661 -823.1661
-823.1661 -823.1661 -823.1661
-823.1661 -823.1661 -823.1661
-823.1661 -823.1661 -823.1661
-823.1661 -823.1661 -823.1661
-823.1661 -823.1661 -823.1661
-823.1661 -823.1661 -823.1661
-823.1661 -823.1661 -823.1661
-823.1661 -823.1661 -823.1661
-823.1661 -823.1661 -823.1661
-823.1661 -823.1661 -823.1661
-823.1661 -823.1661 -823.1661
-823.1661 -823.1661 -823.1661
-823.1661 -823.1661 -823.1661
-823.1661 -823.1661 -823.1661
-823.1661 -823.1661 -823.1661
-823.1661 -823.1661 -823.1661
-823.1661 -823.1661 -823.1661
-823.1661 -823.1661 -823.1661
-823.1661 -823.1661 -823.1661
-823.1661 -823.1661 -823.1661
-823.1661 -823.1661 -823.1661
-823.1661 -823.1661 -823.1661
-823.1661 -823.1661 -823.1661
-823.1661 -823.1661 -823.1661
-823.1661 -823.1661 -823.1661
-823.1661 -823.1661 -823.1661
-823.1661 -823.1661 -823.1661
-823.1661 -823.1661 -823.1661
-823.1661 -823.1661 -823.1661
-823.1661 -823.1661 -823.1661
-823.1661 -823.1661 -823.1661
-823.1661 -823.1661 -823.1661
-823.1661 -823.1661 -823.1661
-823.1661 -823.1661 -823.1661
-823.1661 -823.1661 -823.1661
-823.1661 -823.1661 -823.1661
-823.1661 -823.1661 -823.1661
-823.1661 -823.1661 -823.1661
-823.1661 -823.1661 -823.1661
-823.1661 -823.1661 -823.1661
