-4932.6819 -5746.2207 -5481.1464
-4884.7870 -5492.3794 -5333.7481
-4884.7870 -5381.3076 -5212.7069
-4838.7760 -5279.3770 -5093.4854
-4838.7760 -5126.0277 -4967.2330
-4804.0947 -4958.1832 -4911.3818
-4804.0947 -4926.8423 -4881.3918
-4742.3340 -4899.5432 -4852.1793
-4742.3340 -4859.1377 -4820.4250
-4702.1373 -4829.6235 -4794.5237
-4669.7136 -4804.0947 -4768.0359
-4608.6863 -4779.4628 -4738.8706
-4608.6863 -4759.6375 -4715.1515
-4572.7483 -4727.9610 -4672.0059
-4572.7483 -4670.8209 -4638.1482
-4548.8886 -4649.0685 -4612.9136
-4472.4934 -4619.3244 -4587.6812
-4472.4934 -4598.5943 -4566.9399
-4405.7005 -4579.2048 -4536.5958
-4405.7005 -4555.0701 -4504.8767
-4395.8236 -4512.7002 -4476.8666
-4339.3824 -4493.7519 -4454.6484
-4325.1014 -4469.8654 -4430.0370
-4291.7344 -4447.2470 -4407.9205
-4291.7344 -4426.8609 -4381.7077
-4278.7375 -4405.7005 -4356.3180
-4278.7375 -4379.3116 -4334.7821
-4246.1177 -4341.6680 -4316.4358
-4227.0025 -4326.1684 -4301.3304
-4202.6928 -4313.1023 -4287.3148
-4149.0931 -4297.0485 -4268.7167
-4149.0931 -4284.1128 -4252.0606
-4131.4438 -4266.7061 -4228.7824
-4107.8792 -4246.6337 -4204.9029
-4089.6954 -4220.5410 -4173.0657
-4084.9826 -4186.1578 -4143.6958
-4075.4251 -4153.1887 -4124.2663
-4051.4923 -4137.6246 -4110.4022
-4051.4923 -4117.6443 -4095.8827
-4025.0096 -4107.8792 -4082.3203
-3997.0400 -4091.5947 -4067.5510
-3983.4234 -4081.5975 -4052.6736
-3949.4731 -4059.5963 -4033.6077
-3944.3607 -4040.5372 -4010.3056
-3917.8894 -4021.2731 -3993.3749
-3917.8894 -4007.6172 -3978.4630
-3893.5460 -3989.8467 -3962.5419
-3893.5460 -3971.5325 -3945.9268
-3857.5033 -3960.2666 -3931.2465
-3848.1516 -3946.2202 -3915.3798
-3848.1516 -3928.9770 -3898.8629
-3824.6310 -3909.8039 -3878.9535
-3815.5601 -3893.5544 -3865.5604
-3797.5697 -3881.7343 -3853.6982
-3797.5697 -3863.4410 -3839.7420
-3768.3055 -3847.5692 -3825.5090
-3762.7489 -3835.5511 -3814.2853
-3741.8892 -3822.9485 -3799.3754
-3740.5588 -3813.2624 -3787.7243
-3702.6422 -3800.9020 -3770.6323
-3694.2995 -3785.7596 -3753.9679
-3694.2995 -3768.3055 -3742.2405
-3674.4419 -3752.1491 -3723.9860
-3650.2265 -3740.7532 -3713.5157
-3559.9291 -3726.1248 -3700.5810
-3559.9291 -3713.6142 -3684.7162
-3547.9995 -3700.1106 -3665.1900
-3513.8913 -3687.8488 -3641.7945
-3513.8913 -3665.4218 -3618.9321
-3513.8913 -3645.0494 -3598.6294
-3513.8913 -3618.3720 -3578.5410
-3513.8913 -3597.8114 -3559.4507
-3490.0873 -3566.4054 -3541.5678
-3490.0873 -3553.8438 -3529.6033
-3460.4835 -3545.9013 -3519.8196
-3419.9653 -3534.4351 -3509.0058
-3419.9653 -3518.3172 -3498.7249
-3419.9653 -3511.1282 -3485.8939
-3419.9653 -3503.2607 -3476.7638
-3405.1613 -3493.2518 -3465.9297
-3399.6977 -3479.6308 -3452.6838
-3391.4064 -3467.8777 -3439.8851
-3316.2151 -3454.8789 -3424.5994
-3316.2151 -3436.9617 -3408.1951
-3316.2151 -3420.6213 -3396.7051
-3316.2151 -3406.9145 -3382.4852
-3314.3266 -3397.9434 -3367.5235
-3284.3284 -3387.1870 -3351.8874
-3280.1671 -3369.3899 -3335.9613
-3280.1671 -3349.9532 -3323.8653
-3229.7051 -3334.3799 -3310.0255
-3229.7051 -3326.5509 -3294.3246
-3226.1932 -3316.2151 -3283.9809
-3211.7081 -3305.0644 -3272.4406
-3168.7165 -3284.3284 -3258.5435
-3168.7165 -3271.1501 -3246.5322
-3168.7165 -3259.4327 -3234.8454
-3168.7165 -3249.2317 -3223.5134
-3148.7989 -3244.5177 -3215.7862
-3148.7989 -3235.1394 -3207.6829
-3148.7989 -3226.1932 -3195.7865
-3118.3095 -3211.9400 -3184.9817
-3090.2610 -3201.0937 -3170.7288
-3090.2610 -3188.3271 -3155.3204
-3090.2610 -3170.6722 -3142.1376
-3071.0472 -3164.0352 -3130.7736
-3071.0472 -3155.3831 -3123.1461
-3048.5105 -3144.0134 -3112.6726
-3048.5105 -3135.7908 -3102.9359
-2998.7875 -3118.3095 -3091.1426
-2998.7875 -3106.0586 -3079.9351
-2998.7875 -3096.5027 -3068.7393
-2997.1225 -3089.2593 -3055.1510
-2987.4186 -3073.3325 -3045.6444
-2976.7922 -3068.5660 -3036.4014
-2976.7922 -3057.5365 -3029.2362
-2929.9676 -3048.5105 -3019.5459
-2929.9676 -3036.4913 -3007.1107
-2929.9676 -3024.5936 -2997.1368
-2921.3620 -3014.8378 -2986.7949
-2921.3620 -3001.9180 -2977.8717
-2875.7923 -2997.1225 -2966.8162
-2875.7923 -2987.4186 -2953.7065
-2875.7923 -2976.7922 -2941.6944
-2872.7758 -2958.1652 -2928.0451
-2863.8768 -2940.6429 -2913.6571
-2856.0534 -2929.9676 -2904.8354
-2837.8195 -2921.1798 -2895.3275
-2837.8195 -2912.3162 -2885.9570
-2837.8195 -2898.8374 -2874.4214
-2825.5759 -2885.4050 -2864.3850
-2754.4910 -2875.7923 -2852.6535
-2754.4910 -2870.9200 -2843.7074
-2754.4910 -2861.2253 -2830.3240
-2754.4910 -2847.4443 -2819.7127
-2754.4910 -2837.8195 -2811.5459
-2716.1029 -2826.1080 -2798.7337
-2716.1029 -2822.9636 -2786.4394
-2716.1029 -2807.8345 -2775.2272
-2716.1029 -2795.3934 -2764.4840
-2715.4186 -2781.2740 -2753.5529
-2646.0210 -2767.4887 -2742.2215
-2646.0210 -2755.8735 -2732.7778
-2646.0210 -2748.0252 -2719.3450
-2640.6031 -2741.5471 -2706.6488
-2628.4267 -2727.4701 -2696.4313
-2628.4267 -2718.3619 -2685.1677
-2622.3718 -2712.9734 -2673.2007
-2599.2653 -2695.4782 -2660.0069
-2599.2653 -2679.1483 -2650.0959
-2586.3117 -2659.9009 -2635.0064
-2565.3483 -2645.3304 -2625.9625
-2565.3483 -2641.7895 -2621.9234
-2565.3483 -2639.4915 -2616.7572
-2545.9235 -2630.0641 -2605.8805
-2545.9235 -2628.3936 -2599.1778
-2532.6071 -2622.3718 -2588.2469
-2532.6071 -2614.5908 -2581.9393
-2513.4318 -2595.5811 -2566.1454
-2498.0879 -2582.1039 -2555.5886
-2498.0879 -2572.1917 -2547.5314
-2475.9461 -2562.1083 -2539.2848
-2475.9461 -2555.4758 -2531.3968
-2475.9461 -2547.0580 -2522.3079
-2475.9461 -2540.0507 -2514.0320
-2449.9762 -2533.4542 -2505.9700
-2449.9762 -2515.8757 -2496.0863
-2449.9762 -2510.0436 -2489.9816
-2449.9762 -2504.4939 -2487.2892
-2421.0254 -2500.3196 -2483.0782
-2377.1648 -2496.9709 -2475.1098
-2377.1648 -2491.1289 -2467.9687
-2377.1648 -2486.4350 -2458.2415
-2377.1648 -2475.9461 -2448.4116
-2359.1691 -2466.8837 -2435.0566
-2353.3060 -2454.8365 -2421.7534
-2353.3060 -2449.9762 -2414.7286
-2353.3060 -2432.7995 -2401.0838
-2343.3197 -2423.0649 -2389.4503
-2343.3197 -2414.9784 -2378.1584
-2343.3197 -2399.7495 -2372.6607
-2332.3871 -2387.2659 -2365.7745
-2332.3871 -2377.1648 -2360.8956
-2239.1383 -2371.1810 -2351.3580
-2239.1383 -2362.1040 -2344.1223
-2239.1383 -2357.9476 -2338.2140
-2239.1383 -2353.3691 -2329.2610
-2239.1383 -2348.5008 -2319.7537
-2239.1383 -2343.3197 -2312.6166
-2239.1383 -2335.2259 -2302.1390
-2239.1383 -2324.5332 -2290.7577
-2222.8971 -2313.2823 -2279.0903
-2222.8971 -2306.4793 -2268.8395
-2222.8971 -2294.4100 -2259.0760
-2222.8971 -2282.6624 -2250.1325
-2211.0225 -2265.2667 -2242.8817
-2211.0225 -2257.0755 -2237.5012
-2211.0225 -2249.1116 -2233.6934
-2207.1305 -2239.8011 -2229.2413
-2181.5716 -2235.1905 -2222.3122
-2181.5716 -2233.7133 -2219.1432
-2181.5716 -2228.6239 -2213.9061
-2181.5716 -2225.6990 -2208.8906
-2181.5716 -2223.9391 -2206.8206
-2174.9453 -2222.2205 -2202.4355
-2174.9453 -2219.0561 -2198.8944
-2163.3647 -2211.0225 -2194.5402
-2160.8690 -2207.1305 -2188.2343
-2160.8690 -2197.9055 -2183.8821
-2160.8690 -2195.2010 -2181.4663
-2160.8690 -2192.8385 -2178.2451
-2160.8690 -2186.9981 -2175.8336
-2145.2819 -2181.5716 -2171.2294
-2121.5473 -2179.4442 -2167.0247
-2121.5473 -2176.9837 -2164.0161
-2121.5473 -2174.9120 -2158.5272
-2121.5473 -2172.4247 -2155.3915
-2108.9307 -2167.4735 -2149.8889
-2108.9307 -2166.0525 -2146.9494
-2102.9537 -2161.6328 -2141.5811
-2100.9651 -2160.7764 -2136.3010
-2077.4992 -2153.8090 -2128.6643
-2077.4992 -2147.2542 -2123.3964
-2076.2428 -2138.1267 -2116.5021
-2076.2428 -2128.8901 -2112.2716
-2076.2428 -2125.5034 -2110.0574
-2076.2428 -2123.5803 -2107.7059
-2075.1611 -2121.5473 -2103.3644
-2074.5229 -2117.5101 -2097.7213
-2074.5229 -2110.9519 -2093.9829
-2074.5229 -2108.9307 -2091.9819
-2028.7856 -2104.0365 -2087.6039
-2028.7856 -2102.1803 -2084.2361
-2028.7856 -2097.7030 -2080.2608
-2028.7856 -2093.5232 -2076.6162
-2028.7856 -2088.3952 -2072.9187
-2028.7856 -2084.1235 -2066.6017
-2028.7856 -2077.4992 -2061.9220
-2009.0624 -2076.2428 -2056.8814
-2009.0624 -2074.5229 -2053.1224
-2004.8342 -2072.2140 -2046.5979
-2004.8342 -2067.3922 -2041.5078
-2004.8342 -2059.8774 -2037.3808
-1994.7432 -2050.3761 -2028.9239
-1994.7432 -2042.3779 -2022.8261
-1982.2179 -2036.0153 -2018.3057
-1982.2179 -2028.7856 -2013.6113
-1982.2179 -2026.7232 -2010.7280
-1946.2960 -2020.8464 -2005.9504
-1946.1254 -2015.0077 -2000.5805
-1946.1254 -2010.0582 -1995.8308
-1946.1254 -2008.8708 -1991.3197
-1946.1254 -2007.0092 -1986.8470
-1946.1254 -2004.6248 -1982.1457
-1946.1254 -2000.4251 -1978.0794
-1932.8579 -1992.8996 -1972.5881
-1932.8579 -1985.3902 -1966.1657
-1926.4480 -1981.4904 -1959.4337
-1926.4480 -1977.6751 -1955.2710
-1923.5404 -1967.5952 -1949.4934
-1923.2638 -1963.6811 -1944.8314
-1915.4987 -1958.0053 -1941.2288
-1915.4987 -1951.7494 -1938.8220
-1915.4987 -1947.0926 -1936.8301
-1915.4987 -1946.1254 -1933.7503
-1915.4987 -1946.1254 -1931.7694
-1915.4987 -1939.5282 -1929.9053
-1907.1946 -1937.8239 -1928.3245
-1907.1946 -1937.1426 -1927.0954
-1897.8193 -1935.3106 -1924.6030
-1897.8193 -1932.8579 -1922.7065
-1897.8193 -1931.4905 -1919.4498
-1897.8193 -1927.1717 -1916.9998
-1897.7363 -1924.4639 -1914.3325
-1873.8679 -1922.5324 -1910.4929
-1873.8679 -1921.0047 -1908.0882
-1870.4961 -1915.9362 -1903.9401
-1870.4961 -1914.4521 -1899.2015
-1861.0642 -1911.7980 -1895.9496
-1834.2126 -1907.4728 -1890.8297
-1827.7560 -1900.3442 -1884.5845
-1820.2287 -1898.3218 -1880.5847
-1820.2287 -1897.7363 -1875.3620
-1820.2287 -1894.5825 -1871.8266
-1820.2287 -1887.3598 -1866.3303
-1820.2287 -1884.3552 -1859.6423
-1812.4287 -1873.8679 -1851.9553
-1812.4287 -1871.3537 -1847.9595
-1812.4287 -1867.7266 -1839.8816
-1812.4287 -1862.0701 -1836.5407
-1812.4287 -1853.3000 -1830.1386
-1772.5586 -1847.6578 -1825.5513
-1772.5586 -1841.0776 -1820.7399
-1760.0334 -1834.2126 -1815.8417
-1760.0334 -1830.6214 -1812.3344
-1760.0334 -1821.6874 -1809.5237
-1760.0334 -1820.2287 -1806.0917
-1760.0334 -1819.6557 -1801.9628
-1760.0334 -1815.8454 -1797.5842
-1756.4451 -1812.5782 -1792.9100
-1756.4451 -1812.2230 -1789.1426
-1756.4451 -1808.6912 -1785.8428
-1756.4451 -1803.4314 -1781.3788
-1756.4451 -1800.4552 -1779.5925
-1756.4451 -1796.1570 -1775.5051
-1743.1891 -1791.5432 -1771.2489
-1739.5058 -1788.2130 -1767.5059
-1739.5058 -1783.3472 -1765.4269
-1720.8452 -1777.2938 -1760.9163
-1720.8452 -1772.3182 -1757.9022
-1720.8452 -1767.8825 -1754.9926
-1720.8452 -1765.3218 -1752.6944
-1720.8452 -1761.7206 -1750.5426
-1720.8452 -1760.0334 -1748.9297
-1717.5977 -1759.4184 -1746.1765
-1717.5977 -1757.4686 -1743.8131
-1717.5977 -1756.4451 -1741.4403
-1717.1289 -1754.7804 -1738.4641
-1717.1289 -1752.1836 -1736.7843
-1717.1289 -1748.1971 -1733.2160
-1717.1289 -1745.8391 -1731.6431
-1716.4026 -1742.8237 -1729.3428
-1711.8239 -1741.9225 -1727.8612
-1703.4447 -1739.5058 -1723.9845
-1703.4447 -1735.1012 -1722.0446
-1691.0711 -1729.3917 -1718.5091
-1691.0711 -1724.7653 -1715.5122
-1687.9578 -1721.3625 -1713.1184
-1687.9578 -1720.8452 -1710.8879
-1687.9578 -1717.7400 -1708.6196
-1687.9578 -1717.5977 -1707.0799
-1683.6964 -1717.1289 -1705.0586
-1683.6964 -1716.4026 -1703.2944
-1683.6964 -1714.7501 -1700.8941
-1683.6964 -1712.7434 -1699.8588
-1683.6964 -1711.3880 -1697.5746
-1667.0324 -1706.8152 -1693.4168
-1667.0324 -1704.6287 -1691.5164
-1662.1229 -1703.4447 -1688.7942
-1647.5409 -1700.7649 -1685.9289
-1647.5409 -1696.6064 -1681.9351
-1647.5409 -1691.4899 -1679.0633
-1647.5409 -1689.3902 -1675.5008
-1647.5409 -1687.9578 -1673.1635
-1647.5409 -1687.3828 -1672.2281
-1647.5409 -1685.2966 -1669.7215
-1647.5409 -1683.6964 -1668.7251
-1647.5409 -1683.6964 -1667.3032
-1640.4168 -1680.6101 -1662.2141
-1640.4168 -1674.8690 -1657.9682
-1640.4168 -1674.0480 -1656.6696
-1640.4168 -1670.0869 -1654.7636
-1636.2454 -1663.1952 -1652.0242
-1636.2454 -1661.6709 -1650.0175
-1632.7937 -1658.1206 -1648.7213
-1632.7937 -1656.9516 -1647.8319
-1616.1774 -1655.0825 -1645.8421
-1616.1774 -1653.9236 -1644.3323
-1616.1774 -1651.3314 -1642.2067
-1616.1774 -1651.1343 -1641.4754
-1616.1774 -1648.1937 -1639.5267
-1606.9809 -1647.5409 -1637.5473
-1606.9809 -1647.5409 -1635.6274
-1606.9809 -1647.5409 -1634.2197
-1606.9809 -1646.4258 -1632.3252
-1593.5293 -1643.5735 -1628.6326
-1593.5293 -1640.4168 -1626.1219
-1593.5293 -1639.2728 -1623.5123
-1593.5293 -1636.2454 -1620.7082
-1593.5293 -1635.1855 -1619.1861
-1593.5293 -1630.1280 -1615.7080
-1593.5293 -1625.4610 -1613.3618
-1593.5293 -1623.4676 -1611.9294
-1593.5293 -1620.7601 -1610.3115
-1589.6816 -1618.7212 -1608.2276
-1589.6816 -1617.4557 -1606.7326
-1589.6816 -1616.2281 -1605.4445
-1589.6816 -1616.1774 -1604.1955
-1582.7927 -1616.1424 -1602.6000
-1582.7927 -1614.6572 -1600.8625
-1582.7927 -1612.8377 -1599.0706
-1582.7927 -1610.0559 -1597.1222
-1582.7927 -1607.2969 -1595.7411
-1582.7927 -1606.9809 -1594.6824
-1555.8490 -1601.7798 -1591.5166
-1555.8490 -1597.5386 -1589.0583
-1555.8490 -1595.7035 -1587.1409
-1555.8490 -1593.8127 -1585.7068
-1555.8490 -1593.5293 -1584.8985
-1555.8490 -1593.5293 -1581.9043
-1555.8490 -1593.5293 -1580.9984
-1555.8490 -1591.9462 -1578.6096
-1555.8490 -1589.6816 -1576.6153
-1555.8490 -1588.1509 -1573.7539
-1555.8490 -1586.0046 -1571.7515
-1555.8490 -1582.7927 -1570.0750
-1555.8490 -1582.7927 -1569.1881
-1555.8490 -1582.7502 -1567.8443
-1553.0365 -1580.3785 -1566.0125
-1541.9693 -1577.1654 -1563.8196
-1541.9693 -1574.5230 -1561.4856
-1541.9693 -1571.5034 -1559.6230
-1541.9693 -1569.2672 -1557.4205
-1533.2423 -1567.5726 -1555.0826
-1533.2423 -1565.3111 -1554.2726
-1533.2423 -1560.3914 -1552.3395
-1533.2423 -1559.2139 -1550.6163
-1533.2423 -1557.1236 -1549.6728
-1533.2423 -1555.8490 -1548.9497
-1533.2423 -1555.8490 -1547.7858
-1533.2423 -1555.8490 -1546.4197
-1528.7836 -1555.7501 -1543.3927
-1528.7836 -1553.0365 -1541.4599
-1528.7836 -1549.2980 -1539.8535
-1528.7836 -1546.6010 -1538.1706
-1528.7836 -1546.4427 -1537.4695
-1523.1689 -1542.5820 -1535.8379
-1523.1689 -1541.9693 -1534.8141
-1523.1689 -1541.9693 -1533.7649
-1523.1689 -1541.3677 -1533.0481
-1521.0463 -1539.5763 -1531.7655
-1521.0463 -1538.1935 -1530.7035
-1521.0463 -1536.0171 -1530.2051
-1514.4582 -1533.4157 -1528.5233
-1501.3909 -1533.2423 -1527.4088
-1501.3909 -1533.2423 -1526.2767
-1501.0796 -1533.0512 -1524.2418
-1501.0796 -1532.4570 -1523.1057
-1501.0796 -1530.1364 -1522.0633
-1501.0796 -1529.1288 -1521.0925
-1501.0796 -1528.7836 -1519.9260
-1497.4939 -1527.9444 -1517.7801
-1480.1905 -1527.5195 -1516.0218
-1480.1905 -1526.9589 -1514.8844
-1480.1905 -1524.5700 -1513.1762
-1480.1905 -1523.1689 -1511.7627
-1480.1905 -1523.1689 -1509.1841
-1480.1905 -1521.1188 -1506.7056
-1468.3222 -1520.8037 -1503.1587
-1468.3222 -1517.2387 -1499.6593
-1468.3222 -1514.4582 -1497.1365
-1468.3222 -1509.5732 -1494.2388
-1468.3222 -1505.2199 -1491.5065
-1468.3222 -1501.4873 -1489.2914
-1465.1560 -1501.2919 -1486.9546
-1465.1560 -1501.0796 -1485.6898
-1450.6175 -1500.0400 -1482.9931
-1437.9401 -1497.6620 -1479.2521
-1437.9401 -1496.4362 -1477.3278
-1437.9401 -1490.3046 -1474.5040
-1437.9401 -1486.7363 -1472.4014
-1437.9401 -1480.8847 -1469.5237
-1436.4848 -1480.1905 -1467.6092
-1436.4848 -1480.1905 -1463.8112
-1436.4848 -1480.1905 -1461.9970
-1436.4848 -1477.3272 -1458.7729
-1436.4848 -1471.6001 -1456.3586
-1436.4848 -1468.3222 -1454.0763
-1436.4848 -1468.3222 -1451.4729
-1436.4848 -1465.7601 -1450.3969
-1436.4848 -1464.8252 -1449.0831
-1429.9774 -1459.6623 -1445.7939
-1429.9774 -1458.7499 -1444.7394
-1429.9774 -1455.4944 -1442.6187
-1416.3340 -1453.0761 -1440.9306
-1410.6727 -1451.2082 -1438.4846
-1410.6727 -1449.2091 -1436.5998
-1410.6727 -1443.6219 -1434.3514
-1410.6727 -1443.1700 -1433.2451
-1410.6727 -1438.9194 -1431.6540
-1410.6727 -1438.1411 -1430.7986
-1410.6727 -1437.9401 -1429.0912
-1410.6727 -1437.9401 -1428.1452
-1407.8175 -1436.4848 -1425.7710
-1403.4986 -1436.4848 -1423.1247
-1403.4986 -1436.4848 -1422.4649
-1403.4986 -1433.8896 -1420.4859
-1403.4986 -1431.6675 -1417.8409
-1387.3942 -1429.9774 -1415.3578
-1387.3942 -1429.5575 -1413.7293
-1387.3942 -1427.4928 -1412.6303
-1387.3942 -1425.7645 -1411.0682
-1387.3942 -1418.0379 -1407.8147
-1387.3942 -1418.0379 -1406.9889
-1380.1105 -1416.3340 -1404.0621
-1380.1105 -1414.2396 -1403.1043
-1380.1105 -1410.6727 -1401.1751
-1380.1105 -1410.6727 -1400.1651
-1380.1105 -1410.6727 -1398.4953
-1380.1105 -1407.5247 -1396.2451
-1380.1105 -1404.7514 -1394.9037
-1380.1105 -1403.4986 -1393.4474
-1380.1105 -1403.4490 -1391.6003
-1380.1105 -1402.6268 -1390.7173
-1374.6253 -1401.6551 -1389.0752
-1374.6253 -1398.0260 -1387.7126
-1356.1610 -1396.6326 -1385.4501
-1356.1610 -1396.1244 -1383.7744
-1356.1610 -1394.9871 -1382.1987
-1356.1610 -1391.5269 -1379.5998
-1336.2030 -1388.6772 -1377.2400
-1336.2030 -1387.3942 -1375.9842
-1336.2030 -1387.3942 -1373.8835
-1336.2030 -1386.0935 -1371.3821
-1336.2030 -1380.6020 -1368.2755
-1336.2030 -1380.1105 -1365.5880
-1336.2030 -1380.1105 -1361.4916
-1336.2030 -1377.5484 -1359.5909
-1336.2030 -1376.3501 -1356.7849
-1336.2030 -1374.6253 -1354.9521
-1336.2030 -1373.9296 -1353.7193
-1336.0089 -1372.2038 -1351.1426
-1336.0089 -1368.6056 -1349.4349
-1319.5287 -1361.6483 -1346.8137
-1319.5287 -1359.2346 -1345.5219
-1319.5287 -1357.6143 -1343.9398
-1319.5287 -1356.3006 -1342.7242
-1319.5287 -1356.1610 -1340.6169
-1319.5287 -1353.9656 -1338.2413
-1319.5287 -1351.6901 -1337.0447
-1319.5287 -1350.8737 -1335.5760
-1318.4983 -1345.6703 -1333.1507
-1304.7954 -1342.8913 -1330.9257
-1304.7954 -1341.5042 -1329.8200
-1304.7954 -1336.6529 -1328.7269
-1304.7954 -1336.2030 -1327.2093
-1303.8637 -1336.2030 -1325.4882
-1303.8637 -1336.2030 -1323.7736
-1303.8637 -1336.2030 -1322.6079
-1303.8637 -1336.0089 -1321.2810
-1303.8637 -1333.3133 -1318.5075
-1303.8637 -1328.5945 -1316.8119
-1303.8637 -1326.4940 -1315.7129
-1303.8637 -1324.7272 -1314.5083
-1303.0812 -1322.1612 -1313.3796
-1301.8690 -1321.2602 -1312.4499
-1301.8690 -1319.5287 -1311.2773
-1301.8690 -1319.5287 -1310.3983
-1295.6785 -1319.5287 -1309.2291
-1282.7014 -1318.4983 -1307.7128
-1282.7014 -1318.4907 -1306.2297
-1282.7014 -1317.9937 -1304.9832
-1282.7014 -1313.2318 -1303.5553
-1282.7014 -1312.1715 -1302.7380
-1282.7014 -1310.3622 -1301.7369
-1282.7014 -1309.3229 -1300.9786
-1282.7014 -1307.4351 -1300.0874
-1282.7014 -1306.4950 -1299.2774
-1282.7014 -1305.0371 -1298.1356
-1282.7014 -1304.8328 -1297.5214
-1274.9935 -1304.7954 -1296.4828
-1274.9935 -1304.7954 -1295.4135
-1274.9935 -1303.8637 -1294.2318
-1274.9935 -1303.8637 -1293.1732
-1274.9935 -1303.8637 -1291.8946
-1274.9935 -1303.0812 -1290.6863
-1262.6691 -1301.8690 -1288.0544
-1262.6691 -1298.3512 -1285.6235
-1262.6691 -1297.1941 -1283.7745
-1262.6691 -1295.6785 -1282.2175
-1262.3608 -1294.2844 -1280.6249
-1262.3608 -1292.8383 -1278.7234
-1262.3608 -1290.8958 -1277.3580
-1262.3608 -1283.5015 -1276.2183
-1262.3608 -1282.7014 -1274.9948
-1261.6574 -1282.7014 -1273.7075
-1256.7992 -1282.7014 -1272.4045
-1256.7992 -1282.7014 -1270.9735
-1256.7992 -1281.0616 -1270.0407
-1256.7992 -1277.9109 -1268.2668
-1256.7992 -1276.7517 -1267.5064
-1254.6586 -1275.1350 -1266.2816
-1254.6586 -1274.9935 -1265.0408
-1254.2618 -1274.9935 -1263.8845
-1254.2618 -1273.9763 -1263.2789
-1254.2618 -1271.7219 -1262.4335
-1252.2717 -1270.1147 -1261.5420
-1252.2717 -1270.0728 -1261.1852
-1252.2717 -1267.9199 -1260.2504
-1252.2717 -1267.8394 -1259.9375
-1252.2717 -1266.6952 -1259.2130
-1252.2717 -1264.7431 -1258.9128
-1246.0239 -1262.7173 -1258.0929
-1246.0239 -1262.6691 -1257.6437
-1246.0239 -1262.6691 -1257.0330
-1234.5181 -1262.3608 -1255.8643
-1234.5181 -1262.3608 -1254.6006
-1234.5181 -1261.6574 -1253.6758
-1224.7535 -1259.9936 -1251.7702
-1224.7535 -1259.1848 -1250.7449
-1224.7535 -1256.7992 -1249.2534
-1224.7535 -1256.7992 -1248.6125
-1224.7535 -1256.7992 -1247.9715
-1224.7535 -1256.7004 -1245.2733
-1224.7535 -1256.0693 -1244.2309
-1224.7535 -1255.0516 -1242.1621
-1224.7535 -1254.2618 -1240.1418
-1224.7535 -1252.2717 -1237.2101
-1222.0397 -1252.2717 -1235.8242
-1222.0397 -1246.0239 -1234.1295
-1209.1095 -1246.0239 -1232.0429
-1209.1095 -1242.3900 -1230.6053
-1209.1095 -1239.9527 -1228.6412
-1209.1095 -1237.0779 -1226.6074
-1205.5571 -1234.7179 -1225.0726
-1205.5571 -1234.5181 -1224.3413
-1205.5571 -1233.8076 -1223.0026
-1205.5571 -1230.7149 -1221.2975
-1205.5571 -1227.6621 -1220.1282
-1205.5571 -1227.4885 -1219.2800
-1205.5571 -1226.4225 -1218.1154
-1205.5571 -1224.7535 -1217.4830
-1205.5571 -1224.7535 -1216.7604
-1205.5571 -1224.7535 -1216.0149
-1205.5571 -1224.7535 -1215.5559
-1205.5571 -1224.7535 -1214.9758
-1201.5492 -1223.9061 -1213.3538
-1201.5492 -1222.0397 -1211.3310
-1187.6515 -1218.2097 -1209.0752
-1187.6515 -1217.8471 -1207.7030
-1187.6515 -1217.5255 -1206.8701
-1187.6515 -1216.7430 -1205.8286
-1187.6515 -1214.3670 -1204.9296
-1185.2165 -1211.2126 -1203.4512
-1185.2165 -1211.0732 -1202.5292
-1185.2165 -1209.1095 -1201.6472
-1185.2165 -1208.7509 -1200.8496
-1185.2165 -1206.6136 -1199.8496
-1185.2165 -1206.3990 -1199.4216
-1185.2165 -1205.5571 -1198.7325
-1185.2165 -1205.5571 -1198.0410
-1175.2164 -1205.5571 -1195.8907
-1175.2164 -1205.5571 -1194.8805
-1175.2164 -1205.5571 -1193.5712
-1175.2164 -1202.9791 -1192.0785
-1175.2164 -1201.5617 -1190.6308
-1175.2164 -1201.5492 -1189.8410
-1175.2164 -1201.1013 -1188.7385
-1175.2164 -1199.4315 -1187.9157
-1170.0960 -1197.2871 -1186.3942
-1170.0960 -1195.6240 -1185.1105
-1170.0960 -1192.2781 -1183.3132
-1170.0960 -1190.8430 -1182.3726
-1170.0960 -1188.4114 -1181.2442
-1170.0833 -1187.6515 -1180.2702
-1170.0833 -1186.8975 -1179.4332
-1170.0833 -1186.7458 -1178.6308
-1170.0833 -1185.2165 -1177.8485
-1168.7056 -1185.2165 -1176.6414
-1168.7056 -1184.8639 -1175.8648
-1168.7056 -1181.7302 -1174.9349
-1168.7056 -1180.5911 -1174.4065
-1168.7056 -1179.9499 -1173.9490
-1168.7056 -1178.3268 -1173.3400
-1168.7056 -1178.0994 -1173.1471
-1168.7056 -1177.8470 -1172.8034
-1168.7056 -1176.7457 -1172.3508
-1168.7056 -1176.0582 -1171.6832
-1168.7056 -1175.2164 -1171.5361
-1168.7056 -1175.2164 -1171.2917
-1166.5768 -1175.2164 -1170.9887
-1162.1662 -1175.2164 -1170.3780
-1162.1662 -1175.0063 -1169.6875
-1162.1662 -1173.0342 -1169.3815
-1162.1662 -1172.4471 -1169.0175
-1162.1662 -1172.1914 -1168.8118
-1162.1662 -1172.0875 -1168.3731
-1162.1662 -1170.6020 -1167.8929
-1156.3755 -1170.0960 -1167.4496
-1156.3755 -1170.0960 -1166.8525
-1156.3755 -1170.0833 -1166.2039
-1156.3755 -1170.0833 -1165.8624
-1156.3755 -1170.0833 -1165.4785
-1155.7789 -1169.5078 -1164.6830
-1155.7789 -1168.7056 -1164.0437
-1155.7789 -1168.7056 -1163.7852
-1152.2478 -1168.7056 -1162.6141
-1145.3610 -1168.7056 -1161.7588
-1145.3610 -1168.7056 -1160.8600
-1145.3610 -1167.6051 -1159.9796
-1145.3610 -1166.8395 -1159.2339
-1145.3610 -1165.9528 -1158.4871
-1145.3610 -1165.1117 -1157.8708
-1145.3610 -1163.1478 -1156.9141
-1145.3610 -1162.1662 -1156.4435
-1145.3610 -1162.1662 -1155.8773
-1145.3610 -1162.1662 -1155.5171
-1145.3610 -1162.1662 -1155.0765
-1145.3610 -1162.1662 -1154.4403
-1145.3610 -1162.1662 -1154.1042
-1145.3610 -1162.0966 -1153.7509
-1145.3610 -1161.8937 -1153.0855
-1145.3610 -1160.0944 -1152.1563
-1120.9197 -1156.9441 -1150.7332
-1120.9197 -1156.3755 -1149.9355
-1120.9197 -1156.3755 -1148.6882
-1120.9197 -1156.3755 -1147.8353
-1117.1278 -1155.7789 -1145.6172
-1117.1278 -1155.7789 -1143.8328
-1117.1278 -1155.2647 -1142.2048
-1117.1278 -1155.2113 -1141.4421
-1117.1278 -1152.2478 -1139.1533
-1117.1278 -1151.0485 -1138.2596
-1117.1278 -1149.1847 -1136.8852
-1117.1278 -1145.3610 -1135.1807
-1117.1278 -1145.3610 -1133.8686
-1117.1278 -1145.3610 -1132.8474
-1117.1278 -1145.3610 -1131.7939
-1117.1278 -1145.3610 -1130.0758
-1117.1278 -1145.3610 -1129.0830
-1117.1278 -1144.2764 -1126.4042
-1117.1278 -1141.3284 -1125.1766
-1117.1278 -1140.1656 -1123.9702
-1113.2827 -1138.4794 -1122.5667
-1113.2827 -1131.6655 -1121.2764
-1113.2827 -1130.5710 -1120.8326
-1103.2102 -1130.1144 -1119.9305
-1103.2102 -1129.4170 -1118.8988
-1103.2102 -1127.3292 -1117.8935
-1103.2102 -1123.2015 -1116.7854
-1103.2102 -1120.9197 -1116.0198
-1103.2102 -1120.9197 -1115.2428
-1103.2102 -1119.8018 -1114.3526
-1092.3561 -1119.6557 -1113.1906
-1092.3561 -1117.1278 -1112.2364
-1092.3561 -1117.1278 -1110.9070
-1092.3561 -1117.1278 -1109.5096
-1092.3561 -1117.1278 -1108.7864
-1092.3561 -1117.1278 -1107.7587
-1092.3561 -1117.1278 -1107.0354
-1092.3561 -1117.1278 -1106.1628
-1092.3561 -1117.1278 -1105.3722
-1090.6071 -1115.4033 -1104.0998
-1090.6071 -1113.2827 -1103.5338
-1090.6071 -1113.2827 -1102.0636
-1090.6071 -1112.7993 -1100.8519
-1090.6071 -1110.9699 -1100.1659
-1090.6071 -1110.7222 -1099.4229
-1090.6071 -1109.5832 -1098.1489
-1090.6071 -1105.7381 -1097.5073
-1090.6071 -1103.2102 -1096.2904
-1077.0962 -1103.2102 -1095.0168
-1077.0962 -1103.2102 -1093.9163
-1077.0962 -1102.3685 -1092.9040
-1077.0962 -1100.5673 -1092.2812
-1077.0962 -1099.4039 -1090.9895
-1077.0962 -1097.4368 -1089.8600
-1077.0962 -1096.5945 -1089.4532
-1077.0962 -1096.1891 -1089.0154
-1077.0962 -1094.6201 -1088.5362
-1077.0962 -1093.9768 -1087.8819
-1077.0962 -1092.3561 -1087.1042
-1077.0834 -1092.3561 -1086.0642
-1077.0834 -1092.3561 -1085.6534
-1077.0834 -1092.3561 -1085.3322
-1077.0834 -1092.3561 -1084.9702
-1077.0834 -1092.3561 -1084.5594
-1077.0834 -1092.3561 -1084.0307
-1077.0834 -1092.3561 -1083.4434
-1077.0834 -1090.6071 -1082.5837
-1077.0834 -1090.6071 -1081.8007
-1077.0834 -1090.6071 -1081.1033
-1077.0834 -1090.6071 -1080.5623
-1077.0834 -1087.0879 -1079.5774
-1075.7002 -1086.1476 -1078.9661
-1075.0934 -1085.9918 -1078.3442
-1075.0934 -1083.3504 -1077.7984
-1075.0934 -1080.3694 -1077.2758
-1075.0934 -1080.0158 -1077.0653
-1075.0934 -1078.3708 -1076.8968
-1071.4573 -1077.0962 -1076.6105
-1071.4573 -1077.0962 -1076.4975
-1071.4573 -1077.0962 -1076.3094
-1071.4573 -1077.0962 -1076.0969
-1071.4573 -1077.0962 -1075.9038
-1071.4573 -1077.0962 -1075.7509
-1071.4573 -1077.0962 -1075.6379
-1071.4573 -1077.0834 -1075.4123
-1071.4573 -1077.0834 -1075.2143
-1070.1053 -1077.0834 -1074.8895
-1065.0518 -1077.0834 -1074.5093
-1065.0518 -1077.0834 -1074.2687
-1065.0518 -1077.0834 -1073.7806
-1065.0518 -1077.0834 -1073.4275
-1065.0518 -1077.0834 -1073.1121
-1062.5855 -1076.9771 -1072.2076
-1062.5855 -1076.5177 -1071.7410
-1053.4255 -1075.3344 -1070.4753
-1049.5010 -1075.0934 -1069.5253
-1049.5010 -1075.0934 -1068.1481
-1049.5010 -1075.0934 -1067.6345
-1049.5010 -1075.0934 -1067.1227
-1049.5010 -1074.4968 -1065.9758
-1049.5010 -1071.4573 -1064.7234
-1049.5010 -1071.4573 -1063.9428
-1049.5010 -1071.4573 -1063.3873
-1049.5010 -1071.4573 -1062.9482
-1049.5010 -1071.3977 -1062.1587
-1049.5010 -1070.1053 -1061.1560
-1049.5010 -1070.0021 -1060.7110
-1049.5010 -1069.2901 -1060.1027
-1049.5010 -1067.9381 -1059.6017
-1049.5010 -1067.5082 -1058.7683
-1049.5010 -1066.9755 -1057.8020
-1049.5010 -1065.2844 -1057.3327
-1045.0452 -1065.0518 -1056.1848
-1045.0452 -1065.0518 -1055.4131
-1045.0452 -1065.0518 -1054.9325
-1039.9856 -1062.5855 -1053.3999
-1039.9856 -1062.0873 -1052.1202
-1039.9856 -1061.7541 -1051.1606
-1039.9856 -1061.7541 -1050.7252
-1039.9856 -1060.5435 -1050.1443
-1039.9856 -1059.8142 -1049.5630
-1039.9856 -1059.5785 -1049.0550
-1039.9856 -1057.2326 -1048.4725
-1039.9856 -1054.0102 -1047.8386
-1039.9856 -1053.4255 -1047.4740
-1039.9856 -1053.4255 -1047.0272
-1039.9856 -1053.4255 -1046.6768
-1039.9856 -1049.5010 -1046.2877
-1039.9856 -1049.5010 -1046.0974
-1037.2328 -1049.5010 -1045.3385
-1037.2328 -1049.5010 -1044.9022
-1037.2328 -1049.5010 -1044.5596
-1037.2328 -1049.5010 -1044.0522
-1037.2328 -1049.5010 -1043.5578
-1037.2328 -1049.5010 -1043.0756
-1037.2328 -1049.5010 -1042.5467
-1037.2328 -1049.4694 -1042.2400
-1031.7595 -1049.0454 -1041.6246
-1027.6452 -1048.2167 -1040.6878
-1027.6452 -1045.3847 -1039.9839
-1027.6452 -1045.0452 -1039.5279
-1027.6452 -1045.0452 -1039.0706
-1027.6452 -1044.6742 -1038.7226
-1027.6452 -1044.4203 -1037.6006
-1027.6452 -1042.8550 -1036.8642
-1027.6452 -1041.2223 -1036.4109
-1027.6452 -1039.9856 -1035.7342
-1027.6452 -1039.9856 -1035.1653
-1027.6452 -1039.9856 -1034.9185
-1027.6452 -1039.9856 -1034.1262
-1027.6452 -1039.9856 -1033.6506
-1027.6452 -1039.9856 -1033.0074
-1027.6452 -1039.9856 -1032.7606
-1027.6452 -1039.9856 -1032.5138
-1027.6452 -1039.7105 -1031.7650
-1027.6452 -1037.2328 -1031.3618
-1027.6452 -1037.2328 -1030.9893
-1027.6452 -1037.2328 -1030.5952
-1027.6452 -1036.7037 -1030.2783
-1027.6452 -1036.1238 -1030.0460
-1027.6452 -1034.6998 -1029.5518
-1027.6452 -1033.7621 -1029.1188
-1027.6452 -1033.1539 -1028.8760
-1026.2619 -1032.5066 -1028.6115
-1026.2619 -1031.7595 -1028.4163
-1026.2619 -1031.7595 -1028.2786
-1026.2619 -1031.4965 -1028.1613
-1024.9187 -1031.0232 -1027.8069
-1023.4067 -1029.5933 -1027.4309
-1023.4067 -1028.9358 -1027.2682
-1018.7417 -1027.6452 -1026.9539
-1018.7417 -1027.6452 -1026.7482
-1018.7417 -1027.6452 -1026.5701
-1018.7417 -1027.6452 -1026.3868
-1018.7417 -1027.6452 -1026.0992
-1018.7417 -1027.6452 -1025.8605
-1018.7417 -1027.6452 -1025.6515
-1018.7417 -1027.6452 -1025.3958
-1015.9889 -1027.6452 -1024.6257
-1013.2924 -1027.6452 -1024.1055
-1013.2924 -1027.6452 -1023.8184
-1013.2924 -1027.6452 -1023.4189
-1012.0550 -1027.6452 -1022.6868
-1012.0550 -1027.6452 -1022.0862
-1012.0550 -1027.6452 -1021.5900
-1012.0550 -1027.4917 -1020.9775
-1012.0550 -1026.4079 -1020.3402
-1012.0550 -1026.2619 -1019.7972
-1012.0550 -1026.2619 -1019.5130
-1012.0550 -1026.2619 -1018.9695
-1012.0550 -1025.7896 -1017.9824
-1012.0550 -1024.4798 -1017.4713
-1012.0550 -1023.4067 -1016.6364
-1012.0550 -1022.3896 -1016.2879
-1006.9743 -1020.2309 -1015.6513
-1006.9743 -1020.0943 -1015.3862
-1006.9743 -1018.7417 -1014.9072
-1006.9743 -1018.7417 -1014.6427
-1006.9743 -1018.7417 -1014.2355
-1006.9743 -1018.7417 -1014.0001
-1006.9743 -1018.7417 -1013.5665
-1006.9743 -1018.7417 -1013.0673
-1006.9743 -1018.4285 -1012.6982
-1006.9743 -1018.4285 -1012.3093
-1000.7497 -1017.8457 -1011.7302
-998.2450 -1016.8114 -1011.0012
-998.2450 -1015.2639 -1009.8977
-998.2450 -1014.2795 -1009.5573
-998.2450 -1013.2924 -1008.9051
-998.2450 -1013.2924 -1008.5722
-998.2450 -1013.2924 -1008.2712
-998.2450 -1013.2924 -1007.4655
-990.6778 -1013.2924 -1006.4113
-990.6778 -1012.0550 -1005.4405
-990.6778 -1012.0550 -1004.4010
-990.6778 -1012.0550 -1003.9735
-990.6778 -1012.0550 -1003.5459
-990.6778 -1012.0550 -1002.7352
-990.6778 -1012.0550 -1002.0314
-990.6778 -1012.0550 -1001.5023
-990.6778 -1010.1471 -1000.6082
-990.6778 -1006.9743 -999.8067
-990.6778 -1006.9743 -999.4808
-990.6778 -1006.9743 -999.1549
-989.6484 -1006.9743 -998.0804
-989.6484 -1006.9743 -997.3954
-989.6484 -1006.3443 -996.3251
-989.6484 -1003.3032 -995.6636
-989.6484 -1001.8757 -995.2266
-985.6969 -999.7204 -994.3704
-983.5938 -999.3194 -993.5432
-983.5938 -998.2450 -992.8950
-983.5938 -998.2450 -992.3286
-983.5938 -998.2450 -991.8441
-983.5938 -998.2450 -991.3791
-983.5938 -998.2450 -990.9348
-983.5938 -998.2450 -990.6158
-982.6424 -996.9494 -989.7939
-982.6424 -996.8008 -989.3649
-982.6424 -993.8141 -988.8406
-982.6424 -992.1450 -988.5139
-982.6424 -991.4620 -988.3010
-982.6424 -991.4620 -988.1246
-982.6424 -990.6778 -987.7388
-982.6424 -990.6778 -987.4174
-979.3027 -990.6778 -987.0292
-979.3027 -990.6778 -986.5415
-979.3027 -990.6778 -986.2751
-979.3027 -990.6778 -985.8504
-979.3027 -990.6778 -985.6229
-979.3027 -990.6778 -985.3749
-979.3027 -990.6778 -985.1474
-979.3027 -990.6778 -984.7598
-979.3027 -989.6484 -984.1828
-979.3027 -989.6484 -983.5621
-979.3027 -989.6484 -983.2937
-979.3027 -989.6484 -982.8798
-979.3027 -989.5879 -982.3601
-978.7853 -986.5739 -981.8002
-978.7853 -985.6969 -981.5129
-978.7853 -983.7670 -981.1648
-978.7853 -983.5938 -981.0597
-978.7853 -983.5938 -980.8645
-978.7853 -983.5938 -980.6635
-975.1863 -982.6424 -980.0684
-972.2855 -982.6424 -979.6350
-972.2855 -982.6424 -979.3820
-972.2855 -982.6424 -979.1749
-972.2855 -982.6424 -978.9678
-972.2855 -982.6424 -978.6250
-972.2855 -982.6424 -978.4178
-972.2855 -982.6424 -978.1336
-972.2855 -981.0120 -977.8858
-972.0935 -979.4252 -977.5300
-972.0935 -979.3027 -977.3692
-968.1251 -979.3027 -976.8125
-968.1251 -979.3027 -976.5890
-968.1251 -979.3027 -976.2103
-968.1251 -979.3027 -975.9098
-968.1251 -979.3027 -975.5134
-968.1251 -979.3027 -975.2560
-968.1251 -979.3027 -975.0183
-968.1251 -979.3027 -974.5712
-968.1251 -978.7853 -974.0603
-968.1251 -978.7853 -973.8188
-968.1251 -978.7853 -973.6056
-968.1251 -978.7853 -973.3338
-968.1251 -978.7853 -972.9713
-968.1251 -978.5945 -972.3720
-968.1251 -977.7588 -971.7543
-968.1251 -976.8971 -971.5288
-968.1251 -976.4238 -971.3036
-968.1251 -975.6073 -970.7497
-968.1251 -975.1863 -970.3449
-968.1251 -973.2640 -970.1478
-968.1251 -972.2855 -969.9833
-959.2020 -972.2855 -969.5625
-959.2020 -972.2855 -969.2249
-959.2020 -972.2855 -968.9071
-959.2020 -972.2855 -968.6454
-959.2020 -972.2855 -968.2173
-959.2020 -972.2855 -967.8724
-959.2020 -972.0935 -967.2742
-959.2020 -972.0935 -967.0164
-959.2020 -971.9330 -966.7585
-959.2020 -968.5373 -966.2336
-959.2020 -968.4947 -966.0469
-959.2020 -968.4904 -965.8611
-959.2020 -968.4904 -965.6753
-955.0416 -968.1251 -965.0865
-955.0416 -968.1251 -964.6258
-955.0416 -968.1251 -964.3641
-955.0416 -968.1251 -963.9733
-955.0416 -968.1251 -963.3634
-955.0416 -968.1251 -962.9854
-955.0416 -968.1251 -962.5595
-955.0416 -968.1251 -962.2625
-955.0416 -968.1251 -961.8748
-947.7450 -968.1251 -960.8475
-947.7450 -968.1251 -960.4399
-947.7450 -967.8102 -959.8952
-947.7450 -967.7952 -959.0929
-947.7450 -967.0958 -958.6249
-947.7450 -965.6254 -957.7771
-947.7450 -963.6774 -956.9358
-947.7450 -961.4333 -955.9609
-947.7450 -961.2040 -955.6473
-947.7450 -959.2129 -955.0553
-947.7450 -959.2020 -954.6890
-947.7450 -959.2020 -954.1405
-947.7450 -959.2020 -953.8244
-947.7450 -959.2020 -953.1997
-947.7450 -959.2020 -952.4679
-947.7450 -959.2020 -952.2388
-947.7450 -958.8494 -951.7735
-947.7450 -958.8494 -951.2153
-947.7450 -957.5082 -950.9932
-947.7450 -956.7702 -950.7979
-947.7450 -955.0416 -950.1727
-947.7450 -955.0416 -949.8321
-947.7450 -955.0416 -949.6302
-947.7450 -955.0416 -949.1058
-947.7450 -954.8528 -948.9599
-943.6287 -953.1473 -948.4055
-943.6287 -952.6064 -948.1919
-943.6287 -952.6041 -948.0102
-942.4522 -952.3566 -947.5351
-942.4522 -947.8438 -947.1573
-942.4522 -947.7450 -947.0495
-942.4522 -947.7450 -946.8291
-942.4522 -947.7450 -946.7233
-942.4522 -947.7450 -946.6174
-942.4522 -947.7450 -946.5116
-942.4522 -947.7450 -946.4057
-942.4522 -947.7450 -946.1940
-942.4522 -947.7450 -945.9823
-942.4522 -947.7450 -945.8764
-942.4522 -947.7450 -945.6441
-942.4522 -947.7450 -945.4324
-942.4522 -947.7450 -945.3266
-942.4522 -947.7450 -945.1995
-942.4522 -947.7450 -945.0936
-942.4522 -947.7450 -944.9513
-942.4522 -947.7450 -944.8454
-942.4522 -947.7450 -944.7395
-942.4522 -947.7450 -944.5278
-942.4522 -947.7450 -944.3161
-942.4522 -947.7450 -944.2103
-942.4522 -947.7450 -944.1044
-942.4522 -947.7450 -943.9724
-942.4522 -947.7450 -943.8665
-942.4522 -947.7450 -943.6548
-942.4522 -947.7450 -943.3372
-942.4522 -946.7157 -943.0711
-941.1837 -946.3064 -942.7165
-941.1837 -943.9906 -942.5568
-941.1837 -943.6287 -942.4363
-933.0232 -943.6287 -942.1753
-933.0232 -942.4522 -941.9237
-933.0232 -942.4522 -941.7351
-933.0232 -942.4522 -941.5465
-933.0232 -942.4522 -941.1440
-933.0232 -942.4522 -940.9554
-933.0232 -942.4522 -940.5783
-933.0232 -942.4522 -940.2958
-933.0232 -942.4522 -939.9186
-933.0232 -942.4522 -939.7300
-933.0232 -942.4522 -939.5415
-933.0232 -942.4522 -939.1643
-933.0232 -942.4522 -938.8992
-933.0232 -942.4522 -938.7106
-933.0232 -942.4522 -938.4967
-933.0232 -942.4522 -938.3081
-933.0232 -942.4522 -938.0122
-933.0232 -942.4522 -937.8236
-933.0232 -942.4522 -937.4637
-933.0232 -942.4522 -936.9206
-933.0232 -942.4522 -936.5743
-933.0232 -942.4522 -936.0232
-933.0232 -942.4522 -935.7345
-933.0232 -941.9348 -935.3985
-933.0232 -941.1837 -934.8719
-927.6244 -940.4877 -934.4236
-927.6244 -940.0768 -933.7978
-927.6244 -937.6139 -933.2637
-927.6244 -937.4449 -933.0640
-927.6244 -936.6593 -932.7304
-927.6244 -934.2607 -932.3635
-927.6244 -934.2602 -932.2308
-927.6244 -933.7537 -932.0735
-927.6244 -933.0342 -931.9509
-927.6244 -933.0232 -931.8286
-927.6244 -933.0232 -931.7066
-927.6244 -933.0232 -931.5131
-927.6244 -933.0232 -931.4052
-927.6244 -933.0232 -931.2140
-927.6244 -933.0232 -931.1060
-927.6244 -933.0232 -930.9847
-927.6244 -933.0232 -930.8767
-927.6244 -933.0232 -930.6608
-927.6244 -933.0232 -930.3744
-927.6244 -933.0232 -930.2665
-927.6244 -933.0232 -929.9425
-927.6244 -933.0232 -929.7266
-927.6244 -933.0232 -929.4026
-927.6244 -933.0232 -929.1867
-927.6244 -933.0232 -928.8627
-927.6244 -933.0232 -928.5388
-923.6728 -932.7698 -928.1903
-923.6728 -932.3205 -927.9137
-923.6728 -932.3205 -927.7407
-923.6728 -929.5040 -927.4307
-923.6728 -928.8628 -927.2727
-923.6728 -928.7479 -927.1689
-923.6728 -927.6244 -927.0674
-923.6728 -927.6244 -926.9883
-923.6728 -927.6244 -926.9093
-923.6728 -927.6244 -926.8303
-923.6728 -927.6244 -926.7448
-923.6728 -927.6244 -926.6658
-923.6728 -927.6244 -926.5868
-923.6728 -927.6244 -926.5077
-923.6728 -927.6244 -926.4287
-923.6728 -927.6244 -926.3497
-923.6728 -927.6244 -926.1126
-923.6728 -927.6244 -925.9545
-923.6728 -927.6244 -925.8755
-923.6728 -927.6244 -925.7174
-923.6728 -927.6244 -925.5594
-923.6728 -927.6244 -925.3223
-923.6728 -927.6244 -925.0852
-923.6728 -927.6244 -924.7690
-923.6728 -927.6244 -924.5320
-923.6728 -927.6244 -924.3739
-923.6728 -927.6244 -924.2186
-923.6728 -927.6244 -924.0998
-923.6728 -927.3023 -923.8210
-923.3310 -923.8114 -923.6688
-923.3310 -923.6728 -923.6592
-923.3310 -923.6728 -923.6523
-923.3310 -923.6728 -923.6455
-923.3310 -923.6728 -923.6387
-923.3310 -923.6728 -923.6318
-923.3310 -923.6728 -923.6250
-923.3310 -923.6728 -923.6113
-923.3310 -923.6728 -923.6045
-917.4483 -923.6728 -923.4731
-884.1739 -923.6728 -922.5587
-884.1739 -923.6728 -921.7619
-884.1739 -923.6728 -920.9650
-884.1739 -923.6728 -920.1281
-884.1739 -923.6728 -919.3381
-884.1739 -923.6728 -918.3918
-884.1739 -923.6728 -917.5717
-884.1739 -923.6728 -915.8619
-884.1739 -923.6728 -913.0126
-884.1739 -923.6728 -911.4695
-884.1739 -923.6728 -910.2499
-884.1739 -923.6728 -908.0872
-884.1739 -923.3310 -906.5144
-884.1739 -923.3310 -904.8865
-884.1739 -923.3310 -903.3500
-884.1739 -921.3259 -900.0851
-884.1739 -917.4483 -896.1835
-884.1739 -914.4483 -894.1117
-884.1739 -911.3474 -893.0064
-884.1739 -907.2884 -891.6879
-884.1739 -904.5608 -889.6154
-884.1739 -901.8422 -888.9448
-884.1739 -901.3408 -888.5915
-884.1739 -899.1498 -887.8758
-884.1739 -897.9948 -887.2586
-884.1739 -897.8498 -886.8122
-884.1739 -894.6734 -886.1794
-884.1739 -892.5955 -885.5323
-884.1739 -891.7039 -885.0467
-884.1739 -891.0747 -884.7564
-884.1739 -889.3741 -884.4804
-881.4146 -885.7123 -884.1495
-881.4146 -884.1739 -884.0635
-881.4146 -884.1739 -884.0084
-881.4146 -884.1739 -883.9532
-881.4146 -884.1739 -883.8980
-881.4146 -884.1739 -883.8428
-881.4146 -884.1739 -883.7588
-881.4146 -884.1739 -883.6749
-881.4146 -884.1739 -883.6197
-881.4146 -884.1739 -883.5093
-881.4146 -884.1739 -883.4541
-881.4146 -884.1739 -883.3990
-881.4146 -884.1739 -883.3438
-881.4146 -884.1739 -883.2334
-881.4146 -884.1739 -883.1782
-881.4146 -884.1739 -883.1230
-881.4146 -884.1739 -883.0679
-881.4146 -884.1739 -883.0127
-881.4146 -884.1739 -882.9575
-881.4146 -884.1739 -882.8471
-881.4146 -884.1739 -882.7919
-878.7440 -884.1739 -882.6281
-878.7440 -884.1739 -882.4644
-878.7440 -884.1739 -882.3558
-878.7440 -884.1739 -882.1920
-878.7440 -884.1739 -881.9730
-878.7440 -884.1739 -881.8092
-878.7440 -884.1739 -881.5920
-878.7440 -884.1739 -881.4834
-878.7440 -884.1739 -881.3196
-878.7440 -884.1739 -881.2110
-878.7440 -884.1739 -881.1024
-878.7440 -884.1739 -880.9387
-878.7440 -882.7353 -880.6663
-878.7440 -881.4146 -880.5066
-878.7440 -881.4146 -880.4532
-878.7440 -881.4146 -880.3998
-878.7440 -881.4146 -880.3464
-878.7440 -881.4146 -880.2642
-865.9555 -881.4146 -879.9016
-865.9555 -881.4146 -879.5924
-865.9555 -881.4146 -879.2298
-865.9555 -881.4146 -878.9206
-865.9555 -881.4146 -878.6115
-865.9555 -881.4146 -878.3023
-865.9555 -881.4146 -877.9931
-865.9555 -881.4146 -877.6583
-865.9555 -881.4146 -877.2287
-865.9555 -881.4146 -876.9195
-865.9555 -881.4146 -876.5569
-865.9555 -881.4146 -876.0649
-865.9555 -881.4146 -875.7023
-865.9555 -881.4146 -874.7459
-865.9555 -880.1340 -874.4060
-865.9555 -878.7440 -873.8174
-865.9555 -878.7440 -873.3986
-865.9555 -878.7440 -872.8870
-865.9555 -878.7440 -872.3755
-865.9555 -878.7440 -871.9660
-864.6748 -878.7440 -871.4288
-864.6748 -878.7440 -870.6629
-864.6748 -878.7440 -870.3633
-864.6748 -878.7440 -870.0819
-864.6748 -878.7440 -868.9970
-864.6748 -878.7440 -868.3051
-864.6748 -878.7440 -868.0238
-864.6748 -877.2282 -867.1202
-864.6748 -876.1954 -866.8654
-864.6748 -876.0759 -866.4577
-864.6748 -871.0572 -866.0283
-864.6748 -871.0572 -865.9007
-864.6748 -867.3306 -865.5815
-864.6748 -866.1287 -865.4723
-864.6748 -865.9555 -865.4432
-864.6748 -865.9555 -865.3920
-864.6748 -865.9555 -865.3664
-864.6748 -865.9555 -865.3152
-864.6748 -865.9555 -865.2639
-864.6748 -865.9555 -865.2151
-864.6748 -865.9555 -865.1382
-864.6748 -865.9555 -865.1126
-864.6748 -865.9555 -865.0614
-864.6748 -865.9555 -865.0101
-864.6748 -865.9555 -864.9589
-864.6748 -865.9555 -864.9333
-859.7340 -865.9555 -864.7344
-859.7340 -865.9555 -864.5556
-859.7340 -865.9555 -864.4055
-859.7340 -864.7921 -864.2555
-859.7340 -864.6748 -864.0163
-859.7340 -864.6748 -863.9175
-859.7340 -864.6748 -863.8187
-859.7340 -864.6748 -863.7199
-859.7340 -864.6748 -863.5119
-859.7340 -864.6748 -863.4131
-859.7340 -864.6748 -863.3142
-859.7340 -864.6748 -863.2154
-859.7340 -864.6748 -863.0178
-859.7340 -864.6748 -862.9190
-859.7340 -864.6748 -862.8202
-859.7340 -864.6748 -862.7213
-859.7340 -864.6748 -862.6225
-859.7340 -864.6748 -862.5237
-859.7340 -864.6748 -862.4249
-859.7340 -864.6748 -862.3261
-859.7340 -864.6748 -862.2273
-859.7340 -864.6748 -862.0296
-858.4684 -864.6748 -861.8067
-858.4684 -864.6748 -861.6826
-858.4684 -864.6748 -861.5539
-858.4684 -864.6748 -861.3309
-858.4684 -864.6748 -861.1080
-858.4684 -864.6748 -860.7847
-858.4684 -864.6748 -860.5567
-858.4684 -864.6748 -860.4326
-858.4684 -864.6748 -860.2727
-858.4684 -864.1575 -859.9592
-858.4684 -863.2362 -859.6684
-857.7998 -860.1760 -859.4027
-857.7998 -859.7490 -859.3279
-857.7998 -859.7340 -859.2889
-857.7998 -859.7340 -859.2249
-857.7998 -859.7340 -859.1862
-857.7998 -859.7340 -859.1222
-857.7998 -859.7340 -859.0835
-857.7998 -859.7340 -858.9705
-857.7998 -859.7340 -858.9318
-857.7998 -859.7340 -858.8931
-857.7998 -859.7340 -858.8545
-857.7998 -859.7340 -858.8158
-857.7998 -859.7340 -858.7771
-857.7998 -859.7340 -858.7131
-857.7998 -859.7340 -858.6744
-857.7998 -859.7340 -858.6357
-857.7998 -859.7340 -858.5970
-857.7998 -859.7340 -858.5584
-857.7998 -859.7340 -858.4810
-857.7998 -859.7340 -858.4423
-857.7998 -859.7340 -858.3396
-857.7998 -859.7340 -858.2622
-857.7998 -859.7340 -858.2236
-857.7998 -859.7340 -858.1849
-857.7998 -859.7340 -858.1075
-851.4066 -858.4684 -857.9023
-851.4066 -858.4684 -857.7610
-851.4066 -858.4684 -857.6198
-851.4066 -858.4684 -857.4385
-851.4066 -858.4684 -857.2972
-851.4066 -858.4684 -857.0787
-851.4066 -858.4684 -856.8081
-851.4066 -858.4684 -856.6432
-851.4066 -857.9510 -856.3473
-851.4066 -857.7998 -856.2134
-851.4066 -857.7998 -856.0855
-851.4066 -857.7998 -855.9577
-851.4066 -857.7998 -855.8084
-851.4066 -857.7998 -855.6166
-851.4066 -857.7998 -855.4887
-851.4066 -857.7998 -855.3609
-851.4066 -857.7998 -855.2330
-851.4066 -857.7998 -855.1051
-851.4066 -857.7998 -854.9773
-851.4066 -857.7998 -854.8494
-851.4066 -857.7998 -854.7117
-849.4724 -857.7998 -854.4173
-849.4724 -857.7998 -854.1868
-849.4724 -857.7998 -853.8924
-849.4724 -857.7998 -853.7258
-849.4724 -857.7998 -853.5593
-849.4724 -857.7998 -853.3615
-849.4724 -857.7998 -853.1950
-849.4724 -857.7998 -853.0002
-849.4724 -857.7998 -852.6775
-849.4724 -857.7998 -852.3831
-849.4724 -857.7998 -852.2165
-849.4724 -857.7998 -851.9734
-849.4724 -856.7302 -851.6374
-849.4724 -856.2393 -851.2931
-849.4724 -854.6016 -851.0939
-849.4724 -854.6016 -850.9274
-849.4724 -852.0029 -850.7609
-849.4724 -851.4066 -850.7103
-849.4724 -851.4066 -850.5942
-849.4724 -851.4066 -850.5555
-849.4724 -851.4066 -850.5169
-849.4724 -851.4066 -850.4782
-849.4724 -851.4066 -850.4008
-849.4724 -851.4066 -850.2848
-849.4724 -851.4066 -850.2461
-849.4724 -851.4066 -850.2074
-849.4724 -851.4066 -850.1300
-849.4724 -851.4066 -850.0140
-849.4724 -851.4066 -849.9366
-849.4724 -851.4066 -849.8205
-849.4724 -851.4066 -849.7432
-849.4724 -851.4066 -849.6271
-849.4724 -851.4066 -849.5884
-849.4724 -851.4066 -849.5111
-847.8923 -849.4724 -849.4408
-847.8923 -849.4724 -849.4092
-847.8923 -849.4724 -849.3776
-847.8923 -849.4724 -849.3460
-847.8923 -849.4724 -849.3144
-847.8923 -849.4724 -849.2828
-847.8923 -849.4724 -849.2512
-847.8923 -849.4724 -849.2196
-847.8923 -849.4724 -849.1880
-847.8923 -849.4724 -849.1564
-847.8923 -849.4724 -849.0932
-847.8923 -849.4724 -849.0616
-847.8923 -849.4724 -848.9984
-847.8923 -849.4724 -848.9668
-847.6298 -849.4724 -848.8983
-847.6298 -849.4724 -848.8615
-847.6298 -849.4724 -848.8246
-847.6298 -849.4724 -848.7562
-847.6298 -849.4724 -848.7193
-847.6298 -849.4724 -848.6825
-847.6298 -849.4724 -848.6175
-847.6298 -849.4724 -848.5806
-847.6298 -849.4724 -848.5438
-847.6298 -849.4724 -848.4437
-847.6298 -849.4724 -848.3332
-847.6298 -849.4724 -848.2331
-847.6298 -849.4724 -848.1646
-847.6298 -849.4724 -848.1278
-847.6298 -849.4724 -848.0593
-847.6298 -849.4724 -848.0225
-847.6298 -849.4724 -847.9532
-847.6298 -849.4724 -847.9164
-847.6298 -849.4724 -847.8427
-847.6298 -848.0655 -847.7750
-847.6298 -847.8923 -847.7663
-847.6298 -847.8923 -847.7611
-847.6298 -847.8923 -847.7558
-847.6298 -847.8923 -847.7506
-847.3749 -847.8923 -847.7350
-847.3749 -847.8923 -847.7141
-847.3749 -847.8923 -847.7038
-847.3749 -847.8923 -847.6934
-847.3749 -847.8923 -847.6778
-847.3749 -847.8923 -847.6570
-847.3749 -847.8923 -847.6414
-847.3749 -847.8923 -847.6258
-847.3749 -847.8923 -847.6102
-847.3749 -847.8923 -847.5790
-847.3749 -847.6298 -847.5687
-847.3749 -847.6298 -847.5636
-847.3749 -847.6298 -847.5585
-847.3749 -847.6298 -847.5534
-847.3749 -847.6298 -847.5432
-847.3749 -847.6298 -847.5381
-847.3749 -847.6298 -847.5228
-844.8690 -847.6298 -847.4574
-844.8690 -847.6298 -847.4022
-844.8690 -847.6298 -847.3309
-844.8690 -847.6298 -847.2757
-844.8690 -847.6298 -847.2205
-844.8690 -847.6298 -847.1653
-844.8690 -847.6298 -847.1100
-844.8690 -847.6298 -847.0548
-844.8690 -847.6298 -846.9945
-843.0265 -847.6298 -846.8312
-843.0265 -847.6298 -846.7391
-843.0265 -847.6298 -846.6368
-843.0265 -847.6298 -846.5448
-843.0265 -847.6298 -846.4527
-843.0265 -847.6298 -846.3504
-843.0265 -847.6298 -846.2032
-843.0265 -847.3749 -846.0551
-843.0265 -847.3749 -845.9682
-843.0265 -847.3749 -845.8311
-843.0265 -847.3749 -845.6575
-843.0265 -847.3749 -845.5347
-843.0265 -847.3749 -845.3607
-843.0265 -847.3749 -845.2629
-843.0265 -847.3749 -845.1760
-843.0265 -847.3749 -845.0890
-843.0265 -847.3749 -845.0020
-843.0265 -847.3749 -844.8709
-843.0265 -847.3749 -844.7839
-843.0265 -847.3749 -844.6001
-843.0265 -847.3749 -844.5022
-843.0265 -847.3749 -844.4044
-843.0265 -846.8276 -844.2019
-843.0265 -846.8276 -844.0107
-843.0265 -845.5841 -843.8418
-843.0265 -845.5841 -843.7904
-843.0265 -844.8690 -843.6883
-843.0265 -844.8690 -843.6515
-843.0265 -844.8690 -843.5778
-843.0265 -844.8690 -843.5061
-843.0265 -844.8690 -843.4324
-843.0265 -844.8690 -843.3955
-843.0265 -844.8690 -843.3218
-843.0265 -844.8690 -843.2850
-843.0265 -844.8324 -843.1007
-843.0265 -843.1252 -843.0285
-843.0265 -843.0265 -843.0265
-843.0265 -843.0265 -843.0265
-843.0265 -843.0265 -843.0265
-843.0265 -843.0265 -843.0265
-843.0265 -843.0265 -843.0265
-843.0265 -843.0265 -843.0265
-843.0265 -843.0265 -843.0265
-843.0265 -843.0265 -843.0265
-843.0265 -843.0265 -843.0265
-843.0265 -843.0265 -843.0265
-843.0265 -843.0265 -843.0265
-843.0265 -843.0265 -843.0265
-843.0265 -843.0265 -843.0265
-843.0265 -843.0265 -843.0265
-843.0265 -843.0265 -843.0265
-843.0265 -843.0265 -843.0265
-843.0265 -843.0265 -843.0265
-843.0265 -843.0265 -843.0265
-843.0265 -843.0265 -843.0265
-843.0265 -843.0265 -843.0265
-843.0265 -843.0265 -843.0265
-843.0265 -843.0265 -843.0265
-843.0265 -843.0265 -843.0265
-843.0265 -843.0265 -843.0265
-843.0265 -843.0265 -843.0265
-843.0265 -843.0265 -843.0265
-843.0265 -843.0265 -843.0265
-843.0265 -843.0265 -843.0265
-843.0265 -843.0265 -843.0265
-843.0265 -843.0265 -843.0265
-843.0265 -843.0265 -843.0265
-843.0265 -843.0265 -843.0265
-843.0265 -843.0265 -843.0265
-843.0265 -843.0265 -843.0265
-843.0265 -843.0265 -843.0265
-843.0265 -843.0265 -843.0265
-843.0265 -843.0265 -843.0265
-843.0265 -843.0265 -843.0265
-843.0265 -843.0265 -843.0265
-843.0265 -843.0265 -843.0265
-843.0265 -843.0265 -843.0265
-843.0265 -843.0265 -843.0265
-843.0265 -843.0265 -843.0265
-843.0265 -843.0265 -843.0265
-843.0265 -843.0265 -843.0265
-843.0265 -843.0265 -843.0265
-843.0265 -843.0265 -843.0265
-843.0265 -843.0265 -843.0265
-843.0265 -843.0265 -843.0265
-843.0265 -843.0265 -843.0265
-843.0265 -843.0265 -843.0265
-843.0265 -843.0265 -843.0265
-843.0265 -843.0265 -843.0265
-843.0265 -843.0265 -843.0265
-843.0265 -843.0265 -843.0265
-843.0265 -843.0265 -843.0265
-843.0265 -843.0265 -843.0265
-842.9898 -843.0265 -843.0258
-842.9898 -843.0265 -843.0250
-842.9898 -843.0265 -843.0243
-842.9898 -843.0265 -843.0236
-842.9898 -843.0265 -843.0228
-842.9898 -843.0265 -843.0221
-842.9898 -843.0265 -843.0206
-842.9898 -843.0265 -843.0199
-842.9898 -843.0265 -843.0192
-842.9898 -843.0265 -843.0177
-842.9898 -843.0265 -843.0170
-842.9898 -843.0265 -843.0162
-842.9898 -843.0265 -843.0155
-842.9898 -843.0265 -843.0140
-842.9898 -843.0265 -843.0118
-842.9898 -843.0265 -843.0104
-842.9898 -843.0265 -843.0089
-842.9898 -843.0265 -843.0074
-842.9898 -843.0265 -843.0067
-842.9898 -843.0265 -843.0045
-842.9898 -843.0265 -843.0038
-842.9898 -843.0265 -843.0030
-842.9898 -843.0265 -843.0023
-842.9898 -843.0265 -843.0008
-842.9898 -843.0265 -842.9986
-842.9898 -843.0265 -842.9979
-842.9898 -843.0265 -842.9972
-842.9898 -843.0265 -842.9957
-842.9898 -843.0265 -842.9950
-842.9898 -843.0265 -842.9935
-842.9898 -843.0265 -842.9920
-842.9898 -842.9898 -842.9898
-842.9898 -842.9898 -842.9898
-842.9898 -842.9898 -842.9898
-842.9898 -842.9898 -842.9898
-842.9898 -842.9898 -842.9898
-842.9898 -842.9898 -842.9898
-842.9898 -842.9898 -842.9898
-842.9898 -842.9898 -842.9898
-842.9898 -842.9898 -842.9898
-842.9898 -842.9898 -842.9898
-842.9898 -842.9898 -842.9898
-842.9898 -842.9898 -842.9898
-842.9898 -842.9898 -842.9898
-842.9898 -842.9898 -842.9898
-842.9898 -842.9898 -842.9898
-842.9898 -842.9898 -842.9898
-842.9898 -842.9898 -842.9898
-842.9898 -842.9898 -842.9898
-842.9898 -842.9898 -842.9898
-842.9898 -842.9898 -842.9898
-842.9898 -842.9898 -842.9898
-842.9898 -842.9898 -842.9898
-842.9898 -842.9898 -842.9898
-842.9898 -842.9898 -842.9898
-842.9898 -842.9898 -842.9898
-842.9898 -842.9898 -842.9898
-842.9898 -842.9898 -842.9898
-842.9898 -842.9898 -842.9898
-842.9898 -842.9898 -842.9898
-842.9898 -842.9898 -842.9898
-842.9898 -842.9898 -842.9898
-842.9898 -842.9898 -842.9898
-842.9898 -842.9898 -842.9898
-842.9898 -842.9898 -842.9898
-842.9898 -842.9898 -842.9898
-842.9898 -842.9898 -842.9898
-842.9898 -842.9898 -842.9898
-842.9898 -842.9898 -842.9898
-842.9898 -842.9898 -842.9898
-842.9898 -842.9898 -842.9898
-842.9898 -842.9898 -842.9898
-842.9898 -842.9898 -842.9898
-842.9898 -842.9898 -842.9898
-842.9898 -842.9898 -842.9898
-842.9898 -842.9898 -842.9898
-842.9898 -842.9898 -842.9898
-842.9898 -842.9898 -842.9898
-842.9898 -842.9898 -842.9898
-842.9898 -842.9898 -842.9898
-842.9898 -842.9898 -842.9898
-842.9898 -842.9898 -842.9898
-842.9898 -842.9898 -842.9898
-842.9898 -842.9898 -842.9898
-842.9898 -842.9898 -842.9898
-842.9898 -842.9898 -842.9898
-842.9898 -842.9898 -842.9898
-842.9898 -842.9898 -842.9898
-842.9898 -842.9898 -842.9898
-842.9898 -842.9898 -842.9898
-842.9898 -842.9898 -842.9898
-842.9898 -842.9898 -842.9898
-842.9898 -842.9898 -842.9898
-842.9898 -842.9898 -842.9898
-842.9898 -842.9898 -842.9898
-839.2653 -842.9898 -842.9153
-839.2653 -842.9898 -842.8408
-839.2653 -842.9898 -842.7664
-839.2653 -842.9898 -842.6919
-839.2653 -842.9898 -842.5429
-839.2653 -842.9898 -842.4684
-839.2653 -842.9898 -842.3939
-839.2653 -842.9898 -842.3194
-839.2653 -842.9898 -842.1704
-839.2653 -842.9898 -842.0960
-839.2653 -842.9898 -841.9811
-839.2653 -842.9898 -841.9066
-839.2653 -842.9898 -841.8321
-839.2653 -842.9898 -841.7377
-839.2653 -842.9898 -841.6632
-839.2653 -842.9898 -841.5887
-839.2653 -842.9898 -841.5142
-839.2653 -842.9898 -841.4397
-839.2653 -842.9898 -841.2162
-839.2653 -842.9898 -841.0673
-839.2653 -842.9898 -840.8779
-839.2653 -842.9898 -840.7289
-839.2653 -842.9898 -840.5055
-839.2653 -842.9898 -840.4310
-839.2653 -842.9898 -840.2075
-839.2653 -842.9898 -840.1330
-839.2653 -842.9898 -840.0585
-839.2653 -842.9898 -839.9840
-839.2653 -842.9898 -839.7947
-839.2653 -842.9898 -839.6457
-839.2653 -842.9898 -839.4967
-839.2653 -840.9715 -839.3677
-839.2653 -839.2653 -839.2653
-839.2653 -839.2653 -839.2653
-839.2653 -839.2653 -839.2653
-839.2653 -839.2653 -839.2653
-839.2653 -839.2653 -839.2653
-839.2653 -839.2653 -839.2653
-839.2653 -839.2653 -839.2653
-839.2653 -839.2653 -839.2653
-839.2653 -839.2653 -839.2653
-839.2653 -839.2653 -839.2653
-839.2653 -839.2653 -839.2653
-839.2653 -839.2653 -839.2653
-839.2653 -839.2653 -839.2653
-839.2653 -839.2653 -839.2653
-839.2653 -839.2653 -839.2653
-839.2653 -839.2653 -839.2653
-839.2653 -839.2653 -839.2653
-839.2653 -839.2653 -839.2653
-839.2653 -839.2653 -839.2653
-839.2653 -839.2653 -839.2653
-839.2653 -839.2653 -839.2653
-839.2653 -839.2653 -839.2653
-839.2653 -839.2653 -839.2653
-839.2653 -839.2653 -839.2653
-839.2653 -839.2653 -839.2653
-839.2653 -839.2653 -839.2653
-839.2653 -839.2653 -839.2653
-839.2653 -839.2653 -839.2653
-839.2653 -839.2653 -839.2653
-839.2653 -839.2653 -839.2653
-839.2653 -839.2653 -839.2653
-839.2653 -839.2653 -839.2653
-839.2653 -839.2653 -839.2653
-839.2653 -839.2653 -839.2653
-839.2653 -839.2653 -839.2653
-839.2653 -839.2653 -839.2653
-839.2653 -839.2653 -839.2653
-839.2653 -839.2653 -839.2653
-839.2653 -839.2653 -839.2653
-839.2653 -839.2653 -839.2653
-839.2653 -839.2653 -839.2653
-839.2653 -839.2653 -839.2653
-839.2653 -839.2653 -839.2653
-839.2653 -839.2653 -839.2653
-839.2653 -839.2653 -839.2653
-839.2653 -839.2653 -839.2653
-839.2653 -839.2653 -839.2653
-839.2653 -839.2653 -839.2653
-839.2653 -839.2653 -839.2653
-839.0765 -839.2653 -839.2616
-839.0765 -839.2653 -839.2578
-839.0765 -839.2653 -839.2502
-839.0765 -839.2653 -839.2465
-839.0765 -839.2653 -839.2427
-839.0765 -839.2653 -839.2389
-839.0765 -839.2653 -839.2351
-839.0765 -839.2653 -839.2314
-839.0765 -839.2653 -839.2276
-839.0765 -839.2653 -839.2238
-839.0765 -839.2653 -839.2200
-839.0765 -839.2653 -839.2163
-839.0765 -839.2653 -839.2125
-839.0765 -839.2653 -839.1974
-839.0765 -839.2653 -839.1936
-839.0765 -839.2653 -839.1860
-839.0765 -839.2653 -839.1823
-839.0765 -839.2653 -839.1747
-839.0765 -839.2653 -839.1709
-839.0765 -839.2653 -839.1634
-839.0765 -839.2653 -839.1596
-839.0765 -839.2653 -839.1558
-839.0765 -839.2653 -839.1452
-839.0765 -839.2653 -839.1415
-839.0765 -839.2653 -839.1339
-839.0765 -839.2653 -839.1263
-839.0765 -839.2653 -839.1226
-839.0765 -839.2653 -839.1120
-839.0765 -839.2653 -839.1082
-839.0765 -839.2653 -839.1044
-839.0765 -839.2653 -839.0969
-839.0765 -839.2653 -839.0893
-838.9257 -839.1132 -839.0750
-838.9257 -839.1132 -839.0712
-838.9257 -839.0765 -839.0675
-838.9257 -839.0765 -839.0645
-838.9257 -839.0765 -839.0614
-838.9257 -839.0765 -839.0584
-838.9257 -839.0765 -839.0554
-838.9257 -839.0765 -839.0524
-838.9257 -839.0765 -839.0494
-838.9257 -839.0765 -839.0464
-838.9257 -839.0765 -839.0433
-838.9257 -839.0765 -839.0403
-838.9257 -839.0765 -839.0343
-838.9257 -839.0765 -839.0283
-838.9257 -839.0765 -839.0252
-838.9257 -839.0765 -839.0222
-838.9257 -839.0765 -839.0162
-838.9257 -839.0765 -839.0132
-838.9257 -839.0765 -839.0102
-838.9257 -839.0765 -839.0071
-838.9257 -839.0765 -838.9981
-838.9257 -839.0765 -838.9890
-838.9257 -839.0765 -838.9830
-838.9257 -839.0765 -838.9800
-838.9257 -839.0765 -838.9770
-838.9257 -839.0765 -838.9679
-838.9257 -839.0765 -838.9649
-838.9257 -839.0765 -838.9529
-838.9257 -839.0765 -838.9468
-838.9257 -839.0765 -838.9408
-838.9257 -839.0765 -838.9378
-838.9257 -839.0765 -838.9317
-838.9257 -839.0765 -838.9287
-838.9257 -838.9257 -838.9257
-838.9257 -838.9257 -838.9257
-836.9073 -838.9257 -838.8853
-836.9073 -838.9257 -838.8450
-836.9073 -838.9257 -838.7642
-836.9073 -838.9257 -838.7239
-836.9073 -838.9257 -838.6835
-836.9073 -838.9257 -838.6028
-836.9073 -838.9257 -838.5220
-836.9073 -838.9257 -838.4817
-836.9073 -838.9257 -838.4413
-836.9073 -838.9257 -838.4009
-836.9073 -838.9257 -838.3202
-836.9073 -838.9257 -838.2798
-836.9073 -838.9257 -838.2395
-836.9073 -838.9257 -838.1991
-836.9073 -838.9257 -838.1184
-836.9073 -838.9257 -838.0780
-836.9073 -838.9257 -837.9973
-836.9073 -838.9257 -837.9165
-836.9073 -838.9257 -837.8121
-836.9073 -838.9257 -837.7313
-836.9073 -838.9257 -837.6102
-836.9073 -838.9257 -837.5699
-836.9073 -838.9257 -837.4891
-836.9073 -838.9257 -837.4084
-836.9073 -838.9257 -837.3680
-836.9073 -838.9257 -837.2873
-836.9073 -838.9257 -837.2469
-836.9073 -838.9257 -837.1662
-836.9073 -838.9257 -837.0855
-836.9073 -838.9257 -837.0047
-836.9073 -837.6224 -836.9240
-836.9073 -837.0251 -836.9097
-836.9073 -836.9073 -836.9073
-836.9073 -836.9073 -836.9073
-836.9073 -836.9073 -836.9073
-836.9073 -836.9073 -836.9073
-836.9073 -836.9073 -836.9073
-836.9073 -836.9073 -836.9073
-836.9073 -836.9073 -836.9073
-836.9073 -836.9073 -836.9073
-836.9073 -836.9073 -836.9073
-836.9073 -836.9073 -836.9073
-836.9073 -836.9073 -836.9073
-836.9073 -836.9073 -836.9073
-836.9073 -836.9073 -836.9073
-836.9073 -836.9073 -836.9073
-836.9073 -836.9073 -836.9073
-836.9073 -836.9073 -836.9073
-836.9073 -836.9073 -836.9073
-836.9073 -836.9073 -836.9073
-836.9073 -836.9073 -836.9073
-836.9073 -836.9073 -836.9073
-836.9073 -836.9073 -836.9073
-836.9073 -836.9073 -836.9073
-836.9073 -836.9073 -836.9073
-836.9073 -836.9073 -836.9073
-836.9073 -836.9073 -836.9073
-836.9073 -836.9073 -836.9073
-836.9073 -836.9073 -836.9073
-836.9073 -836.9073 -836.9073
-836.9073 -836.9073 -836.9073
-836.9073 -836.9073 -836.9073
-836.9073 -836.9073 -836.9073
-836.9073 -836.9073 -836.9073
-836.9073 -836.9073 -836.9073
-836.9073 -836.9073 -836.9073
-836.9073 -836.9073 -836.9073
-836.9073 -836.9073 -836.9073
-836.9073 -836.9073 -836.9073
-836.9073 -836.9073 -836.9073
-836.9073 -836.9073 -836.9073
-836.9073 -836.9073 -836.9073
-836.9073 -836.9073 -836.9073
-836.9073 -836.9073 -836.9073
-836.9073 -836.9073 -836.9073
-836.9073 -836.9073 -836.9073
-836.9073 -836.9073 -836.9073
-836.9073 -836.9073 -836.9073
-836.9073 -836.9073 -836.9073
-836.9073 -836.9073 -836.9073
-836.9073 -836.9073 -836.9073
-836.9073 -836.9073 -836.9073
-836.9073 -836.9073 -836.9073
-836.9073 -836.9073 -836.9073
-836.9073 -836.9073 -836.9073
-836.9073 -836.9073 -836.9073
-836.9073 -836.9073 -836.9073
-836.9073 -836.9073 -836.9073
-836.9073 -836.9073 -836.9073
-836.9073 -836.9073 -836.9073
-836.9073 -836.9073 -836.9073
-836.9073 -836.9073 -836.9073
-836.9073 -836.9073 -836.9073
-836.9073 -836.9073 -836.9073
-836.9073 -836.9073 -836.9073
-836.9073 -836.9073 -836.9073
-836.9073 -836.9073 -836.9073
-836.9073 -836.9073 -836.9073
-836.9073 -836.9073 -836.9073
-836.9073 -836.9073 -836.9073
-836.9073 -836.9073 -836.9073
-836.9073 -836.9073 -836.9073
-836.9073 -836.9073 -836.9073
-836.9073 -836.9073 -836.9073
-836.9073 -836.9073 -836.9073
-836.9073 -836.9073 -836.9073
-836.9073 -836.9073 -836.9073
-836.9073 -836.9073 -836.9073
-836.9073 -836.9073 -836.9073
-836.9073 -836.9073 -836.9073
-836.9073 -836.9073 -836.9073
-836.9073 -836.9073 -836.9073
-836.9073 -836.9073 -836.9073
-836.9073 -836.9073 -836.9073
-836.9073 -836.9073 -836.9073
-836.9073 -836.9073 -836.9073
-836.9073 -836.9073 -836.9073
-836.9073 -836.9073 -836.9073
-836.9073 -836.9073 -836.9073
-836.9073 -836.9073 -836.9073
-836.9073 -836.9073 -836.9073
-836.9073 -836.9073 -836.9073
-836.9073 -836.9073 -836.9073
-836.9073 -836.9073 -836.9073
-836.9073 -836.9073 -836.9073
-836.9073 -836.9073 -836.9073
-836.9073 -836.9073 -836.9073
-836.9073 -836.9073 -836.9073
-836.9073 -836.9073 -836.9073
-836.9073 -836.9073 -836.9073
-836.9073 -836.9073 -836.9073
-836.9073 -836.9073 -836.9073
-836.9073 -836.9073 -836.9073
-836.9073 -836.9073 -836.9073
-836.9073 -836.9073 -836.9073
-836.9073 -836.9073 -836.9073
-836.9073 -836.9073 -836.9073
-836.9073 -836.9073 -836.9073
-836.9073 -836.9073 -836.9073
-836.9073 -836.9073 -836.9073
-836.9073 -836.9073 -836.9073
-836.9073 -836.9073 -836.9073
-836.9073 -836.9073 -836.9073
-836.9073 -836.9073 -836.9073
-836.9073 -836.9073 -836.9073
-836.9073 -836.9073 -836.9073
-836.9073 -836.9073 -836.9073
-836.9073 -836.9073 -836.9073
-836.9073 -836.9073 -836.9073
-836.9073 -836.9073 -836.9073
-836.9073 -836.9073 -836.9073
-836.9073 -836.9073 -836.9073
-836.9073 -836.9073 -836.9073
-836.9073 -836.9073 -836.9073
-836.9073 -836.9073 -836.9073
-836.9073 -836.9073 -836.9073
-836.9073 -836.9073 -836.9073
-836.9073 -836.9073 -836.9073
-836.9073 -836.9073 -836.9073
-836.9073 -836.9073 -836.9073
-836.9073 -836.9073 -836.9073
-836.9073 -836.9073 -836.9073
-836.9073 -836.9073 -836.9073
-836.9073 -836.9073 -836.9073
-836.9073 -836.9073 -836.9073
-836.9073 -836.9073 -836.9073
-836.9073 -836.9073 -836.9073
-836.9073 -836.9073 -836.9073
-836.9073 -836.9073 -836.9073
-836.9073 -836.9073 -836.9073
-836.9073 -836.9073 -836.9073
-836.9073 -836.9073 -836.9073
-836.9073 -836.9073 -836.9073
-836.9073 -836.9073 -836.9073
-836.9073 -836.9073 -836.9073
-836.9073 -836.9073 -836.9073
-836.9073 -836.9073 -836.9073
-836.9073 -836.9073 -836.9073
-836.9073 -836.9073 -836.9073
-836.9073 -836.9073 -836.9073
-836.9073 -836.9073 -836.9073
-836.9073 -836.9073 -836.9073
-836.9073 -836.9073 -836.9073
-836.9073 -836.9073 -836.9073
-836.9073 -836.9073 -836.9073
-836.9073 -836.9073 -836.9073
-836.9073 -836.9073 -836.9073
-836.9073 -836.9073 -836.9073
-836.9073 -836.9073 -836.9073
-836.9073 -836.9073 -836.9073
-836.9073 -836.9073 -836.9073
-836.9073 -836.9073 -836.9073
-836.9073 -836.9073 -836.9073
-836.9073 -836.9073 -836.9073
-836.9073 -836.9073 -836.9073
-836.9073 -836.9073 -836.9073
-836.9073 -836.9073 -836.9073
-836.9073 -836.9073 -836.9073
-836.9073 -836.9073 -836.9073
-836.9073 -836.9073 -836.9073
-836.9073 -836.9073 -836.9073
-836.9073 -836.9073 -836.9073
-836.9073 -836.9073 -836.9073
-836.9073 -836.9073 -836.9073
-836.9073 -836.9073 -836.9073
-836.9073 -836.9073 -836.9073
-836.9073 -836.9073 -836.9073
-836.9073 -836.9073 -836.9073
-836.9073 -836.9073 -836.9073
-836.9073 -836.9073 -836.9073
-836.9073 -836.9073 -836.9073
