-5169.5907 -5711.3789 -5466.7618
-5131.5026 -5490.6620 -5335.1860
-5131.5026 -5354.5434 -5246.9798
-5057.1553 -5254.6189 -5191.8369
-5057.1553 -5209.6782 -5159.5718
-5016.6882 -5171.0582 -5130.5375
-5016.6882 -5146.6452 -5103.9244
-4995.2636 -5126.0432 -5071.5811
-4923.4191 -5070.8392 -5034.1087
-4895.7025 -5044.5374 -5002.1744
-4892.2531 -5012.6324 -4975.2176
-4829.6294 -4981.8209 -4933.3832
-4818.5069 -4941.2593 -4900.1009
-4763.2833 -4911.8552 -4866.6671
-4753.0652 -4880.9300 -4836.4843
-4693.4682 -4848.6402 -4805.3442
-4671.0001 -4818.5069 -4778.1418
-4608.8196 -4791.9872 -4741.5162
-4576.9439 -4761.8754 -4709.6839
-4490.2996 -4729.0932 -4669.0834
-4490.2996 -4693.4682 -4640.4977
-4490.2996 -4663.6753 -4609.2617
-4490.2996 -4617.4287 -4579.2334
-4486.8524 -4586.9937 -4552.2248
-4425.1500 -4568.5466 -4529.0307
-4411.7128 -4548.9229 -4500.2302
-4370.4158 -4514.9861 -4476.2956
-4370.4158 -4491.5590 -4456.7155
-4347.7473 -4479.4809 -4429.7342
-4330.9708 -4439.1820 -4401.4198
-4294.6974 -4413.9263 -4376.2656
-4255.9531 -4382.9599 -4355.1347
-4255.9531 -4370.4158 -4338.0511
-4237.4936 -4349.8073 -4310.8527
-4189.5319 -4325.6091 -4289.1568
-4189.5319 -4303.0059 -4266.9989
-4188.0866 -4272.3612 -4243.9377
-4160.1679 -4246.9154 -4221.7019
-4144.6063 -4236.3061 -4206.7800
-4109.6392 -4219.9530 -4189.0041
-4044.3563 -4196.6707 -4167.3318
-4044.3563 -4187.5378 -4142.2523
-3956.5637 -4162.2386 -4116.6323
-3956.5637 -4137.1263 -4092.9084
-3956.5637 -4108.3728 -4062.7817
-3956.5637 -4085.6133 -4039.3869
-3928.1074 -4049.7354 -4015.9929
-3928.1074 -4037.0584 -3993.9170
-3850.2204 -3999.7818 -3965.9493
-3847.4413 -3977.8785 -3942.9908
-3847.4413 -3956.5637 -3921.7041
-3823.0945 -3941.8902 -3901.5635
-3787.8776 -3918.7575 -3881.3872
-3768.3170 -3897.3295 -3859.0495
-3753.6891 -3873.6209 -3836.5918
-3753.6891 -3854.8898 -3822.2208
-3735.5365 -3833.1280 -3806.3295
-3717.4913 -3823.0945 -3787.0783
-3695.4902 -3804.4528 -3767.3534
-3695.4902 -3781.6664 -3749.9787
-3695.4902 -3768.5213 -3739.8940
-3681.6103 -3759.5395 -3729.5801
-3640.5001 -3740.3392 -3715.2344
-3610.2113 -3720.5981 -3698.6224
-3610.2113 -3714.8265 -3684.7878
-3610.2113 -3696.9491 -3670.5603
-3610.2113 -3684.5085 -3658.4988
-3598.4896 -3672.4458 -3648.0227
-3592.8392 -3667.3692 -3636.9540
-3533.3230 -3648.6908 -3623.0513
-3533.3230 -3635.3183 -3605.0876
-3533.3230 -3614.1196 -3592.1050
-3504.6772 -3608.4628 -3577.6887
-3430.6943 -3597.9375 -3562.5951
-3430.6943 -3581.9432 -3544.4390
-3430.6943 -3561.8121 -3529.1604
-3430.6943 -3546.8324 -3511.4350
-3386.0192 -3533.3230 -3490.8093
-3386.0192 -3509.1195 -3467.2855
-3386.0192 -3486.2557 -3448.1357
-3343.5181 -3460.2211 -3426.5688
-3343.5181 -3444.2523 -3412.8422
-3316.8653 -3429.1466 -3397.2479
-3308.3615 -3416.1868 -3387.5088
-3308.3615 -3406.7698 -3376.5705
-3283.3638 -3398.5321 -3363.4573
-3283.3638 -3386.0192 -3348.4101
-3277.7019 -3373.4892 -3336.3286
-3277.7019 -3346.4359 -3320.7621
-3272.3296 -3338.8786 -3310.6705
-3272.3296 -3320.6864 -3301.4186
-3254.0773 -3311.9804 -3294.1993
-3247.7476 -3303.7512 -3284.8739
-3247.7476 -3295.1614 -3277.1710
-3231.5092 -3283.6454 -3268.6174
-3207.2383 -3278.1385 -3261.2244
-3207.2383 -3272.3296 -3252.1840
-3196.0194 -3266.2090 -3244.9694
-3180.9203 -3258.5431 -3235.5163
-3140.1630 -3247.7476 -3226.1273
-3134.3256 -3238.7071 -3211.9436
-3134.3256 -3231.8280 -3202.7661
-3134.3256 -3219.5807 -3189.3369
-3134.3256 -3207.2100 -3174.7066
-3134.3256 -3192.4918 -3163.1364
-3120.0999 -3177.0680 -3150.8094
-3092.3824 -3158.4349 -3140.5445
-3092.3824 -3150.1925 -3134.7827
-3050.2918 -3142.3856 -3125.9962
-3050.2918 -3135.4731 -3114.9819
-3050.2918 -3129.1226 -3107.2215
-3038.4813 -3120.1864 -3098.0364
-3038.4813 -3113.6145 -3087.1656
-3030.6691 -3104.4714 -3075.6696
-3030.6691 -3093.6359 -3066.9670
-3030.6691 -3080.8906 -3057.3240
-3024.4900 -3067.4384 -3049.1165
-2983.3699 -3058.3119 -3041.9916
-2983.3699 -3048.0205 -3030.7384
-2983.3699 -3040.6711 -3022.4528
-2948.3179 -3034.6932 -3013.9363
-2948.3179 -3030.6691 -3006.3666
-2948.3179 -3021.2577 -2996.0159
-2935.8723 -3011.8043 -2983.9293
-2895.9782 -3005.4424 -2971.7680
-2895.9782 -2984.1186 -2960.2611
-2895.9782 -2979.3990 -2954.2176
-2895.9782 -2968.7098 -2945.9251
-2858.5252 -2960.7107 -2932.7272
-2858.5252 -2952.7763 -2924.7956
-2858.5252 -2946.6544 -2913.6748
-2858.5252 -2935.8723 -2901.1703
-2842.1427 -2923.3192 -2891.6024
-2842.1427 -2901.3923 -2881.5269
-2801.2314 -2895.9782 -2872.0567
-2801.2314 -2885.6966 -2863.7259
-2801.2314 -2880.0604 -2855.3241
-2801.2314 -2869.7258 -2847.9845
-2801.2314 -2861.7041 -2842.5462
-2781.4890 -2858.5252 -2834.5680
-2768.1258 -2848.5781 -2824.0173
-2768.1258 -2842.1427 -2816.4968
-2725.1551 -2831.9773 -2802.4093
-2725.1551 -2819.6153 -2792.9012
-2725.1551 -2808.5076 -2783.6291
-2725.1551 -2801.2314 -2774.1961
-2725.1551 -2792.3958 -2767.5778
-2716.1288 -2782.2614 -2756.0875
-2631.0400 -2770.0746 -2745.3510
-2631.0400 -2766.7280 -2735.1915
-2631.0400 -2756.2501 -2724.3533
-2631.0400 -2741.0381 -2712.8904
-2631.0400 -2729.8358 -2701.9802
-2623.9031 -2725.1551 -2689.5904
-2587.2279 -2712.1443 -2670.5126
-2587.2279 -2691.4403 -2661.0891
-2587.2279 -2678.6728 -2649.8210
-2580.6997 -2668.0763 -2638.7443
-2580.6997 -2658.3746 -2629.9608
-2580.6997 -2648.0499 -2620.8753
-2561.5101 -2636.2060 -2612.8790
-2561.5101 -2628.9789 -2604.4223
-2561.5101 -2616.8236 -2593.8990
-2512.9422 -2607.7017 -2586.2243
-2512.9422 -2593.9628 -2579.6720
-2512.9422 -2590.5700 -2575.1196
-2512.9422 -2587.8475 -2568.0611
-2501.6751 -2586.5906 -2561.0281
-2485.4656 -2576.0924 -2548.9949
-2485.4656 -2568.1995 -2544.7077
-2485.4656 -2564.6583 -2538.6683
-2485.4656 -2558.5310 -2529.0182
-2485.4656 -2544.8437 -2519.8359
-2478.1016 -2534.8125 -2512.3996
-2461.4666 -2525.3911 -2506.0759
-2461.4666 -2518.7025 -2501.9366
-2458.8175 -2515.1223 -2496.9202
-2446.7771 -2512.4193 -2491.4455
-2446.7771 -2504.9508 -2486.0974
-2446.7771 -2500.3888 -2481.1948
-2446.7771 -2491.4371 -2476.1513
-2427.5442 -2489.5522 -2470.8304
-2427.5442 -2485.4656 -2467.8309
-2427.2666 -2478.8897 -2460.6038
-2403.6523 -2475.1763 -2455.7075
-2403.6523 -2469.9260 -2450.7334
-2403.6523 -2462.5347 -2442.1771
-2382.8812 -2458.7018 -2434.1459
-2382.8812 -2446.7771 -2425.3148
-2382.8812 -2439.7209 -2418.3125
-2382.8812 -2433.8411 -2413.1108
-2381.7314 -2429.6898 -2408.9032
-2300.0374 -2427.2666 -2402.6180
-2300.0374 -2414.5787 -2392.4670
-2300.0374 -2408.4535 -2382.3886
-2300.0374 -2403.6523 -2375.9053
-2300.0374 -2400.6675 -2368.0973
-2295.7975 -2386.9721 -2357.4833
-2295.7975 -2382.8812 -2349.7345
-2295.7975 -2376.7826 -2337.8225
-2295.7975 -2369.8666 -2332.5889
-2283.2882 -2355.6145 -2319.3695
-2269.5681 -2338.2618 -2311.2966
-2266.6934 -2321.5015 -2301.2574
-2266.6934 -2316.2540 -2298.1050
-2266.6934 -2311.9411 -2294.2926
-2266.6934 -2304.4916 -2291.6418
-2216.7944 -2300.2718 -2285.6845
-2216.7944 -2299.3559 -2278.9533
-2216.7944 -2294.3124 -2272.3903
-2216.7944 -2287.9293 -2264.0928
-2216.7944 -2280.2993 -2256.2350
-2200.6103 -2269.5681 -2248.4867
-2200.6103 -2266.6934 -2245.3984
-2200.6103 -2262.7917 -2239.6468
-2197.3721 -2257.2079 -2232.1922
-2188.5501 -2250.0259 -2225.1143
-2188.5501 -2238.4285 -2217.8274
-2184.3875 -2230.4999 -2214.6904
-2184.3875 -2228.5898 -2211.6957
-2168.5541 -2220.7748 -2207.2756
-2146.0794 -2218.6194 -2201.4532
-2146.0794 -2216.7944 -2196.8161
-2146.0794 -2215.6171 -2192.8264
-2146.0794 -2211.0022 -2188.5026
-2146.0794 -2201.4483 -2182.6929
-2143.2982 -2198.8682 -2177.6288
-2143.2982 -2195.6617 -2172.9545
-2141.0062 -2188.5501 -2166.4049
-2126.1651 -2182.4330 -2161.3050
-2126.1651 -2174.7881 -2154.8177
-2126.1651 -2168.5541 -2151.6159
-2110.2330 -2164.7347 -2145.6261
-2110.2330 -2157.5323 -2140.9464
-2094.7139 -2154.2940 -2136.5155
-2094.7139 -2146.0794 -2131.6751
-2087.1930 -2143.2982 -2127.6346
-2087.1930 -2141.0062 -2123.5870
-2082.0117 -2138.3765 -2116.9553
-2078.5123 -2133.0375 -2112.4614
-2078.5123 -2126.1651 -2108.6883
-2078.5123 -2123.0360 -2105.5294
-2069.3293 -2119.8176 -2101.0453
-2069.3293 -2115.3157 -2095.5527
-2037.7098 -2107.1459 -2089.0771
-2037.7098 -2101.0891 -2083.8335
-2037.7098 -2094.8495 -2080.3195
-2037.7098 -2094.1101 -2077.5633
-2037.7098 -2089.1592 -2072.2871
-2036.3102 -2082.0117 -2067.4711
-2015.8371 -2078.7768 -2062.7704
-2015.8371 -2075.5319 -2054.0550
-2015.8371 -2073.6098 -2050.5487
-2012.1284 -2069.6090 -2047.1384
-2011.4752 -2065.0249 -2040.6126
-2005.2211 -2055.0525 -2035.2573
-1992.7592 -2044.8457 -2028.4907
-1992.7592 -2040.4787 -2025.8548
-1986.9503 -2037.7098 -2019.8981
-1975.1047 -2033.7415 -2015.3314
-1975.1047 -2027.7931 -2010.8218
-1975.1047 -2024.3351 -2007.5729
-1975.1047 -2019.3940 -2003.8075
-1973.3754 -2014.4784 -1999.8752
-1973.3754 -2012.0900 -1997.1188
-1962.3634 -2008.6642 -1992.5790
-1962.3634 -2005.3778 -1988.2572
-1962.3634 -2003.7397 -1984.7600
-1962.3634 -1998.0074 -1980.5259
-1962.3634 -1992.5872 -1976.1152
-1949.2382 -1987.6258 -1973.0670
-1949.2382 -1981.0314 -1967.9848
-1944.8111 -1975.1868 -1965.8270
-1907.8903 -1973.9216 -1962.7286
-1907.8903 -1973.3754 -1960.7788
-1907.8903 -1971.4238 -1957.0709
-1907.8903 -1968.1147 -1952.8072
-1907.8903 -1963.3873 -1946.8705
-1907.3325 -1962.3634 -1941.8541
-1907.3325 -1958.0683 -1939.0248
-1907.3325 -1953.7815 -1935.8392
-1907.3325 -1949.2382 -1931.9093
-1907.3325 -1946.4850 -1927.5494
-1892.1735 -1942.1029 -1922.7050
-1892.1735 -1938.0834 -1919.0859
-1892.1735 -1932.7175 -1915.8808
-1892.1735 -1926.2869 -1912.3617
-1892.1735 -1924.1237 -1909.6314
-1884.9894 -1920.1547 -1905.6837
-1884.9894 -1915.2081 -1903.7098
-1884.9894 -1912.2658 -1902.1624
-1868.2313 -1910.6730 -1899.1793
-1868.2313 -1907.8903 -1897.3973
-1868.2313 -1907.8903 -1896.1091
-1868.2313 -1907.3325 -1892.9258
-1862.2512 -1904.7313 -1890.5816
-1835.0744 -1898.6913 -1885.8137
-1835.0744 -1896.1827 -1880.9126
-1835.0744 -1892.1735 -1875.5535
-1835.0744 -1891.1968 -1870.9210
-1835.0744 -1885.4109 -1868.0603
-1835.0744 -1883.7654 -1863.5520
-1835.0744 -1879.2952 -1860.5391
-1832.2427 -1872.4777 -1856.4817
-1832.2427 -1868.2313 -1853.6981
-1831.2895 -1866.5554 -1850.4540
-1828.6952 -1862.2341 -1845.8604
-1828.6952 -1857.9556 -1842.9362
-1810.0884 -1854.8853 -1840.1963
-1810.0884 -1853.4617 -1838.9290
-1810.0884 -1850.7235 -1836.5608
-1810.0884 -1845.6705 -1833.8042
-1810.0884 -1843.9948 -1832.3008
-1809.4213 -1841.3490 -1828.8785
-1797.1804 -1835.0744 -1824.2279
-1797.1804 -1835.0744 -1822.0355
-1797.1804 -1834.2215 -1820.0555
-1797.1804 -1832.0257 -1817.8166
-1797.1804 -1830.4444 -1816.0353
-1795.2357 -1828.6952 -1813.5030
-1795.2357 -1824.7556 -1810.8822
-1795.2357 -1821.8811 -1808.7185
-1768.2262 -1818.6844 -1806.2238
-1768.2262 -1816.4005 -1803.9265
-1768.2262 -1810.3558 -1801.8011
-1768.2262 -1810.0884 -1799.4159
-1768.2262 -1810.0620 -1797.0135
-1763.1375 -1806.6590 -1793.8592
-1763.1375 -1803.9429 -1790.5182
-1763.1375 -1802.4256 -1788.1683
-1756.5831 -1798.7309 -1784.0837
-1751.3100 -1797.8734 -1782.2363
-1751.3100 -1797.1804 -1779.2655
-1744.9010 -1795.2357 -1775.1358
-1744.9010 -1793.9473 -1769.9824
-1744.9010 -1787.0581 -1765.6602
-1739.8338 -1775.9650 -1762.2231
-1739.8338 -1771.3649 -1759.8615
-1739.8338 -1770.0311 -1757.8627
-1739.8338 -1768.2262 -1755.6925
-1739.8338 -1765.8607 -1753.4415
-1737.0586 -1761.6582 -1750.6393
-1730.7532 -1760.0193 -1749.2184
-1730.7532 -1758.3229 -1747.8374
-1730.7532 -1756.5149 -1746.2820
-1708.0175 -1753.7333 -1743.4495
-1708.0175 -1751.3207 -1741.8237
-1708.0175 -1749.5641 -1739.7354
-1708.0175 -1748.1809 -1738.4676
-1708.0175 -1746.1846 -1735.5631
-1708.0175 -1745.4138 -1733.7027
-1708.0175 -1744.9010 -1732.2253
-1708.0175 -1744.4677 -1730.8523
-1707.8917 -1741.3493 -1728.4090
-1707.8917 -1739.8338 -1725.8957
-1707.8917 -1738.5878 -1724.0306
-1707.8917 -1735.1796 -1720.7543
-1701.7001 -1731.6851 -1718.1687
-1701.7001 -1730.7532 -1715.6445
-1701.7001 -1726.4754 -1713.4636
-1699.2196 -1725.2529 -1712.0054
-1698.0218 -1722.4552 -1709.4938
-1698.0218 -1717.2958 -1708.3330
-1684.7498 -1712.3210 -1705.6324
-1684.7498 -1711.3490 -1704.3605
-1684.0708 -1708.0175 -1702.1407
-1683.4815 -1708.0175 -1700.5368
-1675.0063 -1707.8917 -1698.3500
-1675.0063 -1707.8917 -1696.3149
-1675.0063 -1706.7923 -1694.6815
-1651.3935 -1703.8161 -1691.5969
-1651.3935 -1701.6789 -1689.3228
-1651.3935 -1700.3696 -1686.8662
-1651.3935 -1698.0218 -1683.4986
-1651.3935 -1697.1403 -1681.8019
-1642.1916 -1692.1022 -1679.3030
-1642.1916 -1690.4027 -1676.1844
-1627.2989 -1688.2666 -1672.9035
-1627.2989 -1686.2679 -1669.3545
-1627.2989 -1684.7498 -1664.6944
-1627.2989 -1682.0010 -1660.3876
-1627.2989 -1678.9402 -1656.5323
-1627.2989 -1672.7909 -1651.8195
-1627.2989 -1669.6892 -1649.0956
-1613.5463 -1658.1887 -1644.1986
-1613.5463 -1655.5253 -1642.0021
-1613.5463 -1651.3935 -1639.3793
-1612.7262 -1649.4082 -1635.9148
-1612.7262 -1647.4930 -1633.2278
-1612.7262 -1644.5163 -1631.6225
-1612.7262 -1642.7129 -1629.2309
-1611.2182 -1641.5734 -1626.4631
-1611.2182 -1639.2634 -1624.5233
-1611.2182 -1637.0829 -1623.2059
-1611.2182 -1634.8112 -1622.3012
-1610.4449 -1631.5583 -1620.4548
-1610.4449 -1628.9104 -1619.7371
-1610.4449 -1627.2989 -1618.9145
-1594.7142 -1627.2989 -1617.3981
-1594.7142 -1626.4799 -1615.9618
-1594.7142 -1624.4801 -1614.3525
-1578.5297 -1621.0199 -1612.1664
-1578.5297 -1619.6356 -1610.2024
-1578.5297 -1617.9656 -1607.0778
-1578.5297 -1614.5412 -1605.4063
-1578.5297 -1613.5463 -1604.4436
-1578.5297 -1613.5463 -1603.5436
-1578.5297 -1612.7262 -1601.8269
-1578.5297 -1611.1019 -1598.0353
-1578.5297 -1610.4449 -1596.4770
-1578.5297 -1609.7969 -1594.5472
-1578.5297 -1608.9801 -1593.2982
-1578.5297 -1607.3073 -1592.0848
-1563.5079 -1604.8614 -1589.1874
-1563.5079 -1602.6722 -1586.8857
-1561.2134 -1597.8238 -1584.3047
-1561.2134 -1595.7356 -1582.6677
-1553.7782 -1594.1174 -1580.7609
-1553.7782 -1592.0226 -1578.4892
-1547.3645 -1588.8775 -1575.1605
-1547.3645 -1584.4132 -1573.1785
-1547.3645 -1582.5439 -1572.0418
-1547.3645 -1580.8653 -1570.5870
-1547.3645 -1579.3536 -1569.2429
-1547.3645 -1578.5297 -1567.9647
-1545.4170 -1578.5297 -1564.7856
-1545.4170 -1577.8825 -1563.0403
-1545.4170 -1575.0206 -1560.5551
-1541.4819 -1573.3234 -1558.2363
-1520.4531 -1569.7225 -1554.9947
-1520.4531 -1563.5079 -1552.0527
-1520.4531 -1562.9303 -1549.3252
-1520.4531 -1561.2134 -1546.8761
-1520.4531 -1560.7653 -1544.6826
-1520.4531 -1553.7782 -1541.5871
-1520.4531 -1551.4555 -1538.8420
-1520.4531 -1550.4404 -1537.4224
-1520.4531 -1547.3645 -1535.3617
-1520.4531 -1547.3645 -1534.2563
-1519.9040 -1545.4170 -1531.9818
-1519.9040 -1544.1688 -1529.7356
-1513.6918 -1539.7044 -1526.8843
-1510.5934 -1535.6295 -1524.8666
-1510.5934 -1535.0531 -1524.1145
-1510.5934 -1533.9459 -1522.9004
-1510.5934 -1532.1410 -1522.0786
-1510.5934 -1529.0622 -1520.6621
-1510.5934 -1526.9647 -1519.7696
-1489.1714 -1525.9963 -1517.6469
-1489.1714 -1522.8472 -1515.7559
-1489.1714 -1522.1063 -1514.3446
-1489.1714 -1520.4531 -1513.1084
-1489.0136 -1520.4531 -1511.7917
-1489.0136 -1520.4531 -1510.6207
-1489.0136 -1520.4531 -1508.6213
-1489.0136 -1519.9040 -1507.4112
-1486.0509 -1517.7991 -1505.6726
-1486.0509 -1516.4532 -1504.6387
-1478.2313 -1513.6918 -1502.5017
-1478.2313 -1511.2806 -1500.1031
-1478.2313 -1510.7878 -1498.9714
-1478.2313 -1510.5934 -1497.2365
-1478.2313 -1510.5934 -1495.0082
-1478.2313 -1506.4309 -1491.6810
-1478.2313 -1503.1445 -1490.0303
-1477.3060 -1499.7968 -1488.5349
-1477.3060 -1498.7211 -1487.8065
-1457.2256 -1494.6188 -1485.9265
-1457.2256 -1490.2485 -1483.9541
-1455.8502 -1489.1714 -1482.3283
-1455.8502 -1489.1714 -1480.8715
-1455.8502 -1489.0136 -1479.7673
-1455.8502 -1489.0136 -1477.5983
-1455.8502 -1488.2365 -1476.2337
-1455.8502 -1486.0509 -1473.5881
-1455.8502 -1484.2781 -1472.2150
-1455.8502 -1482.2377 -1470.7607
-1452.9514 -1481.2651 -1469.0539
-1452.9514 -1478.4867 -1467.9090
-1452.9514 -1478.2313 -1466.9779
-1452.9514 -1478.2194 -1464.8678
-1451.8784 -1477.3060 -1462.5339
-1451.8784 -1474.5228 -1460.3949
-1438.0678 -1472.8834 -1458.0431
-1438.0678 -1467.2619 -1456.7917
-1438.0678 -1464.0221 -1455.0148
-1438.0678 -1463.3847 -1454.3219
-1438.0678 -1460.4682 -1453.1017
-1438.0678 -1458.8836 -1452.2171
-1428.9752 -1457.2256 -1450.5421
-1428.9752 -1455.8502 -1449.5631
-1428.9752 -1455.8502 -1448.3643
-1428.9752 -1455.8502 -1447.1887
-1427.3942 -1454.3506 -1445.2432
-1416.0485 -1453.5880 -1443.8147
-1416.0485 -1452.7682 -1442.5112
-1416.0485 -1451.8784 -1441.2238
-1416.0485 -1451.1830 -1439.0839
-1416.0485 -1450.6447 -1437.5442
-1416.0485 -1448.3592 -1435.5841
-1416.0485 -1446.9448 -1434.4207
-1416.0485 -1445.5111 -1433.1071
-1410.9268 -1444.2304 -1430.8653
-1410.9268 -1441.2419 -1429.2090
-1410.9268 -1438.8108 -1427.1265
-1410.9268 -1438.0678 -1426.0614
-1410.9268 -1438.0151 -1423.5876
-1397.3180 -1433.4694 -1421.1330
-1397.3180 -1428.9752 -1419.6375
-1397.3180 -1428.4126 -1416.6467
-1397.3180 -1427.3942 -1415.3794
-1382.5900 -1425.0854 -1413.2888
-1382.5900 -1423.2175 -1411.5512
-1382.5900 -1422.4004 -1410.3914
-1382.5900 -1417.0462 -1407.9429
-1382.5900 -1416.0485 -1407.0226
-1382.5900 -1416.0485 -1406.2608
-1382.4642 -1416.0485 -1404.0505
-1382.4642 -1412.9217 -1401.8201
-1382.4642 -1411.4686 -1399.8166
-1382.4642 -1410.9268 -1397.7009
-1373.7836 -1409.7866 -1395.2466
-1373.7836 -1407.5562 -1393.4113
-1373.7836 -1405.2053 -1391.0661
-1373.7836 -1401.4185 -1388.9180
-1373.7836 -1398.5167 -1387.4830
-1373.7836 -1397.3180 -1386.4396
-1373.7836 -1396.6953 -1385.5109
-1373.3941 -1393.9512 -1384.2950
-1373.3941 -1393.3732 -1383.7210
-1373.3941 -1390.8273 -1382.9420
-1373.3941 -1390.0333 -1382.1735
-1373.3941 -1389.5499 -1381.4405
-1373.3941 -1388.8135 -1380.8892
-1373.3941 -1388.1000 -1380.3557
-1371.2679 -1386.3234 -1379.1157
-1369.7071 -1382.8853 -1377.8052
-1369.7071 -1382.7172 -1377.0469
-1357.1411 -1382.5900 -1376.1569
-1357.1411 -1382.5900 -1374.8491
-1357.1411 -1382.5900 -1374.0642
-1357.1411 -1382.4642 -1372.6827
-1356.0012 -1379.3807 -1371.2604
-1356.0012 -1376.0213 -1369.9459
-1325.8746 -1374.6096 -1367.5724
-1325.8746 -1373.7836 -1366.0225
-1325.8746 -1373.7836 -1364.9330
-1325.8746 -1373.7836 -1362.8432
-1325.8746 -1373.3941 -1360.5711
-1325.8746 -1372.7511 -1357.8991
-1320.3835 -1370.2126 -1354.9161
-1320.3835 -1369.4704 -1352.3044
-1320.3835 -1367.2076 -1349.4517
-1320.3835 -1364.5781 -1346.8851
-1305.4209 -1362.0513 -1343.8174
-1305.4209 -1359.4535 -1341.9877
-1305.4209 -1357.1411 -1337.9615
-1305.4209 -1354.0183 -1334.9239
-1305.4209 -1352.2755 -1331.9232
-1305.4209 -1348.2111 -1330.0820
-1305.4209 -1348.0163 -1327.8957
-1305.4209 -1342.4814 -1325.7646
-1305.4209 -1338.6198 -1323.1392
-1288.2537 -1334.6836 -1319.9810
-1288.2537 -1330.1426 -1316.0092
-1288.2537 -1325.8746 -1313.4966
-1288.2537 -1325.2139 -1311.4632
-1288.2537 -1323.0462 -1309.9679
-1288.2537 -1321.0594 -1308.1045
-1288.2537 -1320.3835 -1305.6756
-1288.2537 -1318.0002 -1302.6255
-1288.2537 -1313.3621 -1300.8162
-1288.2537 -1311.5123 -1300.1230
-1288.2537 -1308.4321 -1299.5155
-1288.2537 -1307.8056 -1298.6148
-1288.2537 -1306.7106 -1297.8326
-1278.7796 -1305.4209 -1296.5205
-1266.8465 -1305.4209 -1294.2521
-1266.8465 -1304.7509 -1291.8832
-1265.0514 -1304.3389 -1289.5307
-1265.0514 -1302.1577 -1288.2220
-1265.0514 -1299.0124 -1285.4631
-1265.0514 -1292.1662 -1283.0623
-1265.0514 -1290.1142 -1281.6563
-1265.0514 -1289.9098 -1280.9458
-1265.0514 -1289.4321 -1279.9899
-1265.0514 -1288.2537 -1278.6542
-1262.1731 -1288.2537 -1276.7428
-1262.1731 -1288.2537 -1275.5118
-1260.9044 -1286.7268 -1273.3937
-1260.9044 -1284.2939 -1272.0083
-1260.9044 -1281.4763 -1270.9016
-1260.9044 -1280.2483 -1270.4902
-1246.5300 -1279.1353 -1268.9920
-1246.5300 -1277.0958 -1267.5979
-1246.5300 -1275.5566 -1266.5415
-1246.5012 -1273.6700 -1264.9121
-1246.5012 -1272.0147 -1263.3857
-1246.5012 -1271.4974 -1262.4181
-1246.5012 -1269.3226 -1260.7722
-1246.2759 -1268.7658 -1259.8659
-1244.1809 -1266.8465 -1258.3015
-1244.1809 -1265.0829 -1256.9936
-1242.5530 -1265.0514 -1255.3783
-1242.5530 -1265.0514 -1254.2926
-1242.5530 -1264.6187 -1253.1913
-1242.5530 -1262.1731 -1252.3088
-1242.5530 -1262.0015 -1251.4029
-1242.5530 -1259.5540 -1249.5792
-1242.5530 -1258.2967 -1248.6265
-1242.5530 -1257.5061 -1247.8967
-1242.5530 -1254.5863 -1247.1693
-1241.4393 -1253.7754 -1246.6143
-1235.3547 -1251.0443 -1245.2409
-1235.3547 -1250.8652 -1244.8735
-1235.3547 -1249.1456 -1244.1984
-1227.0460 -1246.5300 -1243.1488
-1227.0460 -1246.5300 -1242.7213
-1227.0460 -1246.5012 -1242.2126
-1227.0460 -1246.5012 -1241.6740
-1227.0460 -1246.5012 -1241.2060
-1227.0460 -1246.4701 -1240.8169
-1222.4671 -1245.7012 -1239.1896
-1222.4671 -1244.3691 -1238.3698
-1222.4671 -1244.1809 -1237.7440
-1222.4671 -1244.0911 -1236.8198
-1222.4671 -1242.9251 -1235.9885
-1222.4671 -1242.5530 -1235.0586
-1222.4671 -1242.5530 -1234.0112
-1221.3890 -1241.6242 -1231.9159
-1221.3890 -1240.3275 -1230.5818
-1221.3890 -1240.2413 -1229.8604
-1221.3890 -1239.2401 -1229.3901
-1221.3890 -1237.8289 -1228.9336
-1221.3890 -1235.3547 -1228.3363
-1199.9688 -1235.3547 -1226.3279
-1199.9688 -1234.5102 -1224.7026
-1199.9688 -1232.7501 -1223.4633
-1199.9688 -1232.0229 -1222.3440
-1199.9688 -1227.0460 -1220.6777
-1199.9688 -1227.0460 -1219.7720
-1199.9688 -1227.0460 -1219.1173
-1199.9688 -1226.0536 -1217.5199
-1199.9688 -1224.9976 -1216.2880
-1199.9688 -1224.0407 -1215.5265
-1199.9688 -1222.4671 -1213.7483
-1199.9688 -1222.4671 -1212.4617
-1199.9688 -1221.3890 -1210.7692
-1199.9688 -1221.3890 -1209.5765
-1191.4226 -1219.5796 -1207.7794
-1191.4226 -1218.4998 -1206.1990
-1191.4226 -1217.4613 -1205.3157
-1191.4226 -1215.9942 -1204.3116
-1191.4226 -1215.2052 -1203.0221
-1191.4226 -1213.6744 -1201.4365
-1191.4226 -1210.9305 -1200.7526
-1191.4226 -1207.6737 -1199.9386
-1191.4226 -1207.1648 -1199.2780
-1191.4226 -1205.1414 -1198.1629
-1186.4759 -1204.5774 -1197.2640
-1186.4759 -1203.8570 -1196.7339
-1181.1762 -1201.2197 -1195.8693
-1181.1762 -1200.9604 -1195.4684
-1181.1762 -1199.9688 -1194.5336
-1181.1762 -1199.9688 -1194.1578
-1181.1762 -1199.9688 -1193.1958
-1181.1762 -1199.9688 -1192.1786
-1181.1762 -1199.9688 -1191.6280
-1181.1762 -1199.9688 -1190.2531
-1181.1762 -1198.6679 -1189.5517
-1181.1762 -1196.1002 -1188.5661
-1181.1762 -1195.4560 -1188.0808
-1181.1762 -1194.6652 -1187.5146
-1181.1762 -1193.2639 -1187.2352
-1181.1762 -1192.0759 -1186.7594
-1181.1762 -1191.8831 -1186.5074
-1181.1762 -1191.4226 -1186.1868
-1173.2189 -1191.4226 -1185.1453
-1172.4624 -1191.4226 -1184.4021
-1172.4624 -1191.4226 -1183.5639
-1172.4624 -1191.4226 -1182.5596
-1172.4624 -1190.3775 -1182.0971
-1172.4624 -1189.6308 -1181.6491
-1157.1560 -1186.6890 -1180.1128
-1157.1560 -1186.4759 -1179.0009
-1157.1560 -1185.2086 -1178.1090
-1157.1560 -1184.0516 -1177.3835
-1157.1560 -1182.7006 -1176.5146
-1157.1560 -1181.1762 -1174.7661
-1157.1560 -1181.1762 -1173.6023
-1157.1560 -1181.1762 -1172.6140
-1157.1560 -1181.1762 -1171.5228
-1157.1560 -1181.1762 -1169.8197
-1157.1560 -1181.1762 -1169.2107
-1157.1560 -1181.1762 -1167.8953
-1157.1560 -1178.7119 -1166.3142
-1156.1106 -1174.7441 -1163.4619
-1154.2602 -1172.4624 -1161.9925
-1154.2602 -1172.4624 -1160.8110
-1154.2602 -1171.1492 -1160.0977
-1154.2602 -1167.6512 -1159.0070
-1154.1312 -1167.1924 -1158.4658
-1154.1312 -1166.2861 -1157.8148
-1154.1312 -1162.4170 -1157.3168
-1154.1312 -1161.9210 -1157.0490
-1154.1312 -1159.4324 -1156.6885
-1148.8891 -1158.5407 -1156.2184
-1135.4723 -1157.1560 -1155.1540
-1135.4723 -1157.1560 -1154.7015
-1135.4723 -1157.1560 -1154.2678
-1135.4723 -1157.1560 -1153.6046
-1135.4723 -1157.1560 -1153.1710
-1135.4723 -1157.1560 -1152.2342
-1135.4723 -1157.1560 -1151.8005
-1135.4723 -1157.1560 -1151.1026
-1133.5215 -1157.1560 -1149.7020
-1133.5215 -1157.1560 -1148.9199
-1133.5215 -1156.6921 -1147.1682
-1133.5215 -1154.8920 -1145.3299
-1122.1245 -1154.2602 -1144.1538
-1122.1245 -1154.1312 -1143.2066
-1122.1245 -1154.1312 -1141.7065
-1122.1245 -1154.1312 -1140.9695
-1122.1245 -1152.3319 -1139.8522
-1122.1245 -1151.3790 -1138.4520
-1121.9322 -1148.8891 -1136.5906
-1121.9322 -1148.7494 -1135.3972
-1121.9322 -1147.7793 -1134.8323
-1119.2787 -1147.0286 -1132.9585
-1119.2787 -1141.6896 -1131.8880
-1119.2787 -1140.8725 -1130.8786
-1119.2787 -1137.4457 -1129.2697
-1119.2787 -1136.2689 -1128.8271
-1119.2787 -1135.8697 -1128.1738
-1119.2787 -1135.4723 -1127.3423
-1114.7539 -1135.4723 -1125.7623
-1114.7539 -1135.4723 -1125.1579
-1114.7539 -1133.5215 -1123.5130
-1114.7539 -1132.4656 -1122.3545
-1114.7539 -1129.7243 -1121.5509
-1114.7539 -1128.1591 -1121.0644
-1110.9948 -1125.9655 -1120.0598
-1110.9948 -1125.1892 -1119.7604
-1110.9948 -1122.9462 -1118.9677
-1110.9948 -1122.1245 -1118.4892
-1107.7032 -1122.1245 -1117.5624
-1107.7032 -1122.1245 -1117.1265
-1107.7032 -1122.1245 -1116.6103
-1107.7032 -1121.9322 -1116.2184
-1107.7032 -1121.9322 -1115.6451
-1107.7032 -1121.9322 -1114.7914
-1104.7816 -1119.9156 -1113.5239
-1100.5789 -1119.2787 -1112.5647
-1100.5789 -1119.2787 -1111.9214
-1100.5789 -1118.6312 -1111.5474
-1100.5789 -1117.3914 -1111.0163
-1100.5789 -1116.9523 -1110.6348
-1100.5789 -1114.7539 -1109.8514
-1100.5789 -1114.7539 -1109.5679
-1100.5789 -1114.7539 -1108.9973
-1100.5789 -1114.7539 -1108.6651
-1100.5789 -1114.7539 -1108.1373
-1094.6965 -1114.7539 -1107.4526
-1094.6965 -1113.0603 -1106.3554
-1094.6965 -1112.2380 -1105.7281
-1094.6965 -1111.7955 -1105.1112
-1094.6965 -1110.9948 -1104.0080
-1094.6965 -1110.9371 -1102.8932
-1094.6965 -1108.1243 -1102.0306
-1094.6965 -1107.7032 -1101.6136
-1094.6965 -1107.7032 -1100.8334
-1094.6965 -1107.3278 -1100.0279
-1094.6965 -1106.3556 -1099.7753
-1094.6965 -1104.7816 -1099.1323
-1094.6965 -1104.7816 -1098.7625
-1091.9534 -1104.1735 -1098.3084
-1091.9534 -1101.8298 -1097.8467
-1091.9534 -1101.6798 -1097.6491
-1091.9534 -1100.7398 -1097.1224
-1091.9534 -1100.5789 -1096.9258
-1091.9534 -1100.5789 -1096.7533
-1091.7749 -1100.5789 -1096.2783
-1090.7424 -1100.5789 -1095.5709
-1089.1076 -1100.1589 -1094.9252
-1085.5485 -1099.9575 -1094.2532
-1085.5485 -1099.9575 -1093.9085
-1085.5485 -1098.3125 -1093.5116
-1085.5485 -1097.7436 -1093.2234
-1085.5485 -1096.9576 -1092.8759
-1085.5485 -1095.8795 -1092.5059
-1064.7774 -1094.6965 -1091.4698
-1064.7774 -1094.6965 -1090.6190
-1064.7774 -1094.6965 -1089.9011
-1064.7774 -1094.6965 -1088.6681
-1064.7774 -1094.6965 -1087.9657
-1064.7774 -1094.6965 -1087.1899
-1064.7774 -1094.6965 -1086.5659
-1064.7774 -1094.6965 -1085.9249
-1064.7774 -1093.4202 -1084.2369
-1064.7774 -1093.2939 -1083.2500
-1064.7774 -1092.2256 -1082.2066
-1045.7268 -1091.9534 -1080.6747
-1045.7268 -1091.9534 -1078.6814
-1045.7268 -1091.9534 -1077.5579
-1045.7268 -1090.7977 -1074.9684
-1045.7268 -1089.4949 -1072.8459
-1045.7268 -1085.5485 -1069.5262
-1045.7268 -1084.5368 -1067.8907
-1045.7268 -1082.3753 -1064.4323
-1045.7268 -1081.9439 -1062.4630
-1044.7343 -1076.2978 -1060.2009
-1044.7343 -1072.9433 -1059.3038
-1044.7343 -1070.9225 -1058.0533
-1044.7343 -1068.8628 -1057.1274
-1044.7343 -1068.6142 -1055.8479
-1044.7343 -1066.6489 -1054.7065
-1044.7343 -1064.7774 -1053.7099
-1044.7343 -1064.7774 -1053.0532
-1044.7343 -1064.7774 -1052.1044
-1044.7343 -1063.2950 -1050.9392
-1044.7343 -1060.9313 -1049.3766
-1044.7343 -1059.3355 -1048.3753
-1044.7343 -1056.3367 -1047.6992
-1044.7343 -1055.1126 -1046.7589
-1041.1936 -1051.6094 -1045.6897
-1041.1936 -1049.9552 -1045.3754
-1041.1936 -1047.7741 -1045.1151
-1041.1936 -1045.7268 -1044.9018
-1041.1936 -1045.7268 -1044.6630
-1041.1936 -1045.7268 -1044.5724
-1037.2491 -1045.7268 -1044.2474
-1037.2491 -1045.7268 -1043.8867
-1037.2491 -1045.7268 -1043.6250
-1037.2491 -1045.7268 -1043.4158
-1037.2491 -1045.0183 -1042.9930
-1029.7636 -1044.7858 -1042.5326
-1029.7636 -1044.7343 -1042.2311
-1029.7636 -1044.7343 -1041.7820
-1029.7636 -1044.7343 -1041.4319
-1029.7636 -1044.7343 -1040.9828
-1029.7636 -1044.7343 -1040.6521
-1029.7636 -1044.7343 -1040.3396
-1029.7636 -1044.7343 -1039.8820
-1029.7636 -1044.7343 -1039.4315
-1014.0545 -1044.7343 -1038.1015
-1014.0545 -1044.3143 -1037.0891
-1014.0545 -1043.5781 -1036.1932
-1014.0545 -1043.3733 -1035.0275
-1014.0545 -1042.2003 -1033.9994
-1014.0545 -1041.1936 -1033.3314
-1014.0545 -1041.1936 -1032.1139
-1014.0545 -1040.4110 -1030.6998
-1014.0545 -1040.1425 -1029.8662
-1014.0545 -1037.9454 -1028.6188
-1014.0545 -1037.2491 -1027.8814
-1014.0545 -1037.2491 -1026.3438
-1014.0545 -1037.2491 -1025.1336
-1014.0545 -1035.5513 -1023.8723
-1014.0545 -1035.2319 -1022.8459
-1014.0545 -1029.8369 -1021.4357
-1014.0545 -1029.7636 -1020.7061
-1014.0545 -1029.7636 -1019.6293
-1014.0545 -1029.7636 -1019.2731
-1014.0545 -1029.7636 -1018.6513
-1014.0545 -1029.7636 -1018.1172
-1001.6940 -1028.1658 -1017.1069
-1001.6940 -1027.2797 -1016.2526
-1001.6940 -1026.5551 -1015.7365
-1001.6940 -1026.1107 -1014.8441
-1001.6940 -1026.0304 -1014.1435
-1001.6940 -1022.8902 -1013.1628
-1001.6940 -1021.6548 -1012.5591
-1001.6940 -1018.6624 -1012.1327
-1001.6940 -1017.4073 -1011.7933
-1001.6940 -1015.2255 -1011.1045
-1001.6940 -1014.2201 -1010.2082
-1001.6940 -1014.0545 -1009.9576
-1001.6940 -1014.0545 -1009.7104
-1001.6940 -1014.0545 -1008.8926
-997.1609 -1014.0545 -1008.3075
-997.1609 -1014.0545 -1007.8564
-997.1609 -1014.0545 -1007.0450
-997.1609 -1014.0545 -1006.2106
-997.1609 -1014.0545 -1005.6255
-997.1609 -1014.0545 -1005.0405
-994.5917 -1014.0545 -1004.0506
-994.5917 -1013.3213 -1003.1678
-992.5460 -1009.5622 -1001.9779
-992.5460 -1007.9533 -1001.1367
-992.5460 -1006.5758 -1000.5204
-992.5460 -1006.5758 -1000.0422
-992.5460 -1005.3548 -999.6588
-991.3350 -1003.1172 -999.1323
-991.3350 -1001.9781 -998.8332
-991.3350 -1001.6940 -998.5394
-991.3350 -1001.6940 -998.0253
-991.3350 -1001.6940 -997.7274
-991.3350 -1001.6940 -997.2413
-991.3350 -1001.6940 -996.6486
-991.3350 -1001.6940 -996.2963
-991.3350 -1001.6940 -995.9796
-991.3350 -1001.6940 -995.5491
-991.3350 -1001.6940 -994.9518
-991.3350 -999.5147 -994.2808
-991.3350 -997.7269 -993.9968
-991.3350 -997.1609 -993.6471
-991.3350 -997.1609 -993.4382
-988.1564 -997.1609 -993.0493
-988.1564 -996.8194 -992.4893
-988.1564 -995.5983 -992.1386
-988.1564 -995.5983 -991.9898
-987.8914 -994.5917 -991.5038
-987.8914 -994.5917 -991.3698
-986.6359 -994.4341 -991.0766
-986.6359 -992.5460 -990.9207
-986.6359 -992.5460 -990.6836
-986.6359 -992.5460 -990.5381
-986.6359 -992.3884 -990.1923
-986.6359 -991.9010 -990.0755
-986.6359 -991.3350 -989.9273
-986.6359 -991.3350 -989.8333
-986.2684 -991.3350 -989.6380
-986.2684 -991.3350 -989.5012
-986.2684 -991.3350 -989.3999
-980.5320 -991.3350 -989.0825
-980.5320 -991.3350 -988.8665
-980.5320 -991.3350 -988.6242
-980.5320 -991.3350 -988.4081
-980.5320 -991.3350 -987.9498
-980.5320 -991.3350 -987.7337
-980.5320 -991.3350 -987.5176
-980.5320 -991.3350 -987.1285
-980.5320 -991.3350 -986.9124
-980.5320 -991.3350 -986.5389
-980.5320 -991.0359 -985.9894
-980.5320 -990.1072 -985.4812
-980.5320 -989.5628 -985.2028
-980.5320 -989.0625 -984.9168
-980.5320 -988.1564 -984.5281
-980.5320 -988.1564 -984.3756
-980.5320 -988.1564 -984.0889
-980.5320 -987.8914 -983.7309
-980.5320 -987.8914 -983.5837
-980.5320 -986.8673 -983.3162
-980.5320 -986.6359 -983.1895
-980.5320 -986.6359 -982.9453
-980.5320 -986.6359 -982.8159
-980.5320 -986.6359 -982.4925
-980.5320 -986.6359 -982.1346
-980.5320 -986.2684 -981.8476
-980.5320 -986.2684 -981.7027
-980.5320 -985.9650 -981.3521
-977.3945 -984.0119 -980.9961
-977.3945 -983.7270 -980.7914
-977.3945 -983.5106 -980.6040
-977.3945 -982.6732 -980.4097
-977.3945 -982.0830 -980.3042
-964.9206 -980.9774 -979.8329
-964.9206 -980.5320 -979.5034
-964.9206 -980.5320 -979.1911
-964.9206 -980.5320 -978.8789
-964.9206 -980.5320 -978.4760
-964.9206 -980.5320 -978.1638
-964.9206 -980.5320 -977.6006
-964.9206 -980.5320 -977.2884
-964.9206 -980.5320 -976.9762
-963.6922 -980.5320 -976.3271
-963.6922 -980.5320 -975.9625
-963.6922 -980.5320 -975.2968
-963.6922 -980.5320 -974.3229
-960.4530 -980.5320 -973.1844
-960.4530 -980.5320 -972.7828
-960.4530 -980.5320 -971.6524
-960.4530 -980.5320 -970.4265
-960.3232 -979.4112 -969.1273
-959.1590 -979.0669 -968.2507
-959.1590 -977.3945 -967.2426
-959.1590 -977.3945 -966.6284
-959.1590 -975.9077 -965.0988
-959.1590 -975.2198 -964.4589
-957.4184 -971.8919 -963.7058
-957.4184 -970.3167 -962.9430
-957.4184 -969.0295 -962.5087
-957.4184 -964.9206 -962.0167
-957.4184 -964.9206 -961.4603
-957.4184 -964.9206 -961.2060
-957.4184 -964.9206 -961.0033
-957.4184 -964.9206 -960.8533
-957.4184 -964.1548 -960.5933
-957.4184 -963.8748 -960.4547
-957.4184 -963.6922 -960.0212
-957.4184 -963.6922 -959.8957
-957.4184 -963.6922 -959.7702
-957.4184 -963.3995 -959.4233
-957.4184 -963.0739 -959.3037
-957.4184 -961.7002 -959.0463
-957.4184 -960.5241 -958.9235
-956.0846 -960.4530 -958.7128
-956.0846 -960.4530 -958.5622
-956.0846 -960.4530 -958.4489
-956.0846 -960.4530 -958.3557
-956.0846 -960.3232 -958.1310
-956.0846 -960.3232 -957.9439
-956.0846 -960.1615 -957.8592
-956.0846 -959.3351 -957.7104
-956.0846 -959.1590 -957.6100
-954.5144 -959.1590 -957.4556
-952.5438 -959.1590 -957.1260
-952.5438 -959.1590 -956.9054
-952.5438 -959.1590 -956.7731
-951.5928 -959.1590 -956.4895
-951.5928 -958.7915 -956.2502
-951.5928 -957.4184 -955.9758
-951.5928 -957.4184 -955.8593
-949.8731 -957.4184 -955.5919
-949.8731 -957.4184 -955.4406
-949.8731 -957.4184 -955.2792
-949.8731 -957.4184 -955.0308
-949.8731 -957.4184 -954.8532
-946.0301 -957.4184 -954.4479
-946.0301 -957.4184 -954.1036
-946.0301 -957.4184 -953.8225
-945.1855 -957.4184 -953.1992
-945.1855 -957.1451 -952.8012
-945.1855 -956.8852 -952.5618
-945.1855 -956.0846 -952.1261
-945.1855 -956.0846 -951.8549
-945.1855 -956.0846 -951.6369
-945.1855 -956.0846 -951.3096
-945.1855 -956.0846 -950.7350
-945.1855 -956.0846 -950.5170
-945.1855 -955.6872 -950.2108
-945.1855 -955.1460 -949.7922
-945.1855 -954.7478 -949.5178
-945.1855 -954.5144 -949.2585
-945.1855 -954.4968 -949.0719
-943.4688 -952.5438 -948.4358
-943.4688 -952.5438 -948.1976
-934.8101 -952.5438 -947.6510
-934.8101 -952.4857 -947.1491
-934.8101 -951.5928 -946.4536
-934.8101 -951.5928 -946.0262
-934.8101 -949.8731 -945.1199
-934.8101 -949.8731 -944.6501
-934.8101 -949.8731 -944.1533
-934.8101 -949.7635 -943.7648
-934.8101 -948.8473 -942.9882
-934.8101 -948.7268 -942.7075
-934.8101 -946.0301 -942.0056
-934.8101 -946.0301 -941.5230
-934.8101 -945.7515 -941.1001
-934.8101 -945.1855 -940.8331
-934.8101 -945.1855 -940.4175
-933.3449 -945.1855 -939.8907
-933.3449 -945.1855 -939.2938
-933.3449 -945.1855 -939.0570
-933.3449 -945.1855 -938.5572
-933.3449 -945.1855 -938.3204
-933.3449 -945.1855 -937.7505
-933.3449 -943.4688 -937.0479
-933.3449 -943.4688 -936.8455
-932.4039 -943.0093 -936.4217
-932.4039 -942.4143 -935.9409
-932.4039 -941.9650 -935.3982
-932.4039 -941.0596 -935.1535
-932.4039 -940.5290 -934.8521
-932.4039 -938.4748 -934.4289
-932.4039 -938.3295 -934.3075
-931.8809 -934.8704 -933.9982
-931.8809 -934.8101 -933.9384
-931.8809 -934.8101 -933.8798
-931.8809 -934.8101 -933.8212
-931.8809 -934.8101 -933.7333
-931.8809 -934.8101 -933.6747
-931.8809 -934.8101 -933.5480
-929.7332 -934.8101 -933.3879
-929.7332 -934.8101 -933.2810
-929.7332 -934.8101 -933.1794
-929.7332 -934.8101 -932.8886
-929.7332 -934.8101 -932.7389
-929.7332 -934.8101 -932.6369
-927.3522 -934.8101 -932.2494
-927.3522 -934.7886 -932.1002
-927.3522 -934.1863 -931.8849
-927.3522 -933.3449 -931.5779
-927.3522 -933.3449 -931.3996
-915.2543 -933.3449 -930.9179
-915.2543 -933.3449 -930.4839
-915.2543 -933.3449 -929.8731
-915.2543 -933.3449 -929.3914
-915.2543 -932.7789 -928.9657
-915.2543 -932.4039 -928.4665
-915.2543 -932.4039 -928.1235
-915.2543 -932.4039 -927.6794
-915.2543 -932.4039 -927.1685
-915.2543 -932.4039 -926.7721
-915.2543 -931.8809 -926.3430
-915.2543 -931.8809 -925.8396
-915.2543 -931.8809 -925.4127
-915.2543 -931.8809 -924.4151
-915.2543 -930.4204 -924.0826
-915.2543 -930.0197 -923.6205
-915.2543 -929.7332 -923.0868
-915.1413 -929.7332 -922.4955
-908.9298 -929.7332 -921.7400
-908.9298 -929.7332 -920.9867
-908.9298 -928.0157 -919.8095
-908.9298 -927.3522 -918.9982
-908.9298 -927.3522 -918.3810
-908.9298 -927.3522 -917.5975
-905.1499 -927.2031 -916.1931
-905.1499 -923.8931 -915.3866
-905.1499 -922.4812 -914.4800
-905.1499 -919.9532 -913.9016
-905.1499 -918.7899 -913.3589
-905.1499 -915.8374 -912.8167
-905.1499 -915.2543 -912.5806
-905.1499 -915.2543 -912.3785
-905.1499 -915.2543 -912.1764
-905.1499 -915.2543 -911.7367
-905.1499 -915.2543 -911.3873
-905.1499 -915.2543 -911.1852
-905.1499 -915.2543 -910.8566
-905.1499 -915.2543 -910.2221
-905.1499 -915.2543 -909.9680
-905.1499 -915.2543 -909.4266
-905.1499 -915.1413 -908.7286
-905.1499 -914.5827 -908.2776
-905.1499 -913.5018 -907.9723
-905.1499 -912.1262 -907.6121
-905.1499 -912.1262 -907.4726
-905.1499 -911.8566 -907.3224
-905.1499 -911.5574 -907.1883
-905.1499 -911.5574 -906.8131
-905.1499 -911.0710 -906.5665
-905.1499 -910.5949 -906.4481
-905.1499 -909.7957 -906.1736
-905.1499 -908.9298 -905.9301
-905.1499 -908.9298 -905.8545
-905.1499 -908.9298 -905.6370
-905.1499 -908.9298 -905.4102
-905.1499 -907.5346 -905.3343
-905.1499 -907.5346 -905.2866
-905.1499 -906.2852 -905.1918
-905.1499 -905.6148 -905.1691
-905.1499 -905.6148 -905.1598
-905.1499 -905.1808 -905.1505
-905.1499 -905.1499 -905.1499
-905.1499 -905.1499 -905.1499
-905.1499 -905.1499 -905.1499
-905.1499 -905.1499 -905.1499
-905.1499 -905.1499 -905.1499
-902.1904 -905.1499 -905.0907
-902.1904 -905.1499 -905.0315
-900.7534 -905.1499 -904.8844
-900.7534 -905.1499 -904.7965
-900.7534 -905.1499 -904.7086
-898.4443 -905.1499 -904.4865
-898.4443 -905.1499 -904.2340
-898.4443 -905.1499 -904.0999
-898.4443 -905.1499 -903.9658
-898.4443 -905.1499 -903.8317
-898.4443 -905.1499 -903.6976
-898.4443 -905.1499 -903.5635
-898.4443 -905.1499 -903.3414
-898.4443 -905.1499 -903.1960
-898.4443 -905.1499 -902.8285
-898.4443 -905.1499 -902.5603
-898.4443 -905.1499 -902.4262
-898.4443 -905.1499 -902.2914
-898.4443 -905.1499 -901.9518
-898.4443 -905.1499 -901.6836
-898.4443 -905.1499 -901.5494
-898.4443 -905.1499 -901.2812
-898.4443 -905.1499 -901.1471
-898.4443 -905.1499 -900.7909
-897.8783 -905.1499 -900.4841
-897.8783 -905.1499 -900.3387
-897.8783 -905.1499 -899.9250
-897.8783 -904.5839 -899.6398
-897.8783 -904.2945 -899.3934
-897.8783 -902.1904 -899.1229
-897.8783 -902.1904 -899.0367
-894.0477 -900.7534 -898.5284
-894.0477 -900.7534 -898.1542
-894.0477 -898.9855 -897.9866
-892.4515 -898.4443 -897.6815
-892.4515 -898.4443 -897.4624
-892.4515 -898.4443 -897.3425
-892.4515 -898.4443 -897.1138
-892.4515 -898.4443 -896.9940
-892.4515 -898.4443 -896.5784
-892.4515 -898.4443 -896.2714
-890.8051 -898.4443 -895.9987
-890.8051 -898.4443 -895.7294
-890.8051 -898.4443 -895.5766
-890.8051 -898.4443 -895.3133
-890.8051 -898.4443 -895.1190
-890.8051 -898.4443 -894.6869
-890.8051 -897.8783 -894.4575
-890.8051 -897.8783 -894.1746
-890.8051 -897.8783 -894.0331
-890.6476 -897.8783 -893.6705
-890.6476 -897.8783 -893.3994
-890.6476 -897.0146 -893.1016
-889.1116 -896.3678 -892.7648
-889.1116 -894.0477 -892.3898
-884.6462 -894.0477 -892.0382
-884.6462 -894.0477 -891.8089
-884.6462 -894.0477 -891.6000
-884.6462 -894.0477 -891.3152
-884.6462 -894.0477 -891.0285
-884.6462 -894.0477 -890.8063
-884.6462 -894.0477 -890.5864
-884.6462 -893.7319 -890.3664
-884.6462 -893.0036 -890.1847
-884.6462 -892.4515 -889.8842
-884.6462 -892.4515 -889.6649
-884.6462 -892.4515 -889.4759
-884.6462 -892.4515 -889.2868
-884.6462 -892.4515 -888.8606
-884.6462 -892.4515 -888.6617
-884.6462 -892.4515 -888.5056
-884.6462 -891.9871 -888.2845
-884.6462 -890.8051 -887.8847
-884.6462 -890.8051 -887.7313
-881.8228 -890.8051 -887.3956
-881.8228 -890.8051 -886.9707
-881.8228 -890.8051 -886.7754
-881.5991 -890.8051 -886.2885
-881.5991 -890.6788 -886.0070
-881.5991 -890.6476 -885.7947
-881.5991 -890.6476 -885.5522
-881.5991 -889.2920 -885.1775
-881.5991 -889.1116 -884.9975
-881.5991 -889.1116 -884.7579
-881.5991 -889.1116 -884.6077
-881.5991 -889.1116 -884.4574
-881.5991 -887.9817 -884.2686
-881.5991 -887.5730 -884.1014
-881.5991 -887.3855 -883.9820
-881.5991 -886.9128 -883.7743
-881.5991 -886.2134 -883.6681
-881.5991 -884.6462 -883.3210
-881.5991 -884.6462 -883.1425
-881.5991 -884.6462 -883.0816
-881.5991 -884.6462 -882.9642
-875.6063 -884.6462 -882.7208
-875.6063 -884.6462 -882.4836
-875.6063 -884.6462 -882.2418
-875.6063 -884.6462 -881.9537
-875.6063 -884.6462 -881.6880
-875.6063 -884.6462 -881.4256
-875.3241 -884.6462 -880.9974
-875.3241 -883.6585 -880.6998
-875.3241 -882.9618 -880.5157
-875.3241 -882.1702 -880.2197
-875.3241 -881.8228 -880.0727
-874.2868 -881.8228 -879.7920
-874.2868 -881.8228 -879.6413
-874.2868 -881.8228 -879.4906
-874.2868 -881.8228 -879.3354
-874.2868 -881.8228 -879.1847
-874.2868 -881.8228 -878.8239
-874.2868 -881.5991 -878.5477
-874.2868 -881.5991 -878.4015
-874.2868 -881.5991 -878.2552
-874.2868 -881.5991 -877.9804
-874.2868 -881.5991 -877.7052
-874.2868 -881.5991 -877.5589
-874.2868 -881.5991 -877.1239
-874.2868 -881.5991 -876.9523
-874.2868 -881.5991 -876.3989
-874.2868 -881.5991 -876.1272
-874.2868 -881.5991 -875.9809
-874.2868 -881.5991 -875.6884
-874.2868 -881.3915 -875.3960
-867.1683 -878.1995 -874.7834
-867.1683 -876.1293 -874.5260
-867.1683 -875.9773 -874.3111
-867.1683 -875.6063 -873.9451
-867.1683 -875.6063 -873.7763
-867.1683 -875.6063 -873.6076
-867.1683 -875.6063 -873.4388
-867.1683 -875.3241 -873.2349
-867.1683 -875.3241 -872.9976
-867.1683 -875.3241 -872.8345
-867.1683 -875.3241 -872.6267
-867.1683 -875.1694 -872.4460
-867.1683 -875.1694 -872.2860
-867.1683 -875.1659 -872.1259
-867.1683 -874.2868 -871.9660
-867.1683 -874.2868 -871.8236
-867.1683 -874.2868 -871.5389
-867.1683 -874.2868 -871.2541
-867.1683 -874.2868 -870.6847
-867.1683 -874.2868 -870.5423
-867.1683 -874.2868 -870.2575
-867.1683 -874.2868 -870.1152
-867.1683 -874.2868 -869.9728
-867.1683 -874.2868 -869.6678
-867.1683 -874.2868 -869.3831
-865.8919 -874.2868 -868.9304
-865.8919 -874.2868 -868.7625
-865.8919 -874.2868 -868.4523
-865.8919 -874.2868 -867.8573
-865.8919 -874.2868 -867.5475
-859.8885 -870.7696 -866.9974
-859.3006 -867.1683 -866.5410
-859.3006 -867.1683 -866.3837
-859.3006 -867.1683 -866.2263
-859.3006 -867.1683 -866.0690
-859.3006 -867.1683 -865.9116
-859.3006 -867.1683 -865.7543
-859.3006 -867.1683 -865.5141
-859.3006 -867.1683 -865.3567
-859.3006 -867.1683 -865.1994
-859.3006 -867.1683 -864.7528
-859.3006 -867.1683 -864.5955
-859.3006 -867.1683 -864.4021
-859.3006 -867.1683 -864.0874
-859.3006 -867.1683 -863.7727
-859.2993 -867.1683 -863.4325
-859.2993 -867.1683 -863.0205
-859.2993 -867.1683 -862.6802
-856.6286 -867.1683 -862.1547
-856.6286 -867.1683 -861.8109
-856.6286 -866.9446 -861.5558
-856.6286 -865.8919 -861.0054
-856.6286 -865.8919 -860.4354
-856.6286 -865.8919 -860.2501
-856.6286 -865.8919 -859.8796
-856.6286 -865.8919 -859.5857
-855.9007 -864.0151 -858.9102
-855.9007 -861.7141 -858.6992
-855.9007 -860.5895 -858.4998
-855.9007 -860.4597 -858.3125
-855.9007 -859.8885 -858.2213
-855.9007 -859.3006 -858.1298
-855.9007 -859.3006 -858.0083
-855.8993 -859.3006 -857.8723
-855.8993 -859.3006 -857.8043
-855.8993 -859.3006 -857.6828
-855.8993 -859.3006 -857.4933
-855.8993 -859.3006 -857.3719
-855.8993 -859.3006 -857.2504
-855.8993 -859.3006 -857.1144
-855.8993 -859.3006 -856.9824
-855.8993 -859.3006 -856.8610
-855.8993 -859.3006 -856.7929
-855.8993 -859.3006 -856.7249
-855.8993 -859.3006 -856.6569
-855.8993 -859.2993 -856.5209
-855.8993 -859.2993 -856.3849
-855.8993 -859.2993 -856.3169
-855.8993 -858.7763 -856.2489
-855.8993 -856.6286 -856.1491
-855.8993 -856.6286 -856.1345
-855.8993 -856.6286 -856.1054
-855.8993 -856.6286 -856.0908
-855.8993 -856.6286 -856.0762
-855.8993 -856.6286 -856.0470
-855.8993 -856.6286 -856.0325
-855.8993 -856.6286 -856.0179
-849.3488 -856.6286 -855.8431
-849.3488 -856.6286 -855.6829
-849.3488 -856.6286 -855.5373
-849.3488 -856.6286 -855.3917
-849.3488 -855.9007 -855.1912
-849.3488 -855.9007 -854.9291
-849.3488 -855.9007 -854.6670
-849.3488 -855.9007 -854.5360
-849.3488 -855.9007 -854.4049
-849.3488 -855.9007 -854.2634
-849.3488 -855.9007 -854.1323
-849.3488 -855.8993 -853.9981
-849.3488 -855.8993 -853.6703
-849.3488 -855.8993 -853.5385
-849.3488 -855.8993 -853.4075
-849.3488 -855.8993 -853.1455
-849.3488 -855.8993 -852.9487
-849.3488 -855.8993 -852.8177
-849.3488 -855.8993 -852.5556
-849.3488 -855.8993 -852.2936
-849.3488 -855.8993 -852.1626
-849.3488 -855.8993 -851.9006
-849.3488 -855.8993 -851.6386
-849.3488 -855.8993 -851.4089
-849.3488 -855.8993 -851.0158
-848.2616 -855.8993 -850.5155
-848.2616 -855.8606 -850.1623
-848.2616 -855.3763 -849.8809
-848.2616 -853.2286 -849.6274
-848.2616 -852.6082 -849.3977
-848.2616 -850.9649 -849.2492
-848.2616 -849.3488 -849.1951
-848.2616 -849.3488 -849.1734
-848.2616 -849.3488 -849.1517
-848.2616 -849.3488 -849.1082
-848.2616 -849.3488 -849.0864
-848.2616 -849.3488 -849.0647
-848.2616 -849.3488 -849.0429
-848.2616 -849.3488 -848.9994
-848.2616 -849.3488 -848.9342
-848.2616 -849.3488 -848.8907
-848.2616 -849.3488 -848.8690
-848.2616 -849.3488 -848.8472
-848.2616 -849.3488 -848.8255
-848.2616 -849.3488 -848.7820
-848.2616 -849.3488 -848.7385
-848.2616 -849.3488 -848.6733
-848.2616 -849.3488 -848.6298
-848.2616 -849.3488 -848.5863
-848.2616 -849.3488 -848.5645
-848.2616 -849.3488 -848.5210
-848.2616 -849.3488 -848.4775
-848.2616 -849.3488 -848.4558
-848.2616 -849.3488 -848.4123
-844.2162 -849.3488 -848.2662
-844.2162 -849.3488 -848.1418
-844.2162 -848.2616 -848.0188
-844.2162 -848.2616 -847.9379
-844.2162 -848.2616 -847.8570
-844.2162 -848.2616 -847.7761
-844.2162 -848.2616 -847.6952
-844.2162 -848.2616 -847.5334
-844.2162 -848.2616 -847.4525
-844.2162 -848.2616 -847.3716
-844.2162 -848.2616 -847.2907
-844.2162 -848.2616 -847.2098
-844.2162 -848.2616 -846.9670
-844.2162 -848.2616 -846.8861
-844.2162 -848.2616 -846.8052
-844.2162 -848.2616 -846.6905
-844.2162 -848.2616 -846.4478
-844.2162 -848.2616 -846.3669
-844.2162 -848.2616 -846.2860
-844.2162 -848.2616 -846.1242
-844.2162 -848.2616 -845.9623
-844.2162 -848.2616 -845.8750
-844.2162 -848.2616 -845.6975
-844.2162 -848.2616 -845.6166
-844.2162 -848.2616 -845.5357
-843.5404 -848.2616 -845.2637
-843.5404 -848.2616 -845.1101
-843.5404 -848.2616 -844.7730
-843.5404 -848.2616 -844.5976
-843.5404 -847.9406 -844.4223
-843.5404 -847.4755 -844.3162
-843.5404 -846.5711 -844.2375
-843.5404 -846.5711 -844.1769
-843.5404 -845.3034 -844.1163
-843.5404 -844.2162 -844.0810
-843.5404 -844.2162 -844.0675
-843.5404 -844.2162 -844.0270
-843.5404 -844.2162 -844.0134
-843.5404 -844.2162 -843.9999
-843.5404 -844.2162 -843.9864
-843.5404 -844.2162 -843.9729
-843.5404 -844.2162 -843.9594
-843.5404 -844.2162 -843.9459
-843.5404 -844.2162 -843.9324
-843.5404 -844.2162 -843.9053
-843.5404 -844.2162 -843.8918
-843.5404 -844.2162 -843.8648
-843.5404 -844.2162 -843.8513
-843.5404 -844.2162 -843.8168
-843.5404 -844.2162 -843.8033
-843.5404 -844.2162 -843.7898
-843.5404 -844.2162 -843.7763
-843.5404 -844.2162 -843.7628
-843.5404 -844.2162 -843.7357
-843.5404 -844.2162 -843.6952
-840.1405 -844.2162 -843.6002
-840.1405 -844.2162 -843.5051
-840.1405 -844.2162 -843.4236
-840.1405 -844.2162 -843.3421
-840.1405 -844.2162 -843.2606
-840.1405 -844.2162 -843.1656
-840.1405 -844.2162 -843.0840
-840.1405 -843.8450 -843.0025
-840.1405 -843.5404 -842.9284
-840.1405 -843.5404 -842.8604
-840.1405 -843.5404 -842.7924
-840.1405 -843.5404 -842.7244
-840.1405 -843.5404 -842.5884
-840.1405 -843.5404 -842.4524
-840.1405 -843.5404 -842.3844
-840.1405 -843.5404 -842.3164
-840.1405 -843.5404 -842.2484
-840.1405 -843.5404 -842.1804
-840.1405 -843.5404 -842.1124
-840.1405 -843.5404 -841.9764
-840.1405 -843.5404 -841.8593
-840.1405 -843.5404 -841.5193
-840.1405 -843.5404 -841.4513
-840.1405 -843.5404 -841.3833
-840.1405 -843.5404 -841.3153
-840.1405 -843.5404 -841.2473
-840.1405 -843.5404 -840.9753
-840.1405 -843.5404 -840.7033
-840.1405 -843.5404 -840.5255
-840.1405 -843.5404 -840.3895
-840.1405 -843.5404 -840.3215
-840.1405 -841.0815 -840.1593
-840.1405 -840.1405 -840.1405
-840.1405 -840.1405 -840.1405
-840.1405 -840.1405 -840.1405
-840.1405 -840.1405 -840.1405
-840.1405 -840.1405 -840.1405
-840.1405 -840.1405 -840.1405
-840.1405 -840.1405 -840.1405
-840.1405 -840.1405 -840.1405
-840.1405 -840.1405 -840.1405
-840.1405 -840.1405 -840.1405
-840.1405 -840.1405 -840.1405
-840.1405 -840.1405 -840.1405
-840.1405 -840.1405 -840.1405
-840.1405 -840.1405 -840.1405
-840.1405 -840.1405 -840.1405
-840.1405 -840.1405 -840.1405
-840.1405 -840.1405 -840.1405
-840.1405 -840.1405 -840.1405
-840.1405 -840.1405 -840.1405
-840.1405 -840.1405 -840.1405
-840.1405 -840.1405 -840.1405
-840.1405 -840.1405 -840.1405
-840.1405 -840.1405 -840.1405
-840.1405 -840.1405 -840.1405
-840.1405 -840.1405 -840.1405
-840.1405 -840.1405 -840.1405
-840.1405 -840.1405 -840.1405
-840.1405 -840.1405 -840.1405
-840.1405 -840.1405 -840.1405
-840.1405 -840.1405 -840.1405
-840.1405 -840.1405 -840.1405
-840.1405 -840.1405 -840.1405
-840.1405 -840.1405 -840.1405
-840.1405 -840.1405 -840.1405
-840.1405 -840.1405 -840.1405
-840.1405 -840.1405 -840.1405
-840.1405 -840.1405 -840.1405
-840.1405 -840.1405 -840.1405
-840.1405 -840.1405 -840.1405
-840.1405 -840.1405 -840.1405
-840.1405 -840.1405 -840.1405
-840.1405 -840.1405 -840.1405
-840.1405 -840.1405 -840.1405
-840.1405 -840.1405 -840.1405
-836.8857 -840.1405 -840.0754
-836.8857 -840.1405 -840.0103
-836.8857 -840.1405 -839.9452
-836.8857 -840.1405 -839.8801
-836.8857 -840.1405 -839.7499
-836.8857 -840.1405 -839.6848
-836.8857 -840.1405 -839.6197
-836.8857 -840.1405 -839.5546
-836.8857 -840.1405 -839.4895
-836.8857 -840.1405 -839.4244
-836.8857 -840.1405 -839.3593
-836.8857 -840.1405 -839.2942
-836.8857 -840.1405 -839.1640
-836.8857 -840.1405 -839.0989
-836.8857 -840.1405 -838.9687
-836.8857 -840.1405 -838.8929
-836.8857 -840.1405 -838.7627
-836.8857 -840.1405 -838.6976
-836.8857 -840.1405 -838.5023
-836.8857 -840.1405 -838.4372
-836.8857 -840.1405 -838.3332
-836.8857 -840.1405 -838.2681
-836.8857 -840.1405 -838.2030
-834.8121 -840.1405 -837.9034
-834.8121 -840.1405 -837.7317
-834.8121 -840.1405 -837.6252
-834.8121 -840.1405 -837.3884
-834.8121 -840.1405 -837.2818
-834.8121 -840.1405 -837.1102
-834.8121 -840.1405 -836.8869
-834.8121 -840.1405 -836.7153
-834.8121 -839.0762 -836.5982
-834.8121 -838.1951 -836.5129
-834.8121 -837.5614 -836.4452
-834.7359 -836.8857 -836.3096
-834.7359 -836.8857 -836.2667
-834.7359 -836.8857 -836.1883
-834.7359 -836.8857 -836.1023
-834.7359 -836.8857 -836.0593
-834.7359 -836.8857 -836.0163
-834.7359 -836.8857 -835.9733
-834.7359 -836.8857 -835.9303
-834.7359 -836.8857 -835.8873
-834.7359 -836.8857 -835.8443
-834.7359 -836.8857 -835.8013
-834.7359 -836.8857 -835.7583
-834.7359 -836.8857 -835.7153
-834.7359 -836.8857 -835.5894
-834.7359 -836.8857 -835.5464
-834.7359 -836.8857 -835.5034
-834.7359 -836.8857 -835.4497
-834.7359 -836.8857 -835.4067
-834.7359 -836.8857 -835.3222
-834.7359 -836.8857 -835.2362
-834.7359 -836.8857 -835.1932
-834.5784 -836.8857 -835.0626
-834.5784 -836.8857 -835.0165
-834.5784 -836.8857 -834.9703
-834.5784 -836.3504 -834.7967
-834.5784 -835.1166 -834.7537
-834.5784 -834.8121 -834.7429
-834.5784 -834.8121 -834.7382
-834.5784 -834.8121 -834.7321
-834.5784 -834.8121 -834.7227
-834.5784 -834.8121 -834.7180
-834.5784 -834.8121 -834.7118
-834.5784 -834.8121 -834.7025
-834.5784 -834.8121 -834.6948
-834.5784 -834.8121 -834.6854
-834.5784 -834.8121 -834.6808
-834.5784 -834.7359 -834.6761
-834.5784 -834.7359 -834.6729
-834.5784 -834.7359 -834.6698
-834.5784 -834.7359 -834.6666
-834.5784 -834.7359 -834.6603
-834.5784 -834.7359 -834.6540
-834.5784 -834.7359 -834.6509
-834.5784 -834.7359 -834.6477
-834.5784 -834.7359 -834.6446
-834.5784 -834.7359 -834.6414
-834.5784 -834.7359 -834.6383
-834.5784 -834.7359 -834.6288
-834.5784 -834.7359 -834.6257
-834.5784 -834.7359 -834.6194
-834.5784 -834.7359 -834.6131
-834.5784 -834.7359 -834.6068
-834.5784 -834.7359 -834.6005
-834.5784 -834.7359 -834.5942
-834.5784 -834.7359 -834.5910
-834.5784 -834.5784 -834.5784
-834.5784 -834.5784 -834.5784
-834.5784 -834.5784 -834.5784
-834.5784 -834.5784 -834.5784
-834.5784 -834.5784 -834.5784
-834.5784 -834.5784 -834.5784
-834.5784 -834.5784 -834.5784
-834.5784 -834.5784 -834.5784
-834.5784 -834.5784 -834.5784
-834.5784 -834.5784 -834.5784
-834.5784 -834.5784 -834.5784
-834.5784 -834.5784 -834.5784
-834.5784 -834.5784 -834.5784
-834.5784 -834.5784 -834.5784
-834.5784 -834.5784 -834.5784
-834.5784 -834.5784 -834.5784
-834.5784 -834.5784 -834.5784
-834.5784 -834.5784 -834.5784
-834.5784 -834.5784 -834.5784
-834.5784 -834.5784 -834.5784
-834.5784 -834.5784 -834.5784
-834.5784 -834.5784 -834.5784
-834.5784 -834.5784 -834.5784
-834.5784 -834.5784 -834.5784
-834.5784 -834.5784 -834.5784
-834.5784 -834.5784 -834.5784
-834.5784 -834.5784 -834.5784
-834.5784 -834.5784 -834.5784
-834.5784 -834.5784 -834.5784
-834.5784 -834.5784 -834.5784
-834.5784 -834.5784 -834.5784
-834.5784 -834.5784 -834.5784
-834.5784 -834.5784 -834.5784
-834.5784 -834.5784 -834.5784
-834.5784 -834.5784 -834.5784
-834.5784 -834.5784 -834.5784
-834.5784 -834.5784 -834.5784
-834.5784 -834.5784 -834.5784
-834.5784 -834.5784 -834.5784
-834.5784 -834.5784 -834.5784
-834.5784 -834.5784 -834.5784
-834.5784 -834.5784 -834.5784
-834.5784 -834.5784 -834.5784
-834.5784 -834.5784 -834.5784
-834.5784 -834.5784 -834.5784
-834.5784 -834.5784 -834.5784
-834.5784 -834.5784 -834.5784
-834.5784 -834.5784 -834.5784
-834.5784 -834.5784 -834.5784
-834.5784 -834.5784 -834.5784
-834.5784 -834.5784 -834.5784
-834.5784 -834.5784 -834.5784
-834.5784 -834.5784 -834.5784
-834.5784 -834.5784 -834.5784
-834.5784 -834.5784 -834.5784
-834.5784 -834.5784 -834.5784
-834.5784 -834.5784 -834.5784
-834.5784 -834.5784 -834.5784
-834.5784 -834.5784 -834.5784
-834.5784 -834.5784 -834.5784
-834.5784 -834.5784 -834.5784
-834.5784 -834.5784 -834.5784
-834.5784 -834.5784 -834.5784
-834.5784 -834.5784 -834.5784
-834.5784 -834.5784 -834.5784
-834.5784 -834.5784 -834.5784
-834.5784 -834.5784 -834.5784
-834.5784 -834.5784 -834.5784
-834.5784 -834.5784 -834.5784
-834.5784 -834.5784 -834.5784
-834.5784 -834.5784 -834.5784
-834.5784 -834.5784 -834.5784
-834.5784 -834.5784 -834.5784
-834.5784 -834.5784 -834.5784
-834.5784 -834.5784 -834.5784
-834.5784 -834.5784 -834.5784
-834.5784 -834.5784 -834.5784
-834.5784 -834.5784 -834.5784
-834.5784 -834.5784 -834.5784
-834.5784 -834.5784 -834.5784
-834.5784 -834.5784 -834.5784
-834.5784 -834.5784 -834.5784
-834.5784 -834.5784 -834.5784
-834.5784 -834.5784 -834.5784
-834.5784 -834.5784 -834.5784
-834.5784 -834.5784 -834.5784
-834.5784 -834.5784 -834.5784
-834.5784 -834.5784 -834.5784
-834.5784 -834.5784 -834.5784
-834.5784 -834.5784 -834.5784
-834.5784 -834.5784 -834.5784
-834.5784 -834.5784 -834.5784
-834.5784 -834.5784 -834.5784
-834.5784 -834.5784 -834.5784
-834.5784 -834.5784 -834.5784
-834.5784 -834.5784 -834.5784
-834.5784 -834.5784 -834.5784
-834.5784 -834.5784 -834.5784
-834.5784 -834.5784 -834.5784
-834.5784 -834.5784 -834.5784
-834.5784 -834.5784 -834.5784
-834.5784 -834.5784 -834.5784
-834.5784 -834.5784 -834.5784
-834.5784 -834.5784 -834.5784
-834.5784 -834.5784 -834.5784
-834.5784 -834.5784 -834.5784
-834.5784 -834.5784 -834.5784
-834.5784 -834.5784 -834.5784
-834.5784 -834.5784 -834.5784
-834.5784 -834.5784 -834.5784
-834.5784 -834.5784 -834.5784
-834.5784 -834.5784 -834.5784
-834.5784 -834.5784 -834.5784
-834.5784 -834.5784 -834.5784
-834.5784 -834.5784 -834.5784
-834.5784 -834.5784 -834.5784
-834.5784 -834.5784 -834.5784
-832.4564 -834.5784 -834.5360
-832.4564 -834.5784 -834.4936
-832.4564 -834.5784 -834.4511
-832.4564 -834.5784 -834.4087
-832.4564 -834.5784 -834.3662
-832.4564 -834.5784 -834.3238
-832.4564 -834.5784 -834.2814
-832.4564 -834.5784 -834.2389
-832.4564 -834.5784 -834.1965
-832.4564 -834.5784 -834.1540
-832.4564 -834.5784 -834.0692
-832.4564 -834.5784 -834.0267
-832.4564 -834.5784 -833.9843
-832.4564 -834.5784 -833.8994
-832.4564 -834.5784 -833.8145
-832.4564 -834.5784 -833.7721
-832.4564 -834.5784 -833.7296
-832.4564 -834.5784 -833.6872
-832.4564 -834.5784 -833.6448
-832.4564 -834.5784 -833.6023
-832.4564 -834.5784 -833.5392
-832.4564 -834.5784 -833.4543
-832.4564 -834.5784 -833.3270
-832.4564 -834.5784 -833.2846
-832.4564 -834.5784 -833.1997
-832.4564 -834.5784 -833.1572
-832.4564 -834.5784 -833.1021
-832.4564 -834.5784 -833.0172
-832.4564 -834.5784 -832.9747
-832.4564 -834.5784 -832.8899
-832.4564 -834.5784 -832.8050
-832.4564 -834.5784 -832.5928
-832.4564 -834.5784 -832.5503
-832.4564 -833.9416 -832.5079
-832.4564 -832.4564 -832.4564
-832.4564 -832.4564 -832.4564
-832.4564 -832.4564 -832.4564
-832.4564 -832.4564 -832.4564
-832.4564 -832.4564 -832.4564
-832.4564 -832.4564 -832.4564
-832.4564 -832.4564 -832.4564
-832.4564 -832.4564 -832.4564
-832.4564 -832.4564 -832.4564
-832.4564 -832.4564 -832.4564
-832.4564 -832.4564 -832.4564
-832.4564 -832.4564 -832.4564
-832.4564 -832.4564 -832.4564
-832.4564 -832.4564 -832.4564
-832.4564 -832.4564 -832.4564
-832.4564 -832.4564 -832.4564
-832.4564 -832.4564 -832.4564
-832.4564 -832.4564 -832.4564
-832.4564 -832.4564 -832.4564
-832.4564 -832.4564 -832.4564
-832.4564 -832.4564 -832.4564
-832.4564 -832.4564 -832.4564
-832.4564 -832.4564 -832.4564
-832.4564 -832.4564 -832.4564
-832.4564 -832.4564 -832.4564
-832.4564 -832.4564 -832.4564
-832.4564 -832.4564 -832.4564
-832.4564 -832.4564 -832.4564
-832.4564 -832.4564 -832.4564
-832.4564 -832.4564 -832.4564
-832.4564 -832.4564 -832.4564
-832.4564 -832.4564 -832.4564
-832.4564 -832.4564 -832.4564
-832.4564 -832.4564 -832.4564
-832.4564 -832.4564 -832.4564
-832.4564 -832.4564 -832.4564
-832.4564 -832.4564 -832.4564
-832.4564 -832.4564 -832.4564
-832.4564 -832.4564 -832.4564
-832.4564 -832.4564 -832.4564
-832.4564 -832.4564 -832.4564
-832.4564 -832.4564 -832.4564
-832.4564 -832.4564 -832.4564
-832.4564 -832.4564 -832.4564
-832.4564 -832.4564 -832.4564
-832.4564 -832.4564 -832.4564
-832.4564 -832.4564 -832.4564
-832.4564 -832.4564 -832.4564
-832.4564 -832.4564 -832.4564
-832.4564 -832.4564 -832.4564
-832.4564 -832.4564 -832.4564
-832.4564 -832.4564 -832.4564
-832.4564 -832.4564 -832.4564
-832.4564 -832.4564 -832.4564
-832.4564 -832.4564 -832.4564
-832.4564 -832.4564 -832.4564
-832.4564 -832.4564 -832.4564
-832.4564 -832.4564 -832.4564
-832.4564 -832.4564 -832.4564
-832.4564 -832.4564 -832.4564
-832.4564 -832.4564 -832.4564
-832.4564 -832.4564 -832.4564
-832.4564 -832.4564 -832.4564
-832.4564 -832.4564 -832.4564
-832.4564 -832.4564 -832.4564
-832.4564 -832.4564 -832.4564
-832.4564 -832.4564 -832.4564
-832.4564 -832.4564 -832.4564
-832.4564 -832.4564 -832.4564
-832.4564 -832.4564 -832.4564
-832.4564 -832.4564 -832.4564
-832.4564 -832.4564 -832.4564
-832.4564 -832.4564 -832.4564
-832.4564 -832.4564 -832.4564
-832.4564 -832.4564 -832.4564
-832.4564 -832.4564 -832.4564
-832.4564 -832.4564 -832.4564
-832.4564 -832.4564 -832.4564
-832.4564 -832.4564 -832.4564
-832.4564 -832.4564 -832.4564
-832.4564 -832.4564 -832.4564
-832.4564 -832.4564 -832.4564
-832.4564 -832.4564 -832.4564
-832.4564 -832.4564 -832.4564
-832.4564 -832.4564 -832.4564
-832.4564 -832.4564 -832.4564
-832.4564 -832.4564 -832.4564
-832.4564 -832.4564 -832.4564
-832.4564 -832.4564 -832.4564
-832.4564 -832.4564 -832.4564
-832.4564 -832.4564 -832.4564
-832.4564 -832.4564 -832.4564
-832.4564 -832.4564 -832.4564
-832.4564 -832.4564 -832.4564
-832.4564 -832.4564 -832.4564
-832.4564 -832.4564 -832.4564
-832.4564 -832.4564 -832.4564
-832.4564 -832.4564 -832.4564
-832.4564 -832.4564 -832.4564
-832.4564 -832.4564 -832.4564
-832.4564 -832.4564 -832.4564
-832.4564 -832.4564 -832.4564
-832.4564 -832.4564 -832.4564
-832.4564 -832.4564 -832.4564
-832.4564 -832.4564 -832.4564
-832.4564 -832.4564 -832.4564
-832.4564 -832.4564 -832.4564
-832.4564 -832.4564 -832.4564
-832.4564 -832.4564 -832.4564
-832.4564 -832.4564 -832.4564
-832.4564 -832.4564 -832.4564
-832.4564 -832.4564 -832.4564
-832.4564 -832.4564 -832.4564
-832.4564 -832.4564 -832.4564
-832.4564 -832.4564 -832.4564
-832.4564 -832.4564 -832.4564
-832.4564 -832.4564 -832.4564
-832.4564 -832.4564 -832.4564
-832.4564 -832.4564 -832.4564
-832.4564 -832.4564 -832.4564
-832.4564 -832.4564 -832.4564
-832.4564 -832.4564 -832.4564
-832.4564 -832.4564 -832.4564
-832.4564 -832.4564 -832.4564
-832.4564 -832.4564 -832.4564
-832.4564 -832.4564 -832.4564
-832.4564 -832.4564 -832.4564
-832.4564 -832.4564 -832.4564
-832.4564 -832.4564 -832.4564
-832.4564 -832.4564 -832.4564
-832.4564 -832.4564 -832.4564
-832.4564 -832.4564 -832.4564
-832.4564 -832.4564 -832.4564
-832.4564 -832.4564 -832.4564
-832.4564 -832.4564 -832.4564
-832.4564 -832.4564 -832.4564
-832.4564 -832.4564 -832.4564
-832.4564 -832.4564 -832.4564
-832.4564 -832.4564 -832.4564
-832.4564 -832.4564 -832.4564
-832.4564 -832.4564 -832.4564
-832.4564 -832.4564 -832.4564
-832.4564 -832.4564 -832.4564
-832.4564 -832.4564 -832.4564
-832.4564 -832.4564 -832.4564
-832.4564 -832.4564 -832.4564
-832.4564 -832.4564 -832.4564
-832.4564 -832.4564 -832.4564
-832.4564 -832.4564 -832.4564
-832.4564 -832.4564 -832.4564
-832.4564 -832.4564 -832.4564
-832.4564 -832.4564 -832.4564
-832.4564 -832.4564 -832.4564
-832.4564 -832.4564 -832.4564
-832.4564 -832.4564 -832.4564
-832.4564 -832.4564 -832.4564
-832.4564 -832.4564 -832.4564
-832.4564 -832.4564 -832.4564
-832.4564 -832.4564 -832.4564
-832.4564 -832.4564 -832.4564
-832.4564 -832.4564 -832.4564
-832.4564 -832.4564 -832.4564
-832.4564 -832.4564 -832.4564
-832.4564 -832.4564 -832.4564
-832.4564 -832.4564 -832.4564
-832.4564 -832.4564 -832.4564
-832.4564 -832.4564 -832.4564
-832.4564 -832.4564 -832.4564
-832.4564 -832.4564 -832.4564
-832.4564 -832.4564 -832.4564
-832.4564 -832.4564 -832.4564
-832.4564 -832.4564 -832.4564
-832.4564 -832.4564 -832.4564
-832.4564 -832.4564 -832.4564
-832.4564 -832.4564 -832.4564
-832.4564 -832.4564 -832.4564
-832.4564 -832.4564 -832.4564
-832.4564 -832.4564 -832.4564
-832.4564 -832.4564 -832.4564
-832.4564 -832.4564 -832.4564
-832.4564 -832.4564 -832.4564
-832.4564 -832.4564 -832.4564
-832.4564 -832.4564 -832.4564
-832.4564 -832.4564 -832.4564
-832.4564 -832.4564 -832.4564
-832.4564 -832.4564 -832.4564
-832.4564 -832.4564 -832.4564
-832.4564 -832.4564 -832.4564
-832.4564 -832.4564 -832.4564
-832.4564 -832.4564 -832.4564
-832.4564 -832.4564 -832.4564
-832.4564 -832.4564 -832.4564
-832.4564 -832.4564 -832.4564
-832.4564 -832.4564 -832.4564
-832.4564 -832.4564 -832.4564
-832.4564 -832.4564 -832.4564
-832.4564 -832.4564 -832.4564
-832.4564 -832.4564 -832.4564
-832.4564 -832.4564 -832.4564
-832.4564 -832.4564 -832.4564
-832.4564 -832.4564 -832.4564
-832.4564 -832.4564 -832.4564
-832.4564 -832.4564 -832.4564
-832.4564 -832.4564 -832.4564
-832.4564 -832.4564 -832.4564
-832.4564 -832.4564 -832.4564
-832.4564 -832.4564 -832.4564
-832.4564 -832.4564 -832.4564
-832.4564 -832.4564 -832.4564
-832.4564 -832.4564 -832.4564
-832.4564 -832.4564 -832.4564
