-5029.7905 -5682.5601 -5492.0253
-5029.7905 -5525.7774 -5365.3149
-5029.7905 -5398.2552 -5271.4890
-4983.6868 -5312.6893 -5183.7294
-4967.8405 -5194.6831 -5090.5630
-4900.8673 -5103.0183 -5036.9793
-4900.8673 -5039.3024 -5001.0461
-4900.8673 -5015.5111 -4975.8223
-4900.8673 -4992.0362 -4955.5929
-4856.5449 -4968.5477 -4932.5229
-4856.5449 -4938.7144 -4908.1715
-4796.2801 -4909.7622 -4886.6144
-4769.6049 -4900.8673 -4866.4424
-4707.0440 -4872.9424 -4838.0932
-4707.0440 -4851.7529 -4809.0219
-4707.0440 -4818.3909 -4778.9324
-4707.0440 -4794.3942 -4759.1264
-4683.6421 -4764.0943 -4734.0860
-4629.7649 -4743.5093 -4714.0434
-4626.9328 -4719.4768 -4695.2948
-4592.9772 -4702.4663 -4675.4952
-4592.9772 -4687.1685 -4651.7931
-4581.9672 -4659.2088 -4628.0718
-4505.3596 -4632.5157 -4610.8081
-4505.3596 -4620.7820 -4589.1316
-4505.3596 -4603.5431 -4569.0630
-4468.9885 -4585.4661 -4550.1886
-4430.0712 -4560.7096 -4522.7424
-4416.6270 -4536.3828 -4500.9309
-4410.5264 -4513.6687 -4479.0467
-4385.8071 -4487.9025 -4452.5969
-4369.6809 -4462.7578 -4430.3292
-4338.4918 -4447.9471 -4410.4716
-4338.4918 -4422.7092 -4393.7241
-4336.0917 -4400.1177 -4380.3007
-4270.8006 -4385.0900 -4361.8155
-4270.8006 -4370.5382 -4346.8018
-4270.8006 -4359.0270 -4328.4707
-4187.9250 -4338.4918 -4311.3157
-4176.2636 -4318.5520 -4283.9256
-4176.2636 -4297.0388 -4263.7625
-4108.5673 -4275.0286 -4235.7103
-4108.5673 -4254.7581 -4209.9741
-4100.9235 -4218.3552 -4182.8944
-4086.2071 -4198.0372 -4160.6474
-4078.5512 -4176.2636 -4141.9811
-4056.6216 -4148.5969 -4120.0891
-3943.3282 -4134.2840 -4100.4646
-3943.3282 -4108.5673 -4077.4857
-3943.3282 -4095.4409 -4062.0086
-3942.7280 -4078.5512 -4032.7224
-3900.4500 -4054.4848 -4003.5084
-3844.3196 -4028.8806 -3974.5360
-3844.3196 -3985.5519 -3949.0660
-3844.3196 -3959.8278 -3920.8647
-3844.3196 -3938.7833 -3898.3508
-3844.3196 -3913.0987 -3882.6753
-3808.7789 -3894.7391 -3864.4670
-3808.7789 -3875.6327 -3852.7984
-3742.9612 -3864.1636 -3838.5280
-3742.9612 -3852.5636 -3824.1320
-3742.9612 -3844.3196 -3812.1328
-3681.8713 -3829.0083 -3796.5601
-3661.7976 -3812.3317 -3779.3786
-3660.0548 -3801.3960 -3760.3693
-3605.3823 -3784.3872 -3736.0308
-3605.3823 -3760.4670 -3715.1984
-3605.3823 -3733.5615 -3691.0804
-3603.5726 -3711.8514 -3673.9510
-3564.1597 -3687.1615 -3652.9731
-3555.1237 -3677.4453 -3637.2791
-3529.0483 -3654.6179 -3617.7823
-3471.8773 -3639.2317 -3598.4612
-3471.8773 -3617.1782 -3578.5748
-3471.8773 -3602.3626 -3561.7390
-3471.8773 -3577.7350 -3538.7645
-3418.6917 -3554.9673 -3520.1240
-3418.6917 -3539.0938 -3500.4823
-3418.6917 -3518.9131 -3484.6770
-3386.6173 -3508.3627 -3470.3304
-3386.6173 -3486.9732 -3451.5252
-3386.0509 -3471.8773 -3435.3545
-3345.3257 -3453.9670 -3415.6176
-3345.3257 -3421.2564 -3398.1981
-3345.3257 -3411.1316 -3388.6304
-3327.4863 -3398.5321 -3378.2762
-3318.4675 -3390.1086 -3369.4690
-3318.4675 -3386.0509 -3357.9691
-3289.3925 -3371.2610 -3345.4929
-3248.2710 -3352.3420 -3331.9505
-3248.2710 -3345.3257 -3323.7956
-3248.2710 -3334.5717 -3312.5732
-3248.2710 -3324.2810 -3299.6999
-3248.2710 -3317.4852 -3287.1626
-3238.3004 -3296.7607 -3274.4606
-3205.0171 -3288.7052 -3264.1750
-3188.6936 -3278.5363 -3255.0491
-3177.0595 -3270.5098 -3245.9548
-3177.0595 -3261.1233 -3235.2143
-3177.0595 -3250.0488 -3226.0721
-3166.0234 -3245.9666 -3215.1668
-3166.0234 -3238.3004 -3210.2302
-3157.9551 -3225.3831 -3201.0472
-3157.9551 -3215.3012 -3189.6763
-3125.4496 -3202.1386 -3178.7200
-3072.2006 -3191.0186 -3167.5652
-3072.2006 -3177.0595 -3154.5431
-3072.2006 -3170.8260 -3147.3502
-3026.8338 -3157.9886 -3131.8057
-3026.8338 -3151.2849 -3121.8014
-3005.5767 -3136.9767 -3104.9083
-2994.3302 -3129.4418 -3090.1693
-2994.3302 -3115.9387 -3073.0428
-2994.3302 -3100.4981 -3057.0044
-2994.3302 -3072.4354 -3041.9231
-2991.7362 -3059.1150 -3030.6488
-2984.7398 -3054.0848 -3020.7442
-2962.0730 -3038.2170 -3009.0879
-2962.0730 -3018.2556 -2998.7242
-2953.2428 -3011.8979 -2993.8015
-2953.2428 -3005.1666 -2987.4170
-2953.2428 -2994.8842 -2982.1163
-2930.0346 -2993.7452 -2974.8466
-2930.0346 -2987.8952 -2969.4438
-2881.3487 -2984.7398 -2963.3003
-2862.8843 -2975.1329 -2951.2882
-2862.8843 -2968.6314 -2941.9242
-2862.8843 -2962.0730 -2929.8750
-2852.9786 -2948.0928 -2915.7444
-2842.6142 -2934.1589 -2904.2622
-2842.6142 -2927.4851 -2891.5796
-2813.6929 -2910.1107 -2876.3240
-2813.6929 -2895.6115 -2864.7531
-2808.5719 -2880.5633 -2852.7380
-2808.5719 -2869.1771 -2844.5363
-2761.1499 -2858.9798 -2834.2338
-2761.1499 -2845.5578 -2825.0862
-2739.5642 -2840.2797 -2815.2897
-2739.5642 -2834.4562 -2807.6351
-2739.5642 -2830.5259 -2800.8578
-2727.4445 -2818.0503 -2790.0661
-2702.0058 -2811.7334 -2780.9795
-2702.0058 -2801.0485 -2767.8598
-2702.0058 -2786.0532 -2754.1895
-2693.2329 -2769.3803 -2739.4184
-2693.2329 -2757.9382 -2731.2224
-2692.4848 -2741.1864 -2721.7136
-2659.8126 -2736.7766 -2711.2235
-2649.4688 -2725.5648 -2701.6037
-2649.4688 -2711.0487 -2693.7655
-2649.4688 -2704.7720 -2686.1946
-2602.9618 -2702.0058 -2680.1847
-2602.9618 -2693.2329 -2669.5028
-2593.4129 -2686.4683 -2660.8335
-2593.4129 -2679.0898 -2654.4491
-2593.4129 -2671.2627 -2646.9302
-2593.4129 -2662.9979 -2639.4598
-2578.8832 -2652.2852 -2626.7169
-2578.8832 -2646.5478 -2621.0807
-2566.7525 -2633.7198 -2610.2966
-2566.7525 -2628.4799 -2605.2606
-2557.3409 -2622.0631 -2598.2415
-2533.4060 -2611.6963 -2590.7795
-2533.4060 -2606.7032 -2587.9925
-2509.9988 -2597.6883 -2578.6570
-2509.9988 -2593.4129 -2572.3853
-2509.9988 -2591.4834 -2566.5926
-2509.9988 -2582.4997 -2557.1821
-2469.9770 -2571.2526 -2545.8760
-2469.9770 -2566.7525 -2538.3878
-2469.9770 -2553.4176 -2528.5633
-2469.9770 -2549.3883 -2520.4397
-2469.9770 -2539.3464 -2513.5227
-2469.9770 -2533.4060 -2509.1191
-2469.9770 -2524.9183 -2503.1677
-2469.9770 -2517.3888 -2498.5848
-2469.9770 -2511.9615 -2493.2060
-2459.2175 -2506.6600 -2486.5943
-2459.2175 -2499.8836 -2482.9444
-2439.4078 -2494.9676 -2479.1507
-2420.8741 -2489.9887 -2472.2895
-2420.8741 -2485.8125 -2464.3107
-2407.2139 -2475.1441 -2457.6951
-2407.2139 -2469.9770 -2451.7909
-2407.2139 -2461.7712 -2442.4767
-2407.2139 -2459.0953 -2437.9974
-2407.2139 -2455.1734 -2433.6050
-2407.2139 -2444.7027 -2426.8040
-2405.0618 -2439.4026 -2423.4438
-2376.9221 -2433.9648 -2417.7351
-2376.9221 -2430.4242 -2413.9158
-2376.9221 -2424.8416 -2410.3126
-2376.9221 -2420.8741 -2406.5471
-2376.9221 -2418.9809 -2403.1582
-2376.9221 -2414.0927 -2400.2151
-2342.6041 -2407.6109 -2394.0300
-2336.6897 -2407.0712 -2388.2927
-2336.6897 -2403.5258 -2382.3875
-2333.9715 -2398.5191 -2376.5763
-2333.9715 -2395.2072 -2372.7576
-2278.3670 -2389.3039 -2367.3199
-2278.3670 -2385.6200 -2360.9351
-2268.2089 -2381.8921 -2350.8695
-2268.2089 -2372.6117 -2338.7146
-2268.2089 -2357.1790 -2330.8899
-2264.8819 -2351.2600 -2323.4356
-2264.8819 -2343.2916 -2313.9193
-2264.8819 -2341.0257 -2311.2102
-2264.8819 -2333.9715 -2301.9388
-2264.8819 -2325.8149 -2294.3324
-2262.9034 -2313.6996 -2287.1071
-2262.9034 -2303.5005 -2279.2197
-2239.8932 -2293.1217 -2274.0959
-2239.8932 -2285.0403 -2270.7472
-2239.8932 -2283.2270 -2268.3825
-2239.8932 -2277.6034 -2263.1973
-2239.8932 -2273.8601 -2261.8242
-2239.8932 -2268.9498 -2259.1763
-2239.8932 -2268.2089 -2257.7321
-2237.3004 -2266.3998 -2255.0854
-2237.3004 -2264.8819 -2252.0113
-2225.4466 -2261.3724 -2248.2653
-2212.5436 -2258.4539 -2245.2157
-2212.5436 -2253.5481 -2240.4763
-2189.0576 -2247.9829 -2235.3317
-2189.0576 -2242.4945 -2231.0899
-2189.0576 -2240.5701 -2227.9005
-2189.0576 -2239.8932 -2223.9068
-2189.0576 -2237.5989 -2219.3488
-2189.0576 -2234.4759 -2214.6617
-2184.7978 -2231.6375 -2211.0764
-2179.4453 -2224.0001 -2204.8278
-2179.4453 -2215.8783 -2201.7185
-2179.4453 -2213.3054 -2199.7776
-2179.4453 -2210.2466 -2195.3691
-2164.3058 -2206.5703 -2192.1786
-2164.3058 -2204.0567 -2188.8411
-2164.3058 -2198.7766 -2185.1422
-2137.2777 -2193.7683 -2181.4698
-2137.2777 -2189.9930 -2178.8073
-2137.2777 -2189.0576 -2174.6054
-2134.3532 -2184.7978 -2170.5822
-2134.3532 -2180.4622 -2165.8534
-2080.7969 -2176.6408 -2157.1406
-2080.7969 -2171.3600 -2149.8018
-2080.7969 -2167.7102 -2143.9733
-2080.7969 -2163.8186 -2135.8262
-2080.7969 -2149.4647 -2127.8100
-2071.6234 -2141.6493 -2121.2568
-2071.6234 -2139.3193 -2118.2742
-2071.6234 -2134.3532 -2111.0797
-2071.6234 -2129.7389 -2104.1768
-2071.6234 -2126.3719 -2100.3703
-2022.8363 -2123.6524 -2094.1391
-2022.8363 -2110.8799 -2087.9774
-2022.8363 -2103.2407 -2082.8625
-2022.8363 -2099.8217 -2077.4357
-2022.8363 -2091.9316 -2071.3221
-2022.8363 -2086.3622 -2066.2896
-2022.8363 -2080.7969 -2060.3569
-2004.4567 -2076.1840 -2054.2740
-2004.4567 -2070.4903 -2049.3062
-2004.4567 -2066.9002 -2042.5080
-2004.4567 -2062.7116 -2037.5929
-1992.7176 -2054.7580 -2030.5479
-1992.7176 -2046.3871 -2026.3259
-1957.5228 -2040.8390 -2021.7666
-1957.5228 -2036.4364 -2017.8611
-1957.5228 -2029.4674 -2013.6254
-1957.5228 -2025.8603 -2009.4450
-1957.5228 -2022.8732 -2006.8411
-1957.5228 -2022.8363 -2003.1543
-1928.3589 -2019.6510 -1997.0282
-1928.3589 -2015.2617 -1991.9137
-1928.3589 -2009.4684 -1985.8279
-1928.3589 -2004.6321 -1980.3272
-1928.3589 -1999.5005 -1975.5700
-1928.3589 -1993.9338 -1972.4361
-1928.3589 -1989.3177 -1966.9141
-1926.8225 -1984.1028 -1959.7609
-1920.5753 -1977.3718 -1953.1732
-1920.5753 -1971.6250 -1949.5930
-1920.5753 -1961.1824 -1942.7845
-1920.5753 -1957.5228 -1941.1097
-1911.5340 -1957.5228 -1937.5847
-1905.1496 -1952.0734 -1933.0209
-1905.1496 -1945.7307 -1930.6443
-1905.1496 -1943.5880 -1928.7276
-1905.1496 -1936.9145 -1925.4178
-1905.1496 -1934.7436 -1922.9419
-1905.1496 -1932.3525 -1921.2655
-1903.3555 -1928.3589 -1919.2090
-1900.8046 -1928.3589 -1916.7549
-1900.8046 -1927.2305 -1915.4911
-1866.6994 -1924.8719 -1912.1092
-1866.6994 -1921.1296 -1909.3808
-1862.0117 -1916.5046 -1903.6844
-1853.2189 -1913.2802 -1898.5001
-1825.0052 -1911.5340 -1894.4835
-1825.0052 -1907.8343 -1889.6310
-1825.0052 -1905.2484 -1885.9064
-1825.0052 -1905.1496 -1882.5249
-1825.0052 -1903.3555 -1876.5934
-1825.0052 -1899.3496 -1870.6647
-1824.6818 -1894.1432 -1865.5548
-1824.6818 -1882.7755 -1858.6510
-1824.6818 -1875.8141 -1854.1875
-1824.6818 -1873.9559 -1850.3625
-1824.6818 -1866.6994 -1844.7855
-1819.1407 -1862.0117 -1840.0460
-1819.1407 -1853.7834 -1835.2061
-1819.1407 -1850.3060 -1832.9172
-1783.9621 -1844.8822 -1828.6159
-1783.9621 -1839.3606 -1825.2437
-1783.9621 -1834.5788 -1821.9842
-1783.9621 -1831.8970 -1820.0662
-1783.1106 -1828.4687 -1817.6988
-1771.8966 -1826.8770 -1813.6451
-1771.8966 -1825.0052 -1809.9658
-1771.8966 -1825.0052 -1807.5185
-1770.9978 -1824.6818 -1802.1381
-1764.9883 -1819.1407 -1797.2991
-1764.9883 -1816.2391 -1793.9885
-1743.4888 -1807.7425 -1785.7524
-1743.4888 -1801.3394 -1781.3453
-1743.4888 -1799.3868 -1778.2599
-1740.7325 -1791.0776 -1774.2113
-1737.5217 -1788.0133 -1771.4212
-1737.5217 -1783.9621 -1767.3728
-1737.5217 -1783.1106 -1763.7772
-1728.5350 -1776.5652 -1760.3754
-1728.5350 -1772.7560 -1757.4219
-1728.5350 -1771.8966 -1755.7891
-1728.5350 -1770.2455 -1751.4619
-1728.5350 -1766.8800 -1749.0953
-1728.5350 -1764.5103 -1746.1988
-1718.5840 -1757.2831 -1742.1268
-1718.5840 -1753.1069 -1739.4310
-1718.5840 -1749.6356 -1738.1250
-1713.4920 -1746.1333 -1736.0086
-1713.4920 -1745.0660 -1734.9018
-1707.3078 -1743.4888 -1732.8476
-1707.3078 -1742.2686 -1730.3518
-1706.3472 -1741.0268 -1728.5910
-1706.3472 -1737.5217 -1725.8425
-1706.3472 -1736.3391 -1723.3393
-1706.3472 -1730.9595 -1721.2110
-1694.6278 -1728.5350 -1717.8148
-1694.2672 -1724.5980 -1715.2900
-1694.2672 -1724.5364 -1714.1446
-1694.2672 -1723.6708 -1712.9476
-1694.2672 -1722.6048 -1711.8376
-1694.2672 -1720.3978 -1710.2349
-1694.2672 -1718.5840 -1708.7051
-1681.2860 -1714.3620 -1704.4720
-1681.2860 -1713.4920 -1702.2804
-1681.2860 -1713.4405 -1701.3383
-1681.2860 -1709.8575 -1699.6103
-1681.2860 -1708.0625 -1697.8730
-1681.2860 -1707.1410 -1696.4334
-1681.2860 -1706.3472 -1695.1314
-1681.2860 -1704.0510 -1693.7381
-1681.2860 -1701.7370 -1691.9964
-1669.6351 -1697.9182 -1689.2133
-1669.6351 -1697.0416 -1688.3391
-1669.6351 -1695.1147 -1687.0333
-1669.6351 -1694.4375 -1685.9225
-1669.6351 -1694.2672 -1685.0923
-1651.1894 -1694.1302 -1682.5315
-1651.1894 -1692.2089 -1681.1901
-1651.1894 -1690.1835 -1678.8952
-1646.8127 -1687.1659 -1675.8813
-1646.8127 -1685.3879 -1674.5011
-1646.8127 -1684.1125 -1672.5791
-1646.8127 -1682.8158 -1671.4694
-1646.8127 -1681.2860 -1669.5107
-1646.8127 -1681.2860 -1667.0186
-1641.6692 -1679.2082 -1662.9110
-1641.6692 -1676.6864 -1660.4690
-1619.5990 -1672.2354 -1657.3632
-1619.5990 -1669.6351 -1654.5425
-1619.5990 -1669.6351 -1651.9075
-1606.7396 -1665.5601 -1647.0575
-1606.7396 -1660.1897 -1642.5250
-1606.7396 -1654.4332 -1639.4348
-1606.7396 -1648.3322 -1635.1951
-1606.7396 -1646.8127 -1632.9882
-1606.7396 -1646.8127 -1631.4557
-1606.7396 -1644.9476 -1627.6426
-1606.7396 -1643.9386 -1626.0834
-1600.0481 -1641.6692 -1623.8672
-1600.0481 -1636.2143 -1619.0232
-1596.4374 -1632.2391 -1613.7580
-1596.4374 -1629.7182 -1612.1556
-1587.9747 -1623.7329 -1608.7258
-1587.9747 -1619.5990 -1606.4321
-1587.9747 -1616.4403 -1603.8981
-1587.9747 -1613.2834 -1602.9912
-1571.9405 -1608.9546 -1601.2004
-1571.9405 -1607.3132 -1599.2391
-1571.9405 -1606.7396 -1597.7259
-1571.9405 -1606.7396 -1595.7681
-1566.7949 -1605.9268 -1593.8728
-1566.7949 -1604.4784 -1591.9690
-1558.8768 -1603.2723 -1588.8818
-1558.8768 -1600.0481 -1586.2377
-1558.8768 -1597.9895 -1584.0303
-1558.8768 -1596.0467 -1581.0298
-1558.8768 -1592.2721 -1578.1420
-1558.8768 -1587.9747 -1574.9659
-1556.2130 -1586.1372 -1572.6038
-1555.3894 -1584.0644 -1570.0482
-1555.3894 -1580.4553 -1568.5506
-1555.3894 -1579.5477 -1567.3538
-1544.8577 -1574.3303 -1564.8406
-1544.8577 -1573.1735 -1563.1184
-1544.8577 -1571.9405 -1561.7776
-1544.8577 -1571.6475 -1560.1764
-1544.8577 -1569.9801 -1558.5854
-1526.9691 -1567.5325 -1556.9572
-1526.9691 -1566.7949 -1555.9006
-1526.9691 -1565.2579 -1554.0764
-1526.9691 -1562.4854 -1552.1691
-1526.9691 -1558.8768 -1549.4495
-1526.9691 -1556.8185 -1548.0249
-1526.9691 -1555.8983 -1546.4115
-1526.9691 -1555.3894 -1544.3141
-1526.9691 -1554.9364 -1542.5832
-1524.2127 -1551.1199 -1538.9452
-1524.2127 -1547.7140 -1537.3756
-1524.2127 -1546.6600 -1535.9813
-1524.2127 -1545.7500 -1534.9413
-1523.6621 -1544.8577 -1532.7353
-1489.6117 -1542.5874 -1530.3041
-1489.6117 -1539.1263 -1528.4450
-1489.6117 -1535.7575 -1526.6796
-1489.6117 -1534.9268 -1525.0780
-1489.6117 -1533.0918 -1522.1192
-1489.6117 -1529.2019 -1518.3517
-1489.6117 -1528.1943 -1516.8630
-1489.6117 -1526.9691 -1514.3947
-1489.6117 -1526.9691 -1511.4473
-1484.0187 -1524.2127 -1508.2130
-1477.5383 -1524.2127 -1504.6463
-1477.5383 -1521.4294 -1501.6591
-1477.5383 -1518.7618 -1499.5815
-1477.5383 -1514.8211 -1496.6177
-1477.5383 -1509.1432 -1493.7792
-1477.5383 -1504.3985 -1491.4552
-1473.7476 -1502.5414 -1489.8683
-1473.7476 -1500.8471 -1489.1423
-1473.7476 -1499.0006 -1487.3728
-1460.0217 -1493.5339 -1484.7833
-1460.0217 -1492.1949 -1482.6094
-1460.0217 -1492.0431 -1481.4122
-1460.0217 -1489.6685 -1479.5483
-1460.0217 -1489.6117 -1477.8266
-1430.6143 -1489.6117 -1475.2020
-1430.6143 -1486.8288 -1472.1765
-1430.6143 -1484.1775 -1470.3760
-1430.6143 -1478.7412 -1467.3268
-1430.6143 -1477.5383 -1465.2075
-1430.6143 -1474.8356 -1462.0914
-1430.6143 -1473.7476 -1459.7292
-1430.6143 -1472.1489 -1456.5680
-1430.6143 -1467.7764 -1452.4293
-1430.6143 -1465.1069 -1450.4151
-1430.6143 -1463.4326 -1447.4789
-1423.1600 -1460.0217 -1445.6473
-1423.1600 -1460.0217 -1443.8748
-1422.5983 -1457.7842 -1440.5012
-1422.5983 -1455.4080 -1437.8781
-1422.5983 -1453.5884 -1437.0800
-1422.5983 -1449.7009 -1433.9745
-1419.6536 -1443.5882 -1432.1298
-1419.6536 -1440.4736 -1430.5790
-1419.6536 -1437.2811 -1429.1849
-1419.6536 -1436.3589 -1428.5036
-1417.2444 -1433.1878 -1427.2113
-1417.1357 -1430.6143 -1426.3943
-1417.1357 -1430.6143 -1425.9644
-1413.4887 -1430.6143 -1424.9210
-1413.4887 -1430.6143 -1424.0974
-1413.4887 -1430.6143 -1423.0012
-1413.4887 -1429.2406 -1422.0240
-1410.6084 -1428.3074 -1420.9177
-1410.6084 -1425.1757 -1419.2965
-1409.3144 -1424.2843 -1418.4870
-1409.3144 -1423.1600 -1417.9207
-1409.0321 -1422.9396 -1417.0704
-1409.0321 -1422.5983 -1416.6846
-1407.4596 -1422.5983 -1416.1105
-1396.2825 -1419.8814 -1414.5934
-1394.9505 -1419.6536 -1412.7649
-1394.9505 -1419.5257 -1411.9577
-1394.9505 -1418.7708 -1410.4878
-1394.9505 -1417.2444 -1409.3748
-1394.9505 -1417.2444 -1408.5989
-1394.9505 -1417.1357 -1407.3333
-1394.9505 -1415.2179 -1406.6725
-1394.9505 -1413.4887 -1405.7051
-1394.9505 -1413.4887 -1405.3343
-1394.9505 -1413.4769 -1404.6463
-1389.5910 -1410.6084 -1402.8294
-1387.7837 -1410.6084 -1401.7024
-1381.4869 -1409.3144 -1400.0956
-1381.4869 -1409.0321 -1398.6308
-1381.4869 -1407.8048 -1397.0193
-1381.4869 -1406.1868 -1395.4397
-1381.4869 -1404.5019 -1393.3143
-1381.4869 -1402.8106 -1391.8088
-1381.4869 -1399.8751 -1390.9356
-1381.4869 -1396.0825 -1389.7349
-1381.4869 -1394.9505 -1389.0485
-1373.5048 -1394.9505 -1387.7504
-1373.2515 -1394.9505 -1386.3340
-1373.2515 -1394.9505 -1385.7629
-1363.7137 -1392.2271 -1384.2663
-1363.7137 -1390.6887 -1383.2553
-1363.7137 -1389.9468 -1382.4495
-1337.0971 -1389.3981 -1380.0276
-1337.0971 -1388.3909 -1378.4103
-1337.0971 -1387.6347 -1376.8324
-1337.0971 -1386.3204 -1374.6837
-1337.0971 -1384.8782 -1372.1096
-1337.0971 -1381.4869 -1369.5738
-1337.0971 -1381.4012 -1367.0406
-1337.0971 -1380.0920 -1365.2790
-1337.0971 -1377.4105 -1363.4330
-1336.4213 -1375.3122 -1361.7961
-1336.4213 -1374.7712 -1360.6838
-1324.8634 -1373.5048 -1357.7309
-1324.8634 -1373.2515 -1354.3267
-1324.8634 -1371.2699 -1351.3855
-1324.8634 -1368.2018 -1350.2608
-1320.0427 -1366.1654 -1346.7809
-1320.0427 -1363.7137 -1344.2409
-1320.0427 -1359.0112 -1341.6853
-1320.0427 -1356.9608 -1338.2132
-1320.0427 -1352.7630 -1336.3498
-1320.0427 -1345.3629 -1333.4319
-1314.2815 -1341.3036 -1331.2848
-1314.2815 -1339.0434 -1330.2490
-1314.2815 -1337.0971 -1328.9485
-1314.2815 -1337.0971 -1327.8985
-1314.2815 -1336.4213 -1326.3858
-1314.2815 -1334.7918 -1324.2598
-1307.8090 -1332.5658 -1322.9810
-1307.8090 -1331.2293 -1322.3383
-1307.8090 -1330.3281 -1321.8549
-1307.8090 -1329.7007 -1320.5625
-1307.8090 -1327.8078 -1319.7513
-1307.8090 -1325.1211 -1318.6563
-1307.8090 -1324.8634 -1317.8798
-1307.8090 -1324.7911 -1317.1467
-1307.8090 -1323.6942 -1316.3119
-1307.8090 -1322.2226 -1315.7771
-1296.5088 -1320.0427 -1313.9912
-1296.5088 -1320.0427 -1313.1117
-1296.5088 -1319.9154 -1312.2685
-1296.5088 -1318.6130 -1310.4908
-1296.5088 -1317.9593 -1309.6407
-1296.5088 -1315.9772 -1308.4650
-1295.3530 -1314.2815 -1307.3729
-1295.3530 -1314.2815 -1306.6568
-1295.3530 -1314.2815 -1306.2782
-1295.3530 -1312.8035 -1305.2767
-1278.1839 -1310.9022 -1303.8086
-1278.1839 -1309.6209 -1302.8893
-1278.1839 -1309.2644 -1302.1298
-1278.1839 -1307.8090 -1300.6525
-1278.1839 -1307.8090 -1299.4329
-1278.1839 -1307.8090 -1297.5116
-1278.1839 -1307.8090 -1296.2703
-1274.1439 -1305.0527 -1293.9350
-1274.1439 -1304.5151 -1292.6312
-1274.1439 -1300.5126 -1290.4313
-1274.1439 -1299.7817 -1289.7157
-1272.0774 -1297.4045 -1287.5110
-1272.0774 -1296.5088 -1286.2583
-1272.0774 -1296.5088 -1285.4205
-1272.0774 -1296.5088 -1284.0517
-1272.0774 -1295.3530 -1282.5745
-1272.0774 -1295.3530 -1281.4524
-1272.0774 -1293.1294 -1280.2534
-1272.0774 -1292.6033 -1279.8324
-1262.6341 -1288.9797 -1277.8931
-1262.6341 -1285.0933 -1275.4335
-1261.2920 -1281.3170 -1274.4198
-1261.2920 -1278.6388 -1273.7852
-1261.2920 -1278.5756 -1273.3490
-1261.2920 -1278.1839 -1272.8939
-1261.2920 -1278.1839 -1272.3208
-1261.2920 -1278.1839 -1271.8735
-1261.2920 -1277.1134 -1271.3587
-1261.2920 -1276.9461 -1270.8680
-1258.9096 -1276.4991 -1270.0846
-1242.3423 -1274.1439 -1268.5692
-1242.3423 -1274.1439 -1267.2510
-1242.3423 -1274.1439 -1266.0884
-1242.3423 -1273.4016 -1265.1954
-1229.4272 -1272.7116 -1262.9438
-1229.4272 -1272.0774 -1261.3296
-1227.2113 -1272.0774 -1259.1440
-1227.2113 -1270.9110 -1256.7213
-1227.2113 -1269.3109 -1253.3724
-1227.2113 -1268.3379 -1251.7089
-1227.2113 -1267.5570 -1250.5012
-1217.2670 -1263.6281 -1247.1244
-1217.2670 -1262.5030 -1244.9985
-1217.2670 -1261.2920 -1242.6888
-1217.2670 -1260.7343 -1240.6129
-1217.2670 -1256.7958 -1237.4657
-1217.2670 -1251.2058 -1234.2033
-1217.2670 -1247.9610 -1232.4584
-1217.2670 -1246.1303 -1231.0170
-1217.2670 -1242.3423 -1229.3281
-1217.2039 -1239.2380 -1226.9331
-1217.2039 -1235.6508 -1224.9332
-1205.7778 -1231.1895 -1223.4413
-1205.7778 -1229.4272 -1222.5367
-1205.7778 -1229.4272 -1222.0453
-1205.7778 -1229.3934 -1221.3572
-1205.7778 -1227.2113 -1219.8873
-1205.7778 -1227.2113 -1218.5467
-1204.1234 -1225.1759 -1216.8217
-1204.1234 -1224.5861 -1216.2423
-1204.1234 -1223.4513 -1215.0574
-1204.1234 -1223.4513 -1214.6708
-1204.1234 -1222.6394 -1214.1727
-1181.1181 -1219.9692 -1212.5611
-1181.1181 -1218.6710 -1211.3416
-1181.1181 -1218.2548 -1210.4609
-1181.1181 -1217.2670 -1209.2077
-1181.1181 -1217.2670 -1208.2484
-1181.1181 -1217.2670 -1207.2613
-1174.3061 -1217.2039 -1204.7374
-1174.3061 -1217.2039 -1203.3245
-1174.3061 -1216.4469 -1201.5097
-1174.3061 -1214.0847 -1199.3651
-1174.3061 -1212.2871 -1197.3609
-1174.3061 -1210.2719 -1196.3654
-1174.3061 -1208.2519 -1195.4884
-1174.3061 -1205.7778 -1194.2262
-1174.3061 -1205.7778 -1193.2931
-1174.3061 -1205.5787 -1191.6877
-1171.5608 -1204.1234 -1189.3691
-1171.5608 -1204.1234 -1188.0419
-1171.5608 -1204.1234 -1186.6214
-1171.5608 -1201.1282 -1184.3368
-1171.5608 -1199.8425 -1182.8695
-1169.8844 -1192.4437 -1179.1450
-1169.8844 -1191.0126 -1178.0798
-1169.2703 -1187.8578 -1176.5834
-1163.4511 -1186.5877 -1175.6058
-1163.4511 -1181.7443 -1174.6242
-1163.4511 -1181.1181 -1173.7580
-1163.4511 -1181.1181 -1172.9101
-1163.4511 -1179.9349 -1172.2807
-1163.4511 -1175.9270 -1171.6244
-1163.4511 -1175.5935 -1171.3749
-1163.4511 -1174.9117 -1171.0840
-1163.4511 -1174.3061 -1170.8509
-1163.4511 -1174.3061 -1170.4934
-1163.2561 -1174.3061 -1169.6474
-1163.2561 -1174.3061 -1169.4264
-1163.2561 -1174.3061 -1168.9844
-1159.5722 -1174.3061 -1168.4687
-1154.5717 -1173.1006 -1167.5099
-1154.5717 -1172.5109 -1167.0985
-1154.5717 -1171.9216 -1166.7308
-1154.5717 -1171.5608 -1165.7069
-1154.5717 -1171.5608 -1164.8803
-1154.5717 -1170.5097 -1164.0528
-1154.5717 -1169.8844 -1163.1951
-1154.5717 -1169.8844 -1162.8888
-1145.2348 -1169.2703 -1161.9630
-1138.8118 -1169.2703 -1160.6823
-1138.8118 -1167.5208 -1159.9644
-1138.8118 -1166.4510 -1159.1488
-1138.8118 -1165.7648 -1158.2460
-1138.8118 -1163.5539 -1157.4494
-1138.8118 -1163.4511 -1156.4447
-1138.8118 -1163.4511 -1155.6541
-1138.8118 -1163.4511 -1154.9547
-1138.8118 -1163.2561 -1153.9368
-1138.8118 -1163.2561 -1152.7075
-1138.8118 -1162.2733 -1151.4529
-1138.8118 -1160.8367 -1150.5368
-1138.8118 -1159.5722 -1149.7756
-1138.8118 -1159.4247 -1149.1287
-1138.8118 -1157.6353 -1148.6552
-1138.8118 -1156.5133 -1147.5575
-1134.0960 -1154.5717 -1145.2105
-1125.9308 -1154.5717 -1144.0198
-1125.9308 -1154.5717 -1143.3319
-1125.9308 -1153.9094 -1142.2214
-1125.9308 -1153.2972 -1140.8168
-1125.9308 -1148.6790 -1139.3346
-1125.9308 -1147.8297 -1138.6588
-1125.9308 -1145.3400 -1137.9319
-1125.9308 -1143.9019 -1136.7932
-1125.9308 -1141.6158 -1135.6882
-1125.9308 -1139.0223 -1135.2382
-1111.4368 -1138.8118 -1134.4007
-1111.4368 -1138.8118 -1133.8532
-1111.4368 -1138.8118 -1133.1267
-1111.4368 -1138.8118 -1132.2829
-1111.4368 -1138.8118 -1131.7354
-1111.4368 -1138.8118 -1130.6920
-1108.0574 -1138.8118 -1129.3295
-1108.0574 -1138.8118 -1128.0193
-1108.0574 -1138.8118 -1126.1257
-1108.0574 -1136.9698 -1124.9803
-1103.9810 -1135.0039 -1123.4281
-1103.9810 -1134.0986 -1122.5299
-1103.9810 -1133.8950 -1121.3310
-1103.9810 -1132.0383 -1120.1822
-1103.9810 -1130.6704 -1118.9272
-1101.8838 -1126.7630 -1116.9244
-1101.8838 -1125.9308 -1115.7464
-1101.8838 -1125.9308 -1114.9206
-1101.6904 -1125.9308 -1113.4108
-1101.6904 -1124.6296 -1112.6399
-1101.6904 -1124.3139 -1111.7578
-1101.6904 -1123.1475 -1110.9940
-1101.6904 -1121.2494 -1109.6005
-1101.6904 -1120.2588 -1108.7551
-1101.6904 -1116.5358 -1107.5278
-1101.6904 -1115.1455 -1106.9557
-1101.6904 -1113.6251 -1106.5190
-1097.4560 -1111.4368 -1105.6358
-1097.4560 -1111.4368 -1104.9691
-1097.4560 -1111.4368 -1104.2712
-1097.4560 -1108.0574 -1103.7782
-1097.4560 -1108.0574 -1103.3102
-1091.7473 -1108.0574 -1102.7546
-1091.7473 -1107.6284 -1102.4007
-1091.7473 -1106.6790 -1101.5814
-1091.7473 -1106.6699 -1101.2828
-1074.1078 -1104.4511 -1100.2503
-1074.1078 -1103.9810 -1099.4907
-1074.1078 -1103.9810 -1098.4753
-1074.1078 -1103.9810 -1097.8359
-1074.1078 -1103.3955 -1097.0556
-1074.1078 -1103.0020 -1096.2935
-1074.1078 -1101.8838 -1095.0427
-1074.1078 -1101.8298 -1093.8796
-1074.1078 -1101.7632 -1093.3251
-1074.1078 -1101.6904 -1092.3511
-1060.7490 -1101.6904 -1090.5843
-1060.7490 -1101.6904 -1089.6500
-1060.7490 -1101.6904 -1087.6432
-1056.2528 -1100.7252 -1084.8480
-1056.2528 -1097.8744 -1083.3087
-1056.2528 -1097.4560 -1081.1145
-1056.2528 -1096.5850 -1079.2838
-1056.2528 -1094.2462 -1077.2848
-1056.1386 -1091.7473 -1074.4713
-1056.1386 -1091.7473 -1072.8686
-1056.1386 -1088.7383 -1071.9346
-1056.1386 -1087.6231 -1070.7784
-1056.1386 -1085.3140 -1069.6300
-1056.1386 -1083.9494 -1068.5582
-1032.3054 -1079.7713 -1066.7814
-1032.3054 -1078.6717 -1065.7394
-1032.3054 -1075.5935 -1063.6167
-1032.3054 -1074.1078 -1061.7495
-1032.3054 -1074.1078 -1060.1564
-1032.3054 -1074.1078 -1058.1638
-1032.3054 -1074.1078 -1056.8936
-1032.3054 -1073.6052 -1055.7203
-1032.3054 -1068.1754 -1053.8819
-1032.3054 -1061.8643 -1051.2281
-1032.3054 -1060.7490 -1049.4681
-1032.3054 -1060.2518 -1048.0332
-1032.3054 -1058.3522 -1047.0329
-1032.3054 -1057.3243 -1046.5119
-1032.3054 -1056.2528 -1045.3271
-1025.7378 -1056.2528 -1043.9739
-1025.7378 -1056.1386 -1042.6320
-1025.7378 -1056.1386 -1041.4937
-1020.6931 -1056.1386 -1039.5901
-1020.6931 -1055.1283 -1037.1946
-1020.6931 -1049.2559 -1035.9325
-1020.6931 -1048.9058 -1035.1314
-1020.6931 -1046.9360 -1034.1500
-1007.0445 -1043.4700 -1032.2390
-1007.0445 -1042.0030 -1030.8395
-1007.0445 -1039.7737 -1029.5867
-1007.0445 -1037.4652 -1027.7483
-1007.0445 -1036.2785 -1026.9591
-1007.0445 -1035.8987 -1026.1712
-1007.0445 -1033.7606 -1025.1610
-1007.0445 -1032.3054 -1024.4298
-1007.0445 -1032.3054 -1023.7979
-1007.0445 -1032.3054 -1023.0500
-1007.0445 -1032.3054 -1021.4607
-1007.0445 -1032.3054 -1020.2185
-1006.0793 -1032.3054 -1019.1597
-1006.0793 -1030.8522 -1017.4640
-1006.0793 -1027.5352 -1016.3041
-1006.0793 -1025.7378 -1014.8272
-1006.0793 -1025.7378 -1014.1250
-1004.3958 -1023.9942 -1012.8809
-1004.3958 -1023.3730 -1012.1887
-1004.3958 -1020.6931 -1011.3106
-997.1579 -1020.6931 -1009.8530
-997.1579 -1018.1540 -1008.8385
-997.1579 -1016.6097 -1008.2501
-997.1579 -1014.0448 -1007.6042
-997.1579 -1013.6725 -1007.0580
-997.1579 -1012.7916 -1006.4537
-997.1579 -1011.9155 -1006.0384
-997.1579 -1011.5784 -1005.6786
-997.1579 -1010.5010 -1004.9333
-997.1579 -1009.4948 -1004.3174
-997.1579 -1008.2025 -1003.9834
-997.1579 -1007.0445 -1003.7625
-986.9173 -1007.0445 -1002.9258
-986.9173 -1007.0445 -1002.5233
-986.9173 -1007.0445 -1001.9887
-986.9173 -1007.0445 -1001.1096
-986.9173 -1007.0445 -1000.2590
-986.9173 -1007.0445 -999.7082
-986.9173 -1006.3379 -998.3175
-986.9173 -1006.0793 -997.1434
-986.9173 -1005.4828 -996.1967
-986.9173 -1004.6261 -995.8127
-985.4641 -1003.4711 -994.3941
-985.4641 -1000.4435 -993.7020
-985.4641 -1000.4435 -993.1309
-985.4641 -999.6341 -992.6726
-981.5214 -998.7480 -992.0425
-981.5214 -998.3516 -991.4915
-981.5214 -997.9387 -991.0662
-981.5214 -997.1579 -990.5864
-981.5214 -997.1579 -990.0130
-981.5214 -997.1579 -989.4955
-981.5214 -997.1579 -988.8843
-981.5214 -997.1579 -987.7146
-981.5214 -993.3352 -986.6465
-981.5214 -992.4455 -986.2819
-981.5214 -990.3487 -985.7825
-979.3575 -989.5177 -985.3340
-979.3575 -988.3614 -985.0510
-979.3575 -988.1198 -984.8421
-979.3575 -986.9173 -984.6669
-979.3575 -986.9173 -984.4866
-975.4373 -986.9173 -983.8402
-975.4373 -986.9173 -983.6106
-975.4373 -986.9173 -983.2298
-975.4373 -986.9173 -982.9190
-975.4373 -986.9173 -982.6028
-975.4373 -986.9173 -982.0847
-975.4373 -986.6913 -981.5582
-974.4721 -985.7463 -980.8795
-969.2608 -985.4641 -980.3299
-969.2608 -985.4641 -979.6675
-969.2608 -985.4641 -978.9631
-969.2608 -983.8315 -978.4028
-969.2608 -982.5869 -978.0608
-969.2608 -981.5214 -977.5954
-969.2608 -981.5214 -977.1370
-969.2608 -981.5214 -976.8918
-969.2608 -981.5214 -976.6465
-964.5484 -981.5214 -976.0619
-964.5484 -981.5214 -975.3940
-964.5484 -980.1877 -974.8204
-964.5484 -979.3575 -974.2384
-964.5484 -979.3575 -973.8636
-964.5484 -979.3575 -973.4941
-964.5484 -979.3575 -972.6774
-964.5484 -979.3575 -971.9742
-964.5484 -979.0958 -971.6035
-964.5484 -975.6892 -970.4873
-961.9450 -975.4373 -969.9600
-961.9450 -975.4373 -969.6405
-961.9450 -975.4373 -969.0825
-961.9450 -975.4373 -968.7117
-961.9450 -975.4373 -968.4418
-961.9450 -974.4721 -968.1236
-961.9450 -973.6825 -967.7381
-961.9450 -973.6233 -967.5033
-961.9450 -973.0257 -967.1702
-961.9450 -973.0257 -966.9196
-961.9450 -971.9206 -966.6051
-961.9450 -971.5760 -966.2650
-961.9450 -970.3861 -965.9496
-960.7396 -969.2608 -965.3891
-960.7396 -969.2608 -965.0556
-960.7396 -969.2608 -964.5897
-960.7396 -969.2608 -964.2705
-960.7396 -969.2608 -963.9537
-960.7396 -969.1721 -963.6609
-960.7396 -967.2374 -962.9954
-952.5161 -964.5484 -962.5475
-952.5161 -964.5484 -962.3069
-952.5161 -964.5484 -961.9596
-952.5161 -964.5484 -961.6428
-952.5161 -964.5484 -961.4021
-952.5161 -964.5484 -960.3729
-952.5161 -964.5484 -959.9569
-952.5161 -963.1387 -959.6388
-952.5161 -961.9450 -959.2139
-952.5161 -961.9450 -958.6482
-952.5161 -961.9450 -958.4166
-952.5161 -961.9450 -958.2281
-952.5161 -961.9450 -957.7805
-952.5161 -961.9450 -957.2376
-952.5161 -961.9450 -956.6082
-952.5161 -961.9450 -956.2311
-952.5161 -961.8192 -955.9865
-952.5161 -961.4871 -955.7816
-946.0094 -960.7396 -954.8127
-946.0094 -960.7396 -954.3372
-946.0094 -960.7396 -953.8458
-946.0094 -959.3529 -953.2580
-946.0094 -959.2558 -952.9911
-946.0094 -959.1441 -952.5927
-944.6157 -956.2486 -951.8041
-944.6157 -955.1679 -951.3440
-944.6157 -954.6136 -951.0590
-944.6157 -954.3848 -950.8037
-944.6157 -953.1806 -950.6083
-944.6157 -952.5161 -950.3358
-944.6157 -952.5161 -950.1778
-944.6157 -952.5161 -949.9076
-942.9633 -952.5161 -949.5586
-942.9633 -952.5161 -949.2553
-942.9633 -952.5161 -949.0643
-942.9633 -952.5161 -948.7431
-942.9633 -952.5161 -948.3526
-942.9633 -952.5161 -948.1616
-942.9633 -952.5161 -947.8125
-942.9633 -952.5161 -947.4634
-941.5310 -952.5161 -947.0346
-941.5310 -952.5161 -946.6238
-941.5310 -952.5161 -945.8055
-941.5310 -951.6942 -945.5724
-941.5310 -951.0319 -945.0263
-941.5310 -950.0109 -944.7080
-941.5310 -949.2405 -944.5384
-941.5310 -948.7359 -944.3842
-937.2731 -948.2816 -944.0200
-937.2731 -946.9063 -943.6226
-933.5305 -946.0094 -943.1650
-933.5305 -946.0094 -942.9154
-933.5305 -946.0094 -942.6001
-933.5305 -946.0094 -942.0942
-933.5305 -944.6157 -941.8116
-933.5305 -944.6157 -941.4617
-933.5305 -944.6157 -940.7658
-933.5305 -944.6157 -940.5441
-933.5305 -944.6157 -940.2968
-933.5305 -943.3337 -939.7116
-933.5305 -943.1551 -939.5156
-933.5305 -943.0666 -939.0413
-933.5305 -942.9633 -938.8486
-933.5305 -942.9633 -938.3574
-933.5305 -942.9633 -937.9216
-933.5305 -942.9633 -937.7329
-932.4060 -942.9633 -937.1906
-932.4060 -942.7247 -936.9113
-930.7346 -941.5310 -936.4696
-930.7346 -941.5310 -936.0937
-930.7346 -941.5310 -935.3169
-930.7346 -941.4249 -934.9121
-924.7942 -939.9493 -934.1020
-924.7942 -938.2661 -933.7679
-924.7942 -937.7857 -933.4174
-924.7942 -937.2731 -933.0778
-924.7942 -937.2731 -932.7572
-924.7942 -937.2731 -932.5076
-924.6280 -936.0089 -931.9568
-924.6280 -934.2123 -931.3783
-924.6280 -933.7223 -931.1867
-924.4247 -933.5305 -930.8174
-924.4247 -933.5305 -930.6130
-924.4247 -933.5305 -930.0854
-924.4247 -933.5305 -929.9033
-924.4247 -933.5305 -929.6203
-924.4247 -933.5305 -929.4382
-924.4247 -933.5305 -929.0636
-924.4247 -933.5305 -928.5948
-924.4247 -933.5305 -928.3325
-924.4247 -933.5305 -928.0466
-924.4247 -932.7476 -927.4887
-924.4247 -932.7476 -927.3222
-924.4247 -932.4060 -926.6834
-923.6697 -932.1678 -926.3490
-923.6697 -931.1187 -925.9684
-923.6697 -930.9217 -925.8194
-923.6697 -930.7535 -925.6709
-923.6697 -930.7346 -925.0379
-923.2245 -927.9277 -924.5908
-923.2245 -926.0771 -924.4359
-923.2245 -925.3618 -924.3788
-923.2245 -924.7942 -924.3142
-923.2245 -924.7942 -924.2828
-923.2245 -924.7942 -924.2407
-923.2245 -924.7942 -924.2060
-923.2245 -924.7942 -924.1598
-923.2245 -924.7942 -924.1285
-923.2245 -924.6280 -924.0971
-923.2245 -924.6280 -924.0690
-923.2245 -924.6280 -924.0409
-923.2245 -924.6280 -924.0088
-923.2245 -924.6280 -923.9654
-916.5338 -924.4247 -923.6942
-916.5338 -924.4247 -923.4269
-915.6884 -924.4247 -923.0911
-915.6884 -924.4247 -922.8924
-915.6884 -924.4247 -922.7177
-915.6884 -924.4247 -922.5190
-915.6884 -924.4247 -922.3291
-915.6884 -924.4247 -922.1544
-915.6884 -924.4247 -921.9557
-915.6884 -924.4247 -921.7306
-915.6884 -924.4247 -921.5559
-915.6884 -924.1442 -921.3201
-915.6884 -923.8615 -921.1382
-909.2551 -923.6697 -920.6767
-909.2551 -923.6697 -920.3795
-909.2551 -923.6697 -920.0912
-909.2551 -923.6697 -919.6954
-909.2551 -923.2245 -919.2402
-909.2551 -923.2245 -918.8100
-909.2551 -923.2245 -918.3799
-909.2551 -923.2245 -918.1005
-909.2551 -923.2245 -917.8212
-909.2551 -923.2245 -917.5418
-909.2551 -923.2245 -917.2624
-908.3544 -923.2245 -916.4062
-908.3544 -923.2245 -915.7970
-908.3544 -923.2245 -915.2202
-908.3544 -923.2245 -914.9228
-908.3544 -923.2245 -914.4062
-908.3544 -921.7324 -913.8834
-908.3544 -921.2904 -913.3045
-908.3544 -920.3648 -912.9025
-908.3544 -919.4641 -912.5780
-908.3544 -917.7001 -912.3205
-908.3544 -916.5338 -912.1103
-908.3544 -916.5338 -911.9467
-908.3544 -915.6884 -911.7147
-908.3544 -915.6884 -911.4213
-908.3544 -915.6884 -911.1460
-908.3544 -915.6884 -910.8338
-908.3544 -915.6884 -910.6871
-908.3544 -915.6884 -910.4311
-908.3544 -915.6884 -910.0912
-908.3544 -915.6884 -909.9091
-908.3544 -914.7459 -909.4581
-908.3544 -914.6481 -909.3303
-908.3544 -913.9177 -909.0787
-908.3544 -913.1110 -908.9675
-908.3544 -911.9719 -908.8723
-908.3544 -910.7955 -908.7288
-908.3544 -909.2551 -908.6246
-908.3544 -909.2551 -908.5705
-905.5584 -909.2551 -908.4786
-905.5584 -909.2551 -908.3522
-905.5584 -909.2551 -908.2422
-905.5584 -909.2551 -908.1323
-905.5584 -908.3544 -908.0583
-905.5584 -908.3544 -908.0024
-905.5584 -908.3544 -907.9157
-905.5584 -908.3544 -907.8598
-905.5584 -908.3544 -907.8039
-905.5584 -908.3544 -907.7480
-897.7769 -908.3544 -907.4805
-897.7769 -908.3544 -907.2689
-897.7769 -908.3544 -906.8458
-897.7769 -908.3544 -906.6343
-897.7769 -908.3544 -906.4227
-897.7769 -908.3544 -906.0528
-897.7769 -908.3544 -905.6297
-897.7769 -908.3544 -905.3967
-897.7769 -908.3544 -905.1852
-897.7769 -908.3544 -904.8948
-897.7769 -908.3544 -904.6604
-897.7769 -908.3544 -904.4275
-897.7769 -908.3544 -904.2159
-897.7769 -908.3544 -903.7831
-897.7769 -908.3544 -903.3780
-897.7769 -908.3544 -902.9189
-897.7769 -908.3544 -902.5107
-897.7769 -908.3544 -902.0860
-897.7769 -908.2753 -901.8744
-897.7769 -907.2861 -901.6250
-897.7769 -907.2097 -901.0560
-897.7769 -906.9687 -900.8673
-897.7769 -905.5584 -900.1930
-897.7769 -905.5584 -899.5912
-897.7769 -905.5584 -899.3130
-897.7769 -905.5584 -898.9475
-896.2385 -901.3176 -898.1778
-896.2385 -900.8041 -898.0054
-896.2385 -899.4293 -897.8103
-895.7806 -898.6776 -897.6543
-895.7806 -897.7769 -897.5506
-895.7806 -897.7769 -897.5106
-895.7806 -897.7769 -897.4707
-895.7806 -897.7769 -897.4308
-895.7806 -897.7769 -897.3855
-895.7806 -897.7769 -897.3148
-895.7806 -897.7769 -897.2695
-895.7806 -897.7769 -897.2296
-895.7806 -897.7769 -897.1896
-895.7806 -897.7769 -897.1189
-895.7806 -897.7769 -897.0391
-895.5857 -897.7769 -896.9553
-895.5857 -897.7769 -896.8716
-895.5857 -897.7769 -896.7787
-895.5857 -897.7769 -896.6949
-895.5857 -897.7769 -896.6511
-895.5857 -897.7769 -896.5443
-895.5857 -897.7769 -896.5005
-895.5857 -897.7769 -896.4566
-895.4057 -897.7769 -896.3216
-895.4057 -897.7769 -896.2742
-895.4057 -897.7769 -896.2267
-894.1016 -897.7769 -896.1058
-894.1016 -897.7769 -895.9616
-893.6515 -897.5083 -895.7822
-893.6515 -897.3190 -895.6796
-893.6515 -896.6059 -895.5690
-893.6515 -896.2385 -895.5099
-893.6515 -896.2385 -895.4582
-893.6515 -896.2385 -895.4065
-893.6515 -896.2385 -895.3547
-893.6515 -895.7806 -895.2250
-893.6515 -895.7806 -895.1488
-893.6515 -895.7806 -895.1062
-893.6515 -895.7806 -895.0636
-893.6515 -895.7806 -895.0211
-893.6515 -895.7806 -894.9785
-893.6515 -895.7806 -894.9359
-893.6515 -895.7806 -894.8894
-893.6515 -895.7806 -894.8393
-893.6515 -895.7806 -894.7552
-893.6515 -895.7806 -894.6028
-893.6515 -895.7806 -894.5603
-893.6515 -895.5857 -894.5102
-893.5122 -895.5857 -894.4300
-893.5122 -895.5857 -894.3499
-893.5122 -895.5857 -894.2697
-893.5122 -895.5857 -894.1896
-893.5122 -895.5857 -894.0500
-893.5122 -895.5857 -894.0086
-893.5122 -895.4057 -893.9252
-893.5122 -895.4057 -893.8873
-893.5122 -895.4057 -893.8494
-889.8301 -895.3792 -893.7000
-889.8301 -895.2028 -893.5891
-889.8301 -894.1016 -893.4608
-889.8301 -894.1016 -893.3754
-889.8301 -894.1016 -893.2720
-889.8301 -894.1016 -893.1865
-889.8301 -893.6515 -893.0803
-889.8301 -893.6515 -893.0039
-889.8301 -893.6515 -892.9275
-889.8301 -893.6515 -892.8483
-889.8301 -893.6515 -892.7718
-889.8301 -893.6515 -892.6190
-889.8301 -893.6515 -892.3751
-889.8301 -893.6515 -892.2222
-889.8301 -893.6515 -892.0540
-889.8301 -893.6515 -891.9776
-889.8301 -893.6515 -891.8247
-889.8301 -893.6515 -891.7483
-883.1394 -893.6515 -891.4616
-883.1394 -893.6515 -891.2514
-883.1394 -893.6515 -890.9647
-883.1394 -893.5122 -890.7461
-883.1394 -893.5122 -890.3914
-883.1394 -893.5122 -890.1839
-883.1394 -893.5122 -889.9535
-883.1394 -893.5122 -889.7461
-883.1394 -893.5122 -889.2264
-883.1394 -893.5122 -889.0189
-883.1394 -893.5122 -888.5310
-883.1394 -893.0614 -888.3236
-883.1394 -889.8632 -887.6275
-883.1394 -889.8301 -887.2963
-883.1394 -889.8301 -887.0846
-883.1394 -889.8301 -886.8780
-883.1394 -889.8301 -886.3027
-883.1394 -889.8301 -886.1688
-883.1394 -889.8301 -886.0350
-883.1394 -889.8301 -885.6196
-883.1394 -889.8301 -885.4722
-879.5034 -889.8301 -884.8642
-879.5034 -889.8301 -884.6577
-879.5034 -889.8301 -884.4310
-879.5034 -889.8301 -884.2245
-879.5034 -889.3910 -883.8026
-879.5034 -888.8233 -883.4528
-879.5034 -888.6165 -883.2664
-879.5034 -887.5610 -882.9167
-879.5034 -885.9353 -882.6386
-879.5034 -884.5716 -882.3521
-879.5034 -883.1394 -882.1131
-879.5034 -883.1394 -881.8949
-879.5034 -883.1394 -881.8222
-877.9650 -883.1394 -881.5733
-877.9650 -883.1394 -881.4616
-877.9650 -883.1394 -881.3581
-877.9650 -883.1394 -881.1819
-877.9650 -883.1394 -881.0784
-877.9650 -883.1394 -880.9022
-877.9650 -883.1394 -880.7987
-877.9650 -883.1394 -880.6952
-877.9650 -883.1394 -880.3847
-877.9650 -883.1394 -880.2812
-877.9650 -883.1394 -880.1050
-877.9650 -883.1394 -880.0015
-877.9650 -883.1394 -879.8981
-877.9650 -883.1394 -879.6101
-872.7784 -883.1394 -879.2267
-872.7784 -882.7282 -878.8740
-872.7784 -882.7282 -878.6295
-872.7784 -879.5034 -878.2463
-872.7784 -879.5034 -878.1118
-872.7784 -879.5034 -877.8428
-872.7784 -879.5034 -877.7083
-872.7784 -879.5034 -877.5738
-872.7784 -879.5034 -877.4085
-872.7784 -879.5034 -877.2740
-872.7784 -879.5034 -877.1395
-872.7784 -879.5034 -877.0050
-872.7784 -879.5034 -876.8705
-872.7784 -879.5034 -876.6015
-872.7784 -879.5034 -876.2662
-872.7784 -879.5034 -876.1317
-872.7784 -879.5034 -875.8504
-872.7784 -879.5034 -875.6065
-872.7784 -878.8859 -875.3068
-872.7784 -877.9650 -875.1846
-872.7784 -877.9650 -875.0809
-872.7784 -877.9650 -874.8734
-872.7784 -877.9650 -874.7697
-872.7784 -877.9650 -874.5622
-872.7784 -877.9650 -874.4585
-872.7784 -877.9650 -874.3548
-872.7784 -877.9650 -874.1539
-872.7784 -877.9650 -873.8427
-872.7784 -877.9650 -873.7389
-872.7784 -877.9650 -873.5315
-872.7784 -877.9650 -873.4278
-872.7784 -877.9650 -873.2203
-872.7784 -876.1891 -872.9579
-872.7784 -873.1080 -872.7850
-872.7784 -872.7784 -872.7784
-864.8669 -872.7784 -872.6201
-864.8669 -872.7784 -872.4619
-864.8669 -872.7784 -872.3037
-864.8669 -872.7784 -872.1454
-864.8669 -872.7784 -871.9872
-864.8669 -872.7784 -871.8290
-864.8669 -872.7784 -871.6707
-864.8669 -872.7784 -871.5125
-864.8669 -872.7784 -871.3543
-864.8669 -872.7784 -871.1961
-864.8669 -872.7784 -871.0140
-864.8669 -872.7784 -870.8557
-864.8669 -872.7784 -870.6975
-864.8669 -872.7784 -870.5393
-864.8669 -872.7784 -870.3811
-864.8669 -872.7784 -870.0646
-864.8669 -872.7784 -869.9064
-864.8669 -872.7784 -869.5899
-864.8669 -872.7784 -869.2735
-864.8669 -872.7784 -868.8403
-864.8669 -872.7784 -868.5238
-864.8669 -872.7784 -868.2074
-864.8669 -872.7784 -868.0491
-864.8669 -872.7784 -867.8779
-864.2176 -872.7784 -867.3902
-864.2176 -872.7784 -866.8601
-864.2176 -872.7784 -866.3724
-864.2176 -872.7784 -866.1414
-864.2176 -872.1291 -865.6083
-864.2176 -870.5508 -865.1563
-864.2176 -868.1476 -864.9312
-864.2176 -866.9430 -864.8111
-864.2176 -864.8669 -864.7500
-864.2176 -864.8669 -864.7370
-864.2176 -864.8669 -864.7240
-864.2176 -864.8669 -864.6851
-864.2176 -864.8669 -864.6721
-864.2176 -864.8669 -864.6591
-864.2176 -864.8669 -864.6461
-864.2176 -864.8669 -864.6201
-864.2176 -864.8669 -864.5942
-864.2176 -864.8669 -864.5812
-864.2176 -864.8669 -864.5682
-864.2176 -864.8669 -864.5552
-864.2176 -864.8669 -864.5422
-864.2176 -864.8669 -864.5292
-864.2176 -864.8669 -864.4903
-864.2176 -864.8669 -864.4773
-864.2176 -864.8669 -864.4643
-864.2176 -864.8669 -864.4513
-864.2176 -864.8669 -864.4124
-864.2176 -864.8669 -864.3864
-864.2176 -864.8669 -864.3604
-862.6359 -864.8669 -864.3028
-862.6359 -864.8669 -864.2322
-862.6359 -864.8669 -864.1876
-862.6359 -864.8669 -864.1170
-862.6359 -864.8669 -864.0724
-862.6359 -864.2176 -864.0142
-862.6359 -864.2176 -863.9825
-862.6359 -864.2176 -863.9373
-862.6359 -864.2176 -863.9057
-862.6359 -864.2176 -863.8424
-862.6359 -864.2176 -863.7791
-862.6359 -864.2176 -863.7475
-862.6359 -864.2176 -863.7159
-862.6359 -864.2176 -863.6842
-862.6359 -864.2176 -863.6526
-862.6359 -864.2176 -863.6210
-862.6359 -864.2176 -863.5577
-861.9401 -864.2176 -863.4805
-861.9401 -864.2176 -863.4033
-861.9401 -864.2176 -863.3578
-861.9401 -864.2176 -863.2806
-861.9401 -864.2176 -863.2351
-861.9401 -864.2176 -863.1579
-861.9401 -864.2176 -863.1123
-861.9401 -864.2176 -863.0035
-861.9401 -864.2176 -862.8686
-861.9401 -864.2176 -862.8151
-861.9401 -864.2176 -862.7240
-861.9401 -864.2176 -862.6784
-861.9401 -864.2176 -862.6012
-861.9401 -864.2176 -862.5557
-861.9401 -864.2176 -862.4785
-861.9401 -863.5367 -862.3954
-861.9401 -863.5367 -862.3634
-861.9401 -862.6359 -862.3176
-861.9401 -862.6359 -862.3037
-861.9401 -862.6359 -862.2898
-861.9401 -862.6359 -862.2619
-861.9401 -862.6359 -862.2341
-861.9401 -862.6359 -862.2063
-861.9401 -862.6359 -862.1645
-861.9401 -862.6359 -862.1506
-861.9401 -862.6359 -862.1367
-861.9401 -862.6359 -862.1089
-861.9401 -862.6359 -862.0810
-861.9401 -862.6359 -862.0671
-861.9401 -862.6359 -862.0532
-861.9401 -862.6359 -862.0393
-861.9401 -862.6359 -862.0254
-861.9401 -862.6359 -861.9836
-861.9401 -862.6359 -861.9697
-861.9401 -862.6359 -861.9558
-861.9401 -861.9401 -861.9401
-861.9401 -861.9401 -861.9401
-861.9401 -861.9401 -861.9401
-861.9401 -861.9401 -861.9401
-861.9401 -861.9401 -861.9401
-861.9401 -861.9401 -861.9401
-861.9401 -861.9401 -861.9401
-861.9401 -861.9401 -861.9401
-859.3964 -861.9401 -861.8893
-859.3964 -861.9401 -861.8384
-859.3964 -861.9401 -861.7366
-859.3964 -861.9401 -861.6858
-859.3964 -861.9401 -861.6349
-859.3964 -861.9401 -861.5840
-859.3964 -861.9401 -861.5331
-859.3964 -861.9401 -861.4823
-859.3964 -861.9401 -861.3805
-859.3964 -861.9401 -861.2788
-859.3964 -861.9401 -861.2279
-859.3964 -861.9401 -861.1770
-859.3964 -861.9401 -861.1261
-859.3964 -861.9401 -861.0244
-859.3964 -861.9401 -860.9226
-859.3964 -861.9401 -860.8718
-859.3964 -861.9401 -860.8209
-859.3964 -861.9401 -860.7700
-859.3964 -861.9401 -860.7191
-859.3964 -861.9401 -860.6683
-859.3964 -861.9401 -860.6174
-859.3964 -861.9401 -860.5156
-859.3964 -861.9401 -860.4648
-859.3964 -861.9401 -860.3630
-859.3964 -861.9401 -860.3030
-859.3964 -861.9401 -860.2521
-859.3964 -861.9401 -860.1504
-859.3964 -861.9401 -859.8879
-859.3964 -861.9401 -859.8169
-859.3964 -861.9401 -859.7152
-859.3964 -861.9401 -859.6134
-859.3964 -861.9401 -859.5625
-859.3964 -861.4822 -859.4689
-859.3964 -859.3964 -859.3964
-859.3964 -859.3964 -859.3964
-859.3964 -859.3964 -859.3964
-859.3964 -859.3964 -859.3964
-859.3964 -859.3964 -859.3964
-859.3964 -859.3964 -859.3964
-859.3964 -859.3964 -859.3964
-859.3964 -859.3964 -859.3964
-859.3964 -859.3964 -859.3964
-859.3964 -859.3964 -859.3964
-859.3964 -859.3964 -859.3964
-859.3964 -859.3964 -859.3964
-859.3964 -859.3964 -859.3964
-859.3964 -859.3964 -859.3964
-859.3964 -859.3964 -859.3964
-859.3964 -859.3964 -859.3964
-859.3964 -859.3964 -859.3964
-859.3964 -859.3964 -859.3964
-859.3964 -859.3964 -859.3964
-859.3964 -859.3964 -859.3964
-859.3964 -859.3964 -859.3964
-859.3964 -859.3964 -859.3964
-859.3964 -859.3964 -859.3964
-859.3964 -859.3964 -859.3964
-859.3964 -859.3964 -859.3964
-859.3964 -859.3964 -859.3964
-859.3964 -859.3964 -859.3964
-859.3964 -859.3964 -859.3964
-859.3964 -859.3964 -859.3964
-859.3964 -859.3964 -859.3964
-859.3964 -859.3964 -859.3964
-859.3964 -859.3964 -859.3964
-859.3964 -859.3964 -859.3964
-859.3964 -859.3964 -859.3964
-859.3964 -859.3964 -859.3964
-859.3964 -859.3964 -859.3964
-859.3964 -859.3964 -859.3964
-859.3964 -859.3964 -859.3964
-859.3964 -859.3964 -859.3964
-859.3964 -859.3964 -859.3964
-859.3964 -859.3964 -859.3964
-859.3964 -859.3964 -859.3964
-859.3964 -859.3964 -859.3964
-859.3964 -859.3964 -859.3964
-859.3964 -859.3964 -859.3964
-859.3964 -859.3964 -859.3964
-859.3964 -859.3964 -859.3964
-859.3964 -859.3964 -859.3964
-859.3964 -859.3964 -859.3964
-859.3964 -859.3964 -859.3964
-859.3964 -859.3964 -859.3964
-859.3964 -859.3964 -859.3964
-859.3964 -859.3964 -859.3964
-859.3964 -859.3964 -859.3964
-859.3964 -859.3964 -859.3964
-859.3964 -859.3964 -859.3964
-859.3964 -859.3964 -859.3964
-859.3964 -859.3964 -859.3964
-859.3964 -859.3964 -859.3964
-859.3964 -859.3964 -859.3964
-859.3964 -859.3964 -859.3964
-859.3964 -859.3964 -859.3964
-859.3964 -859.3964 -859.3964
-859.3964 -859.3964 -859.3964
-859.3964 -859.3964 -859.3964
-859.3964 -859.3964 -859.3964
-859.3964 -859.3964 -859.3964
-859.3964 -859.3964 -859.3964
-859.3964 -859.3964 -859.3964
-859.3964 -859.3964 -859.3964
-859.3964 -859.3964 -859.3964
-859.3196 -859.3964 -859.3949
-859.3196 -859.3964 -859.3933
-859.3196 -859.3964 -859.3918
-859.3196 -859.3964 -859.3903
-859.3196 -859.3964 -859.3887
-859.3196 -859.3964 -859.3872
-859.3196 -859.3964 -859.3857
-859.3196 -859.3964 -859.3841
-859.3196 -859.3964 -859.3826
-859.3196 -859.3964 -859.3810
-859.3196 -859.3964 -859.3795
-859.3196 -859.3964 -859.3780
-859.3196 -859.3964 -859.3749
-859.3196 -859.3964 -859.3718
-859.3196 -859.3964 -859.3703
-859.3196 -859.3964 -859.3688
-859.3196 -859.3964 -859.3672
-859.3196 -859.3964 -859.3657
-859.3196 -859.3964 -859.3626
-859.3196 -859.3964 -859.3595
-859.3196 -859.3964 -859.3580
-858.8617 -859.3964 -859.3458
-858.8617 -859.3964 -859.3335
-858.8617 -859.3964 -859.3228
-858.8617 -859.3964 -859.3121
-858.8617 -859.3964 -859.2892
-858.8617 -859.3964 -859.2785
-858.8617 -859.3964 -859.2678
-858.8617 -859.3964 -859.2571
-858.8617 -859.3964 -859.2464
-858.8617 -859.3964 -859.2357
-858.8617 -859.3964 -859.2251
-858.8617 -859.3964 -859.2144
-858.8617 -859.3964 -859.2037
-858.8617 -859.3964 -859.1930
-858.8617 -859.3964 -859.1777
-858.8617 -859.3964 -859.1670
-858.8617 -859.3196 -859.1456
-858.8617 -859.3196 -859.1364
-858.8617 -859.3196 -859.1273
-858.8617 -859.3196 -859.1089
-858.8617 -859.3196 -859.0998
-858.8617 -859.3196 -859.0906
-858.8617 -859.3196 -859.0632
-858.8617 -859.3196 -859.0448
-858.8617 -859.3196 -859.0357
-858.8617 -859.3196 -859.0265
-858.8617 -859.3196 -859.0082
-858.8617 -859.3196 -858.9990
-858.8617 -859.3196 -858.9807
-858.8617 -859.3196 -858.9532
-858.8617 -859.3196 -858.9258
-858.8617 -859.3196 -858.9166
-858.8617 -859.3196 -858.8708
-858.8617 -858.8617 -858.8617
-858.8617 -858.8617 -858.8617
-858.8617 -858.8617 -858.8617
-858.8617 -858.8617 -858.8617
-858.8617 -858.8617 -858.8617
-858.8617 -858.8617 -858.8617
-858.8617 -858.8617 -858.8617
-858.8617 -858.8617 -858.8617
-858.8617 -858.8617 -858.8617
-858.8617 -858.8617 -858.8617
-858.8617 -858.8617 -858.8617
-858.8617 -858.8617 -858.8617
-858.8617 -858.8617 -858.8617
-858.8617 -858.8617 -858.8617
-858.8617 -858.8617 -858.8617
-858.8617 -858.8617 -858.8617
-858.8617 -858.8617 -858.8617
-858.8617 -858.8617 -858.8617
-858.8617 -858.8617 -858.8617
-858.8617 -858.8617 -858.8617
-858.8617 -858.8617 -858.8617
-858.8617 -858.8617 -858.8617
-858.8617 -858.8617 -858.8617
-858.8617 -858.8617 -858.8617
-858.8617 -858.8617 -858.8617
-858.8617 -858.8617 -858.8617
-858.8617 -858.8617 -858.8617
-858.8617 -858.8617 -858.8617
-858.8617 -858.8617 -858.8617
-858.8617 -858.8617 -858.8617
-858.8617 -858.8617 -858.8617
-858.8617 -858.8617 -858.8617
-858.8617 -858.8617 -858.8617
-858.8617 -858.8617 -858.8617
-858.8617 -858.8617 -858.8617
-858.8617 -858.8617 -858.8617
-858.8617 -858.8617 -858.8617
-858.8617 -858.8617 -858.8617
-858.8617 -858.8617 -858.8617
-858.8617 -858.8617 -858.8617
-858.8617 -858.8617 -858.8617
-858.8617 -858.8617 -858.8617
-858.8617 -858.8617 -858.8617
-858.8617 -858.8617 -858.8617
-858.8617 -858.8617 -858.8617
-858.8617 -858.8617 -858.8617
-858.8617 -858.8617 -858.8617
-858.8617 -858.8617 -858.8617
-858.8617 -858.8617 -858.8617
-858.8617 -858.8617 -858.8617
-858.8617 -858.8617 -858.8617
-858.8617 -858.8617 -858.8617
-858.8617 -858.8617 -858.8617
-858.8617 -858.8617 -858.8617
-858.8617 -858.8617 -858.8617
-858.8617 -858.8617 -858.8617
-858.8617 -858.8617 -858.8617
-858.8617 -858.8617 -858.8617
-857.7381 -858.8617 -858.8392
-857.7381 -858.8617 -858.8167
-857.7381 -858.8617 -858.7943
-857.7381 -858.8617 -858.7718
-857.7381 -858.8617 -858.7493
-857.7381 -858.8617 -858.7268
-857.7381 -858.8617 -858.6819
-857.7381 -858.8617 -858.6594
-857.7381 -858.8617 -858.6370
-857.7381 -858.8617 -858.6145
-857.7381 -858.8617 -858.5920
-857.7381 -858.8617 -858.5695
-857.7381 -858.8617 -858.5471
-857.7381 -858.8617 -858.5246
-857.7381 -858.8617 -858.5021
-857.7381 -858.8617 -858.4797
-857.7381 -858.8617 -858.4572
-857.7381 -858.8617 -858.4347
-857.7381 -858.8617 -858.4123
-857.7381 -858.8617 -858.3898
-857.7381 -858.8617 -858.3673
-857.7381 -858.8617 -858.3448
-857.7381 -858.8617 -858.2774
-857.7381 -858.8617 -858.1875
-857.7381 -858.8617 -858.1651
-857.7381 -858.8617 -858.1426
-857.7381 -858.8617 -858.1201
-857.7381 -858.8617 -858.0752
-857.7381 -858.8617 -858.0527
-857.7381 -858.8617 -858.0078
-857.7381 -858.8617 -857.9628
-857.7381 -858.8617 -857.9179
-857.7381 -858.8617 -857.8730
-857.7381 -858.8617 -857.8505
-857.7381 -858.8617 -857.8055
-857.7381 -858.8617 -857.7606
-857.7381 -857.7381 -857.7381
-857.7381 -857.7381 -857.7381
-857.7381 -857.7381 -857.7381
-857.7381 -857.7381 -857.7381
-857.7381 -857.7381 -857.7381
-857.7381 -857.7381 -857.7381
-857.7381 -857.7381 -857.7381
-857.7381 -857.7381 -857.7381
-857.7381 -857.7381 -857.7381
-857.7381 -857.7381 -857.7381
-857.7381 -857.7381 -857.7381
-857.7381 -857.7381 -857.7381
-857.7381 -857.7381 -857.7381
-857.7381 -857.7381 -857.7381
-857.7381 -857.7381 -857.7381
-857.7381 -857.7381 -857.7381
-857.7381 -857.7381 -857.7381
-857.7381 -857.7381 -857.7381
-857.7381 -857.7381 -857.7381
-857.7381 -857.7381 -857.7381
-857.7381 -857.7381 -857.7381
-857.7381 -857.7381 -857.7381
-857.7381 -857.7381 -857.7381
-857.7381 -857.7381 -857.7381
-857.7381 -857.7381 -857.7381
-857.7381 -857.7381 -857.7381
-857.7381 -857.7381 -857.7381
-857.7381 -857.7381 -857.7381
-857.7381 -857.7381 -857.7381
-857.7381 -857.7381 -857.7381
-857.7381 -857.7381 -857.7381
-857.7381 -857.7381 -857.7381
-857.7381 -857.7381 -857.7381
-857.7381 -857.7381 -857.7381
-857.7381 -857.7381 -857.7381
-857.7381 -857.7381 -857.7381
-857.7381 -857.7381 -857.7381
-857.7381 -857.7381 -857.7381
-857.7381 -857.7381 -857.7381
-857.7381 -857.7381 -857.7381
-857.7381 -857.7381 -857.7381
-857.7381 -857.7381 -857.7381
-857.7381 -857.7381 -857.7381
-857.7381 -857.7381 -857.7381
-857.7381 -857.7381 -857.7381
-857.7381 -857.7381 -857.7381
-857.7381 -857.7381 -857.7381
-857.7381 -857.7381 -857.7381
-857.7381 -857.7381 -857.7381
-857.7381 -857.7381 -857.7381
-857.7381 -857.7381 -857.7381
-857.7381 -857.7381 -857.7381
-857.7381 -857.7381 -857.7381
-857.7381 -857.7381 -857.7381
-857.7381 -857.7381 -857.7381
-857.7381 -857.7381 -857.7381
-857.7381 -857.7381 -857.7381
-857.7381 -857.7381 -857.7381
-857.7381 -857.7381 -857.7381
-857.7381 -857.7381 -857.7381
-857.7381 -857.7381 -857.7381
-857.7381 -857.7381 -857.7381
-857.7381 -857.7381 -857.7381
-857.7381 -857.7381 -857.7381
-857.7381 -857.7381 -857.7381
-857.7381 -857.7381 -857.7381
-857.7381 -857.7381 -857.7381
-857.7381 -857.7381 -857.7381
-857.7381 -857.7381 -857.7381
-857.7381 -857.7381 -857.7381
-857.7381 -857.7381 -857.7381
-857.7381 -857.7381 -857.7381
-857.7381 -857.7381 -857.7381
-857.7381 -857.7381 -857.7381
-857.7381 -857.7381 -857.7381
-857.7381 -857.7381 -857.7381
-857.7381 -857.7381 -857.7381
-857.7381 -857.7381 -857.7381
-857.7381 -857.7381 -857.7381
-857.7381 -857.7381 -857.7381
-857.7381 -857.7381 -857.7381
-857.7381 -857.7381 -857.7381
-857.7381 -857.7381 -857.7381
-857.7381 -857.7381 -857.7381
-857.7381 -857.7381 -857.7381
-857.7381 -857.7381 -857.7381
-857.7381 -857.7381 -857.7381
-857.7381 -857.7381 -857.7381
-857.7381 -857.7381 -857.7381
-857.7381 -857.7381 -857.7381
-857.7381 -857.7381 -857.7381
-857.7381 -857.7381 -857.7381
-857.7381 -857.7381 -857.7381
-857.7381 -857.7381 -857.7381
-857.7381 -857.7381 -857.7381
-857.7381 -857.7381 -857.7381
-857.7381 -857.7381 -857.7381
-857.7381 -857.7381 -857.7381
-857.7381 -857.7381 -857.7381
-857.7381 -857.7381 -857.7381
-857.7381 -857.7381 -857.7381
-857.7381 -857.7381 -857.7381
-857.7381 -857.7381 -857.7381
-857.7381 -857.7381 -857.7381
-857.7381 -857.7381 -857.7381
-857.7381 -857.7381 -857.7381
-857.7381 -857.7381 -857.7381
-857.7381 -857.7381 -857.7381
-857.7381 -857.7381 -857.7381
-857.7381 -857.7381 -857.7381
-857.7381 -857.7381 -857.7381
-857.7381 -857.7381 -857.7381
-857.7381 -857.7381 -857.7381
-857.7381 -857.7381 -857.7381
-857.7381 -857.7381 -857.7381
-857.7381 -857.7381 -857.7381
-857.7381 -857.7381 -857.7381
-857.7381 -857.7381 -857.7381
-857.7381 -857.7381 -857.7381
-856.3203 -857.7381 -857.7098
-856.3203 -857.7381 -857.6814
-856.3203 -857.7381 -857.6531
-856.3203 -857.7381 -857.6247
-856.3203 -857.7381 -857.5963
-856.3203 -857.7381 -857.5680
-856.3203 -857.7381 -857.5396
-856.3203 -857.7381 -857.5113
-856.3203 -857.7381 -857.4546
-856.3203 -857.7381 -857.4262
-856.3203 -857.7381 -857.3979
-856.3203 -857.7381 -857.3695
-856.3203 -857.7381 -857.3411
-856.3203 -857.7381 -857.2844
-856.3203 -857.7381 -857.2277
-856.3203 -857.7381 -857.1994
-856.3203 -857.7381 -857.1710
-856.3203 -857.7381 -857.1426
-856.3203 -857.7381 -857.1143
-856.3203 -857.7381 -857.0292
-856.3203 -857.7381 -856.9441
-856.3203 -857.7381 -856.9158
-856.3203 -857.7381 -856.8874
-856.3203 -857.7381 -856.8307
-856.3203 -857.7381 -856.8024
-856.3203 -857.7381 -856.7456
-856.3203 -857.7381 -856.7173
-856.3203 -857.7381 -856.6606
-856.3203 -857.7381 -856.6322
-856.3203 -857.7381 -856.5471
-856.3203 -857.7381 -856.4904
-856.3203 -857.7381 -856.4337
-856.3203 -856.3203 -856.3203
-856.3203 -856.3203 -856.3203
-856.3203 -856.3203 -856.3203
-856.3203 -856.3203 -856.3203
-856.3203 -856.3203 -856.3203
-856.3203 -856.3203 -856.3203
-856.3203 -856.3203 -856.3203
-856.3203 -856.3203 -856.3203
-856.3203 -856.3203 -856.3203
-856.3203 -856.3203 -856.3203
-856.3203 -856.3203 -856.3203
-856.3203 -856.3203 -856.3203
-856.3203 -856.3203 -856.3203
-856.3203 -856.3203 -856.3203
-856.3203 -856.3203 -856.3203
-856.3203 -856.3203 -856.3203
-856.3203 -856.3203 -856.3203
-856.3203 -856.3203 -856.3203
-856.3203 -856.3203 -856.3203
-856.3203 -856.3203 -856.3203
-856.3203 -856.3203 -856.3203
-856.3203 -856.3203 -856.3203
-856.3203 -856.3203 -856.3203
-856.3203 -856.3203 -856.3203
-856.3203 -856.3203 -856.3203
-856.3203 -856.3203 -856.3203
-856.3203 -856.3203 -856.3203
-856.3203 -856.3203 -856.3203
-856.3203 -856.3203 -856.3203
-856.3203 -856.3203 -856.3203
-856.3203 -856.3203 -856.3203
-856.3203 -856.3203 -856.3203
-856.3203 -856.3203 -856.3203
-856.3203 -856.3203 -856.3203
-856.3203 -856.3203 -856.3203
-856.3203 -856.3203 -856.3203
-856.3203 -856.3203 -856.3203
-856.3203 -856.3203 -856.3203
-856.3203 -856.3203 -856.3203
-856.3203 -856.3203 -856.3203
-856.3203 -856.3203 -856.3203
-856.3203 -856.3203 -856.3203
-856.3203 -856.3203 -856.3203
-856.3203 -856.3203 -856.3203
-856.3203 -856.3203 -856.3203
-856.3203 -856.3203 -856.3203
-856.3203 -856.3203 -856.3203
-856.3203 -856.3203 -856.3203
-856.3203 -856.3203 -856.3203
-856.3203 -856.3203 -856.3203
-856.3203 -856.3203 -856.3203
-856.3203 -856.3203 -856.3203
-856.3203 -856.3203 -856.3203
-856.3203 -856.3203 -856.3203
-856.3203 -856.3203 -856.3203
-856.3203 -856.3203 -856.3203
-856.3203 -856.3203 -856.3203
-856.3203 -856.3203 -856.3203
-856.3203 -856.3203 -856.3203
-856.3203 -856.3203 -856.3203
-856.3203 -856.3203 -856.3203
-856.3203 -856.3203 -856.3203
-856.3203 -856.3203 -856.3203
-856.3203 -856.3203 -856.3203
-856.3203 -856.3203 -856.3203
-856.3203 -856.3203 -856.3203
-856.3203 -856.3203 -856.3203
-856.3203 -856.3203 -856.3203
-856.3203 -856.3203 -856.3203
-856.3203 -856.3203 -856.3203
-856.3203 -856.3203 -856.3203
-856.3203 -856.3203 -856.3203
-856.3203 -856.3203 -856.3203
-856.3203 -856.3203 -856.3203
-856.3203 -856.3203 -856.3203
-856.3203 -856.3203 -856.3203
-856.3203 -856.3203 -856.3203
-856.3203 -856.3203 -856.3203
-856.3203 -856.3203 -856.3203
-856.3203 -856.3203 -856.3203
-856.3203 -856.3203 -856.3203
-856.3203 -856.3203 -856.3203
-856.3203 -856.3203 -856.3203
-856.3203 -856.3203 -856.3203
-856.3203 -856.3203 -856.3203
-856.3203 -856.3203 -856.3203
-856.3203 -856.3203 -856.3203
-856.3203 -856.3203 -856.3203
-856.3203 -856.3203 -856.3203
-856.3203 -856.3203 -856.3203
-856.3203 -856.3203 -856.3203
-856.3203 -856.3203 -856.3203
-856.3203 -856.3203 -856.3203
-856.3203 -856.3203 -856.3203
-856.3203 -856.3203 -856.3203
-856.3203 -856.3203 -856.3203
-856.3203 -856.3203 -856.3203
-856.3203 -856.3203 -856.3203
-856.3203 -856.3203 -856.3203
-856.3203 -856.3203 -856.3203
-856.3203 -856.3203 -856.3203
-856.3203 -856.3203 -856.3203
-856.3203 -856.3203 -856.3203
-856.3203 -856.3203 -856.3203
-856.3203 -856.3203 -856.3203
-856.3203 -856.3203 -856.3203
-856.3203 -856.3203 -856.3203
-856.3203 -856.3203 -856.3203
-856.3203 -856.3203 -856.3203
-856.3203 -856.3203 -856.3203
-856.3203 -856.3203 -856.3203
-856.3203 -856.3203 -856.3203
-856.3203 -856.3203 -856.3203
-856.3203 -856.3203 -856.3203
-856.3203 -856.3203 -856.3203
-856.3203 -856.3203 -856.3203
-856.3203 -856.3203 -856.3203
-856.3203 -856.3203 -856.3203
-856.3203 -856.3203 -856.3203
-856.3203 -856.3203 -856.3203
-856.3203 -856.3203 -856.3203
-856.3203 -856.3203 -856.3203
-856.3203 -856.3203 -856.3203
-856.3203 -856.3203 -856.3203
-856.3203 -856.3203 -856.3203
-856.3203 -856.3203 -856.3203
-856.3203 -856.3203 -856.3203
-856.3203 -856.3203 -856.3203
-856.3203 -856.3203 -856.3203
-856.3203 -856.3203 -856.3203
-856.3203 -856.3203 -856.3203
-856.3203 -856.3203 -856.3203
-856.3203 -856.3203 -856.3203
-856.3203 -856.3203 -856.3203
-856.3203 -856.3203 -856.3203
-856.3203 -856.3203 -856.3203
-856.3203 -856.3203 -856.3203
-856.3203 -856.3203 -856.3203
-856.3203 -856.3203 -856.3203
-856.3203 -856.3203 -856.3203
-856.3203 -856.3203 -856.3203
-856.3203 -856.3203 -856.3203
-856.3203 -856.3203 -856.3203
-856.3203 -856.3203 -856.3203
-856.3203 -856.3203 -856.3203
-856.3203 -856.3203 -856.3203
-856.3203 -856.3203 -856.3203
-856.3203 -856.3203 -856.3203
-856.3203 -856.3203 -856.3203
-856.3203 -856.3203 -856.3203
-856.3203 -856.3203 -856.3203
-856.3203 -856.3203 -856.3203
-856.3203 -856.3203 -856.3203
-856.3203 -856.3203 -856.3203
-856.3203 -856.3203 -856.3203
-856.3203 -856.3203 -856.3203
-856.3203 -856.3203 -856.3203
-856.3203 -856.3203 -856.3203
-856.3203 -856.3203 -856.3203
-856.3203 -856.3203 -856.3203
-856.3203 -856.3203 -856.3203
-856.3203 -856.3203 -856.3203
-856.3203 -856.3203 -856.3203
-856.3203 -856.3203 -856.3203
-856.3203 -856.3203 -856.3203
-856.3203 -856.3203 -856.3203
-856.3203 -856.3203 -856.3203
-856.3203 -856.3203 -856.3203
-856.3203 -856.3203 -856.3203
-856.3203 -856.3203 -856.3203
-856.3203 -856.3203 -856.3203
-856.3203 -856.3203 -856.3203
-856.3203 -856.3203 -856.3203
-856.3203 -856.3203 -856.3203
-856.3203 -856.3203 -856.3203
-856.3203 -856.3203 -856.3203
-856.3203 -856.3203 -856.3203
-856.3203 -856.3203 -856.3203
-856.3203 -856.3203 -856.3203
-856.3203 -856.3203 -856.3203
-856.3203 -856.3203 -856.3203
-856.3203 -856.3203 -856.3203
-856.3203 -856.3203 -856.3203
-856.3203 -856.3203 -856.3203
-856.3203 -856.3203 -856.3203
-856.3203 -856.3203 -856.3203
-856.3203 -856.3203 -856.3203
-856.3203 -856.3203 -856.3203
-856.3203 -856.3203 -856.3203
-856.3203 -856.3203 -856.3203
-856.3203 -856.3203 -856.3203
-856.3203 -856.3203 -856.3203
-856.3203 -856.3203 -856.3203
-856.3203 -856.3203 -856.3203
-856.3203 -856.3203 -856.3203
-856.3203 -856.3203 -856.3203
-856.3203 -856.3203 -856.3203
-856.3203 -856.3203 -856.3203
-856.3203 -856.3203 -856.3203
-856.3203 -856.3203 -856.3203
-856.3203 -856.3203 -856.3203
-856.3203 -856.3203 -856.3203
-856.3203 -856.3203 -856.3203
-856.3203 -856.3203 -856.3203
-856.3203 -856.3203 -856.3203
-856.3203 -856.3203 -856.3203
-856.3203 -856.3203 -856.3203
-856.3203 -856.3203 -856.3203
-856.3203 -856.3203 -856.3203
-856.3203 -856.3203 -856.3203
-856.3203 -856.3203 -856.3203
-856.3203 -856.3203 -856.3203
-856.3203 -856.3203 -856.3203
-856.3203 -856.3203 -856.3203
-856.3203 -856.3203 -856.3203
-856.3203 -856.3203 -856.3203
-856.3203 -856.3203 -856.3203
-856.3203 -856.3203 -856.3203
-856.3203 -856.3203 -856.3203
-856.3203 -856.3203 -856.3203
-856.3203 -856.3203 -856.3203
-856.3203 -856.3203 -856.3203
-856.3203 -856.3203 -856.3203
-856.3203 -856.3203 -856.3203
-856.3203 -856.3203 -856.3203
-856.3203 -856.3203 -856.3203
-856.3203 -856.3203 -856.3203
-856.3203 -856.3203 -856.3203
-856.3203 -856.3203 -856.3203
