-5032.2970 -5750.0578 -5564.2839
-4971.1419 -5634.0371 -5431.8008
-4949.5873 -5502.4875 -5269.6407
-4906.4998 -5330.2085 -5141.5000
-4906.4998 -5127.4640 -5042.0953
-4906.4998 -5045.4960 -4992.3264
-4870.5032 -4998.1161 -4959.9157
-4818.2794 -4970.2173 -4928.7162
-4818.2794 -4947.5167 -4899.5157
-4680.8587 -4906.4998 -4856.0685
-4680.8587 -4867.3187 -4823.2415
-4669.1256 -4838.0357 -4795.2473
-4641.7198 -4813.6701 -4759.8961
-4641.7198 -4771.8965 -4722.3768
-4602.2588 -4728.1645 -4690.3742
-4571.8991 -4702.2483 -4668.0432
-4541.8635 -4676.2373 -4640.0716
-4541.8635 -4647.1125 -4614.8414
-4539.2289 -4629.3780 -4593.5518
-4514.9334 -4607.7554 -4568.0747
-4488.4057 -4577.8314 -4544.8124
-4459.3056 -4547.3080 -4523.0795
-4370.5598 -4537.6889 -4503.6734
-4370.5598 -4520.2334 -4483.0285
-4356.0112 -4504.5559 -4466.7082
-4285.7078 -4485.0279 -4433.7188
-4285.7078 -4451.3071 -4398.0460
-4264.0292 -4421.0690 -4366.0433
-4225.4094 -4376.0812 -4331.6683
-4225.4094 -4356.0112 -4309.4152
-4225.4094 -4319.0542 -4284.1610
-4194.8113 -4298.6108 -4261.5191
-4150.1961 -4273.3535 -4237.8234
-4131.9838 -4245.2746 -4215.6264
-4124.2906 -4229.0981 -4201.4617
-4080.6396 -4217.1851 -4179.6261
-4077.7000 -4199.5676 -4157.8244
-4065.1288 -4176.9639 -4134.0072
-3968.3210 -4146.2694 -4109.2519
-3968.3210 -4130.1487 -4092.5331
-3968.3210 -4114.2453 -4069.5286
-3956.6937 -4092.1318 -4042.6986
-3896.1879 -4060.9898 -3998.0756
-3896.1879 -4007.8943 -3974.9263
-3872.7456 -3989.6561 -3958.0937
-3872.7456 -3968.3210 -3936.0751
-3857.0263 -3951.1412 -3913.3910
-3849.2836 -3928.2179 -3894.7850
-3754.8146 -3906.9586 -3879.8689
-3754.8146 -3892.8111 -3863.7655
-3735.6165 -3873.7877 -3843.7526
-3714.9090 -3861.7546 -3819.5815
-3714.9090 -3850.2690 -3795.4348
-3685.0243 -3812.3519 -3760.3686
-3668.1173 -3779.8994 -3740.5262
-3668.1173 -3754.8146 -3725.5786
-3662.8409 -3741.9505 -3714.8927
-3627.4698 -3724.6638 -3694.9884
-3627.4698 -3710.4340 -3679.4852
-3583.6886 -3694.9737 -3661.9907
-3522.2559 -3678.1307 -3641.7040
-3490.4810 -3659.7729 -3622.9164
-3459.4955 -3648.0937 -3604.6166
-3459.4955 -3632.7510 -3581.8518
-3405.8115 -3604.4164 -3555.3350
-3405.8115 -3580.1030 -3526.6294
-3405.8115 -3552.9878 -3505.5893
-3390.3591 -3530.3141 -3487.6849
-3390.3591 -3502.7598 -3467.6862
-3335.1344 -3487.0027 -3443.9896
-3335.1344 -3463.2475 -3420.9277
-3335.1344 -3434.4852 -3403.6548
-3333.3112 -3408.9659 -3388.8147
-3330.7776 -3401.7289 -3375.7359
-3308.5914 -3390.3591 -3363.9522
-3308.5914 -3377.0291 -3350.7263
-3264.2178 -3369.3661 -3334.2805
-3256.1529 -3346.4100 -3323.5730
-3256.1529 -3334.5440 -3314.0740
-3256.1529 -3329.6749 -3305.0882
-3220.7116 -3316.1052 -3291.5268
-3220.7116 -3308.5914 -3279.5554
-3190.4144 -3290.2383 -3266.2919
-3190.4144 -3285.4057 -3258.8556
-3155.1488 -3277.0909 -3247.8319
-3155.1488 -3264.2178 -3237.2683
-3155.1488 -3256.1529 -3224.7483
-3155.1488 -3243.4094 -3210.8366
-3116.8263 -3231.8310 -3197.3059
-3100.0235 -3217.5913 -3177.3967
-3100.0235 -3191.2270 -3159.0161
-3042.2673 -3177.6942 -3143.6706
-3042.2673 -3155.1488 -3130.5823
-3042.2673 -3147.6021 -3122.5861
-3030.2230 -3141.9607 -3110.8007
-3030.2230 -3129.9842 -3097.4610
-3013.5447 -3116.8263 -3083.6660
-3013.5447 -3106.5544 -3073.7743
-2945.6297 -3094.8123 -3058.2344
-2945.6297 -3083.7413 -3043.6091
-2930.8914 -3062.1522 -3028.9088
-2930.8914 -3048.8304 -3019.0236
-2930.8914 -3036.6681 -3005.5498
-2923.5558 -3027.9578 -2991.2837
-2920.3251 -3012.1967 -2978.9404
-2920.3251 -3001.2845 -2963.8349
-2920.3251 -2985.8774 -2951.3129
-2910.7112 -2967.5178 -2942.0169
-2910.0206 -2953.5616 -2933.4676
-2910.0206 -2945.6297 -2929.3617
-2889.2520 -2939.1903 -2924.3188
-2889.2520 -2930.9754 -2920.8897
-2889.2520 -2930.6795 -2917.3104
-2867.2967 -2923.5558 -2912.0014
-2867.2967 -2920.3251 -2906.6196
-2844.6272 -2915.6982 -2899.5578
-2844.6272 -2910.4542 -2894.3902
-2793.7522 -2903.9921 -2887.2438
-2793.7522 -2899.1927 -2878.2460
-2793.7522 -2892.3066 -2871.1127
-2793.7522 -2887.6856 -2859.3791
-2793.7522 -2880.3180 -2851.1076
-2793.7522 -2867.2967 -2839.4762
-2758.2400 -2858.3402 -2824.1119
-2745.7764 -2844.6272 -2809.6580
-2745.7764 -2823.5168 -2794.7964
-2740.1761 -2810.4864 -2784.7122
-2736.1528 -2797.6168 -2777.3345
-2736.1528 -2791.8172 -2770.2948
-2696.5535 -2784.7817 -2760.5894
-2696.5535 -2779.8591 -2754.6879
-2666.1994 -2765.0554 -2741.9853
-2666.1994 -2758.2400 -2734.9390
-2666.1994 -2752.1790 -2725.7086
-2641.1239 -2744.4136 -2714.1901
-2641.1239 -2736.1528 -2704.8176
-2636.7554 -2726.2172 -2696.2694
-2636.7554 -2717.7298 -2688.5255
-2635.6988 -2709.0388 -2680.3285
-2614.8430 -2698.4309 -2668.9050
-2614.8430 -2678.0957 -2657.2130
-2576.5561 -2672.1054 -2647.1025
-2576.5561 -2662.5329 -2637.5473
-2576.5561 -2650.0817 -2628.5397
-2576.5561 -2640.3620 -2621.4388
-2576.5561 -2636.7554 -2614.0582
-2576.5561 -2630.1364 -2608.3931
-2572.1282 -2623.1611 -2601.7215
-2556.4224 -2616.3362 -2594.3353
-2556.4224 -2603.6195 -2587.0888
-2548.1348 -2597.7205 -2580.5828
-2548.1348 -2590.8679 -2575.0230
-2535.3908 -2584.1631 -2569.8221
-2529.9407 -2580.1082 -2565.8498
-2529.9407 -2576.5561 -2561.7926
-2529.9407 -2576.1815 -2558.6128
-2522.4096 -2572.1282 -2554.1353
-2522.4096 -2561.5642 -2548.3478
-2516.9695 -2557.0022 -2543.3476
-2516.9695 -2554.9252 -2539.3769
-2499.0437 -2547.6726 -2533.5846
-2492.9880 -2544.7117 -2528.1284
-2492.9880 -2537.8672 -2525.0038
-2473.4801 -2532.8508 -2516.9281
-2441.1164 -2528.6679 -2510.3874
-2441.1164 -2523.9286 -2504.5506
-2441.1164 -2522.4096 -2499.9995
-2441.1164 -2516.9695 -2491.7152
-2428.6532 -2509.8383 -2481.1967
-2428.6532 -2499.4394 -2474.0909
-2426.5594 -2492.9880 -2465.2299
-2412.6448 -2482.2342 -2455.7743
-2412.6448 -2473.6140 -2449.7188
-2412.6448 -2458.6235 -2441.2496
-2404.4938 -2454.0312 -2436.2141
-2374.4874 -2441.6290 -2426.8810
-2374.4874 -2439.6394 -2422.8584
-2373.2356 -2435.2376 -2417.7645
-2373.2356 -2431.4974 -2415.4173
-2368.4731 -2428.8359 -2409.9246
-2368.4731 -2424.2964 -2403.0609
-2341.4558 -2419.0757 -2397.8772
-2341.4558 -2414.0128 -2392.2147
-2341.4558 -2410.0285 -2386.1286
-2341.4558 -2402.4261 -2381.1971
-2341.4558 -2398.6745 -2378.2852
-2341.4558 -2390.6193 -2372.8815
-2297.0401 -2383.7839 -2364.1572
-2297.0401 -2378.2606 -2359.5299
-2297.0401 -2374.4874 -2353.1524
-2226.6246 -2368.4731 -2344.1266
-2226.6246 -2363.1880 -2336.8886
-2226.6246 -2357.4914 -2332.1607
-2226.6246 -2349.1168 -2322.8376
-2219.8328 -2346.3178 -2311.6965
-2213.8685 -2338.7657 -2297.3102
-2213.8685 -2322.4522 -2285.7017
-2202.3163 -2312.6403 -2273.3027
-2197.6466 -2301.0760 -2258.7079
-2190.7098 -2286.7647 -2242.0220
-2190.7098 -2275.3929 -2235.8842
-2188.6148 -2265.7716 -2227.4356
-2165.3778 -2246.0668 -2215.6802
-2165.3778 -2232.0549 -2208.2365
-2165.3778 -2222.1379 -2201.4160
-2162.0009 -2213.8685 -2194.9392
-2162.0009 -2209.6300 -2191.7086
-2162.0009 -2202.3163 -2186.0806
-2162.0009 -2197.6466 -2181.4189
-2153.0362 -2190.9720 -2176.3294
-2150.1630 -2189.0037 -2172.4439
-2136.7917 -2186.5518 -2168.6199
-2136.7917 -2183.7392 -2165.8235
-2136.7917 -2176.9306 -2162.3479
-2136.7917 -2171.3283 -2159.5086
-2136.7917 -2168.2770 -2157.0194
-2088.2783 -2165.3410 -2151.8172
-2088.2783 -2162.0009 -2147.5122
-2088.2783 -2157.7232 -2142.9661
-2088.2783 -2153.0362 -2137.4336
-2088.2783 -2150.1630 -2133.6459
-2087.0895 -2148.8243 -2129.6543
-2087.0895 -2146.5655 -2126.1784
-2087.0895 -2139.9826 -2121.8825
-2087.0895 -2136.7917 -2115.4878
-2086.0748 -2133.0001 -2107.4090
-2083.6184 -2126.6870 -2103.6003
-2064.2195 -2123.0907 -2098.0101
-2038.6053 -2109.1992 -2089.8730
-2038.6053 -2101.0309 -2086.0328
-2038.6053 -2096.4201 -2082.6883
-2038.6053 -2089.3974 -2078.2467
-2035.7939 -2088.2783 -2075.0686
-2035.7939 -2087.0895 -2069.8648
-2035.7939 -2086.6603 -2066.7798
-2028.8389 -2083.6184 -2060.8308
-2028.8389 -2074.8367 -2056.2855
-2021.4004 -2070.7448 -2051.0726
-2013.3781 -2065.6873 -2046.5597
-2013.3781 -2064.0642 -2042.6799
-1980.8469 -2054.4197 -2034.8233
-1980.8469 -2044.9066 -2028.2413
-1980.8469 -2039.8614 -2023.9184
-1980.8469 -2036.9444 -2020.3843
-1980.8469 -2034.8683 -2017.1061
-1980.8469 -2031.1887 -2013.8313
-1980.8469 -2025.4243 -2008.5240
-1980.8469 -2023.4009 -2003.9315
-1980.8469 -2021.2261 -2001.6801
-1980.8469 -2015.7396 -1998.2642
-1958.5332 -2010.9921 -1992.3143
-1958.5332 -2006.9697 -1988.4802
-1958.5332 -2003.6158 -1984.5685
-1949.1158 -1995.8609 -1979.3500
-1948.5682 -1987.2628 -1975.6086
-1933.8063 -1985.4517 -1972.4375
-1933.3401 -1981.7281 -1967.7444
-1933.3401 -1980.8469 -1963.7001
-1916.1198 -1980.3702 -1958.6684
-1916.1198 -1974.3040 -1954.3602
-1916.1198 -1966.4544 -1950.5406
-1891.9161 -1960.5035 -1945.2627
-1891.9161 -1958.5332 -1941.0132
-1891.9161 -1958.4120 -1939.6089
-1891.9161 -1956.8562 -1935.3593
-1891.9161 -1952.0084 -1931.8290
-1891.9161 -1949.1158 -1927.4700
-1891.9161 -1945.1022 -1923.3591
-1881.4534 -1941.8556 -1919.3161
-1881.4534 -1936.0876 -1913.5728
-1881.4534 -1933.8368 -1910.4292
-1860.9591 -1923.0933 -1901.8797
-1860.9591 -1917.1872 -1895.9764
-1857.3542 -1912.5304 -1890.2813
-1852.3268 -1908.9353 -1885.5098
-1852.3268 -1893.9651 -1880.4618
-1852.3268 -1891.9161 -1878.2804
-1852.1541 -1891.9161 -1873.7518
-1851.3789 -1886.5107 -1869.2603
-1830.8689 -1881.4534 -1864.3446
-1830.8689 -1879.2108 -1861.5316
-1816.6477 -1874.3805 -1857.0954
-1816.6477 -1868.2675 -1853.7702
-1816.6477 -1865.9174 -1851.5876
-1816.6477 -1863.8729 -1850.2414
-1816.6477 -1860.9591 -1845.7555
-1815.2893 -1856.1274 -1841.8555
-1815.2893 -1853.7210 -1839.0187
-1809.0982 -1852.3268 -1835.6130
-1809.0982 -1851.3789 -1833.5427
-1809.0982 -1847.5030 -1828.4398
-1793.9917 -1843.1818 -1823.5637
-1793.9917 -1836.2874 -1820.3962
-1793.9917 -1832.5707 -1818.6065
-1793.9917 -1829.6748 -1816.1306
-1793.4188 -1825.9798 -1813.7741
-1793.4188 -1824.9695 -1812.3589
-1793.4188 -1822.8305 -1811.1154
-1793.4188 -1818.8427 -1809.1334
-1777.8906 -1816.6477 -1806.7062
-1777.8906 -1816.6477 -1805.8805
-1777.8906 -1816.4051 -1804.1429
-1777.8906 -1814.8070 -1801.2626
-1760.4450 -1814.3538 -1798.9085
-1760.4450 -1809.0982 -1795.3567
-1758.9499 -1809.0982 -1793.0350
-1758.9499 -1807.7936 -1790.0994
-1758.9499 -1803.8795 -1787.1986
-1758.9499 -1798.3456 -1784.7775
-1752.8274 -1797.2251 -1782.3332
-1752.8274 -1793.9917 -1779.8358
-1735.5597 -1793.4188 -1775.5834
-1735.5597 -1789.6218 -1772.4809
-1735.5597 -1786.0825 -1768.9924
-1735.5597 -1781.1049 -1766.0932
-1735.5597 -1779.4395 -1763.3157
-1731.4016 -1777.8906 -1760.6223
-1731.4016 -1774.4882 -1757.1898
-1731.4016 -1770.8241 -1752.4105
-1717.9644 -1760.4450 -1747.1009
-1717.9644 -1759.3961 -1744.7949
-1717.9644 -1758.9499 -1742.9031
-1717.9644 -1757.2981 -1740.7373
-1717.9644 -1752.9131 -1737.4636
-1705.9777 -1750.6067 -1733.7283
-1705.9777 -1742.5717 -1731.5017
-1705.9777 -1740.4220 -1730.1073
-1705.9777 -1736.9255 -1727.8783
-1705.9777 -1735.5597 -1725.9830
-1705.9777 -1735.5417 -1724.2758
-1705.9777 -1734.9031 -1721.6914
-1702.1442 -1732.3786 -1720.0200
-1701.5548 -1731.4016 -1716.6695
-1701.5548 -1728.5148 -1714.7248
-1690.2029 -1726.0252 -1712.4466
-1690.2029 -1722.0913 -1710.6538
-1690.2029 -1717.9644 -1708.7763
-1690.2029 -1717.9644 -1706.7631
-1682.4088 -1715.4739 -1703.9449
-1669.0474 -1711.7210 -1701.3322
-1669.0474 -1709.0663 -1699.3846
-1669.0474 -1708.5913 -1698.1436
-1669.0474 -1705.9777 -1696.1773
-1669.0474 -1705.9777 -1694.7625
-1669.0474 -1703.7493 -1691.2281
-1660.0424 -1701.7329 -1686.6639
-1660.0424 -1700.7274 -1684.6472
-1660.0424 -1696.5161 -1681.6370
-1660.0424 -1692.7187 -1678.2197
-1660.0424 -1689.5108 -1675.4062
-1660.0424 -1688.1897 -1673.2818
-1658.6662 -1682.4088 -1670.6822
-1658.6662 -1680.4407 -1669.0017
-1658.6662 -1678.4017 -1667.6113
-1658.6662 -1674.5419 -1666.1097
-1639.4498 -1669.6561 -1663.1517
-1639.4498 -1669.0474 -1661.2677
-1639.4498 -1669.0474 -1660.0995
-1639.4498 -1668.7683 -1659.1746
-1639.4498 -1667.8539 -1658.1178
-1637.4851 -1664.3780 -1656.2941
-1637.4851 -1662.5645 -1654.6651
-1637.4851 -1660.7482 -1653.1464
-1633.7016 -1660.0424 -1651.8186
-1629.4467 -1660.0424 -1650.1125
-1621.6143 -1660.0424 -1646.6207
-1621.6143 -1658.6662 -1644.3949
-1621.6143 -1658.4786 -1642.0849
-1621.6143 -1654.6334 -1640.3045
-1621.6143 -1653.0283 -1638.7677
-1621.6143 -1650.8709 -1637.5448
-1609.9440 -1645.0536 -1634.0442
-1609.9440 -1641.3805 -1632.0480
-1609.9440 -1640.5145 -1631.2664
-1609.9440 -1639.4498 -1630.3929
-1609.9440 -1638.5614 -1628.9730
-1609.9440 -1637.4851 -1627.5218
-1596.5233 -1633.8363 -1623.5748
-1596.5233 -1633.6152 -1621.5127
-1596.5233 -1631.3919 -1619.7537
-1596.5233 -1630.3616 -1618.5867
-1596.5233 -1629.4890 -1616.9202
-1596.5233 -1629.1226 -1615.8659
-1596.5233 -1627.3606 -1614.5121
-1587.0782 -1621.8869 -1610.7859
-1587.0782 -1621.6143 -1608.4285
-1587.0782 -1621.0313 -1606.7218
-1587.0782 -1614.8375 -1602.9825
-1569.9912 -1612.8490 -1600.9716
-1569.9912 -1609.9440 -1597.6692
-1569.9912 -1609.6575 -1596.2783
-1569.9912 -1608.5955 -1594.8930
-1569.9912 -1604.8149 -1591.9503
-1569.9912 -1602.7396 -1590.6703
-1569.9912 -1600.6268 -1589.1796
-1569.9912 -1596.5233 -1586.8896
-1569.9912 -1596.5233 -1585.6569
-1569.9912 -1595.2638 -1582.6442
-1546.0028 -1591.4719 -1580.2246
-1546.0028 -1590.0240 -1577.4026
-1546.0028 -1589.2046 -1576.2885
-1546.0028 -1587.0782 -1574.4970
-1546.0028 -1587.0782 -1572.5714
-1546.0028 -1584.6800 -1570.8596
-1541.4051 -1582.2870 -1567.8383
-1539.7063 -1577.5955 -1564.8089
-1531.3333 -1575.9589 -1561.9667
-1531.3333 -1572.3073 -1559.5423
-1523.1324 -1569.9912 -1556.4503
-1523.1324 -1569.9912 -1553.3565
-1523.1324 -1569.9912 -1550.3026
-1523.1324 -1565.8791 -1546.5711
-1523.1324 -1557.4452 -1543.5481
-1523.1324 -1555.2820 -1542.1787
-1513.1832 -1551.8981 -1539.6850
-1513.1832 -1547.8418 -1537.4495
-1513.1832 -1546.0028 -1535.9715
-1513.1832 -1546.0028 -1534.5863
-1513.1832 -1544.9762 -1533.0162
-1502.9748 -1542.6750 -1529.7831
-1502.9748 -1541.4051 -1528.1835
-1502.9748 -1539.1769 -1525.8108
-1502.9748 -1536.7109 -1523.7474
-1502.9748 -1533.0081 -1521.4837
-1456.3911 -1531.3333 -1518.4118
-1456.3911 -1530.1169 -1515.4483
-1456.3911 -1526.6173 -1513.5369
-1456.3911 -1523.1324 -1511.0711
-1456.3911 -1523.1324 -1507.7717
-1456.3911 -1522.9453 -1503.8126
-1456.3911 -1517.1976 -1499.4019
-1456.3911 -1513.1832 -1495.5233
-1456.3911 -1511.3842 -1491.7009
-1456.3911 -1510.1357 -1490.1576
-1456.3911 -1503.0659 -1485.2571
-1452.7364 -1501.0452 -1478.9255
-1452.7364 -1499.5291 -1473.3529
-1452.7364 -1495.8004 -1471.3723
-1452.7364 -1487.4969 -1467.6299
-1447.8310 -1478.8256 -1464.1763
-1447.8310 -1478.2272 -1462.2937
-1447.8310 -1472.2203 -1458.7096
-1423.6836 -1468.6912 -1455.8282
-1423.6836 -1467.6926 -1454.4123
-1423.6836 -1462.1446 -1451.8724
-1423.6836 -1458.6226 -1450.2879
-1423.6836 -1457.5471 -1449.3566
-1423.6836 -1456.3911 -1448.2943
-1423.6836 -1456.3911 -1446.5749
-1423.6836 -1455.8476 -1444.6269
-1401.3092 -1453.1199 -1440.9497
-1401.3092 -1452.7364 -1439.2220
-1401.3092 -1452.7364 -1437.8407
-1401.3092 -1451.1186 -1434.8798
-1401.3092 -1448.2691 -1432.0546
-1401.3092 -1446.3643 -1428.1053
-1401.3092 -1444.9697 -1426.1445
-1401.3092 -1443.1837 -1424.0556
-1401.3092 -1437.4692 -1420.6856
-1392.8265 -1433.7870 -1417.9593
-1392.8265 -1429.0556 -1415.6846
-1386.7474 -1427.3152 -1412.5959
-1386.7474 -1425.0913 -1411.4931
-1386.7474 -1423.6836 -1409.2219
-1386.7474 -1423.6836 -1407.5907
-1386.7474 -1423.2807 -1404.6984
-1386.7474 -1420.5401 -1402.3737
-1372.9708 -1417.7868 -1400.0849
-1372.9708 -1413.2829 -1397.3705
-1372.9708 -1406.4570 -1395.5958
-1372.9708 -1402.4652 -1393.6996
-1372.9708 -1401.3092 -1392.8601
-1372.9708 -1401.3092 -1391.3526
-1372.9708 -1400.9933 -1389.6519
-1372.9708 -1399.3036 -1388.2448
-1372.9708 -1397.8406 -1387.0857
-1372.9708 -1394.4674 -1385.5498
-1372.9708 -1392.8265 -1384.0106
-1372.9708 -1392.3487 -1383.0143
-1370.0931 -1389.1043 -1381.4971
-1370.0931 -1389.1043 -1380.8573
-1356.4021 -1387.9458 -1378.3732
-1356.4021 -1386.9750 -1376.9549
-1356.4021 -1386.7474 -1375.6178
-1356.4021 -1384.8488 -1373.6780
-1356.4021 -1382.6996 -1372.4734
-1356.4021 -1380.3962 -1371.4202
-1356.4021 -1377.1147 -1370.4246
-1356.4021 -1376.1260 -1369.4419
-1356.4021 -1374.7254 -1368.7514
-1356.4021 -1373.1515 -1368.0015
-1356.4021 -1372.9708 -1367.5135
-1356.4021 -1372.9708 -1367.1389
-1356.4021 -1372.9708 -1366.6543
-1355.9927 -1372.9708 -1365.6045
-1345.1408 -1372.2025 -1364.3933
-1345.1408 -1372.0672 -1363.6707
-1345.1408 -1371.2032 -1363.0390
-1345.1408 -1371.0829 -1361.7485
-1345.1408 -1370.0931 -1360.5374
-1343.4054 -1370.0338 -1358.7641
-1343.4054 -1369.4312 -1358.1253
-1343.4054 -1368.7433 -1357.0210
-1334.7347 -1365.2800 -1354.3001
-1334.7347 -1360.7472 -1352.9234
-1334.7347 -1359.5886 -1351.9537
-1334.7347 -1359.4878 -1351.3035
-1334.4916 -1357.3949 -1350.0785
-1334.4916 -1356.4021 -1349.5649
-1332.0852 -1356.4021 -1348.3389
-1329.9522 -1356.4021 -1347.3083
-1326.5770 -1356.4021 -1345.5067
-1320.9577 -1355.2122 -1341.4458
-1320.9577 -1352.7764 -1339.5092
-1320.9577 -1348.3064 -1337.9934
-1320.9577 -1347.0840 -1337.1391
-1320.9577 -1345.1408 -1336.2411
-1317.9492 -1345.1408 -1334.5708
-1317.9492 -1343.4054 -1333.3345
-1317.9492 -1341.6877 -1331.5981
-1317.9492 -1337.8778 -1330.6492
-1317.9492 -1336.2702 -1329.9103
-1317.9492 -1335.1163 -1329.5279
-1317.9492 -1334.7347 -1328.5678
-1317.9492 -1334.7347 -1327.9937
-1317.9492 -1334.7347 -1327.6327
-1317.9492 -1334.4916 -1326.8217
-1317.9492 -1334.3598 -1326.1338
-1317.9492 -1332.9078 -1324.9891
-1317.9492 -1332.5520 -1323.9129
-1317.9492 -1332.0852 -1322.9302
-1316.0562 -1331.3419 -1321.9283
-1316.0562 -1329.9522 -1320.9854
-1311.0370 -1325.6276 -1319.4708
-1311.0370 -1322.2942 -1318.3556
-1295.7435 -1321.6538 -1317.4573
-1295.7435 -1320.9577 -1316.8676
-1295.7435 -1320.9577 -1315.5575
-1295.7435 -1320.7902 -1314.2997
-1295.7435 -1320.7902 -1313.7988
-1293.4191 -1318.1921 -1312.3462
-1293.4191 -1317.9492 -1311.5591
-1293.4191 -1317.9492 -1310.9303
-1293.4191 -1317.9492 -1309.2489
-1292.1140 -1317.9492 -1308.2416
-1292.1140 -1317.9492 -1307.3751
-1292.1140 -1316.9970 -1305.4428
-1292.1140 -1316.0562 -1304.4336
-1282.5967 -1314.5494 -1302.2333
-1282.5967 -1312.5529 -1301.0477
-1282.5967 -1311.0370 -1299.5218
-1282.5967 -1310.7545 -1298.2026
-1282.5967 -1308.8142 -1297.0622
-1282.5967 -1308.0284 -1296.4818
-1282.5967 -1306.6641 -1295.0371
-1282.5967 -1303.8943 -1294.0681
-1282.5967 -1300.8232 -1293.2526
-1282.5967 -1299.7777 -1292.2778
-1282.5967 -1297.2343 -1291.0009
-1282.5967 -1295.7435 -1289.9354
-1282.5967 -1295.7435 -1289.6494
-1282.5967 -1295.7435 -1289.0538
-1282.5967 -1295.7435 -1288.7757
-1282.5967 -1295.0591 -1288.2389
-1282.5967 -1294.8920 -1287.7224
-1280.8308 -1293.0946 -1286.5049
-1275.8828 -1292.2907 -1285.7822
-1275.8828 -1292.1140 -1285.0316
-1275.8828 -1291.0686 -1283.9481
-1275.8828 -1290.8141 -1283.5310
-1275.8828 -1289.2976 -1282.8123
-1266.4792 -1286.4757 -1281.5298
-1266.4792 -1284.8508 -1280.6363
-1266.4792 -1283.7404 -1280.1988
-1266.4792 -1282.7623 -1279.8129
-1266.4792 -1282.6001 -1279.4637
-1264.9522 -1282.5967 -1278.6211
-1264.9522 -1282.5967 -1278.2682
-1264.9522 -1282.5967 -1277.7369
-1264.9522 -1282.5967 -1276.9529
-1264.9522 -1282.5967 -1275.6449
-1263.8649 -1282.5967 -1274.3513
-1263.8649 -1282.2314 -1273.2042
-1263.8649 -1282.1201 -1272.6187
-1263.8649 -1282.1201 -1271.9383
-1263.8649 -1280.8308 -1271.2910
-1263.8649 -1280.8308 -1270.6470
-1263.8649 -1279.9372 -1269.9730
-1263.8649 -1276.7513 -1269.3205
-1263.8649 -1275.8828 -1268.4356
-1242.2213 -1275.8828 -1267.5220
-1242.2213 -1275.0023 -1266.1239
-1242.2213 -1273.2563 -1265.2231
-1242.2213 -1270.6824 -1263.4693
-1242.2213 -1268.1131 -1262.7265
-1242.2213 -1267.9116 -1261.9774
-1242.2213 -1266.4792 -1260.8578
-1242.2213 -1266.4792 -1259.7140
-1235.3953 -1264.9522 -1257.6080
-1235.3953 -1264.9522 -1256.1021
-1235.3953 -1263.9067 -1254.5886
-1233.3988 -1263.8649 -1252.8678
-1233.3988 -1263.8649 -1250.9887
-1233.3988 -1263.8649 -1249.8004
-1233.3988 -1263.4344 -1247.8748
-1233.3988 -1262.1624 -1245.8318
-1231.6221 -1257.2144 -1242.8621
-1231.4982 -1250.8447 -1240.7642
-1231.4982 -1250.7499 -1239.9433
-1231.4982 -1247.1391 -1238.8189
-1231.4982 -1245.5349 -1238.2614
-1231.4982 -1244.3561 -1237.8435
-1231.4982 -1242.4532 -1237.3953
-1231.4982 -1242.2213 -1237.1762
-1231.4982 -1242.2213 -1236.5954
-1231.4982 -1242.2213 -1236.2250
-1231.4982 -1242.2213 -1235.9900
-1220.4021 -1242.2213 -1235.0464
-1220.4021 -1241.1945 -1234.3544
-1220.4021 -1239.8339 -1233.7261
-1220.4021 -1239.5506 -1233.1071
-1204.9311 -1238.5987 -1231.9743
-1204.9311 -1236.7986 -1230.8858
-1204.9311 -1235.9597 -1229.6270
-1204.9311 -1235.7618 -1228.3883
-1204.9311 -1235.3953 -1226.8916
-1202.0024 -1233.7240 -1224.7478
-1202.0024 -1233.3988 -1223.5630
-1202.0024 -1233.2788 -1221.6598
-1202.0024 -1231.6221 -1221.0197
-1202.0024 -1231.4982 -1220.2307
-1198.6753 -1231.4982 -1217.1812
-1198.6753 -1229.9711 -1214.9788
-1198.6753 -1227.4686 -1213.2182
-1198.6753 -1225.8220 -1211.5001
-1198.6753 -1223.2901 -1209.8560
-1196.6543 -1221.8020 -1208.4793
-1196.6543 -1220.4021 -1207.7660
-1196.6543 -1219.8199 -1206.2804
-1196.6543 -1217.2305 -1204.3293
-1196.6543 -1214.3544 -1203.5016
-1196.6543 -1210.5204 -1202.7388
-1196.6543 -1208.2893 -1202.2824
-1196.6543 -1206.9142 -1201.6455
-1179.6046 -1204.9311 -1200.5665
-1179.6046 -1204.9311 -1199.3563
-1179.6046 -1204.9311 -1198.4900
-1179.6046 -1204.2648 -1197.8239
-1179.6046 -1202.4081 -1197.1460
-1179.6046 -1202.0024 -1195.9833
-1179.6046 -1201.2356 -1194.3932
-1179.6046 -1200.9251 -1193.6575
-1179.6046 -1200.6410 -1192.8235
-1177.6390 -1199.8796 -1191.8397
-1177.6390 -1198.6753 -1190.7329
-1177.6390 -1198.6753 -1189.3952
-1177.6390 -1198.6753 -1188.6424
-1177.6390 -1196.6543 -1187.0442
-1177.6390 -1196.6543 -1186.2382
-1177.6390 -1196.4868 -1185.1144
-1177.6390 -1193.8511 -1183.1433
-1177.6390 -1192.8784 -1182.5445
-1177.6390 -1190.6666 -1181.7238
-1177.6390 -1188.5030 -1181.1145
-1165.6253 -1185.1584 -1179.9024
-1165.6253 -1184.2672 -1179.0805
-1161.5555 -1183.6576 -1178.0405
-1161.5555 -1183.6576 -1177.3486
-1161.4364 -1181.7257 -1176.0705
-1161.4364 -1179.6046 -1175.4361
-1161.4364 -1179.6046 -1174.9191
-1161.4079 -1179.6046 -1173.7729
-1161.4079 -1179.6046 -1173.3077
-1161.4079 -1179.6046 -1172.8670
-1161.4079 -1179.6046 -1172.4560
-1161.4079 -1179.6046 -1171.5551
-1161.4079 -1178.9383 -1171.1693
-1161.4079 -1178.0688 -1170.7932
-1161.4079 -1177.6390 -1170.3407
-1161.4079 -1177.6390 -1169.4079
-1161.4079 -1177.6390 -1168.4172
-1161.4079 -1177.2854 -1167.9146
-1161.4079 -1176.8164 -1167.1559
-1152.6286 -1175.0017 -1165.6153
-1152.6286 -1174.4033 -1164.4513
-1152.6286 -1173.7163 -1163.4292
-1152.6286 -1170.5591 -1162.6592
-1152.6286 -1168.5970 -1162.0447
-1152.6286 -1166.6079 -1161.0727
-1152.6286 -1166.3462 -1160.7932
-1148.3065 -1166.0024 -1160.1580
-1148.3065 -1165.6253 -1159.6914
-1148.3065 -1165.2173 -1158.9276
-1145.7669 -1162.8156 -1158.1021
-1145.7669 -1161.5555 -1157.6277
-1145.7669 -1161.5555 -1157.1554
-1145.7669 -1161.4364 -1156.6122
-1145.7669 -1161.4079 -1155.9840
-1145.7669 -1161.4079 -1155.3584
-1144.5621 -1161.4079 -1153.5851
-1143.0963 -1160.5706 -1152.1895
-1141.4448 -1160.1168 -1151.2329
-1141.4448 -1160.1168 -1150.2988
-1141.4448 -1157.2449 -1149.1491
-1141.4448 -1154.2490 -1148.5074
-1141.4448 -1152.9331 -1148.0154
-1141.4448 -1152.6286 -1147.5100
-1141.4448 -1152.6286 -1147.1170
-1141.4448 -1152.2034 -1146.5814
-1141.4448 -1151.5019 -1146.1806
-1138.7742 -1149.3964 -1145.2867
-1138.7742 -1149.2983 -1145.0214
-1138.7742 -1149.2983 -1144.6868
-1129.3193 -1148.6239 -1144.0809
-1129.3193 -1148.3065 -1143.4022
-1129.3193 -1148.3065 -1143.0224
-1129.3193 -1148.2137 -1142.4793
-1129.3193 -1148.0992 -1142.0810
-1129.3193 -1146.7523 -1141.4326
-1124.9972 -1145.7669 -1140.3802
-1124.9972 -1145.7669 -1139.7712
-1124.9972 -1145.7669 -1138.7655
-1124.9972 -1145.5304 -1138.2967
-1124.9972 -1144.6425 -1137.8860
-1124.9972 -1144.5621 -1137.1698
-1124.9972 -1143.0963 -1136.2905
-1124.9972 -1143.0963 -1135.8955
-1124.9972 -1142.7709 -1135.2578
-1124.9972 -1141.7437 -1134.3134
-1124.9972 -1141.4448 -1133.5658
-1124.9972 -1141.4448 -1132.5113
-1111.4213 -1141.4448 -1130.8683
-1111.4213 -1139.1833 -1129.7281
-1111.4213 -1138.7742 -1129.1265
-1109.4720 -1136.7959 -1127.2105
-1109.4720 -1136.2161 -1126.5612
-1109.4720 -1134.8905 -1124.8993
-1109.4720 -1134.0476 -1124.3909
-1109.4720 -1131.7188 -1123.7468
-1109.4720 -1131.5120 -1123.2565
-1109.4720 -1129.4189 -1122.5070
-1109.4720 -1129.3193 -1122.0356
-1109.4720 -1129.3193 -1120.9837
-1109.4720 -1129.0762 -1120.2438
-1090.9944 -1125.7969 -1118.8710
-1090.9944 -1125.7969 -1118.0052
-1090.9944 -1124.9972 -1117.0675
-1090.9944 -1124.9972 -1116.3480
-1090.9944 -1124.9972 -1114.8831
-1090.9944 -1124.9972 -1113.9932
-1090.9944 -1124.9972 -1112.4978
-1089.0955 -1124.8881 -1110.8864
-1089.0955 -1123.5648 -1108.4538
-1089.0955 -1121.3105 -1106.7089
-1089.0955 -1119.0712 -1105.0863
-1083.9201 -1115.0644 -1102.6054
-1083.9201 -1111.4213 -1101.3836
-1083.9201 -1110.8724 -1100.6364
-1083.9201 -1109.4720 -1098.7952
-1083.9201 -1109.4720 -1097.9146
-1083.9201 -1109.4720 -1097.0557
-1075.5556 -1109.4720 -1094.8007
-1075.5556 -1108.8056 -1093.5981
-1075.5556 -1106.4106 -1091.8859
-1075.5556 -1106.2099 -1091.1010
-1075.5556 -1104.2684 -1089.8147
-1075.5556 -1099.7608 -1088.8001
-1075.5556 -1099.2919 -1088.0164
-1075.5556 -1096.0962 -1087.0295
-1075.5556 -1095.2573 -1086.0117
-1075.5556 -1092.8463 -1085.3778
-1075.5556 -1090.9944 -1085.0320
-1075.5556 -1090.9944 -1084.4144
-1074.6751 -1090.9944 -1083.0606
-1074.6751 -1090.9944 -1082.1318
-1074.6751 -1090.9944 -1081.8054
-1074.6751 -1089.0955 -1081.1938
-1074.6751 -1089.0955 -1079.9297
-1074.6751 -1089.0955 -1079.5418
-1074.6751 -1085.8988 -1078.9187
-1074.6751 -1084.1537 -1078.4515
-1074.6751 -1083.9201 -1077.8286
-1074.6751 -1083.9201 -1077.6437
-1074.6751 -1083.9187 -1077.3770
-1066.9788 -1083.0825 -1076.5799
-1058.7623 -1080.8037 -1075.5220
-1058.7623 -1080.6895 -1074.9689
-1058.7623 -1080.2095 -1074.2420
-1058.7623 -1076.9694 -1073.5489
-1058.7623 -1076.2052 -1073.1687
-1038.6003 -1076.1375 -1071.9099
-1038.6003 -1075.5556 -1071.0920
-1038.6003 -1075.5556 -1070.2342
-1038.6003 -1075.5556 -1069.2739
-1038.6003 -1075.5556 -1068.0832
-1038.6003 -1075.5556 -1067.2943
-1038.6003 -1075.1106 -1065.6764
-1038.6003 -1074.6751 -1063.6030
-1038.6003 -1074.6751 -1061.7988
-1038.6003 -1074.6751 -1060.7957
-1038.6003 -1074.6751 -1059.8557
-1038.6003 -1073.1480 -1057.0408
-1038.6003 -1071.4445 -1054.4118
-1038.6003 -1071.1903 -1052.7692
-1038.6003 -1071.0410 -1051.5712
-1038.6003 -1066.9788 -1049.8183
-1038.6003 -1063.7509 -1048.5330
-1038.6003 -1059.3178 -1046.5425
-1038.6003 -1058.7623 -1045.3727
-1038.6003 -1058.1871 -1044.8240
-1038.6003 -1055.6083 -1043.8481
-1027.9310 -1054.1552 -1042.8664
-1027.9310 -1053.3210 -1041.8374
-1027.9310 -1052.6903 -1040.6862
-1027.9310 -1052.0163 -1039.6837
-1027.9310 -1047.5036 -1038.4820
-1027.9310 -1046.1271 -1038.0491
-1027.9310 -1043.9470 -1037.3141
-1027.9310 -1042.5924 -1036.9262
-1027.9310 -1041.7025 -1036.5022
-1027.9310 -1040.5354 -1036.1652
-1027.9310 -1038.6003 -1035.9082
-1027.9310 -1038.6003 -1035.5200
-1027.9310 -1038.6003 -1035.0932
-1027.9310 -1038.6003 -1034.8783
-1027.9310 -1038.6003 -1034.3892
-1027.9310 -1038.6003 -1034.1759
-1027.9310 -1038.6003 -1033.9292
-1026.3197 -1038.6003 -1033.2816
-1026.3197 -1038.6003 -1033.0360
-1026.3197 -1038.6003 -1032.3330
-1025.0022 -1038.6003 -1031.7103
-1025.0022 -1038.6003 -1031.2413
-1025.0022 -1038.6003 -1030.8845
-1025.0022 -1038.5269 -1030.3731
-1025.0022 -1038.3571 -1029.6888
-1025.0022 -1037.8834 -1029.4217
-1025.0022 -1035.5880 -1028.6554
-1025.0022 -1035.4579 -1028.1723
-1025.0022 -1033.4136 -1027.9454
-1025.0022 -1032.6076 -1027.7702
-1025.0022 -1032.3483 -1027.4252
-1021.6993 -1029.3448 -1026.8871
-1021.6993 -1029.1706 -1026.7342
-1021.6993 -1028.8381 -1026.5014
-1021.6993 -1027.9310 -1026.3586
-1021.6993 -1027.9310 -1026.2340
-1021.6993 -1027.9310 -1026.1094
-1021.0909 -1027.9310 -1025.8300
-1016.1965 -1027.9310 -1025.3999
-1016.1965 -1027.9310 -1024.8161
-1016.1965 -1027.9310 -1024.4948
-1016.1965 -1027.9310 -1024.2016
-1016.1965 -1027.9310 -1023.8423
-1016.1965 -1027.9310 -1023.5948
-1015.9757 -1027.9310 -1023.1210
-1015.9757 -1027.0355 -1022.7598
-1015.9757 -1026.4039 -1022.2681
-1015.9757 -1026.3197 -1021.8761
-1007.4532 -1025.0717 -1021.1463
-1007.4532 -1025.0022 -1020.7278
-1007.4532 -1025.0022 -1019.6223
-1007.4532 -1025.0022 -1018.9752
-1005.0698 -1025.0022 -1017.7348
-1005.0698 -1025.0022 -1017.2495
-998.5250 -1021.6993 -1015.7738
-998.5250 -1021.6993 -1014.9439
-998.5250 -1021.6993 -1013.6920
-998.5250 -1020.8128 -1012.9502
-998.5250 -1020.6710 -1012.3192
-998.5250 -1019.3388 -1011.7480
-998.5250 -1017.6247 -1011.0854
-998.5250 -1017.1510 -1010.2601
-998.5250 -1017.1510 -1009.8875
-998.5250 -1016.1965 -1008.9482
-998.5250 -1016.1965 -1008.5948
-998.5250 -1016.1965 -1008.0582
-998.5250 -1016.1965 -1007.6216
-998.5250 -1015.9757 -1007.0861
-998.5250 -1015.9757 -1006.5606
-998.5250 -1015.9757 -1005.6435
-998.5250 -1015.6181 -1004.8901
-998.5250 -1014.0833 -1004.0608
-998.5250 -1011.5521 -1003.3515
-998.5250 -1009.4865 -1002.8146
-998.5250 -1007.4532 -1002.0079
-998.5250 -1007.4532 -1001.5626
-998.5250 -1007.4304 -1001.1493
-998.5250 -1007.3953 -1000.9240
-998.5250 -1006.4650 -1000.3954
-998.5250 -1006.1721 -1000.2366
-998.5250 -1005.0698 -999.9329
-993.0273 -1004.1677 -999.1589
-993.0273 -1003.7654 -998.8232
-993.0273 -1002.8466 -998.5181
-993.0273 -1000.1810 -998.1874
-993.0273 -999.9187 -998.0112
-993.0273 -999.1081 -997.8018
-993.0273 -998.5250 -997.5764
-993.0273 -998.5250 -997.4248
-993.0273 -998.5250 -997.3148
-990.6153 -998.5250 -996.9927
-990.6153 -998.5250 -996.6966
-990.6153 -998.5250 -996.4239
-990.6153 -998.5250 -996.2422
-990.6153 -998.5250 -995.8641
-990.6153 -998.5250 -995.5960
-990.6153 -998.5250 -995.4378
-990.6153 -998.5250 -995.2103
-990.6153 -998.5250 -995.0521
-985.4287 -998.5250 -994.5573
-985.4287 -998.5250 -994.2954
-985.4287 -998.5250 -993.8149
-985.4287 -998.5250 -993.3316
-985.4287 -998.5250 -992.5878
-985.4287 -998.5250 -992.3259
-985.4287 -997.3489 -991.8191
-985.4287 -995.8543 -991.5146
-985.4287 -995.8543 -991.3061
-985.4287 -995.8275 -991.0976
-985.4287 -995.6221 -990.8896
-985.4287 -995.0606 -990.6081
-985.4287 -994.7907 -990.4154
-985.4287 -993.0968 -989.9573
-985.4287 -993.0273 -989.7978
-985.4287 -993.0273 -989.5300
-985.4287 -993.0273 -989.3780
-985.4287 -993.0273 -989.2054
-985.4287 -993.0273 -988.9886
-985.4287 -993.0273 -988.6359
-985.4287 -993.0273 -988.4135
-985.4287 -992.8015 -988.1106
-985.4287 -992.8015 -987.7719
-985.4287 -990.6489 -987.3409
-985.4287 -990.6153 -987.0290
-985.4287 -990.6153 -986.9225
-985.4287 -990.6153 -986.8188
-985.0006 -990.6153 -986.6028
-985.0006 -990.5925 -986.1571
-981.4420 -990.0100 -985.7419
-980.0589 -989.0930 -985.2918
-980.0589 -985.4794 -985.0298
-974.9003 -985.4287 -984.7108
-974.9003 -985.4287 -984.4782
-974.9003 -985.4287 -984.2591
-974.9003 -985.4287 -984.0485
-974.9003 -985.4287 -983.8160
-974.9003 -985.4287 -983.5969
-974.9003 -985.4287 -983.2531
-974.5844 -985.4287 -982.8062
-974.5844 -985.4287 -982.5893
-974.5844 -985.4287 -982.3724
-974.5844 -985.4287 -982.0422
-974.5844 -985.4287 -981.8253
-974.5844 -985.4287 -981.2580
-974.5844 -985.4287 -981.0411
-974.5844 -985.4287 -980.8242
-974.5844 -985.4287 -980.2378
-974.5844 -985.4287 -979.9135
-974.5844 -985.4287 -979.3549
-974.5844 -985.4287 -979.1265
-974.5844 -985.3029 -978.7192
-969.1768 -985.0006 -978.1884
-969.1768 -985.0006 -977.7761
-969.1768 -984.9778 -977.3347
-969.1768 -984.4555 -976.7813
-969.1768 -984.4555 -976.2650
-969.1768 -983.4011 -975.9383
-969.1768 -981.4420 -975.4292
-963.8070 -980.3150 -974.6977
-963.8070 -980.0589 -974.1892
-963.8070 -980.0589 -973.6179
-963.8070 -978.7525 -973.2120
-963.8070 -975.7808 -972.6952
-963.8070 -974.9003 -972.3901
-963.8070 -974.9003 -972.1682
-963.8070 -974.9003 -971.8194
-963.8070 -974.9003 -971.5912
-963.8070 -974.9003 -971.3392
-963.8070 -974.5844 -970.6766
-963.8070 -974.5844 -970.2230
-963.8070 -974.5844 -970.0075
-963.8070 -974.5844 -969.7681
-963.8070 -974.5844 -969.1414
-963.8070 -974.5844 -968.7766
-963.8070 -974.5844 -968.3301
-963.8070 -974.5844 -968.1146
-963.8070 -974.4877 -967.7914
-963.0453 -974.3284 -967.3489
-962.1546 -973.9154 -966.8870
-962.1546 -973.4609 -966.3921
-962.1546 -973.2624 -966.1660
-962.1546 -971.6148 -965.4309
-962.1546 -971.2139 -965.0581
-962.1546 -969.1768 -964.7237
-962.1546 -969.1768 -964.4759
-962.1546 -969.1768 -963.9843
-962.1546 -969.1768 -963.8439
-962.1546 -968.8689 -963.7034
-962.1546 -964.3617 -963.3911
-962.1546 -963.8070 -963.3469
-962.1546 -963.8070 -963.2585
-962.1546 -963.8070 -963.2255
-962.1546 -963.8070 -963.1924
-962.1546 -963.8070 -963.1594
-962.1546 -963.8070 -963.0692
-962.1546 -963.8070 -963.0031
-962.1546 -963.8070 -962.9701
-962.1546 -963.8070 -962.9370
-962.1546 -963.8070 -962.8709
-962.1546 -963.8070 -962.8048
-962.1546 -963.8070 -962.7387
-962.1546 -963.8070 -962.6726
-956.6570 -963.8070 -962.4635
-956.6570 -963.8070 -962.2875
-956.6570 -963.8070 -962.0632
-946.1238 -963.8070 -961.5512
-946.1238 -963.3778 -961.1890
-946.1238 -963.0453 -960.8261
-946.1238 -962.6927 -960.1314
-946.1238 -962.1546 -959.6812
-946.1238 -962.1546 -958.6182
-946.1238 -962.1546 -958.0777
-946.1238 -962.1546 -957.6588
-946.1238 -962.1546 -957.3143
-946.1238 -962.1546 -956.7408
-946.1238 -962.1546 -956.3967
-946.1238 -962.1546 -955.8966
-946.1238 -962.1546 -955.3808
-946.1238 -962.1546 -954.7506
-945.8079 -962.1546 -953.5244
-945.8079 -962.1546 -952.6134
-945.8079 -962.1546 -952.2581
-945.8079 -961.4134 -951.6790
-945.8079 -960.9557 -950.8832
-945.8079 -960.1639 -950.1888
-945.8079 -958.7334 -949.6316
-945.8079 -956.6570 -949.2218
-942.7238 -956.6570 -948.7049
-942.7238 -956.6570 -948.1922
-940.6261 -953.9713 -947.0262
-940.6261 -952.3924 -946.5952
-940.6261 -951.8966 -946.0281
-940.6261 -949.5122 -945.5668
-940.6261 -949.2573 -945.3252
-940.6261 -947.7762 -945.0863
-940.6261 -946.1238 -944.7085
-940.6261 -946.1238 -944.5985
-940.6261 -946.1238 -944.4850
-940.4673 -946.1238 -944.2619
-940.4673 -946.1238 -944.1424
-940.4673 -946.1238 -944.0293
-940.4673 -946.1238 -943.8685
-940.4673 -946.1238 -943.7553
-940.4673 -946.1238 -943.4191
-940.4673 -946.1238 -943.1866
-940.4673 -946.1238 -943.0608
-940.4673 -945.9427 -942.9127
-940.4673 -945.8079 -942.7435
-936.6266 -945.8079 -942.2208
-936.6266 -945.8079 -941.9304
-936.6266 -945.8079 -941.7468
-936.6266 -945.8079 -941.4190
-936.6266 -945.8079 -941.1956
-936.6266 -945.8079 -940.8882
-936.6266 -944.9595 -940.6009
-936.6266 -943.8211 -940.3752
-936.6266 -943.7383 -940.0962
-936.6266 -942.7238 -939.7678
-936.6266 -942.7238 -939.6458
-936.6266 -940.8950 -939.4032
-936.6266 -940.6768 -939.3169
-936.4872 -940.6261 -938.9891
-936.4872 -940.6261 -938.9063
-936.4872 -940.6261 -938.8204
-936.4872 -940.6261 -938.7376
-936.4872 -940.6261 -938.5689
-931.5697 -940.5857 -938.3058
-931.5697 -940.4673 -937.9806
-931.5697 -940.4673 -937.7107
-922.2992 -940.4673 -937.0218
-922.2992 -940.4673 -936.5817
-922.2992 -940.4673 -936.2168
-922.2992 -940.4673 -935.7528
-922.2992 -940.4673 -935.3733
-922.2992 -940.4673 -934.5213
-921.1235 -939.6611 -933.6098
-921.1235 -937.0673 -932.9411
-921.1235 -936.6266 -932.6046
-921.1235 -936.6266 -932.2945
-921.1235 -936.6266 -931.8805
-921.1235 -936.6266 -931.4965
-921.1235 -936.6266 -931.1864
-921.1235 -936.6266 -930.8735
-921.1235 -936.6266 -930.5635
-921.1235 -936.6266 -929.7594
-921.1235 -936.6266 -929.1759
-921.1235 -936.4872 -928.3023
-921.1235 -936.4872 -927.5231
-921.1235 -936.4872 -927.0656
-921.1007 -935.4383 -926.2506
-921.1007 -933.0650 -925.8387
-921.1007 -932.4126 -925.5777
-917.5687 -931.5697 -924.8669
-917.5687 -931.5697 -924.1506
-917.5687 -931.5697 -923.8706
-917.5687 -931.5697 -923.4052
-917.5687 -930.1759 -922.9031
-917.5687 -929.6389 -922.5238
-917.5687 -929.4699 -922.0153
-917.5687 -927.8858 -921.4062
-917.5687 -926.5733 -920.9602
-917.5687 -925.3975 -920.7801
-917.5687 -922.2992 -920.4700
-917.5687 -922.2992 -920.2808
-917.5687 -922.2992 -919.9920
-913.6661 -922.2992 -919.7248
-913.6661 -922.2992 -919.5521
-913.6661 -922.2806 -919.2608
-912.0711 -921.1235 -918.9016
-912.0711 -921.1235 -918.7205
-901.2419 -921.1235 -918.0707
-901.2419 -921.1235 -917.6731
-901.2419 -921.1235 -917.2175
-901.2419 -921.1235 -916.7477
-901.2419 -921.1235 -916.2884
-901.2419 -921.1235 -915.8908
-901.2419 -921.1235 -915.0244
-901.2419 -921.1007 -914.4799
-901.2419 -920.5871 -913.9638
-901.2419 -919.0840 -913.5051
-901.2419 -919.0169 -913.1193
-901.2419 -918.2235 -912.4141
-901.2419 -918.1750 -911.5736
-901.2419 -918.0400 -911.2350
-901.2419 -917.5687 -910.6010
-901.2419 -917.5687 -910.2415
-901.2419 -917.5687 -909.3025
-901.2419 -917.5687 -908.5838
-900.1174 -917.5687 -907.5638
-900.1174 -917.5687 -907.2013
-900.1174 -916.8963 -906.5534
-900.1174 -915.9233 -906.0604
-900.1174 -914.5999 -905.4842
-899.6370 -913.8856 -904.8678
-899.6370 -913.6661 -903.9727
-899.6370 -912.0711 -903.3793
-899.6370 -910.6449 -902.3708
-899.6370 -909.6519 -901.9297
-899.6370 -908.7513 -901.4952
-893.5329 -906.4731 -900.9135
-893.5329 -905.5715 -900.6547
-893.5329 -902.7283 -900.4139
-893.2251 -901.2419 -900.0603
-893.2251 -901.2419 -899.8999
-893.2251 -901.2419 -899.7396
-893.2251 -901.2419 -899.5792
-893.2251 -901.2419 -899.3916
-893.2251 -901.2419 -899.1516
-893.2251 -901.2419 -898.8125
-893.2251 -901.2419 -898.6521
-893.2251 -901.2419 -898.3315
-893.2251 -901.2419 -898.1147
-893.2251 -901.2419 -897.9318
-893.2251 -901.2419 -897.4283
-893.2251 -901.2419 -897.2680
-893.2251 -901.2419 -896.9473
-893.2251 -901.2419 -896.4481
-893.2251 -900.1174 -895.8804
-893.2251 -900.1174 -895.5795
-883.4629 -900.1174 -895.1086
-883.4629 -900.0234 -894.7640
-883.4629 -899.6370 -894.3882
-883.4629 -899.6370 -893.6439
-883.4629 -899.5966 -892.8665
-883.4629 -897.2579 -892.2089
-883.4629 -896.7534 -891.8624
-883.4629 -895.3301 -891.5966
-883.4629 -895.3301 -891.3592
-883.2777 -893.5329 -890.5921
-883.2777 -893.5329 -889.9490
-883.2777 -893.2251 -889.4947
-883.2777 -893.2251 -889.2521
-883.2777 -893.2251 -888.9508
-883.2777 -893.2251 -888.7010
-883.2777 -893.2251 -888.5020
-883.2777 -893.2251 -888.3031
-883.2777 -893.2251 -888.0003
-883.2777 -893.2251 -887.5552
-883.2777 -893.2251 -887.3563
-883.2777 -893.2251 -886.9584
-883.2777 -893.2251 -886.7370
-883.2777 -893.2251 -886.1619
-883.2777 -891.8613 -885.4859
-880.5794 -890.6814 -884.8869
-880.5794 -890.5829 -884.6849
-880.5794 -890.5219 -884.4848
-880.5794 -890.5219 -884.0402
-880.5794 -888.9401 -883.5797
-880.5794 -887.0056 -883.2333
-880.5794 -883.7788 -883.0058
-880.5794 -883.7788 -882.9355
-880.5794 -883.4629 -882.8304
-880.5794 -883.4629 -882.7727
-880.5794 -883.4629 -882.7150
-880.5794 -883.4629 -882.6536
-880.3983 -883.4629 -882.5347
-880.3983 -883.4629 -882.4734
-880.3983 -883.4629 -882.4121
-880.3983 -883.4629 -882.3508
-880.3983 -883.4629 -882.2895
-880.3983 -883.4629 -882.2208
-880.3983 -883.4629 -882.1558
-880.3983 -883.4629 -882.0908
-877.1452 -883.2777 -881.8499
-877.1452 -883.2777 -881.7273
-877.1452 -883.2777 -881.6046
-877.1452 -883.2777 -881.4820
-877.1452 -883.2777 -881.3593
-877.1452 -883.2777 -881.1287
-877.1452 -883.2777 -880.8056
-877.1452 -883.2777 -880.6829
-877.1452 -883.2777 -880.5603
-877.1452 -883.2777 -880.4376
-877.1452 -883.2777 -880.3150
-874.1107 -883.2777 -879.8863
-874.1107 -883.2777 -879.6490
-874.1107 -883.2777 -879.4657
-874.1107 -883.2777 -879.1289
-873.0259 -880.5794 -878.5477
-873.0259 -880.5794 -878.2673
-873.0259 -880.5794 -878.1162
-873.0259 -880.5794 -877.9651
-873.0259 -880.5794 -877.8141
-873.0259 -880.5794 -877.5740
-873.0259 -880.5794 -877.3542
-873.0259 -880.5794 -877.2032
-873.0259 -880.5794 -877.0043
-873.0259 -880.5794 -876.8532
-873.0259 -880.3983 -876.3371
-873.0259 -880.3983 -876.1612
-873.0259 -880.3983 -875.8663
-872.8435 -880.3983 -875.5095
-872.8435 -878.9744 -875.0447
-872.8435 -877.4865 -874.8366
-872.8435 -877.1452 -874.6955
-872.8435 -877.1452 -874.5271
-872.8435 -877.1452 -874.4410
-872.8435 -877.1452 -874.2726
-872.8435 -877.1452 -874.0398
-867.6990 -877.1452 -873.4995
-867.6990 -876.1290 -873.1638
-867.6990 -874.2589 -872.9574
-867.6990 -874.1107 -872.8045
-867.6990 -874.1107 -872.6546
-867.6990 -874.1107 -872.4788
-867.6990 -874.1107 -872.3505
-867.6990 -874.1107 -872.1009
-867.6990 -873.9140 -871.9510
-867.6990 -873.0259 -871.7074
-867.6990 -873.0259 -871.5972
-867.6990 -873.0259 -871.4907
-867.6990 -873.0259 -871.3841
-867.6990 -873.0259 -871.2776
-867.6990 -873.0259 -871.1674
-867.6990 -873.0259 -870.8618
-867.6990 -873.0259 -870.7552
-867.6990 -873.0259 -870.5490
-867.6990 -873.0259 -870.2633
-867.6990 -873.0259 -870.1419
-867.6990 -873.0259 -870.0353
-867.6990 -873.0259 -869.9251
-867.6990 -872.8435 -869.7322
-867.6990 -872.8435 -869.3845
-867.6990 -872.8435 -869.2816
-867.6990 -872.8435 -868.9040
-867.6990 -872.8435 -868.6661
-867.6990 -872.8435 -868.4604
-867.6990 -872.4631 -868.2281
-867.6990 -871.7318 -868.1328
-867.6990 -871.2398 -868.0464
-866.4866 -869.3961 -867.8168
-864.4678 -868.5795 -867.6348
-864.4678 -868.0403 -867.5349
-864.4678 -867.6990 -867.4566
-863.7813 -867.6990 -867.3137
-863.7813 -867.6990 -867.2353
-863.7813 -867.6990 -867.1499
-863.7813 -867.6990 -867.0025
-863.7813 -867.6990 -866.8458
-863.7813 -867.6990 -866.7674
-863.7813 -867.6990 -866.6891
-863.7813 -867.6990 -866.5786
-863.7813 -867.6990 -866.4673
-863.7813 -867.6990 -866.3889
-863.7813 -867.6990 -866.3106
-863.7813 -867.6990 -866.2322
-859.7114 -867.6990 -865.9941
-859.7114 -867.6990 -865.6777
-859.7114 -867.6990 -865.3749
-859.7114 -867.6990 -865.2152
-859.7114 -867.6990 -864.8735
-859.7114 -867.6990 -864.7137
-859.7114 -867.6990 -864.5540
-859.7114 -867.6990 -864.3154
-859.7114 -867.6990 -864.1312
-859.7114 -867.6990 -863.7822
-859.7114 -866.9762 -863.3909
-859.7114 -866.4866 -863.2456
-859.3588 -866.4741 -862.9675
-859.3588 -866.4741 -862.8252
-858.5367 -866.0940 -862.4855
-858.5367 -865.8522 -862.2076
-858.5367 -864.4678 -862.0206
-858.5367 -864.4678 -861.8068
-858.5367 -863.7813 -861.5931
-856.0815 -863.7813 -861.1945
-856.0815 -863.7813 -861.0272
-856.0815 -863.7813 -860.7684
-856.0815 -863.7813 -860.5330
-856.0815 -863.7813 -860.2976
-856.0733 -863.7813 -859.8027
-856.0733 -863.7813 -859.4063
-851.4759 -863.2828 -858.7718
-851.4759 -863.1172 -858.4675
-851.4759 -859.7114 -858.0662
-851.4759 -859.7114 -857.7394
-851.4759 -859.7114 -857.5021
-851.4759 -859.7114 -857.3139
-851.4759 -859.7114 -857.0633
-851.4759 -859.7114 -856.8986
-851.4759 -859.7114 -856.6247
-851.4759 -859.7114 -856.4600
-851.4759 -859.7114 -856.2227
-851.1234 -859.7086 -855.8862
-847.8461 -859.0559 -855.3528
-847.8461 -858.5367 -855.1183
-847.8461 -858.5367 -854.9044
-847.8461 -858.5367 -854.3941
-847.8461 -858.5367 -854.0320
-847.8461 -858.5139 -853.6088
-847.8461 -858.5139 -853.3954
-847.8461 -857.9540 -853.1821
-847.8461 -856.4140 -852.7604
-847.8461 -856.0815 -852.2929
-847.8461 -856.0815 -852.0361
-847.8461 -856.0815 -851.8574
-847.8461 -856.0815 -851.6237
-847.8461 -856.0815 -851.4590
-847.8461 -856.0733 -851.1297
-847.8461 -856.0733 -850.9652
-847.8461 -856.0733 -850.5487
-847.8461 -856.0733 -850.3119
-847.8461 -855.0167 -849.8760
-847.8461 -852.6331 -849.5223
-847.8461 -851.7064 -849.4128
-846.6336 -851.4759 -849.2387
-846.6336 -851.4759 -849.1419
-846.6336 -851.4759 -848.9980
-846.6336 -851.4759 -848.9012
-846.6336 -851.4759 -848.7317
-845.6007 -851.4759 -848.4205
-845.6007 -851.4759 -848.3030
-845.6007 -851.1234 -847.8282
-845.6007 -851.1234 -847.6279
-845.6007 -849.5184 -847.5175
-845.6007 -849.5184 -847.4391
-845.6007 -849.5184 -847.2824
-845.6007 -849.5184 -847.2041
-845.6007 -847.8461 -847.0772
-845.6007 -847.8461 -847.0323
-845.6007 -847.8461 -846.9874
-845.6007 -847.8461 -846.9182
-845.6007 -847.8461 -846.8733
-845.6007 -847.8461 -846.8284
-845.6007 -847.8461 -846.7661
-845.6007 -847.8461 -846.7212
-843.9283 -847.8461 -846.5980
-843.9283 -847.8461 -846.5196
-843.9283 -847.8461 -846.3739
-843.9283 -847.8461 -846.2955
-843.9283 -847.8461 -846.2172
-843.9283 -847.8461 -846.0903
-843.9283 -847.8461 -846.0120
-843.9283 -847.8461 -845.9336
-843.9283 -847.8461 -845.8553
-843.9283 -847.8461 -845.7146
-843.9283 -846.6336 -845.4639
-843.9283 -846.6336 -845.3350
-843.9283 -846.6336 -845.2168
-843.9283 -846.6336 -845.1627
-843.9283 -846.6336 -845.0545
-843.9283 -846.6336 -845.0003
-843.9283 -846.6336 -844.9362
-843.9283 -846.6336 -844.8720
-843.9283 -845.6007 -844.7086
-843.9283 -845.6007 -844.6751
-843.9283 -845.6007 -844.6417
-843.9283 -845.6007 -844.6082
-843.9283 -845.6007 -844.5748
-843.9283 -845.6007 -844.5079
-843.8917 -845.6007 -844.4068
-843.8917 -845.6007 -844.3058
-843.8917 -845.6007 -844.2381
-843.8917 -845.6007 -844.1705
-843.8917 -845.6007 -844.0694
-843.8917 -845.6007 -844.0352
-843.8917 -845.6007 -844.0011
-842.3234 -843.9283 -843.8904
-842.3234 -843.9283 -843.8583
-842.3234 -843.9283 -843.8257
-842.3234 -843.9283 -843.7631
-842.3234 -843.9283 -843.7310
-842.3234 -843.9283 -843.6989
-842.3234 -843.9283 -843.6668
-842.3234 -843.9283 -843.5793
-842.3234 -843.9283 -843.4831
-842.3234 -843.9283 -843.4510
-842.3234 -843.9283 -843.3868
-842.3234 -843.9283 -843.3547
-842.3234 -843.9283 -843.3226
-842.3234 -843.9283 -843.2900
-842.3234 -843.9283 -843.2579
-842.3234 -843.9283 -843.2251
-842.3234 -843.9283 -843.1601
-842.3234 -843.9283 -843.1280
-842.3234 -843.9283 -842.9989
-842.3234 -843.9283 -842.9347
-842.3234 -843.9283 -842.9026
-842.3234 -843.9283 -842.8705
-842.3234 -843.9283 -842.8384
-842.3234 -843.9283 -842.7742
-842.3234 -843.8917 -842.6475
-842.3234 -843.8917 -842.5847
-842.3234 -843.8917 -842.5220
-837.7328 -843.8917 -842.3675
-837.7328 -843.8917 -842.2129
-837.7328 -843.8917 -842.0897
-837.7328 -842.3234 -841.8643
-832.4892 -842.3234 -841.5758
-832.4892 -842.3234 -841.3791
-832.4892 -842.3234 -841.0906
-832.4892 -842.3234 -840.7916
-832.4892 -842.3234 -840.5949
-832.4892 -842.3234 -840.3978
-832.4892 -842.3234 -840.1093
-832.4892 -842.3234 -839.9126
-832.4892 -842.3234 -839.5945
-832.4892 -842.3234 -839.3978
-832.4892 -842.3234 -838.9773
-832.4892 -842.3234 -838.7211
-832.4892 -842.3234 -838.2613
-829.7511 -842.3234 -837.5379
-829.7511 -842.3234 -837.2633
-829.7511 -842.3234 -836.7563
-829.7511 -842.3234 -836.2254
-829.7511 -841.5849 -835.8122
-829.7511 -841.4801 -835.5755
-829.7511 -841.1870 -835.2904
-829.7511 -840.9636 -834.8881
-829.7511 -840.9636 -834.5421
-829.7511 -840.7075 -834.3178
-829.7511 -839.0054 -834.0080
-829.2036 -838.9500 -833.4358
-829.2036 -838.8089 -833.2409
-829.2036 -837.7328 -832.6316
-829.2036 -837.7328 -832.1682
-829.2036 -837.7328 -831.9976
-829.2036 -837.2061 -831.7287
-829.2036 -834.7231 -831.2756
-829.2036 -833.8566 -831.1652
-829.2036 -832.4892 -830.9380
-829.2036 -832.4892 -830.8723
-828.2240 -832.4892 -830.7212
-828.2240 -832.4892 -830.6359
-828.2240 -832.4892 -830.5506
-828.2240 -832.4892 -830.3449
-828.2240 -832.4892 -830.1391
-828.2240 -832.4892 -830.0538
-828.2240 -832.4892 -829.9685
-828.2240 -832.4892 -829.8175
-828.2240 -832.4892 -829.6469
-828.2240 -832.4892 -829.4584
-828.2240 -832.4892 -829.3646
-828.2240 -831.5937 -829.2220
-828.2240 -830.5394 -829.1336
-828.2240 -829.7511 -829.0458
-828.2240 -829.7511 -828.9737
-828.2240 -829.7511 -828.9017
-828.2240 -829.7511 -828.8711
-828.2240 -829.7511 -828.7686
-828.2240 -829.2036 -828.6550
-828.2240 -829.2036 -828.6088
-828.2240 -829.2036 -828.5892
-828.2240 -829.2036 -828.5500
-828.2240 -829.2036 -828.5108
-828.2240 -829.2036 -828.4717
-828.2240 -829.2036 -828.4129
-828.2240 -829.2036 -828.3933
-828.2240 -829.2036 -828.3541
-828.2240 -829.2036 -828.3345
-828.2240 -829.2036 -828.2953
-828.2240 -829.2036 -828.2561
-828.2240 -828.8511 -828.2365
-828.2240 -828.2240 -828.2240
-828.2240 -828.2240 -828.2240
-828.2240 -828.2240 -828.2240
-827.2699 -828.2240 -828.2049
-827.2699 -828.2240 -828.1858
-827.2699 -828.2240 -828.1668
-827.2699 -828.2240 -828.1477
-827.2699 -828.2240 -828.1286
-827.2699 -828.2240 -828.1095
-827.2699 -828.2240 -828.0904
-827.2699 -828.2240 -828.0713
-827.2699 -828.2240 -828.0523
-827.0995 -828.2240 -828.0107
-827.0995 -828.2240 -827.9500
-827.0995 -828.2240 -827.9275
-826.2056 -828.2240 -827.8422
-826.2056 -828.2240 -827.7828
-826.2056 -828.2240 -827.7424
-826.2056 -828.2240 -827.7020
-826.2056 -828.2240 -827.6616
-826.2056 -828.2240 -827.6213
-826.2056 -828.2240 -827.5809
-826.2056 -828.2240 -827.5405
-826.2056 -828.2240 -827.4811
-826.2056 -828.2240 -827.4004
-826.2056 -828.2240 -827.3600
-826.2056 -828.2240 -827.3196
-826.2056 -828.2240 -827.2602
-826.2056 -828.2240 -827.2007
-826.2056 -828.2240 -827.1009
-826.2056 -828.2240 -827.0605
-826.2056 -828.2240 -827.0202
-822.9201 -828.2240 -826.8143
-822.9201 -828.2240 -826.6678
-822.9201 -827.2699 -826.5236
-822.9201 -827.2699 -826.3591
-822.9201 -827.2699 -826.2508
-822.9201 -827.2699 -826.1638
-822.9201 -827.2699 -826.0768
-822.9201 -827.2699 -825.9898
-822.9201 -827.2699 -825.8815
-822.9201 -827.2699 -825.7945
-822.9201 -827.2699 -825.6863
-821.7956 -827.2699 -825.4898
-821.7956 -827.2699 -825.2933
-821.7956 -827.2699 -825.1838
-821.7956 -827.0995 -825.0530
-821.7956 -827.0995 -824.9470
-821.7956 -827.0995 -824.8409
-821.7956 -827.0995 -824.7348
-821.7956 -826.2056 -824.6109
-821.7956 -826.2056 -824.4569
-821.7956 -826.2056 -824.3687
-821.7956 -826.2056 -824.2805
-821.7956 -826.2056 -824.0159
-821.7956 -826.2056 -823.7963
-821.7956 -826.2056 -823.6199
-821.7956 -826.2056 -823.5317
-821.7956 -826.2056 -823.2239
-821.7956 -826.2056 -823.1357
-821.7956 -826.2056 -822.8936
-821.7956 -826.2056 -822.6290
-821.7956 -826.2056 -822.4751
-821.7956 -825.6911 -822.3766
-821.7956 -824.4585 -822.2987
-821.7956 -822.9201 -822.2454
-821.7956 -822.9201 -822.2229
-821.7956 -822.9201 -822.2004
-821.7956 -822.9201 -822.1105
-821.7956 -822.9201 -822.0880
-821.7956 -822.9201 -822.0655
-821.7956 -822.9201 -822.0430
-821.7956 -822.9201 -821.9530
-821.7956 -822.9201 -821.9306
-821.7956 -822.9201 -821.9081
-821.7956 -822.9201 -821.8631
-821.7956 -822.9201 -821.8406
-821.7956 -822.9201 -821.8181
-821.7956 -821.7956 -821.7956
-821.7956 -821.7956 -821.7956
-821.7956 -821.7956 -821.7956
-821.7956 -821.7956 -821.7956
-821.7956 -821.7956 -821.7956
-821.7956 -821.7956 -821.7956
-821.7956 -821.7956 -821.7956
-821.7956 -821.7956 -821.7956
-821.7956 -821.7956 -821.7956
-821.7956 -821.7956 -821.7956
-821.7956 -821.7956 -821.7956
-821.7956 -821.7956 -821.7956
-821.7956 -821.7956 -821.7956
-821.7956 -821.7956 -821.7956
-821.7956 -821.7956 -821.7956
-821.7956 -821.7956 -821.7956
-821.7956 -821.7956 -821.7956
-821.7956 -821.7956 -821.7956
-821.7956 -821.7956 -821.7956
-821.7956 -821.7956 -821.7956
-821.7956 -821.7956 -821.7956
-821.7956 -821.7956 -821.7956
-821.7956 -821.7956 -821.7956
-821.7956 -821.7956 -821.7956
-816.5510 -821.7956 -821.6907
-816.5510 -821.7956 -821.5858
-816.5510 -821.7956 -821.4809
-816.5510 -821.7956 -821.3760
-816.5510 -821.7956 -821.2712
-816.5510 -821.7956 -821.1663
-816.5510 -821.7956 -820.9374
-816.5510 -821.7956 -820.8325
-816.5510 -821.7956 -820.7276
-816.5510 -821.7956 -820.6227
-816.5510 -821.7956 -820.5178
-816.5510 -821.7956 -820.4003
-816.5510 -821.7956 -820.2954
-816.5510 -821.7956 -820.1905
-816.5510 -821.7956 -819.9808
-816.5510 -821.7956 -819.6661
-816.5510 -821.7956 -819.5612
-816.5510 -821.7956 -819.4563
-816.5510 -821.7956 -819.3514
-816.5510 -821.7956 -819.2465
-816.5510 -821.7956 -819.0367
-816.5510 -821.7956 -818.8269
-816.5510 -821.7956 -818.6106
-816.5510 -821.7956 -818.5057
-816.5510 -821.7956 -818.1654
-816.5510 -821.7956 -817.8381
-816.5510 -821.7956 -817.6283
-816.5510 -821.4678 -817.4120
-816.5510 -821.4678 -817.1538
-816.5510 -821.1674 -816.9572
-816.5510 -821.1674 -816.6802
-816.5510 -818.3935 -816.5879
-816.5510 -816.5510 -816.5510
-816.5510 -816.5510 -816.5510
-816.5510 -816.5510 -816.5510
-816.5510 -816.5510 -816.5510
-816.5510 -816.5510 -816.5510
-816.5510 -816.5510 -816.5510
-816.5510 -816.5510 -816.5510
-816.5510 -816.5510 -816.5510
-816.5510 -816.5510 -816.5510
-815.4275 -816.5510 -816.5285
-815.4275 -816.5510 -816.5061
-815.4275 -816.5510 -816.4836
-815.4275 -816.5510 -816.4611
-815.4275 -816.5510 -816.4386
-815.4275 -816.5510 -816.4162
-815.4275 -816.5510 -816.3937
-815.4275 -816.5510 -816.3712
-815.4275 -816.5510 -816.3488
-815.4275 -816.5510 -816.3200
-815.4275 -816.5510 -816.2750
-815.4275 -816.5510 -816.2526
-815.4275 -816.5510 -816.2301
-815.4275 -816.5510 -816.2076
-815.4275 -816.5510 -816.1852
-814.4733 -816.5510 -816.1211
-814.4733 -816.5510 -816.0796
-814.4733 -816.5510 -816.0156
-814.4733 -816.5510 -815.9740
-814.4733 -816.5510 -815.9324
-814.4733 -816.5510 -815.8909
-814.4733 -816.5510 -815.8078
-814.4733 -816.5510 -815.7662
-814.4733 -816.5510 -815.6831
-814.4733 -816.5510 -815.6416
-814.4733 -816.5510 -815.6000
-814.4733 -816.5510 -815.4720
-814.4733 -816.5510 -815.3855
-814.4733 -816.5510 -815.3024
-814.4733 -816.5510 -815.2608
-814.4733 -816.5510 -815.1968
-814.4733 -816.5510 -815.1328
-814.4733 -816.5510 -815.0081
-814.4733 -816.2351 -814.9666
-814.4733 -815.4275 -814.9313
-814.4733 -815.4275 -814.8932
-814.4733 -815.4275 -814.8550
-814.4733 -815.4275 -814.8168
-814.4733 -815.4275 -814.7787
-814.4733 -815.4275 -814.7596
-814.4733 -815.4275 -814.7214
-814.4733 -815.4275 -814.7023
-814.4733 -815.4275 -814.6832
-814.4733 -815.4275 -814.6451
-814.4733 -815.4275 -814.5878
-814.4733 -815.4275 -814.5687
-814.4733 -815.4275 -814.5306
-814.4733 -815.4275 -814.4924
-814.4733 -814.4733 -814.4733
-814.4733 -814.4733 -814.4733
-814.4733 -814.4733 -814.4733
-814.4733 -814.4733 -814.4733
-814.4733 -814.4733 -814.4733
-814.4733 -814.4733 -814.4733
-814.4733 -814.4733 -814.4733
-814.4733 -814.4733 -814.4733
-814.4733 -814.4733 -814.4733
-814.4733 -814.4733 -814.4733
-814.4733 -814.4733 -814.4733
-814.4733 -814.4733 -814.4733
-814.4733 -814.4733 -814.4733
-814.4733 -814.4733 -814.4733
-814.4733 -814.4733 -814.4733
-814.4733 -814.4733 -814.4733
-814.4733 -814.4733 -814.4733
-814.4733 -814.4733 -814.4733
-814.4733 -814.4733 -814.4733
-814.4733 -814.4733 -814.4733
-814.4733 -814.4733 -814.4733
-814.4733 -814.4733 -814.4733
-814.4733 -814.4733 -814.4733
-814.4733 -814.4733 -814.4733
-814.4733 -814.4733 -814.4733
-814.4733 -814.4733 -814.4733
-814.4733 -814.4733 -814.4733
-814.4733 -814.4733 -814.4733
-814.4733 -814.4733 -814.4733
-814.4733 -814.4733 -814.4733
-814.4733 -814.4733 -814.4733
-814.4733 -814.4733 -814.4733
-814.4733 -814.4733 -814.4733
-814.4733 -814.4733 -814.4733
-814.4733 -814.4733 -814.4733
-814.4733 -814.4733 -814.4733
-814.4733 -814.4733 -814.4733
-814.4733 -814.4733 -814.4733
-814.4733 -814.4733 -814.4733
-814.4733 -814.4733 -814.4733
-814.4733 -814.4733 -814.4733
-814.4733 -814.4733 -814.4733
-814.4733 -814.4733 -814.4733
-814.4733 -814.4733 -814.4733
-814.4733 -814.4733 -814.4733
-814.4733 -814.4733 -814.4733
-814.4733 -814.4733 -814.4733
-814.4733 -814.4733 -814.4733
-814.4733 -814.4733 -814.4733
-814.4733 -814.4733 -814.4733
-814.4733 -814.4733 -814.4733
-814.4733 -814.4733 -814.4733
-814.4733 -814.4733 -814.4733
-814.4733 -814.4733 -814.4733
-814.4733 -814.4733 -814.4733
-814.4733 -814.4733 -814.4733
-814.4733 -814.4733 -814.4733
-814.4733 -814.4733 -814.4733
-814.4733 -814.4733 -814.4733
-814.4733 -814.4733 -814.4733
-814.4733 -814.4733 -814.4733
-814.4733 -814.4733 -814.4733
-814.4733 -814.4733 -814.4733
-814.4733 -814.4733 -814.4733
-814.4733 -814.4733 -814.4733
-814.4733 -814.4733 -814.4733
-814.4733 -814.4733 -814.4733
-814.4733 -814.4733 -814.4733
-814.4733 -814.4733 -814.4733
-814.4733 -814.4733 -814.4733
-814.4733 -814.4733 -814.4733
-814.4733 -814.4733 -814.4733
-814.4733 -814.4733 -814.4733
-814.4733 -814.4733 -814.4733
-814.4733 -814.4733 -814.4733
-814.4733 -814.4733 -814.4733
-814.4733 -814.4733 -814.4733
-814.4733 -814.4733 -814.4733
-814.4733 -814.4733 -814.4733
-814.4733 -814.4733 -814.4733
-814.4733 -814.4733 -814.4733
-814.4733 -814.4733 -814.4733
-814.4733 -814.4733 -814.4733
-814.4733 -814.4733 -814.4733
-814.4733 -814.4733 -814.4733
-814.4733 -814.4733 -814.4733
-814.4733 -814.4733 -814.4733
-814.4733 -814.4733 -814.4733
-814.4733 -814.4733 -814.4733
-814.4733 -814.4733 -814.4733
-814.4733 -814.4733 -814.4733
-814.1574 -814.4733 -814.4670
-814.1574 -814.4733 -814.4607
-814.1574 -814.4733 -814.4544
-814.1574 -814.4733 -814.4481
-814.1574 -814.4733 -814.4417
-814.1574 -814.4733 -814.4354
-814.1574 -814.4733 -814.4291
-814.1574 -814.4733 -814.4228
-814.1574 -814.4733 -814.4165
-814.1574 -814.4733 -814.4038
-814.1574 -814.4733 -814.3975
-814.1574 -814.4733 -814.3912
-814.1574 -814.4733 -814.3786
-814.1574 -814.4733 -814.3722
-814.1574 -814.4733 -814.3659
-814.1574 -814.4733 -814.3596
-814.1574 -814.4733 -814.3533
-814.1574 -814.4733 -814.3470
-814.1574 -814.4733 -814.3280
-814.1574 -814.4733 -814.3217
-814.1574 -814.4733 -814.3154
-814.1574 -814.4733 -814.3091
-814.1574 -814.4733 -814.2901
-814.1574 -814.4733 -814.2838
-814.1574 -814.4733 -814.2775
-814.1574 -814.4733 -814.2648
-814.1574 -814.4733 -814.2459
-814.1574 -814.4733 -814.2333
-814.1574 -814.4733 -814.2143
-814.1574 -814.4733 -814.2017
-814.1574 -814.4733 -814.1827
-814.1574 -814.4733 -814.1764
-814.1574 -814.1574 -814.1574
-814.1574 -814.1574 -814.1574
-814.1574 -814.1574 -814.1574
-814.1574 -814.1574 -814.1574
-814.1574 -814.1574 -814.1574
-814.1574 -814.1574 -814.1574
-814.1574 -814.1574 -814.1574
-814.1574 -814.1574 -814.1574
-814.1574 -814.1574 -814.1574
-814.1574 -814.1574 -814.1574
-814.1574 -814.1574 -814.1574
-814.1574 -814.1574 -814.1574
-814.1574 -814.1574 -814.1574
-814.1574 -814.1574 -814.1574
-808.7863 -814.1574 -814.0500
-808.7863 -814.1574 -813.9426
-808.7863 -814.1574 -813.8352
-808.7863 -814.1574 -813.7278
-808.7863 -814.1574 -813.6203
-808.7863 -814.1574 -813.5129
-808.7863 -814.1574 -813.4055
-808.7863 -814.1574 -813.2981
-808.7863 -814.1574 -813.0832
-808.7863 -814.1574 -812.9758
-808.7863 -814.1574 -812.8684
-808.7863 -814.1574 -812.7610
-808.7863 -814.1574 -812.6535
-808.7863 -814.1574 -812.5461
-808.7863 -814.1574 -812.4387
-808.7863 -814.1574 -812.3313
-808.7863 -814.1574 -812.2238
-808.7863 -814.1574 -812.1164
-808.7863 -814.1574 -812.0090
-808.7863 -814.1574 -811.7942
-808.7863 -814.1574 -811.5793
-808.7863 -814.1574 -811.3645
-808.7863 -814.1574 -811.2570
-808.7863 -814.1574 -811.1192
-808.7863 -814.1574 -811.0118
-808.7863 -814.1574 -810.7802
-808.7863 -814.1574 -810.6728
-808.7863 -814.1574 -810.2431
-808.7863 -814.1574 -809.8366
-808.7863 -814.1574 -809.5143
-808.7863 -814.1574 -809.2995
-808.7863 -814.1574 -809.0846
-808.7863 -812.6385 -808.8865
-808.7863 -809.9435 -808.8095
-808.7863 -808.7863 -808.7863
-808.7863 -808.7863 -808.7863
-808.7863 -808.7863 -808.7863
-808.7863 -808.7863 -808.7863
-808.7863 -808.7863 -808.7863
-808.7863 -808.7863 -808.7863
-808.7863 -808.7863 -808.7863
-808.7863 -808.7863 -808.7863
-808.7863 -808.7863 -808.7863
-808.7863 -808.7863 -808.7863
-808.7863 -808.7863 -808.7863
-808.7863 -808.7863 -808.7863
-808.7863 -808.7863 -808.7863
-808.7863 -808.7863 -808.7863
-808.7863 -808.7863 -808.7863
-808.7863 -808.7863 -808.7863
-808.7863 -808.7863 -808.7863
-808.7863 -808.7863 -808.7863
-808.7863 -808.7863 -808.7863
-808.7863 -808.7863 -808.7863
-803.7287 -808.7863 -808.6852
-803.7287 -808.7863 -808.5840
-803.7287 -808.7863 -808.4829
-803.7287 -808.7863 -808.3817
-803.7287 -808.7863 -808.2806
-803.7287 -808.7863 -808.1794
-803.7287 -808.7863 -807.9771
-803.7287 -808.7863 -807.8760
-803.7287 -808.7863 -807.7748
-803.7287 -808.7863 -807.6737
-803.7287 -808.7863 -807.5725
-803.7287 -808.7863 -807.4714
-803.7287 -808.7863 -807.3702
-803.7287 -808.7863 -807.2400
-803.7287 -808.7863 -807.1389
-803.7287 -808.7863 -807.0377
-803.7287 -808.7863 -806.9365
-803.7287 -808.7863 -806.8354
-803.7287 -808.7863 -806.7342
-803.7287 -808.7863 -806.6331
-803.7287 -808.7863 -806.5319
-803.7287 -808.7863 -806.3296
-803.7287 -808.7863 -806.0262
-803.7287 -808.7863 -805.9250
-803.7287 -808.7863 -805.8239
-803.7287 -808.7863 -805.7227
-803.7287 -808.7863 -805.5204
-803.7287 -808.7863 -805.3951
-803.7287 -808.7863 -805.2940
-803.7287 -808.7863 -805.1928
-803.7287 -808.7863 -805.0632
-803.7287 -808.7863 -804.9621
-803.7287 -808.7863 -804.7598
-803.7287 -808.7863 -804.6481
-803.7287 -808.7863 -804.5470
-803.7287 -808.7863 -804.3447
-803.7287 -808.2619 -804.0720
-803.7287 -807.3640 -803.9043
-803.7287 -805.2671 -803.7595
-803.7287 -803.7287 -803.7287
-803.7287 -803.7287 -803.7287
-803.7287 -803.7287 -803.7287
-803.7287 -803.7287 -803.7287
-803.7287 -803.7287 -803.7287
-803.7287 -803.7287 -803.7287
-803.7287 -803.7287 -803.7287
-803.7287 -803.7287 -803.7287
-803.7287 -803.7287 -803.7287
-803.7287 -803.7287 -803.7287
-803.7287 -803.7287 -803.7287
-803.7287 -803.7287 -803.7287
-803.7287 -803.7287 -803.7287
-803.7287 -803.7287 -803.7287
-803.7287 -803.7287 -803.7287
-803.7287 -803.7287 -803.7287
-803.7287 -803.7287 -803.7287
-803.7287 -803.7287 -803.7287
-803.7287 -803.7287 -803.7287
-803.7287 -803.7287 -803.7287
-803.7287 -803.7287 -803.7287
-803.7287 -803.7287 -803.7287
-803.7287 -803.7287 -803.7287
-803.7287 -803.7287 -803.7287
-803.7287 -803.7287 -803.7287
-803.7287 -803.7287 -803.7287
-803.7287 -803.7287 -803.7287
-803.7287 -803.7287 -803.7287
-803.7287 -803.7287 -803.7287
-803.7287 -803.7287 -803.7287
-803.7287 -803.7287 -803.7287
-803.7287 -803.7287 -803.7287
-803.7287 -803.7287 -803.7287
-803.7287 -803.7287 -803.7287
-803.7287 -803.7287 -803.7287
-803.7287 -803.7287 -803.7287
-803.7287 -803.7287 -803.7287
-803.7287 -803.7287 -803.7287
-803.7287 -803.7287 -803.7287
-803.7287 -803.7287 -803.7287
-803.7287 -803.7287 -803.7287
-803.7287 -803.7287 -803.7287
-803.7287 -803.7287 -803.7287
-803.7287 -803.7287 -803.7287
-803.7287 -803.7287 -803.7287
-803.7287 -803.7287 -803.7287
-803.7287 -803.7287 -803.7287
-803.7287 -803.7287 -803.7287
-803.7287 -803.7287 -803.7287
-803.7287 -803.7287 -803.7287
-803.7287 -803.7287 -803.7287
-803.7287 -803.7287 -803.7287
-803.7287 -803.7287 -803.7287
-803.7287 -803.7287 -803.7287
-803.7287 -803.7287 -803.7287
-803.7287 -803.7287 -803.7287
-803.7287 -803.7287 -803.7287
-803.7287 -803.7287 -803.7287
-803.7287 -803.7287 -803.7287
-803.7287 -803.7287 -803.7287
-803.7287 -803.7287 -803.7287
-803.7287 -803.7287 -803.7287
-803.7287 -803.7287 -803.7287
-803.7287 -803.7287 -803.7287
-803.7287 -803.7287 -803.7287
-803.7287 -803.7287 -803.7287
-803.7287 -803.7287 -803.7287
-803.7287 -803.7287 -803.7287
-803.7287 -803.7287 -803.7287
-803.7287 -803.7287 -803.7287
-803.7287 -803.7287 -803.7287
-803.7287 -803.7287 -803.7287
-803.7287 -803.7287 -803.7287
-803.7287 -803.7287 -803.7287
-803.7287 -803.7287 -803.7287
