2.203888928409662551e+00 -5.393205139467833753e-01 9.141787056310599624e-01
2.245915503413239200e+00 1.062630895189147218e-01 1.392155685003996668e+00
3.254172517808734177e+00 -2.264228807052903747e-01 1.591154086196878703e+00
3.256804145680850304e+00 8.308474632983942065e-02 1.977492474230139408e+00
3.185427884129029330e+00 -1.162367929746938700e+00 1.251200512834194978e+00
3.155079045900896162e+00 9.574106054288177292e-01 2.146764343856923496e+00
4.232943315062588141e+00 9.654370844875952429e-01 2.544743004054930147e+00
4.227208796603783014e+00 1.233491399134706290e+00 2.557124349968409760e+00
3.486864096693891746e+00 -7.729769828945776133e-01 1.573359439793199588e+00
4.107730712270045714e+00 -8.907387601406733246e-01 1.357837971945023314e+00
4.102792493500066584e+00 -1.463035251503006506e+00 1.601665745743876101e+00
3.654406505797980209e+00 2.640430495402510402e-01 2.536415242498098799e+00
3.458429916769161672e+00 -1.721916922774964220e+00 7.265160030011215131e-01
3.536185890107251151e+00 -2.313487357038581660e-01 1.766743449534057930e+00
3.249786269292821661e+00 1.188613783221960096e-01 1.825219863285860722e+00
2.747009736551404124e+00 -6.469942801018628842e-01 1.331346551550646629e+00
3.642646029278906461e+00 -1.047603173813921984e+00 1.526941343149702979e+00
3.265830427891050380e+00 2.297471931436043668e-01 1.834573235221547138e+00
3.847929828151818832e+00 -1.227328651593436071e+00 1.499603983894155501e+00
3.623384063012061951e+00 -3.608225177177826204e-01 2.100164986084561036e+00
4.205027791951968297e+00 -7.216636839782353263e-02 2.395561987084606326e+00
4.147013550520200376e+00 1.122250303866900500e+00 2.511341810776586581e+00
4.139509234798012471e+00 1.481418461080991511e+00 2.654866246833075483e+00
3.732335279502123182e+00 1.090500105795717767e+00 2.559476073848328426e+00
4.253253655864934757e+00 6.005931893700984237e-01 2.562612502213824861e+00
4.249789386562449423e+00 5.265934452024549906e-01 2.639910950746958029e+00
4.251604545341725938e+00 5.374863282695301336e-01 2.405847373528037458e+00
4.231750013163726898e+00 1.242268045121766029e+00 2.569014643349601279e+00
4.249884758923089478e+00 -1.705608000772961041e+00 1.938909332445145184e+00
4.251557678503133708e+00 -2.043338058879921260e+00 1.727127547642923089e+00
4.105594960684524786e+00 9.451017619426267391e-01 2.465131690658625807e+00
3.769455684731759515e+00 -8.794836375620467273e-01 1.745495607835551466e+00
3.585252813000928462e+00 -3.091220488600521232e-01 1.805975926635332129e+00
4.076065617324544199e+00 -1.723277402335446684e+00 1.905263401745336704e+00
4.099106708203184013e+00 -1.619794382745422645e+00 2.136939415145318044e+00
4.101864408838820530e+00 5.984373520931274282e-01 2.454142256041503600e+00
4.087523238525125890e+00 5.960507274844666359e-01 2.247380909391169634e+00
4.064064993894314526e+00 6.008772803499591308e-01 2.447301914462912897e+00
4.172237923326951758e+00 4.000468696260608414e-01 2.679737998747393934e+00
4.099455655067569815e+00 6.802930008694685338e-01 2.208346430175041064e+00
4.005264579910395639e+00 8.834691106188687915e-01 2.302542567200523749e+00
3.969674604564135123e+00 1.009621105690475140e+00 2.344935477498405696e+00
3.889388543123383890e+00 -1.230704393435311239e-01 1.874421747991342757e+00
3.550580014542640050e+00 7.617755433710813318e-01 2.111848350631184701e+00
3.946179411014166583e+00 2.214911055083783609e-01 2.277364972265321086e+00
3.785633260265273137e+00 -1.874921511012725084e+00 1.920956553009022016e+00
4.147797500030406148e+00 -4.777653379705211201e-01 2.421466014106324671e+00
3.992649384055283690e+00 -8.593572809769927101e-01 1.806467386498513239e+00
4.163104015429620830e+00 -1.715802449333060142e+00 2.244780414429549786e+00
4.226231874914462061e+00 4.922266374149273371e-01 2.823087430534853670e+00
4.130260766356886215e+00 1.248833939444074614e+00 2.576155527169192272e+00
3.753718030267645389e+00 1.288206859535240278e+00 2.651455789842489530e+00
4.239723636823026887e+00 1.214026782334709731e+00 2.577701226072099949e+00
4.252936192613882227e+00 7.125966802176362247e-01 3.082215610619180257e+00
4.242994198826236740e+00 7.534613010556825419e-01 3.210325740147074391e+00
4.240629441325423521e+00 7.583724296787379693e-01 3.185499365756397694e+00
4.146978868217225056e+00 1.061138346577069180e+00 2.540614798008383524e+00
3.909826935129769865e+00 -1.484737099406490124e+00 2.239260559089604641e+00
4.191571247230795549e+00 3.952300177199619124e-01 2.951833526081117043e+00
3.957442557814069062e+00 8.839136351751486487e-01 2.425759392084066324e+00
4.248429090074123948e+00 4.308884616522736799e-01 2.266388172868361917e+00
4.164860343693241873e+00 3.871214141223779936e-01 2.481129882274101028e+00
4.166734102616529434e+00 2.330973805148726097e-01 3.154973690554740084e+00
4.253845328508305101e+00 6.778009804108160452e-01 3.195094023655330684e+00
4.253514575727601610e+00 7.360928656731866582e-01 3.377334922683445484e+00
4.252357308458242002e+00 7.494808735943980782e-01 3.141169887206384459e+00
4.248579181293146156e+00 1.237555549204383265e+00 2.771789988004300209e+00
4.244646365809056299e+00 7.609338428760992201e-01 3.283194384412795763e+00
4.121971186851449254e+00 1.183948480811575221e+00 2.673822664557577777e+00
4.121670987138160491e+00 -1.019453043825556016e+00 3.067650799310025267e+00
4.083521595764648460e+00 1.160857869788641139e+00 2.693147370044413069e+00
4.000902740332435314e+00 4.858269810639791464e-01 2.311648111918998882e+00
3.820404479287577537e+00 -1.252150396743339833e+00 2.016504937426109922e+00
3.678143911405786781e+00 -1.560507825502504886e+00 1.801218884398503972e+00
3.853381093141089675e+00 -6.687873146178164863e-01 2.376718921869706236e+00
3.838026490990833040e+00 -1.084153115313135629e-01 2.015777382523102013e+00
4.228899041379663437e+00 -2.486193830535632365e-01 2.790360933403127852e+00
4.195498595902614092e+00 1.183206800597721431e+00 2.582692420820706936e+00
4.229139424805524961e+00 1.229251322824545190e+00 3.831698259321779432e+00
4.214338708352951102e+00 1.241029701933858087e+00 2.592341290372012885e+00
4.148560501093705000e+00 5.434697581589015281e-01 2.239884531778999044e+00
4.217511159954252520e+00 6.272959205945466410e-01 3.500907822412860693e+00
4.216888429166830043e+00 1.151201906575926692e+00 2.519491904186301756e+00
4.127826943679073324e+00 1.191051142179379907e+00 2.466413699245963098e+00
3.957371359050056547e+00 1.205810508733090369e+00 2.608273942185335592e+00
3.907173131041291381e+00 1.218261467441449364e+00 2.607117906563691356e+00
3.886196081930977986e+00 -2.512336398771177759e-01 1.876321723346869419e+00
3.832084144827855532e+00 -1.659238153991149822e+00 1.598483080573626314e+00
3.939853452794834343e+00 2.332465676391445308e-01 3.037907366747933935e+00
4.253088631131663355e+00 2.380982238389535155e+00 4.077882828626163025e+00
4.251328566644930973e+00 1.247183822463502567e+00 2.620522769292265686e+00
4.164649973470831767e+00 1.032104139410070509e+00 2.582660268194115982e+00
4.238848306341174599e+00 2.398970300967744329e+00 3.953160464631942261e+00
4.253744692240272407e+00 2.107894656698007019e+00 4.119980523175657439e+00
4.251624237902730030e+00 1.249463505973408717e+00 2.786823968197348567e+00
4.252084352725732153e+00 3.103383863008145394e+00 4.018401345929882851e+00
4.253793845151136566e+00 2.305025312512863245e+00 4.074262432137961909e+00
4.253808136982902610e+00 2.370945182782837168e+00 4.059464365361163729e+00
4.253498653791954354e+00 2.412692528693588301e+00 4.081962166840289896e+00
4.252690313946898115e+00 3.412531965989238802e+00 4.145500706198424368e+00
4.252455682072921128e+00 2.559248856416708851e+00 4.127878395343245188e+00
4.250393912926151430e+00 3.032527284595475603e+00 4.144835888440161931e+00
4.249358948374778677e+00 3.340713255265894244e+00 4.133353363909956890e+00
4.249268809968887339e+00 3.446562313558227952e+00 4.142287383732936590e+00
4.248294612094624334e+00 3.083699738728654438e+00 4.122787744342612193e+00
4.247504355075925275e+00 2.763154835184861824e+00 4.164491187788362581e+00
4.246571394020452139e+00 3.325793999563107395e+00 4.167114100154561740e+00
4.250411147715531968e+00 1.242418985682598676e+00 3.228334357210272287e+00
4.249172135819796026e+00 3.485026384878346040e+00 4.172383216438129594e+00
4.249095972715577041e+00 3.320177572235911700e+00 4.165459226549585559e+00
4.242511192929681485e+00 1.240222889043271381e+00 3.346554240471735220e+00
4.239362822474637582e+00 1.233043010799687922e+00 3.323760024473164432e+00
4.250142610799989562e+00 1.125303898636498268e+00 3.435723722556085047e+00
4.247462617828228204e+00 1.248507064128525412e+00 3.457308141666259438e+00
4.243803380542070514e+00 1.250793408527975492e+00 3.527583071567462980e+00
4.244605989789095091e+00 1.208505888828750985e+00 3.605520121364024444e+00
4.244808225241626154e+00 4.043616331675395692e+00 4.221139803631094978e+00
4.244838183517613217e+00 3.902584265790272511e+00 4.227368669945311019e+00
4.244848207860985490e+00 1.241580644924830334e+00 3.902469732536481217e+00
4.244835278131950496e+00 3.934664941614991029e+00 4.234888574335271549e+00
4.244845508995719108e+00 3.996434836566977733e+00 4.231531408489376922e+00
4.244305995283694344e+00 1.249564163729424582e+00 3.801551677070241109e+00
4.242796316748790986e+00 2.352798667546200040e+00 3.985267176130027345e+00
4.253631335640518429e+00 4.180519987006076299e+00 4.236274765328938763e+00
4.253678522101470350e+00 2.324885889892710722e+00 4.066063669780822565e+00
4.253857634249886388e+00 4.190670612342914048e+00 4.249525376792293585e+00
4.253774536487047619e+00 2.323670599013658133e+00 4.040144827405566907e+00
4.253854348929962725e+00 4.224902392060261747e+00 4.252043716560767628e+00
4.253883128803271241e+00 4.215902488182736718e+00 4.252082990254886674e+00
4.253887908604963464e+00 4.236755674409845795e+00 4.252396768949148864e+00
4.253875374477473770e+00 3.163929244508351335e+00 4.175525921068336643e+00
4.253753874084706510e+00 3.868328926603839424e+00 4.221052158585164804e+00
4.253359113707745109e+00 3.925274536257932212e+00 4.217194124046233838e+00
4.253127284943939657e+00 4.056366186050176736e+00 4.231953915811983435e+00
4.253538439386547410e+00 4.246243028766959249e+00 4.252700229435439461e+00
4.253331494212229558e+00 3.708967035420665859e+00 4.227989284533952841e+00
4.253303493187027939e+00 4.129841621858046707e+00 4.244671112545624680e+00
4.253186890121549268e+00 4.189853611505943043e+00 4.245134593499166442e+00
4.253365024894430135e+00 4.251349645581810499e+00 4.253117676183751250e+00
4.253369330777114321e+00 4.252746812821015965e+00 4.253306019229016854e+00
4.253351653635431440e+00 4.190127808952620825e+00 4.249592762855384898e+00
4.253293095012548264e+00 4.233214413512426333e+00 4.250720395003716234e+00
4.253274564060912866e+00 4.240982431406050246e+00 4.251065749119495862e+00
4.253263143866906404e+00 4.242646096829768787e+00 4.252666821447862233e+00
4.253257517585751657e+00 4.251808921439402589e+00 4.253049742713603365e+00
4.253516824288885445e+00 4.253179595287962300e+00 4.253277127947415082e+00
4.253516384463995159e+00 4.253053880195077241e+00 4.253314792056952065e+00
4.253564169909905601e+00 4.253350673437463314e+00 4.253488944822287010e+00
4.253567593409453451e+00 4.253520988406917169e+00 4.253537222573461563e+00
4.253567551205994945e+00 4.253539905552409905e+00 4.253558990236330217e+00
4.253567551205994945e+00 4.253564527414455121e+00 4.253566153249001225e+00
4.253567551205994945e+00 4.253566836031178688e+00 4.253567377995358001e+00
4.253567551205994945e+00 4.253567551205994945e+00 4.253567551205995834e+00
4.253567551205994945e+00 4.253567551205994945e+00 4.253567551205995834e+00
4.253567551205994945e+00 4.253567551205994945e+00 4.253567551205995834e+00
4.253567551205994945e+00 4.253567551205994945e+00 4.253567551205995834e+00
4.253567551205994945e+00 4.253567551205994945e+00 4.253567551205995834e+00
4.253567551205994945e+00 4.253567551205994945e+00 4.253567551205995834e+00
4.253567551205994945e+00 4.253567551205994945e+00 4.253567551205995834e+00
4.253567551205994945e+00 4.253567551205994945e+00 4.253567551205995834e+00
4.253567551205994945e+00 4.253567551205994945e+00 4.253567551205995834e+00
4.253567551205994945e+00 4.253567551205994945e+00 4.253567551205995834e+00
4.253567551205994945e+00 4.253567551205994945e+00 4.253567551205995834e+00
4.253567551205994945e+00 4.253567551205994945e+00 4.253567551205995834e+00
4.253567551205994945e+00 4.253567551205994945e+00 4.253567551205995834e+00
4.253567551205994945e+00 4.253567551205994945e+00 4.253567551205995834e+00
4.253567551205994945e+00 4.253567551205994945e+00 4.253567551205995834e+00
4.253567551205994945e+00 4.253567551205994945e+00 4.253567551205995834e+00
4.253567551205994945e+00 4.253567551205994945e+00 4.253567551205995834e+00
4.253567551205994945e+00 4.253567551205994945e+00 4.253567551205995834e+00
4.253567551205994945e+00 4.253567551205994945e+00 4.253567551205995834e+00
4.253567551205994945e+00 4.253567551205994945e+00 4.253567551205995834e+00
4.253567551205994945e+00 4.253567551205994945e+00 4.253567551205995834e+00
4.253567551205994945e+00 4.253567551205994945e+00 4.253567551205995834e+00
4.253567551205994945e+00 4.253567551205994945e+00 4.253567551205995834e+00
4.253567551205994945e+00 4.253567551205994945e+00 4.253567551205995834e+00
4.253567551205994945e+00 4.253567551205994945e+00 4.253567551205995834e+00
4.253567551205994945e+00 4.253567551205994945e+00 4.253567551205995834e+00
4.253567551205994945e+00 4.253567551205994945e+00 4.253567551205995834e+00
4.253567551205994945e+00 4.253567551205994945e+00 4.253567551205995834e+00
4.253567551205994945e+00 4.253567551205994945e+00 4.253567551205995834e+00
4.253567551205994945e+00 4.253567551205994945e+00 4.253567551205995834e+00
4.253567551205994945e+00 4.253567551205994945e+00 4.253567551205995834e+00
4.253567551205994945e+00 4.253567551205994945e+00 4.253567551205995834e+00
4.253567551205994945e+00 4.253567551205994945e+00 4.253567551205995834e+00
4.253567551205994945e+00 4.253567551205994945e+00 4.253567551205995834e+00
4.253567551205994945e+00 4.253567551205994945e+00 4.253567551205995834e+00
4.253567551205994945e+00 4.253567551205994945e+00 4.253567551205995834e+00
4.253567551205994945e+00 4.253567551205994945e+00 4.253567551205995834e+00
4.253567551205994945e+00 4.253567551205994945e+00 4.253567551205995834e+00
