13222945.0000 12963552.0000 13172142.9950
13222945.0000 12760827.0000 13105377.8050
13307934.0000 12837683.0000 13212090.2800
13307934.0000 12501110.0000 13158392.9700
13307934.0000 12829313.0000 13268076.3600
13307934.0000 12569618.0000 13238298.3300
13307934.0000 13023183.0000 13255741.3100
13410306.0000 12803944.0000 13339804.1600
13410306.0000 12791295.0000 13353729.2750
13410306.0000 12940514.0000 13270417.1650
13410306.0000 13075434.0000 13305181.1950
13410306.0000 13006073.0000 13334298.9150
13410306.0000 12888726.0000 13367687.6850
13410306.0000 13056307.0000 13310058.4800
13410306.0000 13214672.0000 13396330.1950
13410306.0000 12975543.0000 13285953.6700
13410306.0000 13111348.0000 13405759.3100
13410306.0000 13295449.0000 13395447.2800
13410306.0000 13143526.0000 13351196.5550
13410306.0000 13205131.0000 13355227.8600
13410306.0000 12871605.0000 13379815.4500
13410306.0000 13312182.0000 13402076.8350
13410306.0000 13410306.0000 13410306.0000
13410306.0000 13304989.0000 13408307.5550
13410306.0000 13105482.0000 13393169.7950
13410306.0000 13344575.0000 13409977.3450
13472081.0000 13410306.0000 13443664.5000
13472081.0000 13402415.0000 13459051.3400
13472081.0000 13091529.0000 13448911.4750
13472081.0000 13304288.0000 13460553.4800
13472081.0000 13208588.0000 13469460.6200
13472081.0000 13227465.0000 13467245.2400
13472081.0000 13250627.0000 13456280.3450
13472081.0000 13472081.0000 13472081.0000
13472081.0000 13373957.0000 13471590.3800
13472081.0000 13406350.0000 13471752.3450
13472081.0000 13406350.0000 13471752.3450
13472081.0000 13374655.0000 13462630.8200
13472081.0000 13472081.0000 13472081.0000
13472081.0000 13253621.0000 13465281.9400
13472081.0000 13374655.0000 13471593.8700
13472081.0000 13472081.0000 13472081.0000
13472081.0000 13472081.0000 13472081.0000
13472081.0000 13472081.0000 13472081.0000
13472081.0000 13472081.0000 13472081.0000
13472081.0000 13472081.0000 13472081.0000
13472081.0000 13472081.0000 13472081.0000
13472081.0000 13472081.0000 13472081.0000
13472081.0000 13472081.0000 13472081.0000
13472081.0000 13472081.0000 13472081.0000
