13107393.0000 12654859.0000 12954817.8100
13107393.0000 12621487.0000 13009669.3575
13206995.0000 12758184.0000 13094888.4600
13206995.0000 12496325.0000 13045046.3225
13206995.0000 12824272.0000 13048932.1050
13206995.0000 12785800.0000 13145362.8950
13343157.0000 12890117.0000 13193288.6425
13362969.0000 12793353.0000 13240166.5175
13362969.0000 12811347.0000 13220058.1225
13362969.0000 12865853.0000 13282142.1300
13362969.0000 12784008.0000 13155596.7025
13362969.0000 13108841.0000 13300808.3225
13362969.0000 12958243.0000 13290048.1550
13362969.0000 13105622.0000 13270047.6725
13380059.0000 12996410.0000 13305526.5575
13380059.0000 13054105.0000 13295668.5950
13380059.0000 12984888.0000 13339794.8875
13380059.0000 12971573.0000 13349864.8025
13380059.0000 13089570.0000 13337915.9300
13460973.0000 13011352.0000 13384471.0200
13460973.0000 12986780.0000 13377782.4725
13460973.0000 13124137.0000 13434674.4725
13549094.0000 13184425.0000 13483763.8700
13549094.0000 13165411.0000 13516952.2850
13549094.0000 13227480.0000 13510363.0200
13549094.0000 13127037.0000 13465949.8750
13549094.0000 13149913.0000 13523481.4800
13549094.0000 13338311.0000 13543403.6025
13549094.0000 13267413.0000 13543845.1600
13549094.0000 13133489.0000 13516769.1500
13549094.0000 13275888.0000 13521595.6475
13549094.0000 13217266.0000 13544146.3875
13549094.0000 13217710.0000 13539775.8950
13549094.0000 13325791.0000 13541216.2075
13549094.0000 13173219.0000 13542958.2150
13549094.0000 13246833.0000 13537716.9050
13549094.0000 13325791.0000 13544412.0300
13549094.0000 13172499.0000 13548073.2750
13549094.0000 13301226.0000 13545227.3650
13549094.0000 13249499.0000 13538666.9375
13549094.0000 13391522.0000 13546760.1575
13549094.0000 13401031.0000 13542606.7400
13549094.0000 13179833.0000 13544425.6625
13549094.0000 13332746.0000 13547443.5375
13549094.0000 13398867.0000 13542595.8650
13549094.0000 13387423.0000 13547842.0500
13549094.0000 13254813.0000 13546576.2700
13549094.0000 13443084.0000 13547911.3625
13549094.0000 13175931.0000 13517382.5650
13549094.0000 13345547.0000 13538377.4950
