13240114.0000 12660878.0000 13154651.7200
13240114.0000 12593408.0000 13055605.4050
13240114.0000 12500288.0000 13178904.7850
13240114.0000 12641959.0000 13124991.4250
13240114.0000 13009979.0000 13184183.3850
13240114.0000 12609697.0000 13141539.6450
13240114.0000 12829433.0000 13183286.9450
13240114.0000 13014351.0000 13203086.9750
13240114.0000 12692412.0000 13158215.7100
13297342.0000 12787158.0000 13265677.1050
13297342.0000 12791335.0000 13196959.3350
13343574.0000 12927523.0000 13292611.1200
13343574.0000 13042576.0000 13298419.5000
13343574.0000 12952437.0000 13316857.7800
13371749.0000 13153620.0000 13353532.2700
13371749.0000 13050505.0000 13364232.8400
13371749.0000 12966315.0000 13313637.9700
13371749.0000 13095909.0000 13343132.4650
13371749.0000 13207549.0000 13355812.4000
13401985.0000 13133347.0000 13385108.2200
13401985.0000 13091234.0000 13373725.4350
13461886.0000 13213638.0000 13429946.8300
13461886.0000 13396155.0000 13457784.8650
13464598.0000 13220375.0000 13458980.9750
13464598.0000 13261051.0000 13460738.1800
13464598.0000 13367172.0000 13463670.2650
13464598.0000 13464598.0000 13464598.0000
13464598.0000 13422115.0000 13463748.3400
13464598.0000 13253815.0000 13462490.1700
13464598.0000 13371749.0000 13462743.0250
13466838.0000 13464598.0000 13465874.8000
13466838.0000 13464598.0000 13466826.8000
13466838.0000 13303681.0000 13459325.7550
13466838.0000 13369412.0000 13465120.6100
13466838.0000 13466838.0000 13466838.0000
13466838.0000 13401107.0000 13465852.0350
13466838.0000 13360211.0000 13460900.4300
13467282.0000 13466838.0000 13467102.1800
13467282.0000 13369412.0000 13465797.8050
13467282.0000 13283474.0000 13466119.4000
13467282.0000 13048993.0000 13461849.9100
13471217.0000 13467282.0000 13469446.2500
13471217.0000 13471217.0000 13471217.0000
13471217.0000 13471217.0000 13471217.0000
13471217.0000 13471217.0000 13471217.0000
13471217.0000 13471217.0000 13471217.0000
13471217.0000 13471217.0000 13471217.0000
13471217.0000 13471217.0000 13471217.0000
13471217.0000 13471217.0000 13471217.0000
13471217.0000 13471217.0000 13471217.0000
