13260943.0000 12875703.0000 13184137.7900
13260943.0000 12546650.0000 13188717.8950
13260943.0000 12737924.0000 13117701.9500
13260943.0000 12909042.0000 13190772.2400
13260943.0000 12661061.0000 13105681.8050
13264109.0000 12724314.0000 13221277.2050
13264109.0000 12946869.0000 13248343.3250
13264109.0000 13076723.0000 13215909.5300
13375720.0000 12897202.0000 13296859.7650
13375720.0000 12990116.0000 13342143.6750
13375720.0000 12826540.0000 13266628.0850
13375720.0000 13155099.0000 13328744.0250
13375720.0000 13155287.0000 13350874.0800
13375720.0000 13098408.0000 13339948.2300
13375720.0000 13061691.0000 13351362.0800
13375720.0000 13170317.0000 13351052.6900
13375720.0000 13078883.0000 13349125.5200
13375720.0000 13027995.0000 13320126.9400
13375720.0000 13084456.0000 13315056.6000
13375720.0000 13105751.0000 13335977.0750
13465867.0000 12955881.0000 13415677.7300
13465867.0000 13214359.0000 13428703.6750
13465867.0000 13375720.0000 13464361.5600
13465867.0000 13241308.0000 13464257.0750
13465867.0000 13465867.0000 13465867.0000
13465867.0000 13397085.0000 13465523.0900
13465867.0000 13272040.0000 13450599.6950
13465867.0000 13264399.0000 13464408.0750
13465867.0000 13247134.0000 13462287.8650
13465867.0000 13465867.0000 13465867.0000
13465867.0000 13465867.0000 13465867.0000
13465867.0000 13273212.0000 13463940.4500
13465867.0000 13099364.0000 13427798.5700
13465867.0000 13301667.0000 13461894.5600
13465867.0000 13260464.0000 13464839.9850
13465867.0000 13434172.0000 13465550.0500
13465867.0000 13099308.0000 13457514.5100
13465867.0000 13300568.0000 13462394.8900
13465867.0000 13190681.0000 13462251.7000
13465867.0000 13465867.0000 13465867.0000
13465867.0000 13219185.0000 13462433.8200
13465867.0000 13465867.0000 13465867.0000
13465867.0000 13465867.0000 13465867.0000
13465867.0000 13465867.0000 13465867.0000
13465867.0000 13465867.0000 13465867.0000
13465867.0000 13465867.0000 13465867.0000
13465867.0000 13465867.0000 13465867.0000
13465867.0000 13465867.0000 13465867.0000
13465867.0000 13465867.0000 13465867.0000
13465867.0000 13465867.0000 13465867.0000
