13196864.0000 12865522.0000 13124002.9350
13196864.0000 12726449.0000 13086892.5750
13196864.0000 12829248.0000 13136523.4250
13196864.0000 12708587.0000 13153495.0850
13196864.0000 12744751.0000 13149900.0500
13230830.0000 12550863.0000 13188383.3750
13230830.0000 12857139.0000 13179650.4450
13230830.0000 12891874.0000 13182740.7550
13230830.0000 13016722.0000 13176899.9500
13230830.0000 12836164.0000 13189577.4700
13265563.0000 12920185.0000 13216864.3450
13289883.0000 13090367.0000 13272167.7000
13359549.0000 13261511.0000 13345682.3050
13359549.0000 13254129.0000 13357180.1800
13359549.0000 13161676.0000 13344912.9050
13359549.0000 13001846.0000 13271540.0600
13359549.0000 13173734.0000 13349619.7050
13359549.0000 13120503.0000 13332656.4300
13382928.0000 12903839.0000 13361639.6650
13382928.0000 13076822.0000 13363949.3850
13382928.0000 12908247.0000 13329043.9350
13382928.0000 13124469.0000 13370007.4650
13382928.0000 13241737.0000 13371277.7750
13473482.0000 13382928.0000 13442693.6400
13473482.0000 13382928.0000 13468713.0250
13473482.0000 13473482.0000 13473482.0000
13473482.0000 13473482.0000 13473482.0000
13473482.0000 13473482.0000 13473482.0000
13473482.0000 13283637.0000 13458245.7000
13473482.0000 13338085.0000 13471779.7000
13473482.0000 13199682.0000 13470469.7250
13473482.0000 13407751.0000 13473153.3450
13482886.0000 13373954.0000 13477216.5500
13482886.0000 13473482.0000 13482744.9400
13482886.0000 13482886.0000 13482886.0000
13482886.0000 13346445.0000 13481521.5900
13482886.0000 13299591.0000 13479129.3050
13482886.0000 13482886.0000 13482886.0000
13482886.0000 13417155.0000 13481900.0350
13482886.0000 13287506.0000 13478496.5300
13482886.0000 13385460.0000 13482070.2150
13482886.0000 13482886.0000 13482886.0000
13482886.0000 13482886.0000 13482886.0000
13482886.0000 13482886.0000 13482886.0000
13482886.0000 13482886.0000 13482886.0000
13482886.0000 13482886.0000 13482886.0000
13482886.0000 13482886.0000 13482886.0000
13482886.0000 13482886.0000 13482886.0000
13482886.0000 13482886.0000 13482886.0000
13482886.0000 13482886.0000 13482886.0000
