13298756.0000 12564770.0000 13025024.0525
13298756.0000 12368996.0000 13061159.1825
13298756.0000 12690066.0000 13172392.7750
13298756.0000 12684625.0000 13062915.5600
13298756.0000 12553900.0000 13040826.6500
13298756.0000 12606146.0000 13112871.4025
13298756.0000 12783828.0000 13158666.3825
13298756.0000 12759842.0000 13166693.5075
13399767.0000 12814448.0000 13291881.0175
13399767.0000 12802318.0000 13195210.4000
13399767.0000 12776736.0000 13241044.0800
13399767.0000 13115344.0000 13376969.9175
13399767.0000 13030562.0000 13358955.7050
13399767.0000 12871568.0000 13332229.6550
13399767.0000 13037775.0000 13319974.6625
13399767.0000 13161779.0000 13332854.4950
13399767.0000 13132052.0000 13336644.5350
13399767.0000 13039910.0000 13345207.9525
13399767.0000 13027501.0000 13281523.5675
13399767.0000 12945290.0000 13257953.6450
13399767.0000 13097710.0000 13369433.0950
13403702.0000 13146354.0000 13394615.0875
13403702.0000 13199289.0000 13398949.7100
13403702.0000 13204905.0000 13400835.4950
13403702.0000 13247979.0000 13400697.2800
13403702.0000 13088881.0000 13401768.1275
13403702.0000 13300236.0000 13400324.1950
13403702.0000 13121274.0000 13390604.7750
13403702.0000 13112260.0000 13398890.4150
13403702.0000 13177334.0000 13402269.1825
13403702.0000 13306276.0000 13402048.0950
13404400.0000 13253031.0000 13402730.8600
13404400.0000 13043845.0000 13403052.6150
13404400.0000 13277876.0000 13401332.4500
13404400.0000 13172730.0000 13401465.6900
13404400.0000 13146387.0000 13401795.6025
13404400.0000 13089928.0000 13399137.7450
13404400.0000 13080623.0000 13383227.3175
13404400.0000 13025374.0000 13399015.7725
13404400.0000 13365385.0000 13404302.4625
13404400.0000 13083378.0000 13395580.2225
13404400.0000 13158515.0000 13395717.8975
13404400.0000 13128630.0000 13398112.1150
13404400.0000 13111034.0000 13399955.7275
13405786.0000 13181695.0000 13402822.6950
13475452.0000 13251066.0000 13443570.1550
13475452.0000 13044543.0000 13439567.8975
13475452.0000 13116640.0000 13456424.7625
13475452.0000 13129882.0000 13462744.8275
13475452.0000 13205541.0000 13463248.4825
