13215947.0000 12299891.0000 13105719.9100
13233048.0000 12732822.0000 13121109.0575
13233048.0000 12736240.0000 13089151.0000
13233048.0000 12661293.0000 13086277.2350
13233048.0000 12694521.0000 13072331.8575
13233048.0000 12556071.0000 13112740.5600
13271160.0000 12867056.0000 13190306.1175
13380560.0000 12907981.0000 13275588.9625
13380560.0000 12916070.0000 13324174.7850
13380560.0000 12755419.0000 13174515.3925
13380560.0000 12841084.0000 13239163.4650
13422654.0000 13023463.0000 13326627.0175
13422654.0000 12939815.0000 13246065.5500
13422654.0000 13062075.0000 13354240.7500
13422654.0000 13145144.0000 13394881.9675
13422654.0000 13020928.0000 13387164.4125
13422654.0000 13155945.0000 13356723.2050
13456545.0000 13129690.0000 13386177.0075
13456545.0000 13065112.0000 13378927.8725
13456545.0000 13085622.0000 13410643.5725
13456545.0000 13166874.0000 13448187.4100
13456545.0000 13164208.0000 13454360.0650
13456545.0000 13105198.0000 13454571.6900
13475452.0000 13339642.0000 13461769.2225
13475452.0000 13129609.0000 13443122.7100
13475452.0000 13253224.0000 13468522.2650
13475452.0000 13108893.0000 13457518.6550
13475452.0000 13164208.0000 13437267.8700
13475452.0000 13183196.0000 13467107.4675
13475452.0000 13310116.0000 13472474.3025
13475452.0000 13031914.0000 13457033.0450
13475452.0000 13231830.0000 13474842.9450
13505878.0000 13160667.0000 13479419.3650
13505878.0000 13302331.0000 13501848.1075
13505878.0000 13330098.0000 13502832.5125
13505878.0000 13314931.0000 13500841.0825
13505878.0000 13146021.0000 13481804.9525
13505878.0000 13408452.0000 13505288.1900
13505878.0000 13338786.0000 13503858.5800
13505878.0000 13197240.0000 13488749.6250
13505878.0000 13140700.0000 13502657.6200
13505878.0000 13436212.0000 13505212.7200
13505878.0000 13436212.0000 13504769.4625
13505878.0000 13105352.0000 13502429.6350
13505878.0000 13106542.0000 13487091.4175
13505878.0000 13318460.0000 13500115.1050
13505878.0000 13397214.0000 13503709.5000
13505878.0000 13154531.0000 13494193.5100
13505878.0000 13166466.0000 13457734.5125
13505878.0000 13206319.0000 13493575.3975
