13111162.0000 12779760.0000 13032291.6100
13111162.0000 12819128.0000 13081137.0250
13113588.0000 12817531.0000 13092562.9850
13113588.0000 12720283.0000 13034060.3650
13113588.0000 12881243.0000 13096837.1200
13113588.0000 12779561.0000 13064657.8850
13256862.0000 12788467.0000 13160054.6100
13256862.0000 12937111.0000 13190850.1250
13256862.0000 13038050.0000 13241469.2250
13256862.0000 13006310.0000 13223764.2750
13256862.0000 13017892.0000 13246688.6850
13256862.0000 13073900.0000 13229167.4800
13256862.0000 13082258.0000 13244039.8450
13256862.0000 13015344.0000 13244199.2000
13256862.0000 12986315.0000 13251325.5800
13256862.0000 13038402.0000 13240582.8550
13256862.0000 13015284.0000 13223477.7300
13256862.0000 12775659.0000 13240465.4850
13256862.0000 13092320.0000 13234024.0050
13287311.0000 13249990.0000 13273741.6400
13287311.0000 13173615.0000 13263718.5550
13287311.0000 13287311.0000 13287311.0000
13287311.0000 13287311.0000 13287311.0000
13287311.0000 13221580.0000 13285667.7250
13287311.0000 13177801.0000 13285770.5600
13287311.0000 12917669.0000 13262621.4050
13287311.0000 13231254.0000 13285989.2950
13404214.0000 13267057.0000 13353363.6150
13404214.0000 13287311.0000 13391571.6300
13404214.0000 13334548.0000 13401525.7350
13404214.0000 13282760.0000 13403606.7300
13404214.0000 13276531.0000 13402260.9650
13404214.0000 13404214.0000 13404214.0000
13404214.0000 13404214.0000 13404214.0000
13404214.0000 13404214.0000 13404214.0000
13404214.0000 13338483.0000 13401913.4150
13404214.0000 13404214.0000 13404214.0000
13474183.0000 13034953.0000 13442935.4500
13474183.0000 13269348.0000 13468634.2650
13474183.0000 13122836.0000 13456145.0650
13474183.0000 13474183.0000 13474183.0000
13474183.0000 13474183.0000 13474183.0000
13474183.0000 13474183.0000 13474183.0000
13475452.0000 13474183.0000 13474988.8150
13475452.0000 13475452.0000 13475452.0000
13475452.0000 13475452.0000 13475452.0000
13475452.0000 13475452.0000 13475452.0000
13475452.0000 13475452.0000 13475452.0000
13475452.0000 13475452.0000 13475452.0000
13475452.0000 13475452.0000 13475452.0000
