13266747.0000 12754212.0000 13127543.9700
13273586.0000 12727752.0000 13173249.5225
13273586.0000 12721919.0000 13071883.1000
13273586.0000 12696785.0000 13110453.5975
13273586.0000 12456814.0000 13053358.5125
13273586.0000 12681839.0000 13145701.7850
13318718.0000 12829928.0000 13225082.1450
13329267.0000 12909839.0000 13248633.4500
13329267.0000 12909573.0000 13196502.2125
13329267.0000 12916627.0000 13252799.1225
13329267.0000 12771245.0000 13210922.8775
13417155.0000 12998117.0000 13324135.2825
13417155.0000 12985576.0000 13306732.3925
13417155.0000 12905094.0000 13275046.8700
13417155.0000 13016629.0000 13366766.8150
13457089.0000 13091737.0000 13413178.5475
13457089.0000 12982408.0000 13391236.0550
13457089.0000 12996049.0000 13389193.0075
13457089.0000 13155159.0000 13410667.7225
13487304.0000 13006871.0000 13437376.0625
13487304.0000 13031979.0000 13438507.2775
13487304.0000 13180062.0000 13482799.1775
13487304.0000 13127967.0000 13484384.5450
13491239.0000 13421573.0000 13489238.2225
13491239.0000 13100329.0000 13467666.0350
13491239.0000 13341012.0000 13489937.1850
13491239.0000 13335015.0000 13490500.1025
13491239.0000 13212243.0000 13487157.3500
13491239.0000 13134066.0000 13486777.9225
13491239.0000 13287105.0000 13485349.0225
13491239.0000 13310587.0000 13486903.2625
13491239.0000 13263726.0000 13486083.2150
13491239.0000 13207277.0000 13484920.1500
13491239.0000 13376486.0000 13488900.1825
13491239.0000 13128207.0000 13487227.5425
13491239.0000 13352912.0000 13488756.5725
13491239.0000 13421573.0000 13490012.7775
13491239.0000 13491239.0000 13491239.0000
13491239.0000 13265563.0000 13490208.3875
13491239.0000 13121978.0000 13486352.8775
13491239.0000 13491239.0000 13491239.0000
13491239.0000 13259791.0000 13487348.7275
13491239.0000 13369598.0000 13490925.0600
13491239.0000 13377498.0000 13489349.8150
13491239.0000 13162506.0000 13487737.6825
13491239.0000 13491239.0000 13491239.0000
13491239.0000 13131382.0000 13487318.5600
13491239.0000 13240356.0000 13488141.7875
13491239.0000 13391617.0000 13490989.9450
13491239.0000 13164492.0000 13489800.5250
