13146490.0000 12622510.0000 13037639.6950
13146490.0000 12948719.0000 13098051.0450
13146490.0000 12641536.0000 13087937.2650
13146490.0000 12764561.0000 13060279.6650
13146490.0000 12828187.0000 13073941.8550
13146490.0000 12672772.0000 13106146.6450
13146490.0000 13002882.0000 13122090.4750
13262194.0000 12838980.0000 13180421.9250
13262194.0000 12797367.0000 13118620.8650
13302139.0000 13005937.0000 13271077.9350
13302139.0000 12674443.0000 13239410.3350
13302139.0000 13172680.0000 13284117.0350
13302139.0000 13033828.0000 13272104.5250
13302139.0000 12964616.0000 13248688.2000
13302139.0000 12966136.0000 13263795.6300
13302139.0000 12946119.0000 13287703.9950
13324249.0000 12975301.0000 13296482.2900
13376896.0000 13120191.0000 13349322.4050
13389244.0000 13254583.0000 13379309.5900
13389244.0000 13019394.0000 13372565.5700
13389244.0000 13151072.0000 13376068.8450
13389244.0000 13331263.0000 13388954.0950
13389244.0000 13064065.0000 13354304.2300
13389244.0000 13208859.0000 13386672.6300
13389244.0000 13361485.0000 13388827.6150
13389244.0000 13195884.0000 13376791.9050
13389244.0000 13216098.0000 13387205.3300
13417004.0000 13278258.0000 13402736.2400
13417004.0000 13319578.0000 13413183.0100
13458609.0000 13417004.0000 13445562.8000
13458609.0000 13359023.0000 13456137.6850
13524340.0000 13458609.0000 13498047.6000
13524340.0000 13458609.0000 13523354.0350
13524340.0000 13458609.0000 13522696.7250
13524340.0000 13463979.0000 13523434.5850
13524340.0000 13224781.0000 13520186.2850
13524340.0000 13349254.0000 13508742.0750
13524340.0000 13454674.0000 13514263.9250
13524340.0000 13170792.0000 13516995.3600
13524340.0000 13278310.0000 13505521.4750
13524340.0000 13316358.0000 13505694.1350
13524340.0000 13524340.0000 13524340.0000
13524340.0000 13524340.0000 13524340.0000
13524340.0000 13524340.0000 13524340.0000
13524340.0000 13524340.0000 13524340.0000
13524340.0000 13524340.0000 13524340.0000
13524340.0000 13524340.0000 13524340.0000
13524340.0000 13524340.0000 13524340.0000
13524340.0000 13524340.0000 13524340.0000
13524340.0000 13524340.0000 13524340.0000
