13185117.0000 12776526.0000 13061513.0350
13185117.0000 12646356.0000 13053234.2625
13185117.0000 12513601.0000 13024676.3975
13185117.0000 12790738.0000 13087460.4250
13185117.0000 12652446.0000 13049453.4175
13240278.0000 12687986.0000 13112262.6425
13240278.0000 12921786.0000 13155865.4950
13274837.0000 12894458.0000 13175548.8825
13274837.0000 12810174.0000 13190980.9625
13274837.0000 12808118.0000 13166089.6600
13274837.0000 12789042.0000 13213183.2625
13372263.0000 12909547.0000 13315440.4125
13524340.0000 13235455.0000 13407408.6550
13524340.0000 13143788.0000 13438878.9650
13524340.0000 13174130.0000 13405134.5775
13524340.0000 13032554.0000 13430444.7675
13524340.0000 13171843.0000 13464931.9900
13524340.0000 13099802.0000 13453164.5700
13524340.0000 13167243.0000 13475885.3225
13524340.0000 12949125.0000 13459085.1650
13524340.0000 13051231.0000 13516421.0350
13524340.0000 13426914.0000 13523011.5575
13524340.0000 13320793.0000 13521360.1975
13524340.0000 13384431.0000 13522106.9750
13524340.0000 13524340.0000 13524340.0000
13524340.0000 13361183.0000 13523021.3950
13524340.0000 13426914.0000 13522206.4675
13524340.0000 13426914.0000 13523274.7975
13524340.0000 13322961.0000 13523672.2250
13524340.0000 13218234.0000 13519403.5025
13524340.0000 13320206.0000 13521185.1125
13524340.0000 13426914.0000 13523573.9400
13524340.0000 13148568.0000 13519038.7800
13524340.0000 13215077.0000 13521449.2250
13524340.0000 13426914.0000 13523190.5075
13524340.0000 13426914.0000 13523273.2825
13524340.0000 13315230.0000 13518556.4825
13524340.0000 13340455.0000 13517883.6750
13524340.0000 13305140.0000 13522616.7275
13524340.0000 13314392.0000 13523012.7700
13524340.0000 13297972.0000 13516349.4000
13524340.0000 13357248.0000 13520624.3025
13524340.0000 13368037.0000 13515741.8350
13524340.0000 13347623.0000 13522482.1550
13524340.0000 13458609.0000 13522203.7425
13524340.0000 13320793.0000 13521529.0425
13524340.0000 13297972.0000 13519173.5375
13524340.0000 13426914.0000 13523603.4525
13524340.0000 13376486.0000 13522481.5800
13524340.0000 13454674.0000 13522876.4575
