13161344.0000 12674574.0000 13059182.3350
13161344.0000 12511351.0000 13019673.0250
13287832.0000 12797892.0000 13141040.7200
13287832.0000 12619448.0000 13157625.9250
13287832.0000 12749853.0000 13068149.8150
13287832.0000 12543769.0000 13112731.9250
13287832.0000 12908372.0000 13237361.6100
13360749.0000 12797154.0000 13242156.3350
13360749.0000 12873339.0000 13257689.4650
13360749.0000 12814803.0000 13261374.3900
13360749.0000 12857561.0000 13205029.0025
13360749.0000 13055925.0000 13279964.0675
13364684.0000 12953272.0000 13333209.4100
13364684.0000 13029228.0000 13293556.5025
13364684.0000 13037775.0000 13327644.9100
13364684.0000 13045271.0000 13354125.3000
13364684.0000 12978512.0000 13284898.2700
13364684.0000 12990343.0000 13287930.0800
13364684.0000 12752293.0000 13306977.9700
13434467.0000 13217906.0000 13388566.8400
13524340.0000 12987210.0000 13418628.1325
13524340.0000 13267258.0000 13489601.4900
13524340.0000 13271310.0000 13513975.8475
13524340.0000 13342218.0000 13522550.4000
13549094.0000 13136495.0000 13529369.6700
13549094.0000 13165640.0000 13530842.2125
13549094.0000 13451668.0000 13545334.9150
13549094.0000 13321581.0000 13543711.3700
13549094.0000 13228743.0000 13537323.7675
13549094.0000 13249499.0000 13545572.5825
13549094.0000 13322279.0000 13545148.5425
13549094.0000 13361351.0000 13545960.9050
13549094.0000 13383795.0000 13546224.8325
13549094.0000 13195546.0000 13542306.9950
13549094.0000 13307583.0000 13547524.4975
13549094.0000 13398867.0000 13548194.2275
13549094.0000 13286369.0000 13538819.1900
13549094.0000 13180851.0000 13536352.7175
13549094.0000 13180531.0000 13545818.8700
13549094.0000 13289185.0000 13535014.4325
13549094.0000 13070225.0000 13541725.2950
13549094.0000 13197747.0000 13521204.7100
13549094.0000 13081148.0000 13533633.1875
13549094.0000 13401107.0000 13547255.6325
13549094.0000 13300350.0000 13542237.8075
13549094.0000 13353332.0000 13547083.2400
13549094.0000 13231855.0000 13546241.8700
13549094.0000 13163038.0000 13537295.7925
13549094.0000 13350881.0000 13546068.5575
13549094.0000 13277576.0000 13545948.1475
