13217569.0000 12756158.0000 13152415.4700
13217569.0000 12294678.0000 13128522.8250
13217569.0000 12729321.0000 13064353.4000
13217569.0000 12821834.0000 13136334.9250
13217569.0000 12728933.0000 13082464.7900
13217569.0000 12822033.0000 13126060.6250
13217569.0000 12830897.0000 13176049.8900
13217569.0000 12986587.0000 13202983.1400
13217569.0000 12599920.0000 13079903.2850
13217569.0000 12815170.0000 13137596.0200
13221504.0000 12809173.0000 13200390.7650
13301226.0000 13071548.0000 13255336.4250
13301226.0000 13079253.0000 13259177.9450
13301226.0000 12988315.0000 13260140.1100
13301226.0000 12855683.0000 13195984.7500
13424980.0000 13148568.0000 13380902.8100
13424980.0000 13221034.0000 13420446.0400
13424980.0000 13194917.0000 13414240.6400
13424980.0000 13070247.0000 13385606.1800
13424980.0000 13129904.0000 13405861.5600
13424980.0000 12998950.0000 13305573.9300
13424980.0000 13196350.0000 13361305.0200
13424980.0000 13278491.0000 13420870.0050
13427082.0000 13359249.0000 13425944.0750
13427082.0000 13320961.0000 13425085.4000
13427082.0000 13368554.0000 13426454.6800
13451668.0000 13427082.0000 13442030.6600
13521334.0000 13252729.0000 13506743.8600
13521334.0000 13317200.0000 13504433.3000
13521334.0000 13521334.0000 13521334.0000
13521334.0000 13238208.0000 13511791.6050
13521334.0000 13356035.0000 13513289.4250
13521334.0000 13207016.0000 13517965.0400
13549094.0000 13334662.0000 13529570.4500
13549094.0000 13549094.0000 13549094.0000
13549094.0000 13160868.0000 13542692.9400
13549094.0000 13517399.0000 13548460.1000
13549094.0000 13348944.0000 13533806.5450
13549094.0000 13398867.0000 13547591.7300
13549094.0000 13015472.0000 13545522.3600
13549094.0000 13321581.0000 13547956.4350
13549094.0000 13549094.0000 13549094.0000
13549094.0000 13549094.0000 13549094.0000
13549094.0000 13549094.0000 13549094.0000
13549094.0000 13549094.0000 13549094.0000
13549094.0000 13549094.0000 13549094.0000
13549094.0000 13549094.0000 13549094.0000
13549094.0000 13549094.0000 13549094.0000
13549094.0000 13549094.0000 13549094.0000
13549094.0000 13549094.0000 13549094.0000
