13305960.0000 12671699.0000 13119697.2050
13305960.0000 12590764.0000 13111562.2225
13305960.0000 12571692.0000 13130476.9400
13305960.0000 12592969.0000 13080818.3550
13305960.0000 12530012.0000 13084292.6325
13318736.0000 12657171.0000 13129824.8475
13361275.0000 12656692.0000 13270651.4150
13362081.0000 12795322.0000 13287298.8850
13362081.0000 12945390.0000 13219567.8900
13362081.0000 12878803.0000 13255729.6850
13374655.0000 12893743.0000 13293489.2375
13374655.0000 13024134.0000 13305054.4725
13472081.0000 13065392.0000 13415063.0825
13472081.0000 13098011.0000 13412677.1875
13481934.0000 13062922.0000 13436032.6225
13481934.0000 13089003.0000 13346677.8125
13481934.0000 13030825.0000 13428791.0225
13485108.0000 13217446.0000 13451790.3900
13485108.0000 13196178.0000 13395535.2525
13485108.0000 13039195.0000 13442217.0675
13485108.0000 13050966.0000 13446010.4600
13485108.0000 13243629.0000 13443743.5525
13489043.0000 13321951.0000 13480974.0000
13489043.0000 13310552.0000 13484673.7250
13489043.0000 13391617.0000 13488789.5975
13489043.0000 13485108.0000 13489023.3250
13489043.0000 13316033.0000 13488610.4750
13489043.0000 13050116.0000 13483962.7350
13489043.0000 13197014.0000 13487773.3800
13489043.0000 13031760.0000 13478622.3025
13489043.0000 13347790.0000 13487145.3900
13489043.0000 13131208.0000 13478431.3575
13489043.0000 13485108.0000 13489033.1625
13518963.0000 13489043.0000 13499066.2000
13518963.0000 13334531.0000 13513170.9000
13518963.0000 13489043.0000 13518888.2000
13518963.0000 13291450.0000 13512975.8875
13518963.0000 13292595.0000 13511841.0575
13518963.0000 13270957.0000 13515163.2875
13518963.0000 13376282.0000 13512750.5900
13518963.0000 13167616.0000 13512203.0050
13518963.0000 13340623.0000 13513998.1750
13518963.0000 13256789.0000 13514722.2950
13518963.0000 13222929.0000 13503735.6175
13518963.0000 13314829.0000 13515004.2575
13518963.0000 13518963.0000 13518963.0000
13518963.0000 13310981.0000 13514577.2650
13518963.0000 13449297.0000 13517637.2900
13518963.0000 13351904.0000 13518371.1875
13518963.0000 13426589.0000 13517824.1650
