13114149.0000 12765400.0000 13073078.8200
13114149.0000 12837095.0000 13075511.5550
13133325.0000 12670683.0000 13104119.6950
13198868.0000 12815525.0000 13168324.4050
13198868.0000 12588870.0000 13046056.6850
13198868.0000 12719531.0000 13070774.6850
13198868.0000 12514184.0000 13118732.4800
13198868.0000 12938356.0000 13171581.4200
13198868.0000 12849706.0000 13175391.5800
13391617.0000 12986858.0000 13289895.0000
13391617.0000 12846398.0000 13270892.6550
13391617.0000 12939529.0000 13339024.0600
13391617.0000 13117817.0000 13384122.6200
13391617.0000 13064308.0000 13345452.2250
13485108.0000 13321951.0000 13462548.7300
13485108.0000 13176948.0000 13458644.5900
13487304.0000 13300190.0000 13480608.6550
13487304.0000 13134807.0000 13431817.6500
13491239.0000 13187709.0000 13451364.2600
13491239.0000 12962148.0000 13433969.8750
13491239.0000 13085388.0000 13371025.8100
13491239.0000 13259791.0000 13478390.5100
13491239.0000 13197189.0000 13473926.2300
13491239.0000 13265068.0000 13484811.2350
13491239.0000 13287105.0000 13490218.3300
13491239.0000 13413543.0000 13490850.5200
13491239.0000 13287105.0000 13486160.1000
13491239.0000 13126061.0000 13484589.8450
13491239.0000 13219616.0000 13484554.2200
13518963.0000 13176119.0000 13503832.8400
13518963.0000 13351871.0000 13501257.0700
13518963.0000 13161790.0000 13508898.2650
13518963.0000 13344861.0000 13518033.4650
13518963.0000 13515028.0000 13518943.3250
13518963.0000 13331008.0000 13511131.0200
13518963.0000 13159106.0000 13504799.3350
13518963.0000 13421537.0000 13518475.8700
13518963.0000 13373172.0000 13514611.9450
13518963.0000 13302615.0000 13515702.1550
13518963.0000 13518963.0000 13518963.0000
13518963.0000 13293478.0000 13498025.5150
13518963.0000 13518963.0000 13518963.0000
13518963.0000 13518963.0000 13518963.0000
13518963.0000 13518963.0000 13518963.0000
13518963.0000 13518963.0000 13518963.0000
13518963.0000 13518963.0000 13518963.0000
13518963.0000 13518963.0000 13518963.0000
13518963.0000 13518963.0000 13518963.0000
13518963.0000 13518963.0000 13518963.0000
13518963.0000 13518963.0000 13518963.0000
