13261456.0000 12739593.0000 13127283.1025
13261456.0000 12779639.0000 13093278.0800
13261456.0000 12835484.0000 13149456.3700
13261456.0000 12588155.0000 13118489.9725
13261456.0000 12575124.0000 13061428.8050
13261456.0000 12617205.0000 13024723.1200
13261456.0000 12948355.0000 13152361.0550
13261456.0000 12927657.0000 13165561.3600
13261456.0000 12831341.0000 13175270.7875
13261456.0000 12852853.0000 13150884.6550
13261456.0000 12779783.0000 13178552.7225
13261456.0000 12783603.0000 13174464.7775
13313244.0000 13016400.0000 13250945.1525
13313244.0000 13042349.0000 13250389.5525
13353808.0000 12993521.0000 13311342.6650
13435736.0000 13006070.0000 13353078.5600
13435736.0000 13023507.0000 13346794.2625
13435736.0000 12990243.0000 13402336.9500
13435736.0000 12921159.0000 13390548.4900
13435736.0000 13032673.0000 13343171.8800
13435736.0000 12982834.0000 13344243.5800
13435736.0000 13133551.0000 13406726.4675
13435736.0000 13286789.0000 13433157.3375
13435736.0000 13230920.0000 13432544.0925
13435736.0000 13338310.0000 13433692.7775
13435736.0000 13194225.0000 13430742.9125
13438438.0000 13209368.0000 13433991.5150
13438438.0000 13366070.0000 13437818.0050
13438438.0000 13271346.0000 13428296.8575
13438438.0000 13220102.0000 13435045.1975
13438438.0000 13069177.0000 13435302.8050
13438438.0000 13289224.0000 13434764.1900
13438438.0000 13342449.0000 13438085.3025
13438438.0000 13406743.0000 13438358.7625
13438438.0000 13203985.0000 13429130.8875
13438438.0000 13077312.0000 13434422.2775
13491239.0000 13434503.0000 13456116.4975
13491239.0000 13175269.0000 13477018.3825
13491239.0000 13215469.0000 13468881.6000
13491239.0000 13265655.0000 13483163.7700
13491239.0000 13186464.0000 13475179.6375
13491239.0000 13221328.0000 13487327.8650
13491239.0000 13279060.0000 13490204.5600
13491239.0000 13121978.0000 13482419.9275
13491239.0000 13421573.0000 13490640.4675
13491239.0000 13179292.0000 13487698.0650
13491239.0000 13187709.0000 13488582.6550
13491239.0000 13359663.0000 13487366.8900
13496748.0000 13131902.0000 13488381.6375
13496748.0000 13368292.0000 13493727.7225
