13224821.0000 12910093.0000 13172977.3200
13224821.0000 12453176.0000 13056529.2050
13224821.0000 12677915.0000 13095432.1750
13224821.0000 12743592.0000 13146682.2050
13224821.0000 12880277.0000 13170855.9300
13224821.0000 12652276.0000 13125120.9600
13224821.0000 12881865.0000 13154797.9800
13224821.0000 12930305.0000 13185031.1600
13258816.0000 12959784.0000 13228068.8900
13258816.0000 12869421.0000 13219306.1600
13258816.0000 13053131.0000 13206595.5300
13261456.0000 12949952.0000 13244043.2800
13317210.0000 12773501.0000 13277577.9800
13317210.0000 13006324.0000 13276557.2400
13317210.0000 12984309.0000 13241290.5600
13317210.0000 13089697.0000 13287112.6400
13317210.0000 13084562.0000 13307542.9100
13359693.0000 13091525.0000 13333620.6600
13359693.0000 13167104.0000 13336510.6750
13359693.0000 13176629.0000 13327501.8900
13425424.0000 13204375.0000 13386298.4000
13425424.0000 13425424.0000 13425424.0000
13425424.0000 13194873.0000 13423024.3700
13425424.0000 13351725.0000 13425049.0550
13425424.0000 13425424.0000 13425424.0000
13425424.0000 13425424.0000 13425424.0000
13425424.0000 13359693.0000 13425095.3450
13425424.0000 13327998.0000 13421815.9100
13425424.0000 13424994.0000 13425421.8500
13464439.0000 13424994.0000 13449267.0500
13464439.0000 13429359.0000 13463986.0000
13464439.0000 13436679.0000 13464058.1450
13468374.0000 13171073.0000 13462391.7900
13468374.0000 13225812.0000 13463995.3750
13473744.0000 13468374.0000 13471676.5500
13473744.0000 13250143.0000 13466126.5400
13473744.0000 13473744.0000 13473744.0000
13473744.0000 13232233.0000 13465423.2850
13473744.0000 13269610.0000 13467797.0350
13473744.0000 13408013.0000 13473086.6900
13473744.0000 13473744.0000 13473744.0000
13473744.0000 13473744.0000 13473744.0000
13473744.0000 13473744.0000 13473744.0000
13473744.0000 13473744.0000 13473744.0000
13473744.0000 13473744.0000 13473744.0000
13473744.0000 13473744.0000 13473744.0000
13473744.0000 13473744.0000 13473744.0000
13473744.0000 13473744.0000 13473744.0000
13473744.0000 13473744.0000 13473744.0000
13473744.0000 13473744.0000 13473744.0000
