13010687.0000 12771067.0000 12950170.4700
13095122.0000 12744069.0000 13053643.1000
13095122.0000 12791200.0000 13065886.5300
13100092.0000 12672411.0000 13079359.2100
13100092.0000 12711036.0000 13063992.4150
13100092.0000 12469290.0000 12962599.1200
13142640.0000 12951387.0000 13114349.7350
13142640.0000 12790626.0000 13100311.6050
13281043.0000 13005047.0000 13226458.8200
13281043.0000 12958977.0000 13214708.4150
13281043.0000 12856870.0000 13174737.5650
13281043.0000 13124718.0000 13273023.9050
13281043.0000 12962864.0000 13260884.6150
13281043.0000 13027158.0000 13216945.0700
13281043.0000 13103014.0000 13263798.8750
13304422.0000 13088872.0000 13294206.6700
13304422.0000 12942329.0000 13273467.3400
13375644.0000 12837735.0000 13337875.7550
13375644.0000 13006383.0000 13279393.5950
13390481.0000 13070836.0000 13349470.8600
13390481.0000 13078127.0000 13374094.4700
13431801.0000 13320815.0000 13413505.8300
13431801.0000 13241270.0000 13428799.9050
13431801.0000 13269150.0000 13428203.5200
13431801.0000 13275577.0000 13426492.4100
13431801.0000 13219614.0000 13427782.1700
13431801.0000 13273954.0000 13430683.1100
13431801.0000 13222691.0000 13430426.7950
13431801.0000 13230333.0000 13429320.5650
13431801.0000 13366070.0000 13431472.3450
13431801.0000 13431801.0000 13431801.0000
13434467.0000 13334375.0000 13431230.5300
13434467.0000 13431801.0000 13434440.3400
13518963.0000 13337041.0000 13476686.8100
13518963.0000 13309082.0000 13507879.8400
13518963.0000 13515028.0000 13518943.3250
13518963.0000 13238806.0000 13505875.6250
13518963.0000 13258804.0000 13506107.2800
13518963.0000 13421537.0000 13517506.6600
13518963.0000 13518963.0000 13518963.0000
13518963.0000 13518963.0000 13518963.0000
13518963.0000 13518963.0000 13518963.0000
13518963.0000 13518963.0000 13518963.0000
13518963.0000 13518963.0000 13518963.0000
13518963.0000 13518963.0000 13518963.0000
13518963.0000 13518963.0000 13518963.0000
13518963.0000 13518963.0000 13518963.0000
13518963.0000 13518963.0000 13518963.0000
13518963.0000 13518963.0000 13518963.0000
13518963.0000 13518963.0000 13518963.0000
