13157511.0000 12520821.0000 13084558.4950
13157511.0000 12433343.0000 13126210.5950
13208107.0000 12813695.0000 13164541.5750
13208107.0000 12838887.0000 13157334.4400
13208107.0000 12678386.0000 13105310.5000
13208107.0000 12793905.0000 13152510.1700
13311653.0000 12914623.0000 13277102.4600
13311653.0000 13013372.0000 13250624.0500
13311653.0000 12871592.0000 13218478.4700
13311653.0000 12974087.0000 13264834.3350
13430885.0000 12901686.0000 13375463.0300
13430885.0000 12919748.0000 13353618.1950
13431111.0000 13114443.0000 13413912.9400
13431111.0000 13278905.0000 13407784.9200
13431111.0000 13081654.0000 13417083.5650
13431111.0000 13108366.0000 13332566.0800
13431111.0000 13030148.0000 13340346.3150
13491239.0000 13065137.0000 13424299.1600
13491239.0000 13210800.0000 13430414.4950
13491239.0000 13081131.0000 13458481.6500
13491239.0000 13231492.0000 13479739.5250
13491239.0000 13241000.0000 13488352.1300
13491239.0000 13412268.0000 13490505.2350
13491239.0000 13491239.0000 13491239.0000
13491239.0000 13265586.0000 13487761.8150
13491239.0000 13263726.0000 13487440.4250
13491239.0000 13338483.0000 13490382.1700
13491239.0000 13263726.0000 13486362.1350
13491239.0000 13491239.0000 13491239.0000
13491239.0000 13421573.0000 13489497.3500
13491239.0000 13231568.0000 13486790.9600
13491239.0000 13219404.0000 13459948.5050
13491239.0000 13391617.0000 13489397.8200
13491239.0000 13311611.0000 13489644.2000
13491239.0000 13221328.0000 13484100.3000
13491239.0000 13198646.0000 13475927.6250
13491239.0000 13391617.0000 13490313.8600
13491239.0000 13491239.0000 13491239.0000
13491239.0000 13285135.0000 13489860.1500
13491239.0000 13491239.0000 13491239.0000
13491239.0000 13194060.0000 13465528.2100
13491239.0000 13491239.0000 13491239.0000
13491239.0000 13491239.0000 13491239.0000
13491239.0000 13491239.0000 13491239.0000
13491239.0000 13491239.0000 13491239.0000
13491239.0000 13491239.0000 13491239.0000
13491239.0000 13491239.0000 13491239.0000
13491239.0000 13491239.0000 13491239.0000
13491239.0000 13491239.0000 13491239.0000
13491239.0000 13491239.0000 13491239.0000
