13184219.0000 12739299.0000 13057709.8300
13184219.0000 12641292.0000 13156706.0250
13184219.0000 12747472.0000 13127924.0500
13184219.0000 12679129.0000 13054883.8300
13184219.0000 12744450.0000 13130579.9600
13184219.0000 12667906.0000 13116479.7600
13230863.0000 12721093.0000 13195524.3300
13319677.0000 12945293.0000 13276004.9300
13319677.0000 12625658.0000 13199475.5350
13319677.0000 12969130.0000 13244947.2450
13319677.0000 12786318.0000 13262739.3550
13319677.0000 13007164.0000 13258157.0550
13320121.0000 13179308.0000 13310920.7050
13320121.0000 13037130.0000 13305792.9100
13320121.0000 12853889.0000 13263392.1300
13374336.0000 13207346.0000 13349574.0850
13374336.0000 12841646.0000 13347743.9400
13374336.0000 13132825.0000 13364518.6200
13374336.0000 12824591.0000 13288277.8800
13374336.0000 13091140.0000 13319873.7350
13374336.0000 13233582.0000 13356544.4500
13374336.0000 13273704.0000 13372919.3950
13374336.0000 12993784.0000 13360814.3950
13402096.0000 13374336.0000 13395139.4400
13402096.0000 13302474.0000 13398230.8800
13402096.0000 13335096.0000 13401761.0000
13404762.0000 13271986.0000 13401840.1000
13404762.0000 13107266.0000 13395329.9100
13404762.0000 13347092.0000 13404446.9900
13404762.0000 13254091.0000 13402266.9950
13404762.0000 13404762.0000 13404762.0000
13404762.0000 13335096.0000 13404065.3400
13404762.0000 13404762.0000 13404762.0000
13404762.0000 13307336.0000 13403041.6700
13446780.0000 13304609.0000 13428913.6150
13446780.0000 13262751.0000 13440410.2700
13446780.0000 13147611.0000 13441215.2100
13446780.0000 13446780.0000 13446780.0000
13446780.0000 13351904.0000 13445831.2400
13446780.0000 13256699.0000 13441468.5400
13446780.0000 13137517.0000 13439455.5300
13446780.0000 13446780.0000 13446780.0000
13446780.0000 13446780.0000 13446780.0000
13446780.0000 13446780.0000 13446780.0000
13446780.0000 13446780.0000 13446780.0000
13446780.0000 13446780.0000 13446780.0000
13446780.0000 13446780.0000 13446780.0000
13446780.0000 13446780.0000 13446780.0000
13446780.0000 13446780.0000 13446780.0000
13446780.0000 13446780.0000 13446780.0000
