-2.094210000000000000e+05 -4.309769000000000000e+06 -7.354911099999999860e+05
-1.356690000000000000e+05 -6.943127000000000000e+06 -6.572969399999999441e+05
-1.356690000000000000e+05 -7.542749000000000000e+06 -8.309700400000000373e+05
-1.356690000000000000e+05 -8.524013000000000000e+06 -1.389246360000000102e+06
-1.356690000000000000e+05 -6.355089000000000000e+06 -4.764915900000000256e+05
-1.356690000000000000e+05 -3.631527000000000000e+06 -2.582190000000000000e+05
-1.356690000000000000e+05 -4.193227000000000000e+06 -3.640191799999999930e+05
-3.396500000000000000e+04 -3.044853000000000000e+06 -1.484785499999999884e+05
-3.396500000000000000e+04 -6.025995000000000000e+06 -3.278409299999999930e+05
-3.396500000000000000e+04 -7.774135000000000000e+06 -4.066074000000000233e+05
-3.396500000000000000e+04 -1.157459000000000000e+06 -1.800768800000000047e+05
-3.396500000000000000e+04 -3.485831000000000000e+06 -2.935968800000000047e+05
-3.396500000000000000e+04 -4.234727000000000000e+06 -5.103190100000000093e+05
-1.683000000000000000e+03 -3.289083000000000000e+06 -3.158037899999999790e+05
-1.683000000000000000e+03 -6.268661000000000000e+06 -5.255437800000000279e+05
-1.683000000000000000e+03 -4.865067000000000000e+06 -6.068893499999999767e+05
-1.683000000000000000e+03 -5.174091000000000000e+06 -2.948914799999999814e+05
-1.683000000000000000e+03 -6.651669000000000000e+06 -2.506798299999999872e+05
-1.683000000000000000e+03 -6.989637000000000000e+06 -5.885024499999999534e+05
-1.683000000000000000e+03 -4.356813000000000000e+06 -6.515216500000000233e+05
-1.683000000000000000e+03 -2.477369000000000000e+06 -2.058573399999999965e+05
-1.683000000000000000e+03 -4.232933000000000000e+06 -1.324128599999999860e+05
-1.683000000000000000e+03 -5.090175000000000000e+06 -7.242360799999999581e+05
-1.683000000000000000e+03 -2.993985000000000000e+06 -5.265037600000000093e+05
-9.050000000000000000e+02 -3.515433000000000000e+06 -2.134171400000000140e+05
-9.050000000000000000e+02 -5.819919000000000000e+06 -6.876849799999999814e+05
-9.050000000000000000e+02 -2.221153000000000000e+06 -3.362871900000000023e+05
-9.050000000000000000e+02 -3.101051000000000000e+06 -4.956998200000000070e+05
-9.050000000000000000e+02 -3.309981000000000000e+06 -2.585733599999999860e+05
-9.050000000000000000e+02 -5.609483000000000000e+06 -7.477482500000000000e+05
-9.050000000000000000e+02 -7.037245000000000000e+06 -1.142804040000000037e+06
-9.050000000000000000e+02 -2.851025000000000000e+06 -7.859848000000000466e+05
-9.050000000000000000e+02 -3.777925000000000000e+06 -4.172027000000000116e+05
-9.050000000000000000e+02 -3.119989000000000000e+06 -7.106684300000000512e+05
-9.050000000000000000e+02 -3.539829000000000000e+06 -1.773203200000000070e+05
-9.050000000000000000e+02 -3.029605000000000000e+06 -6.380529799999999814e+05
-9.050000000000000000e+02 -3.881619000000000000e+06 -5.693335300000000279e+05
-9.050000000000000000e+02 -5.450247000000000000e+06 -9.565690000000000000e+05
-9.050000000000000000e+02 -1.077331000000000000e+06 -2.203705599999999977e+05
-9.050000000000000000e+02 -6.764023000000000000e+06 -1.189270580000000075e+06
-9.050000000000000000e+02 -1.851899000000000000e+06 -3.700032999999999884e+05
-9.050000000000000000e+02 -2.264435000000000000e+06 -6.343494799999999814e+05
-9.050000000000000000e+02 -4.544937000000000000e+06 -8.049613399999999674e+05
-9.050000000000000000e+02 -2.527175000000000000e+06 -3.993094400000000023e+05
-9.050000000000000000e+02 -4.450075000000000000e+06 -1.471435889999999898e+06
-9.050000000000000000e+02 -1.700297000000000000e+06 -2.089908800000000047e+05
-9.050000000000000000e+02 -3.772563000000000000e+06 -4.993490599999999977e+05
-9.050000000000000000e+02 -5.825930000000000000e+05 -9.722616000000000349e+04
-9.050000000000000000e+02 -4.863787000000000000e+06 -6.183592600000000093e+05
-9.050000000000000000e+02 -2.487493000000000000e+06 -3.243612700000000186e+05
-9.050000000000000000e+02 -6.123547000000000000e+06 -4.393313499999999767e+05
-9.050000000000000000e+02 -3.695951000000000000e+06 -3.898230599999999977e+05
-9.050000000000000000e+02 -1.805415000000000000e+06 -2.118644200000000128e+05
-9.050000000000000000e+02 -2.328089000000000000e+06 -3.318847899999999790e+05
-9.050000000000000000e+02 -2.621219000000000000e+06 -3.057475100000000093e+05
-9.050000000000000000e+02 -1.050475000000000000e+06 -5.966593000000000029e+04
-9.050000000000000000e+02 -2.999179000000000000e+06 -3.640276500000000233e+05
-9.050000000000000000e+02 -2.864489000000000000e+06 -5.175251900000000023e+05
-9.050000000000000000e+02 -1.853755000000000000e+06 -3.264831300000000047e+05
-9.050000000000000000e+02 -2.676169000000000000e+06 -1.993865299999999988e+05
-9.050000000000000000e+02 -3.383465000000000000e+06 -4.828734400000000023e+05
-9.050000000000000000e+02 -1.170183000000000000e+06 -1.908653800000000047e+05
-9.050000000000000000e+02 -1.833689000000000000e+06 -2.119665499999999884e+05
-9.050000000000000000e+02 -1.856773000000000000e+06 -2.212435000000000000e+05
-9.050000000000000000e+02 -9.419110000000000000e+05 -1.545581400000000140e+05
-9.050000000000000000e+02 -3.108551000000000000e+06 -1.499599299999999930e+05
-9.050000000000000000e+02 -3.484961000000000000e+06 -9.270277999999999884e+04
-9.050000000000000000e+02 -1.961003000000000000e+06 -3.823208400000000256e+05
-9.050000000000000000e+02 -2.256133000000000000e+06 -3.773483400000000256e+05
-9.050000000000000000e+02 -2.620707000000000000e+06 -2.833390700000000070e+05
-9.050000000000000000e+02 -1.995171000000000000e+06 -1.743285100000000093e+05
-9.050000000000000000e+02 -2.046785000000000000e+06 -3.219722800000000279e+05
-9.050000000000000000e+02 -1.792893000000000000e+06 -1.530284700000000012e+05
-9.050000000000000000e+02 -3.248533000000000000e+06 -2.171283099999999977e+05
-9.050000000000000000e+02 -3.112513000000000000e+06 -4.572352999999999884e+05
-9.050000000000000000e+02 -1.736289000000000000e+06 -1.031112100000000064e+05
-9.050000000000000000e+02 -2.874685000000000000e+06 -1.320964400000000023e+05
-9.050000000000000000e+02 -1.720663000000000000e+06 -3.349211500000000233e+05
-9.050000000000000000e+02 -1.547827000000000000e+06 -2.986214600000000210e+05
-9.050000000000000000e+02 -1.339507000000000000e+06 -1.721362099999999919e+05
-9.050000000000000000e+02 -1.778341000000000000e+06 -2.530016499999999942e+05
-9.050000000000000000e+02 -1.947747000000000000e+06 -1.825716000000000058e+05
-9.050000000000000000e+02 -1.315803000000000000e+06 -1.854095000000000073e+04
-9.050000000000000000e+02 -6.855330000000000000e+05 -9.045558000000000175e+04
-9.050000000000000000e+02 -1.065753000000000000e+06 -1.037270399999999936e+05
-9.050000000000000000e+02 -1.300297000000000000e+06 -7.607936000000000058e+04
-9.050000000000000000e+02 -1.932511000000000000e+06 -8.412796000000000640e+04
-9.050000000000000000e+02 -1.186455000000000000e+06 -5.059330999999999767e+04
-9.050000000000000000e+02 -1.852143000000000000e+06 -8.815324000000000524e+04
-9.050000000000000000e+02 -1.191913000000000000e+06 -4.738751000000000204e+04
-9.050000000000000000e+02 -8.782570000000000000e+05 -5.309644999999999709e+04
-9.050000000000000000e+02 -1.758409000000000000e+06 -1.288164700000000012e+05
-9.050000000000000000e+02 -1.480915000000000000e+06 -3.598737500000000000e+05
-9.050000000000000000e+02 -6.485830000000000000e+05 -7.058855999999999767e+04
-9.050000000000000000e+02 -1.314637000000000000e+06 -2.363881000000000058e+05
-9.050000000000000000e+02 -9.033590000000000000e+05 -1.736444100000000035e+05
-9.050000000000000000e+02 -8.613770000000000000e+05 -9.235310000000000582e+04
-9.050000000000000000e+02 -1.378241000000000000e+06 -2.024311799999999930e+05
-9.050000000000000000e+02 -2.169123000000000000e+06 -2.205932500000000000e+05
-9.050000000000000000e+02 -1.867567000000000000e+06 -3.582246599999999744e+05
-9.050000000000000000e+02 -1.174327000000000000e+06 -1.485033900000000140e+05
-9.050000000000000000e+02 -9.036430000000000000e+05 -1.457307699999999895e+05
-9.050000000000000000e+02 -1.359423000000000000e+06 -2.971989099999999744e+05
-9.050000000000000000e+02 -1.434993000000000000e+06 -9.782427000000000407e+04
-9.050000000000000000e+02 -1.345471000000000000e+06 -1.679512399999999907e+05
-9.050000000000000000e+02 -9.183350000000000000e+05 -1.378355899999999965e+05
-9.050000000000000000e+02 -5.071730000000000000e+05 -1.033964799999999959e+05
-9.050000000000000000e+02 -8.965770000000000000e+05 -2.577574000000000160e+04
-9.050000000000000000e+02 -6.706610000000000000e+05 -7.193088999999999942e+04
-9.050000000000000000e+02 -1.465743000000000000e+06 -6.233291999999999825e+04
-9.050000000000000000e+02 -1.322253000000000000e+06 -2.035501099999999860e+05
-9.050000000000000000e+02 -4.817290000000000000e+05 -6.903538000000000466e+04
-9.050000000000000000e+02 -1.038797000000000000e+06 -8.443361000000000058e+04
-9.050000000000000000e+02 -1.695473000000000000e+06 -7.779547999999999593e+04
-9.050000000000000000e+02 -5.744050000000000000e+05 -1.024943800000000047e+05
-9.050000000000000000e+02 -1.143021000000000000e+06 -6.878260000000000582e+04
-9.050000000000000000e+02 -1.023185000000000000e+06 -1.856460000000000000e+05
-9.050000000000000000e+02 -6.613170000000000000e+05 -7.106349000000000524e+04
-9.050000000000000000e+02 -7.333370000000000000e+05 -7.791039999999999418e+04
-9.050000000000000000e+02 -1.045733000000000000e+06 -1.070869700000000012e+05
-9.050000000000000000e+02 -5.113930000000000000e+05 -1.606692000000000007e+04
-9.050000000000000000e+02 -1.338575000000000000e+06 -1.027270399999999936e+05
-9.050000000000000000e+02 -1.335235000000000000e+06 -1.805004299999999930e+05
-9.050000000000000000e+02 -8.448330000000000000e+05 -2.009129899999999907e+05
-9.050000000000000000e+02 -1.528477000000000000e+06 -1.516785000000000000e+05
-9.050000000000000000e+02 -1.148931000000000000e+06 -8.954053999999999360e+04
-9.050000000000000000e+02 -4.095350000000000000e+05 -5.968473000000000320e+04
-9.050000000000000000e+02 -1.262305000000000000e+06 -1.335954899999999907e+05
-9.050000000000000000e+02 -9.983110000000000000e+05 -9.124913000000000466e+04
-9.050000000000000000e+02 -1.180533000000000000e+06 -1.291651100000000006e+05
-9.050000000000000000e+02 -5.880530000000000000e+05 -9.899547000000000116e+04
-9.050000000000000000e+02 -9.528910000000000000e+05 -9.321650000000000000e+04
-9.050000000000000000e+02 -3.581867000000000000e+06 -2.317046099999999860e+05
-9.050000000000000000e+02 -1.395697000000000000e+06 -1.924821799999999930e+05
-9.050000000000000000e+02 -5.982530000000000000e+05 -8.936422000000000116e+04
-9.050000000000000000e+02 -4.255650000000000000e+05 -3.076909000000000015e+04
-9.050000000000000000e+02 -1.087883000000000000e+06 -1.252461600000000035e+05
-9.050000000000000000e+02 -1.335417000000000000e+06 -2.136545299999999988e+05
-9.050000000000000000e+02 -1.227871000000000000e+06 -1.922708999999999942e+05
-9.050000000000000000e+02 -8.208770000000000000e+05 -1.063553099999999977e+05
-9.050000000000000000e+02 -8.043790000000000000e+05 -1.736153900000000140e+05
-9.050000000000000000e+02 -4.289950000000000000e+05 -1.336134299999999930e+05
-9.050000000000000000e+02 -1.578259000000000000e+06 -2.172084400000000023e+05
-9.050000000000000000e+02 -5.769770000000000000e+05 -5.314297000000000116e+04
-9.050000000000000000e+02 -1.554061000000000000e+06 -2.079272399999999907e+05
-9.050000000000000000e+02 -2.836527000000000000e+06 -5.693872000000000116e+04
-9.050000000000000000e+02 -1.346831000000000000e+06 -1.304431199999999953e+05
-9.050000000000000000e+02 -5.289750000000000000e+05 -1.021438000000000029e+05
-9.050000000000000000e+02 -3.232110000000000000e+05 -3.907437000000000262e+04
-9.050000000000000000e+02 -1.437263000000000000e+06 -3.922902299999999814e+05
-9.050000000000000000e+02 -2.914619000000000000e+06 -6.870470500000000466e+05
-9.050000000000000000e+02 -1.369075000000000000e+06 -1.244605099999999948e+05
-9.050000000000000000e+02 -2.560431000000000000e+06 -3.068041400000000140e+05
-9.050000000000000000e+02 -1.173335000000000000e+06 -1.152766199999999953e+05
-9.050000000000000000e+02 -1.264053000000000000e+06 -5.462826999999999680e+04
-9.050000000000000000e+02 -1.038085000000000000e+06 -7.214169999999999709e+04
-9.050000000000000000e+02 -1.518201000000000000e+06 -2.196524500000000116e+05
-9.050000000000000000e+02 -6.205070000000000000e+05 -3.258152000000000044e+04
-9.050000000000000000e+02 -1.257453000000000000e+06 -6.271481999999999971e+04
-9.050000000000000000e+02 -7.749290000000000000e+05 -4.062826999999999680e+04
-9.050000000000000000e+02 -1.346883000000000000e+06 -1.587976900000000023e+05
-9.050000000000000000e+02 -9.403700000000000000e+04 -1.541089999999999918e+03
-9.050000000000000000e+02 -9.050000000000000000e+02 -9.050000000000000000e+02
-9.050000000000000000e+02 -9.050000000000000000e+02 -9.050000000000000000e+02
-9.050000000000000000e+02 -9.050000000000000000e+02 -9.050000000000000000e+02
-9.050000000000000000e+02 -9.050000000000000000e+02 -9.050000000000000000e+02
-9.050000000000000000e+02 -9.050000000000000000e+02 -9.050000000000000000e+02
-9.050000000000000000e+02 -9.050000000000000000e+02 -9.050000000000000000e+02
-9.050000000000000000e+02 -9.050000000000000000e+02 -9.050000000000000000e+02
-9.050000000000000000e+02 -9.050000000000000000e+02 -9.050000000000000000e+02
-9.050000000000000000e+02 -6.889900000000000000e+04 -1.244970000000000027e+03
-9.050000000000000000e+02 -9.050000000000000000e+02 -9.050000000000000000e+02
-9.050000000000000000e+02 -9.050000000000000000e+02 -9.050000000000000000e+02
-9.050000000000000000e+02 -1.183210000000000000e+05 -1.492079999999999927e+03
-9.050000000000000000e+02 -1.447950000000000000e+05 -1.624450000000000045e+03
-9.050000000000000000e+02 -2.651450000000000000e+05 -2.698099999999999909e+03
-9.050000000000000000e+02 -9.050000000000000000e+02 -9.050000000000000000e+02
-9.050000000000000000e+02 -9.050000000000000000e+02 -9.050000000000000000e+02
-9.050000000000000000e+02 -9.050000000000000000e+02 -9.050000000000000000e+02
-9.050000000000000000e+02 -9.050000000000000000e+02 -9.050000000000000000e+02
-9.050000000000000000e+02 -9.050000000000000000e+02 -9.050000000000000000e+02
-9.050000000000000000e+02 -9.050000000000000000e+02 -9.050000000000000000e+02
-9.050000000000000000e+02 -1.273100000000000000e+04 -9.641299999999999955e+02
-9.050000000000000000e+02 -1.609390000000000000e+05 -5.293680000000000291e+03
-9.050000000000000000e+02 -1.165850000000000000e+05 -1.483400000000000091e+03
-9.050000000000000000e+02 -9.050000000000000000e+02 -9.050000000000000000e+02
-9.050000000000000000e+02 -6.607100000000000000e+04 -1.230829999999999927e+03
-9.050000000000000000e+02 -9.050000000000000000e+02 -9.050000000000000000e+02
-9.050000000000000000e+02 -9.050000000000000000e+02 -9.050000000000000000e+02
-9.050000000000000000e+02 -9.050000000000000000e+02 -9.050000000000000000e+02
-9.050000000000000000e+02 -9.050000000000000000e+02 -9.050000000000000000e+02
-9.050000000000000000e+02 -9.050000000000000000e+02 -9.050000000000000000e+02
-9.050000000000000000e+02 -9.050000000000000000e+02 -9.050000000000000000e+02
-9.050000000000000000e+02 -9.050000000000000000e+02 -9.050000000000000000e+02
-9.050000000000000000e+02 -9.050000000000000000e+02 -9.050000000000000000e+02
-9.050000000000000000e+02 -9.050000000000000000e+02 -9.050000000000000000e+02
-9.050000000000000000e+02 -1.902490000000000000e+05 -3.745159999999999854e+03
-9.050000000000000000e+02 -9.228300000000000000e+04 -2.275670000000000073e+03
-9.050000000000000000e+02 -9.050000000000000000e+02 -9.050000000000000000e+02
-9.050000000000000000e+02 -4.327030000000000000e+05 -3.063989999999999782e+03
