-2.003210000000000000e+05 -6.251293000000000000e+06 -1.817115469999999972e+06
-2.003210000000000000e+05 -6.679103000000000000e+06 -1.614242830000000075e+06
-2.003210000000000000e+05 -3.985623000000000000e+06 -7.322409200000000419e+05
-2.003210000000000000e+05 -4.280433000000000000e+06 -7.403069100000000326e+05
-2.003210000000000000e+05 -5.146313000000000000e+06 -5.636715899999999674e+05
-1.381730000000000000e+05 -4.681617000000000000e+06 -3.639975300000000279e+05
-1.381730000000000000e+05 -3.283845000000000000e+06 -3.392849899999999907e+05
-1.381730000000000000e+05 -3.730659000000000000e+06 -6.864221500000000233e+05
-1.381730000000000000e+05 -5.653309000000000000e+06 -1.045905300000000047e+06
-1.381730000000000000e+05 -2.982177000000000000e+06 -4.776262700000000186e+05
-1.381730000000000000e+05 -2.326263000000000000e+06 -3.970617100000000210e+05
-1.381730000000000000e+05 -3.770845000000000000e+06 -5.838865699999999488e+05
-1.381730000000000000e+05 -3.054479000000000000e+06 -4.238851099999999860e+05
-1.381730000000000000e+05 -4.993167000000000000e+06 -9.596873100000000559e+05
-6.649100000000000000e+04 -1.015888900000000000e+07 -7.666735699999999488e+05
-6.649100000000000000e+04 -7.545057000000000000e+06 -1.004303479999999981e+06
-6.649100000000000000e+04 -5.472409000000000000e+06 -9.768972299999999814e+05
-6.649100000000000000e+04 -5.762705000000000000e+06 -2.710052000000000116e+05
-6.649100000000000000e+04 -6.427763000000000000e+06 -3.212131599999999744e+05
-3.239100000000000000e+04 -3.877613000000000000e+06 -4.220473800000000047e+05
-3.239100000000000000e+04 -1.656141000000000000e+06 -4.478517100000000210e+05
-3.239100000000000000e+04 -7.521023000000000000e+06 -9.855565400000000373e+05
-3.239100000000000000e+04 -7.399675000000000000e+06 -1.298556459999999963e+06
-3.239100000000000000e+04 -2.953585000000000000e+06 -2.168987799999999988e+05
-3.239100000000000000e+04 -3.861451000000000000e+06 -3.308270999999999767e+05
-3.239100000000000000e+04 -5.536849000000000000e+06 -4.391093800000000047e+05
-3.239100000000000000e+04 -6.058939000000000000e+06 -3.998038099999999977e+05
-3.239100000000000000e+04 -2.487227000000000000e+06 -4.443145399999999790e+05
-3.239100000000000000e+04 -4.695661000000000000e+06 -8.148496899999999441e+05
-3.239100000000000000e+04 -4.792225000000000000e+06 -6.285507700000000186e+05
-3.239100000000000000e+04 -2.977547000000000000e+06 -3.901388900000000140e+05
-3.239100000000000000e+04 -4.400783000000000000e+06 -4.393597000000000116e+05
-3.239100000000000000e+04 -1.713959000000000000e+06 -3.031624600000000210e+05
-3.239100000000000000e+04 -1.581045000000000000e+06 -1.187310399999999936e+05
-3.239100000000000000e+04 -2.264649000000000000e+06 -2.862646799999999930e+05
-3.239100000000000000e+04 -2.535235000000000000e+06 -1.869249500000000116e+05
-3.239100000000000000e+04 -6.153719000000000000e+06 -3.404470000000000000e+05
-3.239100000000000000e+04 -6.206879000000000000e+06 -6.809833399999999674e+05
-3.239100000000000000e+04 -9.639509000000000000e+06 -1.225451510000000009e+06
-3.239100000000000000e+04 -5.666759000000000000e+06 -4.289463599999999860e+05
-3.239100000000000000e+04 -5.824129000000000000e+06 -4.006296699999999837e+05
-3.239100000000000000e+04 -8.596270000000000000e+05 -1.095868500000000058e+05
-5.269000000000000000e+03 -2.856885000000000000e+06 -1.471095299999999988e+05
-5.269000000000000000e+03 -2.074291000000000000e+06 -2.771729799999999814e+05
-5.269000000000000000e+03 -9.100270000000000000e+05 -1.994652900000000081e+05
-5.269000000000000000e+03 -2.258357000000000000e+06 -4.751783200000000070e+05
-5.269000000000000000e+03 -3.101003000000000000e+06 -1.532036099999999860e+05
-5.269000000000000000e+03 -1.535879000000000000e+06 -1.647803500000000058e+05
-5.269000000000000000e+03 -4.160191000000000000e+06 -2.068621000000000058e+05
-5.269000000000000000e+03 -3.535171000000000000e+06 -2.175588399999999965e+05
-5.269000000000000000e+03 -3.108661000000000000e+06 -2.808825100000000093e+05
-5.269000000000000000e+03 -2.799257000000000000e+06 -4.541775100000000093e+05
-5.269000000000000000e+03 -3.372127000000000000e+06 -2.947032100000000210e+05
-5.269000000000000000e+03 -2.121207000000000000e+06 -6.951164399999999441e+05
-5.269000000000000000e+03 -3.744739000000000000e+06 -2.384846700000000128e+05
-5.269000000000000000e+03 -3.009181000000000000e+06 -5.035406699999999837e+05
-5.269000000000000000e+03 -2.487777000000000000e+06 -2.239673800000000047e+05
-5.269000000000000000e+03 -2.416605000000000000e+06 -2.991351599999999744e+05
-5.269000000000000000e+03 -1.129237000000000000e+06 -1.534642999999999884e+05
-5.269000000000000000e+03 -4.221363000000000000e+06 -4.299663699999999953e+05
-5.269000000000000000e+03 -3.386067000000000000e+06 -3.465555499999999884e+05
-5.269000000000000000e+03 -9.889130000000000000e+05 -5.000058999999999651e+04
-5.269000000000000000e+03 -1.322541000000000000e+06 -9.946442999999999302e+04
-5.269000000000000000e+03 -2.092313000000000000e+06 -3.428753599999999860e+05
-5.269000000000000000e+03 -7.749050000000000000e+05 -1.161371799999999930e+05
-5.269000000000000000e+03 -1.845631000000000000e+06 -2.480371400000000140e+05
-5.269000000000000000e+03 -1.158999000000000000e+06 -1.104085000000000000e+05
-5.269000000000000000e+03 -2.567145000000000000e+06 -2.750847399999999907e+05
-5.269000000000000000e+03 -3.403461000000000000e+06 -8.420637299999999814e+05
-5.269000000000000000e+03 -4.286013000000000000e+06 -1.936294200000000128e+05
-5.269000000000000000e+03 -3.005341000000000000e+06 -2.487822200000000012e+05
-5.269000000000000000e+03 -2.241533000000000000e+06 -4.261055599999999977e+05
-5.269000000000000000e+03 -1.987285000000000000e+06 -1.359703399999999965e+05
-5.269000000000000000e+03 -1.407799000000000000e+06 -1.014277500000000000e+05
-5.269000000000000000e+03 -2.267829000000000000e+06 -3.558822399999999907e+05
-5.269000000000000000e+03 -1.818741000000000000e+06 -2.592261000000000058e+05
-5.269000000000000000e+03 -3.574917000000000000e+06 -6.856742099999999627e+05
-5.269000000000000000e+03 -2.684279000000000000e+06 -2.233177000000000116e+05
-5.269000000000000000e+03 -1.113289000000000000e+06 -1.602523599999999860e+05
-5.269000000000000000e+03 -7.533310000000000000e+05 -9.836972000000000116e+04
-5.269000000000000000e+03 -2.659177000000000000e+06 -2.378147699999999895e+05
-5.269000000000000000e+03 -6.989310000000000000e+05 -6.477823000000000320e+04
-5.269000000000000000e+03 -1.976421000000000000e+06 -2.738382100000000210e+05
-5.269000000000000000e+03 -1.635319000000000000e+06 -1.302429299999999930e+05
-5.269000000000000000e+03 -1.655367000000000000e+06 -6.984503999999999360e+04
-5.269000000000000000e+03 -4.427050000000000000e+05 -7.978349000000000524e+04
-5.269000000000000000e+03 -6.315650000000000000e+05 -7.953078999999999360e+04
-5.269000000000000000e+03 -1.447631000000000000e+06 -2.094243399999999965e+05
-5.269000000000000000e+03 -1.427299000000000000e+06 -8.587388999999999942e+04
-5.269000000000000000e+03 -1.655529000000000000e+06 -1.912657099999999919e+05
-5.269000000000000000e+03 -9.376350000000000000e+05 -1.269875099999999948e+05
-5.269000000000000000e+03 -2.953907000000000000e+06 -2.447929800000000105e+05
-5.269000000000000000e+03 -1.183177000000000000e+06 -1.410237699999999895e+05
-5.269000000000000000e+03 -9.481730000000000000e+05 -6.053173000000000320e+04
-5.269000000000000000e+03 -6.204330000000000000e+05 -2.111943999999999869e+04
-5.269000000000000000e+03 -1.033523000000000000e+06 -5.534101000000000204e+04
-5.269000000000000000e+03 -2.147741000000000000e+06 -2.337208399999999965e+05
-5.269000000000000000e+03 -1.699859000000000000e+06 -2.762326799999999930e+05
-5.269000000000000000e+03 -1.176783000000000000e+06 -1.339056099999999860e+05
-5.269000000000000000e+03 -1.939367000000000000e+06 -1.531036099999999860e+05
-5.269000000000000000e+03 -1.936855000000000000e+06 -1.922256900000000023e+05
-5.269000000000000000e+03 -1.401373000000000000e+06 -1.871772399999999907e+05
-5.269000000000000000e+03 -8.611630000000000000e+05 -5.398234999999999854e+04
-5.269000000000000000e+03 -1.124791000000000000e+06 -5.139561000000000058e+04
-5.269000000000000000e+03 -1.216303000000000000e+06 -6.511516999999999825e+04
-5.269000000000000000e+03 -1.273087000000000000e+06 -1.080233399999999965e+05
-5.269000000000000000e+03 -6.905890000000000000e+05 -1.546804700000000012e+05
-5.269000000000000000e+03 -6.501170000000000000e+05 -1.959825499999999884e+05
-5.269000000000000000e+03 -2.045159000000000000e+06 -4.597586000000000058e+04
-5.269000000000000000e+03 -7.513890000000000000e+05 -2.422279599999999919e+05
-5.269000000000000000e+03 -1.367527000000000000e+06 -5.905652999999999884e+04
-5.269000000000000000e+03 -7.924310000000000000e+05 -1.469439100000000035e+05
-5.269000000000000000e+03 -9.826970000000000000e+05 -8.045497000000000116e+04
-5.269000000000000000e+03 -1.179239000000000000e+06 -2.203163800000000047e+05
-5.269000000000000000e+03 -1.170257000000000000e+06 -6.304930999999999767e+04
-5.269000000000000000e+03 -4.348250000000000000e+05 -2.977334000000000015e+04
-5.269000000000000000e+03 -1.175559000000000000e+06 -1.073733899999999994e+05
-5.269000000000000000e+03 -1.871869000000000000e+06 -1.268324299999999930e+05
-5.269000000000000000e+03 -9.516770000000000000e+05 -1.531040199999999895e+05
-5.269000000000000000e+03 -9.558650000000000000e+05 -1.681594800000000105e+05
-5.269000000000000000e+03 -1.664487000000000000e+06 -2.009471799999999930e+05
-5.269000000000000000e+03 -2.256205000000000000e+06 -6.545304000000000087e+04
-2.379000000000000000e+03 -3.729530000000000000e+05 -8.204500000000000000e+03
-2.379000000000000000e+03 -1.808551000000000000e+06 -2.836425700000000070e+05
-2.379000000000000000e+03 -1.516927000000000000e+06 -3.618187000000000116e+05
-2.379000000000000000e+03 -8.272750000000000000e+05 -9.175027999999999884e+04
-2.379000000000000000e+03 -1.556073000000000000e+06 -1.127336600000000035e+05
-2.379000000000000000e+03 -1.584333000000000000e+06 -1.133958099999999977e+05
-5.670000000000000000e+02 -1.134327000000000000e+06 -6.113197000000000116e+04
-5.670000000000000000e+02 -6.727850000000000000e+05 -2.478436999999999898e+04
-5.670000000000000000e+02 -8.444750000000000000e+05 -6.814728999999999360e+04
-5.670000000000000000e+02 -8.733190000000000000e+05 -1.201283800000000047e+05
-5.670000000000000000e+02 -7.040810000000000000e+05 -9.873852999999999884e+04
-5.670000000000000000e+02 -7.040810000000000000e+05 -3.507712999999999738e+04
-5.670000000000000000e+02 -4.179670000000000000e+05 -6.276062999999999738e+04
-5.670000000000000000e+02 -8.143750000000000000e+05 -1.391931600000000035e+05
-5.670000000000000000e+02 -7.467330000000000000e+05 -5.822147000000000116e+04
-5.670000000000000000e+02 -1.934623000000000000e+06 -4.969850999999999767e+05
-5.670000000000000000e+02 -1.085449000000000000e+06 -8.547264999999999418e+04
-5.670000000000000000e+02 -8.352670000000000000e+05 -1.393284400000000023e+05
-5.670000000000000000e+02 -1.464123000000000000e+06 -2.474937200000000012e+05
-5.670000000000000000e+02 -1.919501000000000000e+06 -2.056024899999999907e+05
-5.670000000000000000e+02 -1.107047000000000000e+06 -1.255535700000000070e+05
-5.670000000000000000e+02 -1.182185000000000000e+06 -1.499373099999999977e+05
-5.670000000000000000e+02 -1.928831000000000000e+06 -2.926978800000000047e+05
-5.670000000000000000e+02 -1.463789000000000000e+06 -4.515933999999999651e+04
-5.670000000000000000e+02 -7.984010000000000000e+05 -7.830780999999999767e+04
-5.670000000000000000e+02 -5.061110000000000000e+05 -2.527025999999999840e+04
-5.670000000000000000e+02 -4.369230000000000000e+05 -5.831060000000000400e+03
-5.670000000000000000e+02 -8.534450000000000000e+05 -2.359722000000000116e+04
-5.670000000000000000e+02 -1.567175000000000000e+06 -1.544784200000000128e+05
-5.670000000000000000e+02 -8.322310000000000000e+05 -2.764683000000000175e+04
-5.670000000000000000e+02 -9.198050000000000000e+05 -1.545734800000000105e+05
-5.670000000000000000e+02 -1.254187000000000000e+06 -2.385620000000000000e+05
-5.670000000000000000e+02 -1.502931000000000000e+06 -1.875693299999999872e+05
-5.670000000000000000e+02 -1.474769000000000000e+06 -1.361883800000000047e+05
-5.670000000000000000e+02 -4.004090000000000000e+05 -4.902519000000000233e+04
-5.670000000000000000e+02 -6.470330000000000000e+05 -4.959447000000000116e+04
-5.670000000000000000e+02 -1.696827000000000000e+06 -3.911067999999999884e+05
-5.670000000000000000e+02 -2.002395000000000000e+06 -3.832162100000000210e+05
-5.670000000000000000e+02 -1.116027000000000000e+06 -1.728245199999999895e+05
-5.670000000000000000e+02 -5.670000000000000000e+02 -5.670000000000000000e+02
-5.670000000000000000e+02 -5.670000000000000000e+02 -5.670000000000000000e+02
-5.670000000000000000e+02 -5.670000000000000000e+02 -5.670000000000000000e+02
-5.670000000000000000e+02 -5.670000000000000000e+02 -5.670000000000000000e+02
-5.670000000000000000e+02 -5.670000000000000000e+02 -5.670000000000000000e+02
-5.670000000000000000e+02 -5.670000000000000000e+02 -5.670000000000000000e+02
-6.300000000000000000e+01 -5.670000000000000000e+02 -3.023999999999999773e+02
-6.300000000000000000e+01 -5.670000000000000000e+02 -7.307999999999999829e+01
-6.300000000000000000e+01 -6.300000000000000000e+01 -6.300000000000000000e+01
-6.300000000000000000e+01 -6.300000000000000000e+01 -6.300000000000000000e+01
-6.300000000000000000e+01 -6.300000000000000000e+01 -6.300000000000000000e+01
-6.300000000000000000e+01 -6.300000000000000000e+01 -6.300000000000000000e+01
-6.300000000000000000e+01 -6.300000000000000000e+01 -6.300000000000000000e+01
-6.300000000000000000e+01 -6.300000000000000000e+01 -6.300000000000000000e+01
-6.300000000000000000e+01 -6.300000000000000000e+01 -6.300000000000000000e+01
-6.300000000000000000e+01 -5.998810000000000000e+05 -5.967579999999999927e+03
-6.300000000000000000e+01 -6.300000000000000000e+01 -6.300000000000000000e+01
-6.300000000000000000e+01 -9.395900000000000000e+04 -1.001960000000000036e+03
-6.300000000000000000e+01 -6.300000000000000000e+01 -6.300000000000000000e+01
-6.300000000000000000e+01 -6.300000000000000000e+01 -6.300000000000000000e+01
-6.300000000000000000e+01 -6.300000000000000000e+01 -6.300000000000000000e+01
-6.300000000000000000e+01 -6.300000000000000000e+01 -6.300000000000000000e+01
-6.300000000000000000e+01 -6.300000000000000000e+01 -6.300000000000000000e+01
-6.300000000000000000e+01 -4.610870000000000000e+05 -2.368119999999999891e+03
-6.300000000000000000e+01 -6.300000000000000000e+01 -6.300000000000000000e+01
-6.300000000000000000e+01 -6.143500000000000000e+04 -3.698600000000000136e+02
-6.300000000000000000e+01 -6.300000000000000000e+01 -6.300000000000000000e+01
-6.300000000000000000e+01 -6.300000000000000000e+01 -6.300000000000000000e+01
-6.300000000000000000e+01 -4.602770000000000000e+05 -2.364070000000000164e+03
-6.300000000000000000e+01 -6.300000000000000000e+01 -6.300000000000000000e+01
-6.300000000000000000e+01 -6.300000000000000000e+01 -6.300000000000000000e+01
-6.300000000000000000e+01 -6.300000000000000000e+01 -6.300000000000000000e+01
-6.300000000000000000e+01 -6.300000000000000000e+01 -6.300000000000000000e+01
-6.300000000000000000e+01 -6.300000000000000000e+01 -6.300000000000000000e+01
-6.300000000000000000e+01 -6.300000000000000000e+01 -6.300000000000000000e+01
-6.300000000000000000e+01 -6.300000000000000000e+01 -6.300000000000000000e+01
-6.300000000000000000e+01 -6.300000000000000000e+01 -6.300000000000000000e+01
-6.300000000000000000e+01 -6.497070000000000000e+05 -4.657460000000000036e+03
-6.300000000000000000e+01 -6.300000000000000000e+01 -6.300000000000000000e+01
