-5.948500000000000000e+04 -5.191459000000000000e+06 -9.741783299999999581e+05
-5.948500000000000000e+04 -8.954621000000000000e+06 -1.080189360000000102e+06
-5.948500000000000000e+04 -3.214187000000000000e+06 -4.652359000000000233e+05
-5.948500000000000000e+04 -2.994727000000000000e+06 -6.992116999999999534e+05
-5.948500000000000000e+04 -3.021449000000000000e+06 -2.335054200000000128e+05
-5.948500000000000000e+04 -2.845791000000000000e+06 -4.379020700000000070e+05
-5.948500000000000000e+04 -2.636893000000000000e+06 -4.715775700000000070e+05
-5.948500000000000000e+04 -2.957495000000000000e+06 -3.800824099999999744e+05
-5.948500000000000000e+04 -7.455457000000000000e+06 -1.086786899999999907e+06
-5.948500000000000000e+04 -6.909667000000000000e+06 -1.952467010000000009e+06
-5.948500000000000000e+04 -4.771951000000000000e+06 -1.005706119999999995e+06
-5.948500000000000000e+04 -4.560951000000000000e+06 -6.177579499999999534e+05
-5.948500000000000000e+04 -6.035165000000000000e+06 -4.536959600000000210e+05
-5.948500000000000000e+04 -4.175415000000000000e+06 -3.902490399999999790e+05
-5.948500000000000000e+04 -4.022009000000000000e+06 -6.642621500000000233e+05
-5.948500000000000000e+04 -3.849335000000000000e+06 -4.573637000000000116e+05
-5.948500000000000000e+04 -7.142989000000000000e+06 -6.713396099999999860e+05
-5.948500000000000000e+04 -6.307119000000000000e+06 -3.761679000000000233e+05
-5.948500000000000000e+04 -3.290959000000000000e+06 -4.303232999999999884e+05
-5.948500000000000000e+04 -3.076541000000000000e+06 -5.316561400000000140e+05
-5.948500000000000000e+04 -5.897547000000000000e+06 -6.239536600000000326e+05
-5.948500000000000000e+04 -4.930547000000000000e+06 -8.903275799999999581e+05
-5.948500000000000000e+04 -4.382065000000000000e+06 -5.097738099999999977e+05
-5.948500000000000000e+04 -6.885107000000000000e+06 -1.091558570000000065e+06
-1.230000000000000000e+02 -2.366007000000000000e+06 -1.429235000000000000e+05
-1.230000000000000000e+02 -5.616443000000000000e+06 -5.863932800000000279e+05
-1.230000000000000000e+02 -3.548285000000000000e+06 -5.937097800000000279e+05
-1.230000000000000000e+02 -3.273689000000000000e+06 -2.079269800000000105e+05
-1.230000000000000000e+02 -2.614685000000000000e+06 -3.937448599999999860e+05
-1.230000000000000000e+02 -2.247947000000000000e+06 -2.178745599999999977e+05
-1.230000000000000000e+02 -3.811295000000000000e+06 -2.590899500000000116e+05
-1.230000000000000000e+02 -4.568073000000000000e+06 -3.159526400000000140e+05
-1.230000000000000000e+02 -4.674239000000000000e+06 -2.429172300000000105e+05
-1.230000000000000000e+02 -1.000224700000000000e+07 -4.996398699999999953e+05
-1.230000000000000000e+02 -4.935481000000000000e+06 -6.318629399999999441e+05
-1.230000000000000000e+02 -6.327585000000000000e+06 -6.978467900000000373e+05
-1.230000000000000000e+02 -3.215567000000000000e+06 -4.965280499999999884e+05
-1.230000000000000000e+02 -6.885191000000000000e+06 -1.354194060000000056e+06
-1.230000000000000000e+02 -3.638621000000000000e+06 -5.797435899999999674e+05
-1.230000000000000000e+02 -3.605175000000000000e+06 -5.731954699999999721e+05
-1.230000000000000000e+02 -5.051535000000000000e+06 -4.895449899999999907e+05
-1.230000000000000000e+02 -1.857785000000000000e+06 -1.421433500000000058e+05
-1.230000000000000000e+02 -3.259295000000000000e+06 -5.697297500000000000e+05
-1.230000000000000000e+02 -3.252675000000000000e+06 -1.872262000000000116e+05
-1.230000000000000000e+02 -2.174027000000000000e+06 -2.812791400000000140e+05
-1.230000000000000000e+02 -2.726533000000000000e+06 -4.718687199999999721e+05
-1.230000000000000000e+02 -1.327953000000000000e+06 -2.173653500000000058e+05
-1.230000000000000000e+02 -4.390445000000000000e+06 -8.554186199999999953e+05
-1.230000000000000000e+02 -2.685023000000000000e+06 -3.146665599999999977e+05
-1.230000000000000000e+02 -4.266783000000000000e+06 -4.959445200000000186e+05
-1.230000000000000000e+02 -3.685659000000000000e+06 -1.736923599999999860e+05
-1.230000000000000000e+02 -3.591539000000000000e+06 -2.747836900000000023e+05
-1.230000000000000000e+02 -2.919659000000000000e+06 -3.046212100000000210e+05
-1.230000000000000000e+02 -5.643499000000000000e+06 -5.605256199999999953e+05
-1.230000000000000000e+02 -3.767043000000000000e+06 -3.884423099999999977e+05
-1.230000000000000000e+02 -3.562047000000000000e+06 -4.176622299999999814e+05
-1.230000000000000000e+02 -1.948335000000000000e+06 -1.205797400000000052e+05
-1.230000000000000000e+02 -3.260161000000000000e+06 -3.524721199999999953e+05
-1.230000000000000000e+02 -3.759753000000000000e+06 -4.158927199999999721e+05
-1.230000000000000000e+02 -2.098525000000000000e+06 -2.116677099999999919e+05
-1.230000000000000000e+02 -4.712679000000000000e+06 -7.472237399999999907e+05
-1.230000000000000000e+02 -8.902730000000000000e+05 -8.129941000000000349e+04
-1.230000000000000000e+02 -8.719910000000000000e+05 -1.491405400000000081e+05
-1.230000000000000000e+02 -1.940943000000000000e+06 -3.998970700000000070e+05
-1.230000000000000000e+02 -1.441443000000000000e+06 -1.286307299999999959e+05
-1.230000000000000000e+02 -1.318753000000000000e+06 -2.396437900000000081e+05
-1.230000000000000000e+02 -4.426470000000000000e+05 -7.034247000000000116e+04
-1.230000000000000000e+02 -1.622125000000000000e+06 -1.379382500000000000e+05
-1.230000000000000000e+02 -2.984421000000000000e+06 -9.455628999999999360e+04
-1.230000000000000000e+02 -3.603319000000000000e+06 -4.169982800000000279e+05
-1.230000000000000000e+02 -2.129263000000000000e+06 -2.258936900000000023e+05
-1.230000000000000000e+02 -2.911227000000000000e+06 -2.069504599999999919e+05
-1.230000000000000000e+02 -9.857950000000000000e+05 -1.512140599999999977e+05
-1.230000000000000000e+02 -2.342073000000000000e+06 -3.761272600000000093e+05
-1.230000000000000000e+02 -1.682023000000000000e+06 -2.232179700000000012e+05
-1.230000000000000000e+02 -2.148257000000000000e+06 -4.085726699999999837e+05
-1.230000000000000000e+02 -8.934770000000000000e+05 -1.228150500000000029e+05
-1.230000000000000000e+02 -2.602041000000000000e+06 -1.924709299999999930e+05
-1.230000000000000000e+02 -1.213339000000000000e+06 -1.531456600000000035e+05
-1.230000000000000000e+02 -1.304709000000000000e+06 -1.576378099999999977e+05
-1.230000000000000000e+02 -2.340295000000000000e+06 -4.755867399999999907e+05
-1.230000000000000000e+02 -1.935091000000000000e+06 -2.935302299999999814e+05
-1.230000000000000000e+02 -1.336109000000000000e+06 -1.232911600000000035e+05
-1.230000000000000000e+02 -1.533365000000000000e+06 -1.458575599999999977e+05
-1.230000000000000000e+02 -6.998190000000000000e+05 -9.062478999999999360e+04
-1.230000000000000000e+02 -1.680167000000000000e+06 -7.655053999999999360e+04
-1.230000000000000000e+02 -6.594350000000000000e+05 -5.713372000000000116e+04
-1.230000000000000000e+02 -1.010603000000000000e+06 -5.930506999999999971e+04
-1.230000000000000000e+02 -1.424963000000000000e+06 -1.515378500000000058e+05
-1.230000000000000000e+02 -1.391339000000000000e+06 -2.428905899999999965e+05
-1.230000000000000000e+02 -7.063070000000000000e+05 -3.813637000000000262e+04
-1.230000000000000000e+02 -7.141610000000000000e+05 -6.364248999999999796e+04
-1.230000000000000000e+02 -1.500579000000000000e+06 -1.584310499999999884e+05
-1.230000000000000000e+02 -1.596071000000000000e+06 -7.451719000000000233e+04
-1.230000000000000000e+02 -5.475390000000000000e+05 -8.630078999999999360e+04
-1.230000000000000000e+02 -5.241850000000000000e+05 -2.778597000000000116e+04
-1.230000000000000000e+02 -1.607129000000000000e+06 -5.548493299999999581e+05
-1.230000000000000000e+02 -2.973070000000000000e+05 -3.766286000000000058e+04
-1.230000000000000000e+02 -7.169850000000000000e+05 -5.515805999999999767e+04
-1.230000000000000000e+02 -1.418225000000000000e+06 -1.142840299999999988e+05
-1.230000000000000000e+02 -1.374345000000000000e+06 -8.787175000000000000e+04
-8.500000000000000000e+01 -1.210669000000000000e+06 -1.974787600000000093e+05
-8.500000000000000000e+01 -1.644621000000000000e+06 -1.512515499999999884e+05
-8.500000000000000000e+01 -8.605730000000000000e+05 -6.956792999999999302e+04
-8.500000000000000000e+01 -3.138530000000000000e+05 -1.065022999999999956e+04
-8.500000000000000000e+01 -8.325490000000000000e+05 -1.169078200000000070e+05
-8.500000000000000000e+01 -1.713675000000000000e+06 -1.373512099999999919e+05
-8.500000000000000000e+01 -1.853327000000000000e+06 -2.534096300000000047e+05
-8.500000000000000000e+01 -1.704723000000000000e+06 -1.455303900000000140e+05
-8.500000000000000000e+01 -8.532330000000000000e+05 -1.847729899999999907e+05
-8.500000000000000000e+01 -1.761251000000000000e+06 -4.725928499999999767e+05
-8.500000000000000000e+01 -3.201505000000000000e+06 -1.084391399999999994e+05
-8.500000000000000000e+01 -1.086891000000000000e+06 -8.600728999999999360e+04
-8.500000000000000000e+01 -5.382050000000000000e+05 -8.278630999999999767e+04
-8.500000000000000000e+01 -8.756110000000000000e+05 -9.504325999999999476e+04
-8.500000000000000000e+01 -2.283637000000000000e+06 -3.007139199999999837e+05
-8.500000000000000000e+01 -2.647199000000000000e+06 -4.654314500000000116e+05
-8.500000000000000000e+01 -7.217430000000000000e+05 -1.425485499999999884e+05
-8.500000000000000000e+01 -6.944150000000000000e+05 -5.760425000000000000e+04
-8.500000000000000000e+01 -9.659770000000000000e+05 -5.687137999999999738e+04
-8.500000000000000000e+01 -1.620009000000000000e+06 -8.927175999999999476e+04
-8.500000000000000000e+01 -1.014737000000000000e+06 -3.420711000000000058e+04
-8.500000000000000000e+01 -1.524073000000000000e+06 -1.706203299999999872e+05
-8.500000000000000000e+01 -4.536150000000000000e+05 -1.991750999999999840e+04
-8.500000000000000000e+01 -5.815570000000000000e+05 -3.528148999999999796e+04
-8.500000000000000000e+01 -2.564869000000000000e+06 -1.428228900000000140e+05
-8.500000000000000000e+01 -6.146870000000000000e+05 -1.251180999999999949e+04
-8.500000000000000000e+01 -1.368859000000000000e+06 -7.106603999999999360e+04
-8.500000000000000000e+01 -9.301770000000000000e+05 -8.330446000000000640e+04
-8.500000000000000000e+01 -1.541797000000000000e+06 -2.282873599999999860e+05
-8.500000000000000000e+01 -1.180773000000000000e+06 -1.689012699999999895e+05
-8.500000000000000000e+01 -1.235367000000000000e+06 -1.077227500000000000e+05
-8.500000000000000000e+01 -8.610150000000000000e+05 -6.228770999999999913e+04
-8.500000000000000000e+01 -3.875870000000000000e+05 -7.831583000000000175e+04
-8.500000000000000000e+01 -2.332699000000000000e+06 -3.191598300000000163e+05
-8.500000000000000000e+01 -2.002253000000000000e+06 -1.807113900000000140e+05
-8.500000000000000000e+01 -2.006081000000000000e+06 -8.679116999999999825e+04
-8.500000000000000000e+01 -1.073821000000000000e+06 -4.588395999999999913e+04
-8.500000000000000000e+01 -5.253790000000000000e+05 -5.430176999999999680e+04
-8.500000000000000000e+01 -5.088270000000000000e+05 -2.263809999999999854e+04
-8.500000000000000000e+01 -4.638310000000000000e+05 -1.023032599999999948e+05
-8.500000000000000000e+01 -1.295861000000000000e+06 -1.713527500000000000e+05
-8.500000000000000000e+01 -2.371161000000000000e+06 -3.207943599999999860e+05
-8.500000000000000000e+01 -5.445910000000000000e+05 -4.396379000000000087e+04
-8.500000000000000000e+01 -2.375169000000000000e+06 -1.076597200000000012e+05
-8.500000000000000000e+01 -1.437141000000000000e+06 -1.476993999999999942e+05
-8.500000000000000000e+01 -1.264959000000000000e+06 -7.417794000000000233e+04
-8.500000000000000000e+01 -2.584179000000000000e+06 -2.471646099999999860e+05
-8.500000000000000000e+01 -5.806390000000000000e+05 -7.970100000000000000e+04
-8.500000000000000000e+01 -1.444533000000000000e+06 -2.968315399999999790e+05
-8.500000000000000000e+01 -1.377277000000000000e+06 -2.434676300000000047e+05
-8.500000000000000000e+01 -1.710465000000000000e+06 -1.378815400000000081e+05
-8.500000000000000000e+01 -1.794031000000000000e+06 -1.893097000000000116e+05
-8.500000000000000000e+01 -1.270841000000000000e+06 -1.376166400000000140e+05
-8.500000000000000000e+01 -9.389330000000000000e+05 -7.639050000000000000e+04
-8.500000000000000000e+01 -1.771909000000000000e+06 -1.790038800000000047e+05
-8.500000000000000000e+01 -8.396470000000000000e+05 -6.714261999999999534e+04
-8.500000000000000000e+01 -1.090581000000000000e+06 -2.907285599999999977e+05
-8.500000000000000000e+01 -1.104457000000000000e+06 -1.281049499999999971e+05
-8.500000000000000000e+01 -3.098610000000000000e+05 -1.719581999999999971e+04
-8.500000000000000000e+01 -9.039750000000000000e+05 -1.010939700000000012e+05
-8.500000000000000000e+01 -6.525100000000000000e+04 -7.366599999999999682e+02
-8.500000000000000000e+01 -8.500000000000000000e+01 -8.500000000000000000e+01
-8.500000000000000000e+01 -8.500000000000000000e+01 -8.500000000000000000e+01
-8.500000000000000000e+01 -2.363730000000000000e+05 -2.005259999999999991e+03
-8.500000000000000000e+01 -8.500000000000000000e+01 -8.500000000000000000e+01
-8.500000000000000000e+01 -8.500000000000000000e+01 -8.500000000000000000e+01
-8.500000000000000000e+01 -8.500000000000000000e+01 -8.500000000000000000e+01
-8.500000000000000000e+01 -8.500000000000000000e+01 -8.500000000000000000e+01
-8.500000000000000000e+01 -8.500000000000000000e+01 -8.500000000000000000e+01
-8.500000000000000000e+01 -8.500000000000000000e+01 -8.500000000000000000e+01
-8.500000000000000000e+01 -8.500000000000000000e+01 -8.500000000000000000e+01
-8.500000000000000000e+01 -8.500000000000000000e+01 -8.500000000000000000e+01
-8.500000000000000000e+01 -8.500000000000000000e+01 -8.500000000000000000e+01
-8.500000000000000000e+01 -8.500000000000000000e+01 -8.500000000000000000e+01
-8.500000000000000000e+01 -8.500000000000000000e+01 -8.500000000000000000e+01
-8.500000000000000000e+01 -8.500000000000000000e+01 -8.500000000000000000e+01
-8.500000000000000000e+01 -8.500000000000000000e+01 -8.500000000000000000e+01
-8.500000000000000000e+01 -8.500000000000000000e+01 -8.500000000000000000e+01
-8.500000000000000000e+01 -8.500000000000000000e+01 -8.500000000000000000e+01
-8.500000000000000000e+01 -8.500000000000000000e+01 -8.500000000000000000e+01
-8.500000000000000000e+01 -8.500000000000000000e+01 -8.500000000000000000e+01
-8.500000000000000000e+01 -8.500000000000000000e+01 -8.500000000000000000e+01
-8.500000000000000000e+01 -8.500000000000000000e+01 -8.500000000000000000e+01
-8.500000000000000000e+01 -8.500000000000000000e+01 -8.500000000000000000e+01
-8.500000000000000000e+01 -8.500000000000000000e+01 -8.500000000000000000e+01
-8.500000000000000000e+01 -3.876490000000000000e+05 -2.609050000000000182e+03
-8.500000000000000000e+01 -8.500000000000000000e+01 -8.500000000000000000e+01
-8.500000000000000000e+01 -8.500000000000000000e+01 -8.500000000000000000e+01
-8.500000000000000000e+01 -8.500000000000000000e+01 -8.500000000000000000e+01
-8.500000000000000000e+01 -8.500000000000000000e+01 -8.500000000000000000e+01
-8.500000000000000000e+01 -8.500000000000000000e+01 -8.500000000000000000e+01
-8.500000000000000000e+01 -8.500000000000000000e+01 -8.500000000000000000e+01
-8.500000000000000000e+01 -8.500000000000000000e+01 -8.500000000000000000e+01
-8.500000000000000000e+01 -8.500000000000000000e+01 -8.500000000000000000e+01
-8.500000000000000000e+01 -8.500000000000000000e+01 -8.500000000000000000e+01
-8.500000000000000000e+01 -8.500000000000000000e+01 -8.500000000000000000e+01
-8.500000000000000000e+01 -8.500000000000000000e+01 -8.500000000000000000e+01
-8.500000000000000000e+01 -8.500000000000000000e+01 -8.500000000000000000e+01
-8.500000000000000000e+01 -8.500000000000000000e+01 -8.500000000000000000e+01
