-1.521359000000000000e+06 -4.480603000000000000e+06 -1.777598360000000102e+06
-7.276610000000000000e+05 -4.954507000000000000e+06 -1.083389229999999981e+06
-7.276610000000000000e+05 -3.591685000000000000e+06 -1.080641479999999981e+06
-7.276610000000000000e+05 -3.528875000000000000e+06 -1.142072199999999953e+06
-1.866990000000000000e+05 -6.914537000000000000e+06 -7.379890000000000000e+05
-1.866990000000000000e+05 -5.592453000000000000e+06 -1.038664010000000009e+06
-1.097870000000000000e+05 -2.248429000000000000e+06 -2.744112899999999790e+05
-1.097870000000000000e+05 -4.962819000000000000e+06 -6.723642600000000093e+05
-1.097870000000000000e+05 -4.439977000000000000e+06 -4.161929299999999930e+05
-9.361300000000000000e+04 -4.153235000000000000e+06 -3.376562100000000210e+05
-9.361300000000000000e+04 -5.570001000000000000e+06 -9.301497299999999814e+05
-9.361300000000000000e+04 -5.214145000000000000e+06 -3.867872299999999814e+05
-9.361300000000000000e+04 -4.781729000000000000e+06 -4.678163599999999860e+05
-9.361300000000000000e+04 -6.767979000000000000e+06 -1.423062810000000056e+06
-9.361300000000000000e+04 -3.602087000000000000e+06 -3.865814699999999721e+05
-9.361300000000000000e+04 -2.576137000000000000e+06 -4.973813900000000140e+05
-9.361300000000000000e+04 -6.339111000000000000e+06 -1.816347229999999981e+06
-9.361300000000000000e+04 -2.121975000000000000e+06 -2.047917000000000116e+05
-9.361300000000000000e+04 -6.502045000000000000e+06 -8.658763000000000466e+05
-9.361300000000000000e+04 -6.302045000000000000e+06 -8.183791199999999953e+05
-9.361300000000000000e+04 -7.072721000000000000e+06 -1.058917409999999916e+06
-9.361300000000000000e+04 -3.366057000000000000e+06 -4.225340399999999790e+05
-9.361300000000000000e+04 -2.752027000000000000e+06 -5.749825400000000373e+05
-9.361300000000000000e+04 -4.591219000000000000e+06 -5.871542900000000373e+05
-9.361300000000000000e+04 -5.114439000000000000e+06 -6.799962299999999814e+05
-9.361300000000000000e+04 -4.149977000000000000e+06 -3.390961300000000047e+05
-9.361300000000000000e+04 -1.105186700000000000e+07 -6.140177800000000279e+05
-9.361300000000000000e+04 -1.917523000000000000e+06 -4.189468900000000140e+05
-9.361300000000000000e+04 -6.536145000000000000e+06 -4.823633099999999977e+05
-9.361300000000000000e+04 -5.176951000000000000e+06 -1.350064750000000000e+06
-9.361300000000000000e+04 -1.537719000000000000e+06 -3.004496699999999837e+05
-9.361300000000000000e+04 -4.526003000000000000e+06 -7.041704499999999534e+05
-9.361300000000000000e+04 -3.907319000000000000e+06 -3.636835999999999767e+05
-9.361300000000000000e+04 -7.179877000000000000e+06 -1.295128620000000112e+06
-9.361300000000000000e+04 -3.561863000000000000e+06 -8.788571400000000140e+05
-2.913500000000000000e+04 -2.829591000000000000e+06 -2.605863500000000058e+05
-2.913500000000000000e+04 -1.190443900000000000e+07 -1.101079129999999888e+06
-2.913500000000000000e+04 -3.614015000000000000e+06 -4.243783200000000070e+05
-2.913500000000000000e+04 -3.416489000000000000e+06 -7.752731500000000233e+05
-2.913500000000000000e+04 -7.356521000000000000e+06 -8.950560699999999488e+05
-2.913500000000000000e+04 -3.232561000000000000e+06 -5.197140900000000256e+05
-2.913500000000000000e+04 -1.861991000000000000e+06 -5.729369200000000419e+05
-2.913500000000000000e+04 -4.963883000000000000e+06 -6.197480500000000466e+05
-2.913500000000000000e+04 -1.787653000000000000e+06 -3.097356699999999837e+05
-2.913500000000000000e+04 -3.933131000000000000e+06 -1.074266689999999944e+06
-2.913500000000000000e+04 -3.736805000000000000e+06 -2.757886599999999744e+05
-2.913500000000000000e+04 -1.807267000000000000e+06 -3.190735200000000186e+05
-2.855900000000000000e+04 -2.286223000000000000e+06 -1.578990100000000093e+05
-2.855900000000000000e+04 -1.474603000000000000e+06 -2.248877900000000081e+05
-2.855900000000000000e+04 -7.252331000000000000e+06 -3.822345599999999977e+05
-2.855900000000000000e+04 -4.071679000000000000e+06 -2.168817399999999907e+05
-2.855900000000000000e+04 -2.989225000000000000e+06 -4.448675300000000279e+05
-2.855900000000000000e+04 -2.745111000000000000e+06 -3.824577700000000186e+05
-2.855900000000000000e+04 -1.704451000000000000e+06 -2.491929299999999930e+05
-2.438500000000000000e+04 -1.464669000000000000e+06 -1.653358299999999872e+05
-2.438500000000000000e+04 -3.467125000000000000e+06 -3.926755200000000186e+05
-2.438500000000000000e+04 -1.687823000000000000e+06 -2.488951400000000140e+05
-2.438500000000000000e+04 -2.040791000000000000e+06 -2.247575000000000000e+05
-2.438500000000000000e+04 -2.676011000000000000e+06 -3.758441500000000233e+05
-2.438500000000000000e+04 -1.504269000000000000e+06 -2.847408499999999767e+05
-2.438500000000000000e+04 -1.319471000000000000e+06 -2.215570799999999872e+05
-2.438500000000000000e+04 -1.125905000000000000e+06 -2.196627399999999907e+05
-2.438500000000000000e+04 -1.151413000000000000e+06 -1.110146799999999930e+05
-2.438500000000000000e+04 -2.200917000000000000e+06 -3.437159099999999744e+05
-2.438500000000000000e+04 -2.277763000000000000e+06 -4.379917700000000186e+05
-2.438500000000000000e+04 -2.586531000000000000e+06 -4.063240999999999767e+05
-2.438500000000000000e+04 -3.374981000000000000e+06 -2.826482600000000093e+05
-2.438500000000000000e+04 -2.600443000000000000e+06 -1.585947099999999919e+05
-2.438500000000000000e+04 -4.466241000000000000e+06 -4.663904099999999744e+05
-2.438500000000000000e+04 -2.040487000000000000e+06 -1.438087999999999884e+05
-2.438500000000000000e+04 -2.771607000000000000e+06 -3.769693900000000140e+05
-2.438500000000000000e+04 -1.120127000000000000e+06 -1.473717900000000081e+05
-2.438500000000000000e+04 -1.622515000000000000e+06 -3.040592899999999790e+05
-2.187500000000000000e+04 -2.219005000000000000e+06 -1.458190700000000070e+05
-2.187500000000000000e+04 -8.541930000000000000e+05 -1.644262200000000012e+05
-2.187500000000000000e+04 -1.394087000000000000e+06 -2.001552300000000105e+05
-2.187500000000000000e+04 -1.961095000000000000e+06 -3.259063400000000256e+05
-1.795500000000000000e+04 -2.080637000000000000e+06 -1.844552300000000105e+05
-1.545900000000000000e+04 -2.264153000000000000e+06 -7.679969000000000233e+04
-1.545900000000000000e+04 -1.100809000000000000e+06 -1.367892500000000000e+05
-1.545900000000000000e+04 -2.374393000000000000e+06 -3.010037700000000186e+05
-1.545900000000000000e+04 -8.811450000000000000e+05 -1.194237599999999948e+05
-1.545900000000000000e+04 -9.132590000000000000e+05 -1.096900500000000029e+05
-1.545900000000000000e+04 -1.198589000000000000e+06 -5.467005000000000291e+04
-1.545900000000000000e+04 -9.338170000000000000e+05 -4.665277999999999884e+04
-1.545900000000000000e+04 -1.000423000000000000e+06 -1.566545100000000093e+05
-1.545900000000000000e+04 -1.430209000000000000e+06 -2.119708099999999977e+05
-1.545900000000000000e+04 -9.740370000000000000e+05 -1.771378200000000070e+05
-1.545900000000000000e+04 -2.530583000000000000e+06 -1.583906099999999860e+05
-1.545900000000000000e+04 -8.452690000000000000e+05 -1.426777500000000000e+05
-1.545900000000000000e+04 -9.284350000000000000e+05 -1.813524400000000023e+05
-1.545900000000000000e+04 -1.448051000000000000e+06 -1.104785099999999948e+05
-1.545900000000000000e+04 -9.225590000000000000e+05 -1.247969700000000012e+05
-1.545900000000000000e+04 -3.529430000000000000e+05 -7.224216999999999825e+04
-1.545900000000000000e+04 -1.121927000000000000e+06 -1.170619799999999959e+05
-1.545900000000000000e+04 -1.480291000000000000e+06 -2.203844299999999930e+05
-1.545900000000000000e+04 -1.332975000000000000e+06 -1.685176700000000128e+05
-1.545900000000000000e+04 -1.589021000000000000e+06 -1.665106900000000023e+05
-1.545900000000000000e+04 -8.450190000000000000e+05 -1.678739100000000035e+05
-1.545900000000000000e+04 -5.995390000000000000e+05 -1.256128200000000070e+05
-1.545900000000000000e+04 -2.249627000000000000e+06 -1.774255700000000070e+05
-1.545900000000000000e+04 -6.354510000000000000e+05 -1.680417500000000000e+05
-1.545900000000000000e+04 -2.003673000000000000e+06 -1.205260800000000017e+05
-1.545900000000000000e+04 -4.203750000000000000e+05 -1.145412299999999959e+05
-1.545900000000000000e+04 -1.418147000000000000e+06 -8.296083000000000175e+04
-1.545900000000000000e+04 -1.197799000000000000e+06 -1.313720000000000000e+05
-1.545900000000000000e+04 -1.503613000000000000e+06 -1.508724800000000105e+05
-1.545900000000000000e+04 -1.422313000000000000e+06 -1.294270399999999936e+05
-1.545900000000000000e+04 -1.732875000000000000e+06 -1.068228600000000006e+05
-9.305000000000000000e+03 -1.191835000000000000e+06 -9.202061999999999534e+04
-9.305000000000000000e+03 -5.223250000000000000e+05 -3.696337999999999738e+04
-9.305000000000000000e+03 -1.192955000000000000e+06 -1.675326499999999942e+05
-9.305000000000000000e+03 -8.070310000000000000e+05 -9.432150000000000000e+04
-9.305000000000000000e+03 -7.526950000000000000e+05 -6.877702999999999884e+04
-9.305000000000000000e+03 -1.226425000000000000e+06 -2.248350100000000093e+05
-8.795000000000000000e+03 -7.046010000000000000e+05 -8.576736000000000058e+04
-8.795000000000000000e+03 -1.763725000000000000e+06 -3.429295900000000256e+05
-8.795000000000000000e+03 -1.116621000000000000e+06 -2.159422500000000000e+05
-8.795000000000000000e+03 -1.711233000000000000e+06 -1.621200799999999872e+05
-8.795000000000000000e+03 -2.675433000000000000e+06 -3.636957800000000279e+05
-8.795000000000000000e+03 -2.264575000000000000e+06 -1.491038900000000140e+05
-8.795000000000000000e+03 -1.056635000000000000e+06 -1.713297500000000000e+05
-8.795000000000000000e+03 -1.264045000000000000e+06 -2.621274599999999919e+05
-3.953000000000000000e+03 -9.344770000000000000e+05 -9.250394999999999709e+04
-3.953000000000000000e+03 -1.165159000000000000e+06 -1.491775499999999884e+05
-3.953000000000000000e+03 -1.218799000000000000e+06 -3.472660999999999767e+05
-3.953000000000000000e+03 -6.601610000000000000e+05 -1.710790799999999872e+05
-3.953000000000000000e+03 -1.352849000000000000e+06 -1.198671999999999971e+05
-3.953000000000000000e+03 -9.570610000000000000e+05 -1.656271499999999942e+05
-3.953000000000000000e+03 -1.383623000000000000e+06 -1.899897099999999919e+05
-3.953000000000000000e+03 -1.691875000000000000e+06 -2.994592899999999790e+05
-3.953000000000000000e+03 -1.031645000000000000e+06 -1.237526600000000035e+05
-3.953000000000000000e+03 -1.111733000000000000e+06 -1.555957799999999988e+05
-3.953000000000000000e+03 -1.186427000000000000e+06 -7.495975999999999476e+04
-3.953000000000000000e+03 -1.255711000000000000e+06 -2.860000300000000279e+05
-3.953000000000000000e+03 -8.063930000000000000e+05 -1.035001199999999953e+05
-3.050000000000000000e+02 -2.975273000000000000e+06 -1.183532400000000052e+05
-3.050000000000000000e+02 -1.030639000000000000e+06 -8.877625000000000000e+04
-3.050000000000000000e+02 -1.019981000000000000e+06 -2.487518999999999869e+04
-3.050000000000000000e+02 -2.352273000000000000e+06 -1.600542900000000081e+05
-3.050000000000000000e+02 -2.312430000000000000e+05 -2.840300999999999840e+04
-3.050000000000000000e+02 -1.163065000000000000e+06 -8.225453999999999360e+04
-3.050000000000000000e+02 -3.159209000000000000e+06 -4.458605999999999767e+05
-3.050000000000000000e+02 -9.486130000000000000e+05 -2.135599299999999930e+05
-3.050000000000000000e+02 -2.180821000000000000e+06 -4.008026199999999953e+05
-3.050000000000000000e+02 -1.136777000000000000e+06 -1.900752600000000093e+05
-3.050000000000000000e+02 -1.876515000000000000e+06 -1.268751499999999942e+05
-3.050000000000000000e+02 -4.090750000000000000e+05 -5.191961000000000058e+04
-3.050000000000000000e+02 -5.501670000000000000e+05 -3.385797000000000116e+04
-3.050000000000000000e+02 -1.496921000000000000e+06 -5.603390000000000146e+04
-3.050000000000000000e+02 -1.096225000000000000e+06 -1.458091799999999930e+05
-3.050000000000000000e+02 -1.833791000000000000e+06 -3.064225399999999790e+05
-3.050000000000000000e+02 -6.964290000000000000e+05 -1.200022899999999936e+05
-3.050000000000000000e+02 -1.141945000000000000e+06 -3.092040100000000093e+05
-3.050000000000000000e+02 -1.069299000000000000e+06 -7.743703999999999360e+04
-3.050000000000000000e+02 -9.779610000000000000e+05 -1.636317399999999907e+05
-3.050000000000000000e+02 -9.983050000000000000e+05 -1.809133000000000175e+04
-3.050000000000000000e+02 -1.016207000000000000e+06 -1.671459599999999919e+05
-3.050000000000000000e+02 -1.706399000000000000e+06 -1.839759200000000128e+05
-3.050000000000000000e+02 -1.382399000000000000e+06 -6.282354000000000087e+04
-3.050000000000000000e+02 -1.958745000000000000e+06 -5.873665000000000000e+05
-3.050000000000000000e+02 -1.080315000000000000e+06 -7.092882000000000698e+04
-3.050000000000000000e+02 -3.050000000000000000e+02 -3.050000000000000000e+02
-3.050000000000000000e+02 -3.187710000000000000e+05 -1.897329999999999927e+03
-3.050000000000000000e+02 -2.614570000000000000e+05 -1.889029999999999973e+03
-3.050000000000000000e+02 -3.050000000000000000e+02 -3.050000000000000000e+02
-3.050000000000000000e+02 -1.729930000000000000e+05 -1.168440000000000055e+03
-3.050000000000000000e+02 -3.050000000000000000e+02 -3.050000000000000000e+02
-3.050000000000000000e+02 -3.050000000000000000e+02 -3.050000000000000000e+02
-3.050000000000000000e+02 -3.050000000000000000e+02 -3.050000000000000000e+02
-3.050000000000000000e+02 -3.050000000000000000e+02 -3.050000000000000000e+02
-3.050000000000000000e+02 -1.566910000000000000e+05 -1.086930000000000064e+03
-3.050000000000000000e+02 -3.050000000000000000e+02 -3.050000000000000000e+02
-3.050000000000000000e+02 -3.050000000000000000e+02 -3.050000000000000000e+02
-3.050000000000000000e+02 -3.050000000000000000e+02 -3.050000000000000000e+02
-3.050000000000000000e+02 -3.050000000000000000e+02 -3.050000000000000000e+02
-3.050000000000000000e+02 -3.050000000000000000e+02 -3.050000000000000000e+02
-3.050000000000000000e+02 -3.050000000000000000e+02 -3.050000000000000000e+02
-3.050000000000000000e+02 -3.050000000000000000e+02 -3.050000000000000000e+02
-3.050000000000000000e+02 -3.050000000000000000e+02 -3.050000000000000000e+02
-3.050000000000000000e+02 -3.050000000000000000e+02 -3.050000000000000000e+02
-3.050000000000000000e+02 -5.364250000000000000e+05 -4.577930000000000291e+03
-3.050000000000000000e+02 -3.050000000000000000e+02 -3.050000000000000000e+02
-3.050000000000000000e+02 -3.050000000000000000e+02 -3.050000000000000000e+02
-3.050000000000000000e+02 -3.050000000000000000e+02 -3.050000000000000000e+02
-3.050000000000000000e+02 -3.050000000000000000e+02 -3.050000000000000000e+02
-3.050000000000000000e+02 -3.050000000000000000e+02 -3.050000000000000000e+02
-3.050000000000000000e+02 -3.050000000000000000e+02 -3.050000000000000000e+02
-3.050000000000000000e+02 -3.050000000000000000e+02 -3.050000000000000000e+02
-3.050000000000000000e+02 -3.050000000000000000e+02 -3.050000000000000000e+02
-3.050000000000000000e+02 -6.683000000000000000e+03 -3.368899999999999864e+02
-3.050000000000000000e+02 -1.168403000000000000e+06 -9.773870000000000800e+03
-3.050000000000000000e+02 -3.050000000000000000e+02 -3.050000000000000000e+02
-3.050000000000000000e+02 -3.050000000000000000e+02 -3.050000000000000000e+02
-3.050000000000000000e+02 -2.777130000000000000e+05 -1.692039999999999964e+03
-3.050000000000000000e+02 -3.050000000000000000e+02 -3.050000000000000000e+02
-3.050000000000000000e+02 -3.050000000000000000e+02 -3.050000000000000000e+02
-3.050000000000000000e+02 -3.050000000000000000e+02 -3.050000000000000000e+02
-3.050000000000000000e+02 -3.050000000000000000e+02 -3.050000000000000000e+02
-3.050000000000000000e+02 -3.050000000000000000e+02 -3.050000000000000000e+02
