-2.361970000000000000e+05 -3.920949000000000000e+06 -4.582907100000000210e+05
-1.661970000000000000e+05 -2.598997000000000000e+06 -3.178087199999999721e+05
-1.661000000000000000e+03 -2.048529000000000000e+06 -1.598153299999999872e+05
-1.661000000000000000e+03 -5.920937000000000000e+06 -7.494043800000000047e+05
-1.661000000000000000e+03 -2.763923000000000000e+06 -1.215523300000000017e+05
-1.661000000000000000e+03 -9.374923000000000000e+06 -1.777092219999999972e+06
-1.661000000000000000e+03 -2.250997000000000000e+06 -2.595142600000000093e+05
-1.661000000000000000e+03 -4.932221000000000000e+06 -8.084694899999999907e+05
-1.661000000000000000e+03 -5.106019000000000000e+06 -1.090253030000000028e+06
-1.661000000000000000e+03 -5.344383000000000000e+06 -4.361745800000000163e+05
-1.661000000000000000e+03 -2.419797000000000000e+06 -2.497092500000000000e+05
-1.661000000000000000e+03 -2.370283000000000000e+06 -6.695314000000000233e+05
-1.661000000000000000e+03 -4.440693000000000000e+06 -4.652184799999999814e+05
-1.661000000000000000e+03 -8.263951000000000000e+06 -6.815126500000000233e+05
-1.661000000000000000e+03 -5.511071000000000000e+06 -5.158218099999999977e+05
-1.661000000000000000e+03 -6.899093000000000000e+06 -1.276916719999999972e+06
-1.661000000000000000e+03 -1.684613000000000000e+06 -2.469246900000000023e+05
-1.661000000000000000e+03 -5.132459000000000000e+06 -7.852625899999999674e+05
-1.661000000000000000e+03 -5.049403000000000000e+06 -3.060512500000000000e+05
-1.661000000000000000e+03 -9.025151000000000000e+06 -7.350323299999999581e+05
-1.661000000000000000e+03 -4.824149000000000000e+06 -1.075440530000000028e+06
-1.661000000000000000e+03 -3.480469000000000000e+06 -3.391039299999999930e+05
-1.661000000000000000e+03 -1.254887000000000000e+06 -1.599589100000000035e+05
-1.661000000000000000e+03 -5.248501000000000000e+06 -6.719494300000000512e+05
-1.661000000000000000e+03 -2.952367000000000000e+06 -3.006060900000000256e+05
-1.661000000000000000e+03 -4.328793000000000000e+06 -5.922233299999999581e+05
-1.661000000000000000e+03 -2.027815000000000000e+06 -2.510995400000000081e+05
-1.661000000000000000e+03 -2.551223000000000000e+06 -1.770323099999999977e+05
-1.661000000000000000e+03 -2.332085000000000000e+06 -3.860475599999999977e+05
-1.661000000000000000e+03 -1.839903000000000000e+06 -3.250331900000000023e+05
-1.661000000000000000e+03 -3.468895000000000000e+06 -1.787591199999999953e+05
-1.661000000000000000e+03 -5.326943000000000000e+06 -9.261043699999999953e+05
-1.661000000000000000e+03 -5.390883000000000000e+06 -3.088655200000000186e+05
-1.661000000000000000e+03 -1.087390900000000000e+07 -1.079211639999999898e+06
-1.661000000000000000e+03 -7.597781000000000000e+06 -9.610480699999999488e+05
-1.661000000000000000e+03 -4.556487000000000000e+06 -1.887664400000000023e+05
-1.661000000000000000e+03 -2.503859000000000000e+06 -2.781308800000000047e+05
-1.661000000000000000e+03 -2.456117000000000000e+06 -7.420860000000000582e+04
-1.661000000000000000e+03 -7.234063000000000000e+06 -6.967347399999999907e+05
-1.661000000000000000e+03 -5.978895000000000000e+06 -1.039406060000000056e+06
-1.661000000000000000e+03 -6.391413000000000000e+06 -6.143953599999999860e+05
-1.661000000000000000e+03 -3.156627000000000000e+06 -2.422282500000000000e+05
-1.661000000000000000e+03 -2.064777000000000000e+06 -1.530173900000000140e+05
-1.661000000000000000e+03 -2.562383000000000000e+06 -1.604242300000000105e+05
-1.661000000000000000e+03 -1.565763000000000000e+06 -7.822472999999999593e+04
-1.661000000000000000e+03 -2.775451000000000000e+06 -2.253726600000000035e+05
-1.661000000000000000e+03 -2.326645000000000000e+06 -1.739773099999999977e+05
-1.661000000000000000e+03 -2.230469000000000000e+06 -3.736137199999999721e+05
-1.661000000000000000e+03 -2.681073000000000000e+06 -9.267955000000000291e+04
-1.661000000000000000e+03 -3.750809000000000000e+06 -5.310562900000000373e+05
-1.661000000000000000e+03 -2.458957000000000000e+06 -2.509567699999999895e+05
-1.661000000000000000e+03 -2.681869000000000000e+06 -7.599524599999999627e+05
-1.661000000000000000e+03 -2.783553000000000000e+06 -4.561456199999999953e+05
-1.661000000000000000e+03 -1.122263000000000000e+06 -1.692470100000000093e+05
-1.661000000000000000e+03 -2.306679000000000000e+06 -2.630497899999999790e+05
-1.661000000000000000e+03 -2.743301000000000000e+06 -3.375334400000000023e+05
-1.661000000000000000e+03 -4.237687000000000000e+06 -7.261325000000000000e+05
-1.661000000000000000e+03 -2.304175000000000000e+06 -5.038170000000000000e+05
-1.661000000000000000e+03 -4.094293000000000000e+06 -5.824200500000000466e+05
-1.661000000000000000e+03 -2.394999000000000000e+06 -4.162019500000000116e+05
-1.661000000000000000e+03 -3.908625000000000000e+06 -3.353549699999999721e+05
-1.661000000000000000e+03 -1.155197000000000000e+06 -1.153292500000000000e+05
-1.661000000000000000e+03 -3.245671000000000000e+06 -4.205424500000000116e+05
-1.661000000000000000e+03 -2.746635000000000000e+06 -3.992645399999999790e+05
-1.661000000000000000e+03 -3.376737000000000000e+06 -3.623488099999999977e+05
-1.661000000000000000e+03 -3.127763000000000000e+06 -4.181274899999999907e+05
-1.661000000000000000e+03 -4.576191000000000000e+06 -4.192988400000000256e+05
-1.661000000000000000e+03 -1.164397000000000000e+06 -2.344715499999999884e+05
-1.661000000000000000e+03 -2.196331000000000000e+06 -2.358071199999999953e+05
-1.661000000000000000e+03 -1.985645000000000000e+06 -3.220384199999999837e+05
-1.661000000000000000e+03 -3.012599000000000000e+06 -2.324999899999999907e+05
-1.661000000000000000e+03 -4.954899000000000000e+06 -5.541483299999999581e+05
-1.661000000000000000e+03 -2.739677000000000000e+06 -1.926627999999999884e+05
-1.213000000000000000e+03 -7.689790000000000000e+05 -8.333016000000000349e+04
-1.213000000000000000e+03 -2.987307000000000000e+06 -4.840541799999999930e+05
-1.213000000000000000e+03 -1.905171000000000000e+06 -3.392151099999999860e+05
-1.213000000000000000e+03 -1.259311000000000000e+06 -1.371893500000000058e+05
-1.213000000000000000e+03 -1.469605000000000000e+06 -2.372000199999999895e+05
-1.213000000000000000e+03 -2.601183000000000000e+06 -1.781787900000000081e+05
-1.213000000000000000e+03 -1.836795000000000000e+06 -2.635996500000000233e+05
-1.213000000000000000e+03 -2.016973000000000000e+06 -1.378568599999999860e+05
-1.213000000000000000e+03 -1.404609000000000000e+06 -2.825053900000000140e+05
-1.213000000000000000e+03 -6.519830000000000000e+05 -2.551152999999999884e+04
-1.213000000000000000e+03 -8.569270000000000000e+05 -7.486011000000000058e+04
-1.213000000000000000e+03 -1.642873000000000000e+06 -1.436811199999999953e+05
-1.213000000000000000e+03 -1.200943000000000000e+06 -7.081758000000000175e+04
-1.213000000000000000e+03 -1.163121000000000000e+06 -8.535005000000000291e+04
-1.213000000000000000e+03 -8.391190000000000000e+05 -7.466736000000000058e+04
-1.213000000000000000e+03 -1.108169000000000000e+06 -2.195753200000000070e+05
-1.213000000000000000e+03 -1.614227000000000000e+06 -2.335342699999999895e+05
-1.213000000000000000e+03 -1.742985000000000000e+06 -4.178276199999999953e+05
-1.213000000000000000e+03 -6.162990000000000000e+05 -8.558383000000000175e+04
-1.213000000000000000e+03 -6.852810000000000000e+05 -6.706210000000000582e+04
-1.213000000000000000e+03 -1.922635000000000000e+06 -1.393224700000000012e+05
-1.213000000000000000e+03 -9.017870000000000000e+05 -1.764214599999999919e+05
-1.213000000000000000e+03 -6.770890000000000000e+05 -5.040073000000000320e+04
-1.213000000000000000e+03 -6.531550000000000000e+05 -2.255575000000000000e+04
-1.213000000000000000e+03 -9.562750000000000000e+05 -2.482079000000000087e+04
-1.213000000000000000e+03 -1.619971000000000000e+06 -1.026832799999999988e+05
-1.213000000000000000e+03 -9.980470000000000000e+05 -3.060374000000000160e+04
-1.213000000000000000e+03 -5.843770000000000000e+05 -8.531296000000000640e+04
-1.213000000000000000e+03 -1.496483000000000000e+06 -9.332719000000000233e+04
-1.213000000000000000e+03 -5.364870000000000000e+05 -5.487250000000000000e+04
-1.213000000000000000e+03 -5.301670000000000000e+05 -1.238763999999999942e+05
-1.213000000000000000e+03 -2.174981000000000000e+06 -2.589482999999999884e+05
-1.213000000000000000e+03 -1.343321000000000000e+06 -1.001546300000000047e+05
-1.213000000000000000e+03 -8.859030000000000000e+05 -1.775668699999999953e+05
-1.213000000000000000e+03 -1.082991000000000000e+06 -9.111858999999999651e+04
-1.213000000000000000e+03 -2.080019000000000000e+06 -2.669176900000000023e+05
-1.213000000000000000e+03 -5.999210000000000000e+05 -3.148990999999999985e+04
-1.213000000000000000e+03 -3.384870000000000000e+05 -1.035709100000000035e+05
-1.213000000000000000e+03 -4.341030000000000000e+05 -1.093515700000000070e+05
-1.213000000000000000e+03 -1.035289000000000000e+06 -1.362689100000000035e+05
-1.213000000000000000e+03 -1.009011000000000000e+06 -7.361439999999999418e+04
-1.213000000000000000e+03 -1.460939000000000000e+06 -5.420794000000000233e+04
-1.213000000000000000e+03 -1.051839000000000000e+06 -5.831720999999999913e+04
-1.213000000000000000e+03 -1.697509000000000000e+06 -1.343121300000000047e+05
-1.213000000000000000e+03 -6.494330000000000000e+05 -1.316220999999999913e+04
-1.213000000000000000e+03 -1.905131000000000000e+06 -1.070745500000000029e+05
-1.213000000000000000e+03 -1.603519000000000000e+06 -5.437013599999999860e+05
-1.213000000000000000e+03 -6.303570000000000000e+05 -1.042823000000000029e+05
-1.213000000000000000e+03 -9.952670000000000000e+05 -2.984272199999999721e+05
-1.213000000000000000e+03 -1.128125000000000000e+06 -8.219119000000000233e+04
-1.213000000000000000e+03 -1.379551000000000000e+06 -1.391213999999999942e+05
-1.213000000000000000e+03 -1.180851000000000000e+06 -6.195366999999999825e+04
-1.213000000000000000e+03 -1.722167000000000000e+06 -2.149715400000000081e+05
-1.213000000000000000e+03 -1.582383000000000000e+06 -1.496892900000000081e+05
-1.213000000000000000e+03 -3.452930000000000000e+05 -8.929047000000000116e+04
-1.213000000000000000e+03 -7.982190000000000000e+05 -3.569541000000000349e+04
-1.213000000000000000e+03 -1.768089000000000000e+06 -3.103828900000000140e+05
-1.213000000000000000e+03 -1.623189000000000000e+06 -1.596888900000000140e+05
-1.213000000000000000e+03 -9.551050000000000000e+05 -9.378594000000000233e+04
-1.213000000000000000e+03 -1.404561000000000000e+06 -1.402997600000000093e+05
-1.213000000000000000e+03 -1.041613000000000000e+06 -5.326538999999999942e+04
-1.213000000000000000e+03 -7.258970000000000000e+05 -1.656602399999999907e+05
-1.213000000000000000e+03 -1.186683000000000000e+06 -1.545285799999999872e+05
-1.213000000000000000e+03 -1.762251000000000000e+06 -1.928258500000000058e+05
-4.530000000000000000e+02 -1.095709000000000000e+06 -4.456863999999999942e+04
-4.530000000000000000e+02 -9.077970000000000000e+05 -2.216371499999999942e+05
-4.530000000000000000e+02 -1.267961000000000000e+06 -6.810174000000000524e+04
-4.530000000000000000e+02 -9.050550000000000000e+05 -6.879307000000000698e+04
-4.530000000000000000e+02 -8.887270000000000000e+05 -1.453536000000000058e+05
-4.530000000000000000e+02 -3.492790000000000000e+05 -5.847551000000000204e+04
-4.530000000000000000e+02 -1.021397000000000000e+06 -6.277280000000000291e+04
-4.530000000000000000e+02 -2.220403000000000000e+06 -1.649281099999999860e+05
-4.530000000000000000e+02 -9.584070000000000000e+05 -3.309294000000000233e+04
-4.530000000000000000e+02 -9.629090000000000000e+05 -8.525260000000000582e+04
-4.530000000000000000e+02 -1.280195000000000000e+06 -1.609478299999999872e+05
-4.530000000000000000e+02 -9.910470000000000000e+05 -6.945899000000000524e+04
-4.530000000000000000e+02 -1.243935000000000000e+06 -7.852777999999999884e+04
-4.530000000000000000e+02 -8.959850000000000000e+05 -1.612149500000000116e+05
-4.530000000000000000e+02 -1.922947000000000000e+06 -1.697863099999999977e+05
-4.530000000000000000e+02 -1.031265000000000000e+06 -1.689497099999999919e+05
-4.530000000000000000e+02 -1.295001000000000000e+06 -4.147808400000000256e+05
-4.530000000000000000e+02 -1.263375000000000000e+06 -7.630191000000000349e+04
-4.530000000000000000e+02 -7.444590000000000000e+05 -7.178088000000000466e+04
-4.530000000000000000e+02 -1.686745000000000000e+06 -1.567036600000000035e+05
-4.530000000000000000e+02 -1.115265000000000000e+06 -9.060789999999999418e+04
-4.530000000000000000e+02 -8.245430000000000000e+05 -6.443436000000000058e+04
-4.530000000000000000e+02 -1.530725000000000000e+06 -1.834660899999999965e+05
-4.530000000000000000e+02 -1.310773000000000000e+06 -1.286802700000000041e+05
-4.530000000000000000e+02 -4.530000000000000000e+02 -4.530000000000000000e+02
-4.530000000000000000e+02 -4.530000000000000000e+02 -4.530000000000000000e+02
-4.530000000000000000e+02 -6.561900000000000000e+04 -1.104660000000000082e+03
-4.530000000000000000e+02 -5.885310000000000000e+05 -3.393389999999999873e+03
-4.530000000000000000e+02 -4.530000000000000000e+02 -4.530000000000000000e+02
-4.530000000000000000e+02 -4.530000000000000000e+02 -4.530000000000000000e+02
-4.530000000000000000e+02 -4.530000000000000000e+02 -4.530000000000000000e+02
-4.530000000000000000e+02 -3.581190000000000000e+05 -2.241329999999999927e+03
-4.530000000000000000e+02 -6.378900000000000000e+04 -7.696799999999999500e+02
-4.530000000000000000e+02 -4.530000000000000000e+02 -4.530000000000000000e+02
-4.530000000000000000e+02 -4.530000000000000000e+02 -4.530000000000000000e+02
-4.530000000000000000e+02 -4.530000000000000000e+02 -4.530000000000000000e+02
-4.530000000000000000e+02 -2.035750000000000000e+05 -3.202210000000000036e+03
-4.530000000000000000e+02 -4.530000000000000000e+02 -4.530000000000000000e+02
-4.530000000000000000e+02 -6.373300000000000000e+04 -7.693999999999999773e+02
-4.530000000000000000e+02 -4.530000000000000000e+02 -4.530000000000000000e+02
-4.530000000000000000e+02 -4.530000000000000000e+02 -4.530000000000000000e+02
-4.530000000000000000e+02 -4.530000000000000000e+02 -4.530000000000000000e+02
-4.530000000000000000e+02 -1.919830000000000000e+05 -4.283600000000000364e+03
-4.530000000000000000e+02 -5.108230000000000000e+05 -3.004849999999999909e+03
-4.530000000000000000e+02 -1.839437000000000000e+06 -1.080785000000000036e+04
-4.530000000000000000e+02 -4.530000000000000000e+02 -4.530000000000000000e+02
-4.530000000000000000e+02 -4.530000000000000000e+02 -4.530000000000000000e+02
-4.530000000000000000e+02 -4.530000000000000000e+02 -4.530000000000000000e+02
-4.530000000000000000e+02 -1.290709000000000000e+06 -6.904279999999999745e+03
-4.530000000000000000e+02 -4.530000000000000000e+02 -4.530000000000000000e+02
-4.530000000000000000e+02 -4.530000000000000000e+02 -4.530000000000000000e+02
-4.530000000000000000e+02 -3.621990000000000000e+05 -2.261730000000000018e+03
-4.530000000000000000e+02 -1.556430000000000000e+05 -2.150940000000000055e+03
-4.530000000000000000e+02 -4.027100000000000000e+04 -6.520900000000000318e+02
-4.530000000000000000e+02 -6.188010000000000000e+05 -1.332560000000000036e+04
-4.530000000000000000e+02 -4.530000000000000000e+02 -4.530000000000000000e+02
-4.530000000000000000e+02 -1.765410000000000000e+05 -2.213880000000000109e+03
-4.530000000000000000e+02 -4.530000000000000000e+02 -4.530000000000000000e+02
-4.530000000000000000e+02 -4.530000000000000000e+02 -4.530000000000000000e+02
-4.530000000000000000e+02 -4.530000000000000000e+02 -4.530000000000000000e+02
-4.530000000000000000e+02 -7.878900000000000000e+04 -8.446799999999999500e+02
-4.530000000000000000e+02 -4.530000000000000000e+02 -4.530000000000000000e+02
-4.530000000000000000e+02 -4.530000000000000000e+02 -4.530000000000000000e+02
