-5.979100000000000000e+04 -5.065781000000000000e+06 -1.365069260000000009e+06
-5.979100000000000000e+04 -4.642027000000000000e+06 -3.005887299999999814e+05
-5.979100000000000000e+04 -4.161291000000000000e+06 -5.357075200000000186e+05
-5.979100000000000000e+04 -4.193515000000000000e+06 -5.847052800000000279e+05
-5.979100000000000000e+04 -1.616805000000000000e+06 -3.959509600000000210e+05
-7.385000000000000000e+03 -1.813249000000000000e+06 -1.594790299999999988e+05
-7.385000000000000000e+03 -9.117777000000000000e+06 -1.063062479999999981e+06
-7.385000000000000000e+03 -4.615919000000000000e+06 -4.618463200000000070e+05
-7.385000000000000000e+03 -9.810091000000000000e+06 -6.804330600000000559e+05
-1.493000000000000000e+03 -2.844537000000000000e+06 -2.357411199999999953e+05
-1.493000000000000000e+03 -6.153867000000000000e+06 -5.804885500000000466e+05
-1.493000000000000000e+03 -4.624169000000000000e+06 -4.127735700000000070e+05
-1.493000000000000000e+03 -4.843651000000000000e+06 -9.128691199999999953e+05
-1.493000000000000000e+03 -7.472781000000000000e+06 -6.632220400000000373e+05
-1.493000000000000000e+03 -5.267077000000000000e+06 -1.344405580000000075e+06
-1.493000000000000000e+03 -4.359755000000000000e+06 -2.852589199999999837e+05
-1.493000000000000000e+03 -2.278061000000000000e+06 -2.040998500000000058e+05
-1.493000000000000000e+03 -6.500313000000000000e+06 -1.035873880000000005e+06
-1.493000000000000000e+03 -2.589751000000000000e+06 -3.746659500000000116e+05
-1.493000000000000000e+03 -6.144741000000000000e+06 -9.275176999999999534e+05
-1.493000000000000000e+03 -3.283705000000000000e+06 -8.414461899999999441e+05
-1.493000000000000000e+03 -3.240795000000000000e+06 -4.993515200000000186e+05
-1.493000000000000000e+03 -2.964833000000000000e+06 -4.513420999999999767e+05
-1.493000000000000000e+03 -5.160109000000000000e+06 -4.375902999999999884e+05
-1.493000000000000000e+03 -6.985857000000000000e+06 -8.012954699999999721e+05
-1.493000000000000000e+03 -4.288133000000000000e+06 -7.407815600000000559e+05
-1.493000000000000000e+03 -3.197239000000000000e+06 -3.547603599999999860e+05
-1.493000000000000000e+03 -3.085091000000000000e+06 -5.251887399999999907e+05
-1.493000000000000000e+03 -3.081637000000000000e+06 -5.396274000000000233e+05
-1.493000000000000000e+03 -5.044817000000000000e+06 -4.327617800000000279e+05
-1.493000000000000000e+03 -5.808543000000000000e+06 -3.801120900000000256e+05
-1.493000000000000000e+03 -3.041285000000000000e+06 -2.837081099999999860e+05
-1.493000000000000000e+03 -3.187401000000000000e+06 -2.657094799999999814e+05
-1.493000000000000000e+03 -3.182799000000000000e+06 -2.761922700000000186e+05
-1.493000000000000000e+03 -2.535879000000000000e+06 -3.880148499999999767e+05
-1.493000000000000000e+03 -5.482089000000000000e+06 -5.394667800000000279e+05
-1.493000000000000000e+03 -9.285679000000000000e+06 -5.927701800000000512e+05
-1.493000000000000000e+03 -5.075267000000000000e+06 -9.440059799999999814e+05
-1.493000000000000000e+03 -6.787621000000000000e+06 -6.072500400000000373e+05
-1.493000000000000000e+03 -5.061213000000000000e+06 -4.731596799999999930e+05
-1.493000000000000000e+03 -4.872735000000000000e+06 -7.188260699999999488e+05
-1.493000000000000000e+03 -1.209655000000000000e+06 -1.405567099999999919e+05
-1.493000000000000000e+03 -3.613511000000000000e+06 -6.034535300000000279e+05
-1.493000000000000000e+03 -1.573173000000000000e+06 -1.727099100000000035e+05
-1.493000000000000000e+03 -3.123213000000000000e+06 -4.786509799999999814e+05
-1.493000000000000000e+03 -3.859459000000000000e+06 -4.094587399999999907e+05
-1.493000000000000000e+03 -2.042435000000000000e+06 -1.361191499999999942e+05
-1.493000000000000000e+03 -2.248041000000000000e+06 -2.362070899999999965e+05
-1.493000000000000000e+03 -5.378347000000000000e+06 -4.632127899999999790e+05
-1.493000000000000000e+03 -2.559397000000000000e+06 -1.737710400000000081e+05
-1.493000000000000000e+03 -1.262885000000000000e+06 -1.119103200000000070e+05
-1.493000000000000000e+03 -6.665137000000000000e+06 -6.478926400000000140e+05
-1.493000000000000000e+03 -4.122743000000000000e+06 -3.788167999999999884e+05
-1.493000000000000000e+03 -4.116457000000000000e+06 -1.903986700000000128e+05
-1.493000000000000000e+03 -4.463151000000000000e+06 -2.908857800000000279e+05
-1.493000000000000000e+03 -2.351831000000000000e+06 -3.391823200000000070e+05
-1.493000000000000000e+03 -2.389557000000000000e+06 -3.959468300000000163e+05
-1.493000000000000000e+03 -3.680039000000000000e+06 -1.905140799999999872e+05
-1.493000000000000000e+03 -3.810779000000000000e+06 -1.982132600000000093e+05
-1.493000000000000000e+03 -2.857031000000000000e+06 -4.048266300000000047e+05
-1.493000000000000000e+03 -3.452239000000000000e+06 -2.045590400000000081e+05
-1.493000000000000000e+03 -4.568137000000000000e+06 -4.333588499999999767e+05
-1.493000000000000000e+03 -3.055343000000000000e+06 -4.484088599999999860e+05
-1.493000000000000000e+03 -3.125255000000000000e+06 -3.422781599999999744e+05
-1.493000000000000000e+03 -2.356249000000000000e+06 -3.581693699999999953e+05
-1.493000000000000000e+03 -2.865963000000000000e+06 -1.172944499999999971e+05
-1.493000000000000000e+03 -1.935189000000000000e+06 -1.519566300000000047e+05
-1.493000000000000000e+03 -2.003941000000000000e+06 -2.461182999999999884e+05
-1.493000000000000000e+03 -1.084117000000000000e+06 -9.558241999999999825e+04
-1.493000000000000000e+03 -9.365950000000000000e+05 -8.860253999999999360e+04
-1.493000000000000000e+03 -1.274865000000000000e+06 -3.039320900000000256e+05
-1.493000000000000000e+03 -1.286557000000000000e+06 -7.985244999999999709e+04
-1.493000000000000000e+03 -2.345199000000000000e+06 -1.817825400000000081e+05
-1.493000000000000000e+03 -8.945070000000000000e+05 -6.173676999999999680e+04
-1.493000000000000000e+03 -1.753479000000000000e+06 -2.805474099999999744e+05
-1.493000000000000000e+03 -1.666009000000000000e+06 -7.406527000000000407e+04
-1.493000000000000000e+03 -1.132151000000000000e+06 -1.490443599999999860e+05
-1.493000000000000000e+03 -3.014935000000000000e+06 -6.445798499999999767e+05
-1.493000000000000000e+03 -2.418173000000000000e+06 -3.805983599999999860e+05
-1.493000000000000000e+03 -1.929285000000000000e+06 -3.323381799999999930e+05
-1.493000000000000000e+03 -1.219537000000000000e+06 -9.801105000000000291e+04
-1.493000000000000000e+03 -1.127931000000000000e+06 -2.096216099999999860e+05
-1.493000000000000000e+03 -1.195269000000000000e+06 -7.554553999999999360e+04
-1.493000000000000000e+03 -1.203557000000000000e+06 -9.484691999999999825e+04
-1.493000000000000000e+03 -6.141490000000000000e+05 -2.424870000000000073e+04
-1.493000000000000000e+03 -6.856830000000000000e+05 -1.305955000000000000e+05
-1.493000000000000000e+03 -9.459730000000000000e+05 -8.852147999999999593e+04
-1.493000000000000000e+03 -1.321793000000000000e+06 -1.661691999999999825e+04
-1.493000000000000000e+03 -1.687437000000000000e+06 -7.079582000000000698e+04
-1.493000000000000000e+03 -2.411039000000000000e+06 -1.045978699999999953e+05
-1.493000000000000000e+03 -1.410593000000000000e+06 -1.378324400000000023e+05
-1.493000000000000000e+03 -2.465841000000000000e+06 -2.292126900000000023e+05
-1.493000000000000000e+03 -3.644110000000000000e+05 -8.213741999999999825e+04
-1.493000000000000000e+03 -9.325650000000000000e+05 -1.585564599999999919e+05
-1.493000000000000000e+03 -1.013617000000000000e+06 -9.933855000000000291e+04
-1.493000000000000000e+03 -1.660745000000000000e+06 -9.914110000000000582e+04
-1.493000000000000000e+03 -1.412737000000000000e+06 -2.235607600000000093e+05
-1.493000000000000000e+03 -1.770475000000000000e+06 -1.694250700000000070e+05
-1.493000000000000000e+03 -1.386381000000000000e+06 -7.947283999999999651e+04
-1.493000000000000000e+03 -6.915990000000000000e+05 -1.193678099999999977e+05
-1.493000000000000000e+03 -1.100135000000000000e+06 -1.581643099999999977e+05
-1.493000000000000000e+03 -1.855509000000000000e+06 -1.246992400000000052e+05
-1.493000000000000000e+03 -8.060790000000000000e+05 -4.756330000000000291e+04
-1.493000000000000000e+03 -2.897871000000000000e+06 -3.318362100000000210e+05
-1.493000000000000000e+03 -1.722159000000000000e+06 -1.923583900000000140e+05
-1.493000000000000000e+03 -1.362947000000000000e+06 -1.546338900000000140e+05
-1.493000000000000000e+03 -6.194050000000000000e+05 -8.177010000000000582e+04
-1.493000000000000000e+03 -1.548709000000000000e+06 -1.397271900000000023e+05
-1.493000000000000000e+03 -2.229333000000000000e+06 -2.314179599999999919e+05
-1.493000000000000000e+03 -1.721845000000000000e+06 -3.009888200000000070e+05
-1.493000000000000000e+03 -1.409625000000000000e+06 -8.403539999999999418e+04
-1.493000000000000000e+03 -6.352650000000000000e+05 -1.690533200000000070e+05
-1.493000000000000000e+03 -1.620477000000000000e+06 -5.247056999999999971e+04
-1.493000000000000000e+03 -1.651681000000000000e+06 -1.366881700000000128e+05
-1.493000000000000000e+03 -7.122190000000000000e+05 -6.212386000000000058e+04
-1.493000000000000000e+03 -1.024237000000000000e+06 -1.229094600000000064e+05
-1.493000000000000000e+03 -8.518290000000000000e+05 -3.815437999999999738e+04
-1.493000000000000000e+03 -1.379953000000000000e+06 -1.482333099999999977e+05
-1.493000000000000000e+03 -8.547670000000000000e+05 -4.304712000000000262e+04
-1.493000000000000000e+03 -1.431435000000000000e+06 -3.241281199999999953e+05
-1.493000000000000000e+03 -1.042289000000000000e+06 -4.325638999999999942e+04
-1.493000000000000000e+03 -1.395109000000000000e+06 -2.161765799999999872e+05
-1.493000000000000000e+03 -8.115550000000000000e+05 -1.747433200000000070e+05
-1.493000000000000000e+03 -8.752630000000000000e+05 -7.311744999999999709e+04
-1.493000000000000000e+03 -1.079365000000000000e+06 -1.226275800000000017e+05
-1.493000000000000000e+03 -8.128490000000000000e+05 -1.022879299999999930e+05
-1.493000000000000000e+03 -1.701631000000000000e+06 -2.009753699999999953e+05
-1.493000000000000000e+03 -2.221935000000000000e+06 -3.588240100000000093e+05
-1.493000000000000000e+03 -9.889050000000000000e+05 -5.140305999999999767e+04
-1.493000000000000000e+03 -1.141305000000000000e+06 -6.222602999999999884e+04
-1.493000000000000000e+03 -4.830710000000000000e+05 -4.056527999999999884e+04
-1.493000000000000000e+03 -9.768170000000000000e+05 -2.459086999999999898e+04
-1.493000000000000000e+03 -1.180261000000000000e+06 -2.083215199999999895e+05
-1.493000000000000000e+03 -1.431601000000000000e+06 -3.134815900000000256e+05
-1.493000000000000000e+03 -1.941269000000000000e+06 -1.036131799999999930e+05
-1.493000000000000000e+03 -1.196107000000000000e+06 -1.602372900000000081e+05
-1.493000000000000000e+03 -8.691970000000000000e+05 -4.735387000000000262e+04
-1.493000000000000000e+03 -1.736411000000000000e+06 -7.392716000000000349e+04
-1.493000000000000000e+03 -2.365323000000000000e+06 -3.889593099999999977e+05
-1.493000000000000000e+03 -1.462623000000000000e+06 -9.914147000000000116e+04
-1.493000000000000000e+03 -1.550527000000000000e+06 -7.146516999999999825e+04
-1.493000000000000000e+03 -9.459430000000000000e+05 -1.404457300000000105e+05
-1.493000000000000000e+03 -1.131613000000000000e+06 -9.247367999999999302e+04
-1.493000000000000000e+03 -6.062570000000000000e+05 -4.304552999999999884e+04
-1.493000000000000000e+03 -2.293937000000000000e+06 -1.642765799999999872e+05
-1.493000000000000000e+03 -1.863115000000000000e+06 -2.666830499999999884e+05
-1.493000000000000000e+03 -1.695273000000000000e+06 -4.054087299999999814e+05
-1.493000000000000000e+03 -1.286857000000000000e+06 -1.177414700000000012e+05
-1.493000000000000000e+03 -1.219279000000000000e+06 -1.240063200000000070e+05
-1.493000000000000000e+03 -1.370673000000000000e+06 -9.512544000000000233e+04
-1.493000000000000000e+03 -1.426293000000000000e+06 -5.007929000000000087e+04
-1.493000000000000000e+03 -1.891371000000000000e+06 -7.185383999999999651e+04
-1.493000000000000000e+03 -6.580610000000000000e+05 -2.261915999999999985e+04
-1.493000000000000000e+03 -1.376579000000000000e+06 -5.982816000000000349e+04
-1.493000000000000000e+03 -8.895230000000000000e+05 -2.043534899999999907e+05
-1.493000000000000000e+03 -1.098937000000000000e+06 -1.760244800000000105e+05
-1.493000000000000000e+03 -1.953150000000000000e+05 -8.387780000000000655e+03
-1.493000000000000000e+03 -1.994367000000000000e+06 -1.317176199999999953e+05
-1.493000000000000000e+03 -1.334155000000000000e+06 -9.870625000000000000e+04
-1.493000000000000000e+03 -1.377073000000000000e+06 -2.625486099999999860e+05
-1.493000000000000000e+03 -9.393730000000000000e+05 -1.770336700000000128e+05
-1.493000000000000000e+03 -1.493000000000000000e+03 -1.493000000000000000e+03
-1.493000000000000000e+03 -1.493000000000000000e+03 -1.493000000000000000e+03
-1.493000000000000000e+03 -1.493000000000000000e+03 -1.493000000000000000e+03
-1.493000000000000000e+03 -1.493000000000000000e+03 -1.493000000000000000e+03
-1.493000000000000000e+03 -1.493000000000000000e+03 -1.493000000000000000e+03
-1.493000000000000000e+03 -1.493000000000000000e+03 -1.493000000000000000e+03
-1.493000000000000000e+03 -1.493000000000000000e+03 -1.493000000000000000e+03
-1.493000000000000000e+03 -1.493000000000000000e+03 -1.493000000000000000e+03
-1.493000000000000000e+03 -1.493000000000000000e+03 -1.493000000000000000e+03
-1.493000000000000000e+03 -1.493000000000000000e+03 -1.493000000000000000e+03
-1.493000000000000000e+03 -1.493000000000000000e+03 -1.493000000000000000e+03
-1.493000000000000000e+03 -1.493000000000000000e+03 -1.493000000000000000e+03
-1.493000000000000000e+03 -1.909430000000000000e+05 -2.440250000000000000e+03
-1.493000000000000000e+03 -4.737170000000000000e+05 -3.854119999999999891e+03
-1.493000000000000000e+03 -1.493000000000000000e+03 -1.493000000000000000e+03
-1.493000000000000000e+03 -1.493000000000000000e+03 -1.493000000000000000e+03
-1.493000000000000000e+03 -1.493000000000000000e+03 -1.493000000000000000e+03
-1.493000000000000000e+03 -1.493000000000000000e+03 -1.493000000000000000e+03
-1.493000000000000000e+03 -1.493000000000000000e+03 -1.493000000000000000e+03
-1.493000000000000000e+03 -5.147430000000000000e+05 -4.385079999999999927e+03
-1.493000000000000000e+03 -1.493000000000000000e+03 -1.493000000000000000e+03
-1.493000000000000000e+03 -1.493000000000000000e+03 -1.493000000000000000e+03
-1.493000000000000000e+03 -1.493000000000000000e+03 -1.493000000000000000e+03
-1.493000000000000000e+03 -1.493000000000000000e+03 -1.493000000000000000e+03
-1.493000000000000000e+03 -1.493000000000000000e+03 -1.493000000000000000e+03
-1.493000000000000000e+03 -1.493000000000000000e+03 -1.493000000000000000e+03
-1.493000000000000000e+03 -1.493000000000000000e+03 -1.493000000000000000e+03
-1.493000000000000000e+03 -1.493000000000000000e+03 -1.493000000000000000e+03
-1.493000000000000000e+03 -1.493000000000000000e+03 -1.493000000000000000e+03
-1.493000000000000000e+03 -7.688050000000000000e+05 -5.329560000000000400e+03
-1.493000000000000000e+03 -1.493000000000000000e+03 -1.493000000000000000e+03
-1.493000000000000000e+03 -1.493000000000000000e+03 -1.493000000000000000e+03
-1.493000000000000000e+03 -1.493000000000000000e+03 -1.493000000000000000e+03
-1.493000000000000000e+03 -1.909430000000000000e+05 -2.440250000000000000e+03
-1.493000000000000000e+03 -1.493000000000000000e+03 -1.493000000000000000e+03
-1.493000000000000000e+03 -1.493000000000000000e+03 -1.493000000000000000e+03
-1.493000000000000000e+03 -1.493000000000000000e+03 -1.493000000000000000e+03
-1.493000000000000000e+03 -1.493000000000000000e+03 -1.493000000000000000e+03
-1.493000000000000000e+03 -1.493000000000000000e+03 -1.493000000000000000e+03
