-4.990310000000000000e+05 -5.798523000000000000e+06 -8.025398399999999674e+05
-4.990310000000000000e+05 -2.834115000000000000e+06 -8.533842299999999814e+05
-3.999610000000000000e+05 -4.756761000000000000e+06 -1.029839209999999963e+06
-3.242710000000000000e+05 -4.937003000000000000e+06 -8.287131899999999441e+05
-3.242710000000000000e+05 -4.552895000000000000e+06 -6.059432900000000373e+05
-3.242710000000000000e+05 -9.330667000000000000e+06 -1.193246510000000009e+06
-3.242710000000000000e+05 -4.795735000000000000e+06 -1.331260199999999953e+06
-2.200300000000000000e+04 -6.746095000000000000e+06 -1.525202999999999884e+05
-2.200300000000000000e+04 -5.339961000000000000e+06 -4.457646099999999860e+05
-2.200300000000000000e+04 -3.801917000000000000e+06 -3.811693099999999977e+05
-2.200300000000000000e+04 -6.718191000000000000e+06 -7.192931400000000140e+05
-2.200300000000000000e+04 -1.724995000000000000e+06 -2.702436699999999837e+05
-2.200300000000000000e+04 -3.251879000000000000e+06 -8.887745999999999767e+05
-2.200300000000000000e+04 -4.107237000000000000e+06 -3.030235800000000163e+05
-2.200300000000000000e+04 -4.582297000000000000e+06 -5.038960499999999884e+05
-2.200300000000000000e+04 -1.031983000000000000e+06 -2.727539199999999837e+05
-2.200300000000000000e+04 -2.028389000000000000e+06 -1.225450099999999948e+05
-2.200300000000000000e+04 -3.133005000000000000e+06 -6.057164799999999814e+05
-2.200300000000000000e+04 -3.528933000000000000e+06 -3.748407600000000093e+05
-2.200300000000000000e+04 -4.346825000000000000e+06 -3.827314600000000210e+05
-2.200300000000000000e+04 -2.994159000000000000e+06 -6.765174899999999907e+05
-2.200300000000000000e+04 -4.284395000000000000e+06 -6.068099899999999907e+05
-2.200300000000000000e+04 -5.117631000000000000e+06 -7.794512199999999721e+05
-2.200300000000000000e+04 -1.084821100000000000e+07 -6.345141099999999860e+05
-2.200300000000000000e+04 -4.227105000000000000e+06 -6.054495300000000279e+05
-2.200300000000000000e+04 -2.569647000000000000e+06 -3.312818400000000256e+05
-2.200300000000000000e+04 -3.384021000000000000e+06 -3.119285599999999977e+05
-9.147000000000000000e+03 -4.616633000000000000e+06 -2.361751900000000023e+05
-9.147000000000000000e+03 -3.573011000000000000e+06 -3.407751500000000233e+05
-9.147000000000000000e+03 -3.067035000000000000e+06 -5.284739899999999907e+05
-9.147000000000000000e+03 -4.174733000000000000e+06 -6.562707199999999721e+05
-9.147000000000000000e+03 -3.170269000000000000e+06 -6.117770200000000186e+05
-9.147000000000000000e+03 -5.182405000000000000e+06 -2.738867000000000116e+05
-9.147000000000000000e+03 -3.621797000000000000e+06 -4.192913099999999977e+05
-9.147000000000000000e+03 -8.137615000000000000e+06 -9.677516600000000326e+05
-9.147000000000000000e+03 -6.331435000000000000e+06 -6.354210400000000373e+05
-9.147000000000000000e+03 -3.413863000000000000e+06 -5.493332199999999721e+05
-9.147000000000000000e+03 -2.240493000000000000e+06 -8.121582099999999627e+05
-9.147000000000000000e+03 -5.385695000000000000e+06 -5.492464699999999721e+05
-9.147000000000000000e+03 -3.395761000000000000e+06 -1.018969479999999981e+06
-9.147000000000000000e+03 -2.697273000000000000e+06 -6.419356300000000047e+05
-9.147000000000000000e+03 -4.004311000000000000e+06 -3.776590800000000163e+05
-9.147000000000000000e+03 -1.965331000000000000e+06 -8.195527999999999884e+04
-9.147000000000000000e+03 -9.562390000000000000e+05 -1.218329400000000023e+05
-9.147000000000000000e+03 -6.482690000000000000e+05 -1.418000199999999895e+05
-9.147000000000000000e+03 -3.208539000000000000e+06 -6.434242199999999721e+05
-9.147000000000000000e+03 -2.209615000000000000e+06 -2.717437100000000210e+05
-9.147000000000000000e+03 -3.710817000000000000e+06 -7.530525699999999488e+05
-9.147000000000000000e+03 -1.957859000000000000e+06 -2.530777900000000081e+05
-9.147000000000000000e+03 -2.391093000000000000e+06 -4.837346699999999837e+05
-9.147000000000000000e+03 -2.998561000000000000e+06 -3.546455700000000070e+05
-9.147000000000000000e+03 -5.218563000000000000e+06 -4.576212299999999814e+05
-9.147000000000000000e+03 -7.949930000000000000e+05 -5.541923000000000320e+04
-9.147000000000000000e+03 -1.901267000000000000e+06 -1.711905100000000093e+05
-9.147000000000000000e+03 -2.112717000000000000e+06 -3.566502199999999721e+05
-9.147000000000000000e+03 -2.733573000000000000e+06 -4.865334600000000210e+05
-9.147000000000000000e+03 -1.910863000000000000e+06 -3.776378300000000163e+05
-9.147000000000000000e+03 -3.892085000000000000e+06 -2.887431799999999930e+05
-9.147000000000000000e+03 -3.754717000000000000e+06 -3.271616799999999930e+05
-9.147000000000000000e+03 -3.556807000000000000e+06 -1.147992030000000028e+06
-9.147000000000000000e+03 -4.242281000000000000e+06 -6.353790500000000466e+05
-9.147000000000000000e+03 -2.933191000000000000e+06 -3.651989899999999907e+05
-9.147000000000000000e+03 -1.337895000000000000e+06 -2.663668699999999953e+05
-9.147000000000000000e+03 -4.278991000000000000e+06 -7.457475500000000466e+05
-9.147000000000000000e+03 -9.550710000000000000e+05 -2.339726400000000140e+05
-9.147000000000000000e+03 -2.125955000000000000e+06 -2.445223399999999965e+05
-9.147000000000000000e+03 -2.189287000000000000e+06 -2.509368999999999942e+05
-9.147000000000000000e+03 -3.368901000000000000e+06 -2.212755100000000093e+05
-9.147000000000000000e+03 -1.676607000000000000e+06 -7.683272000000000116e+04
-9.147000000000000000e+03 -2.409271000000000000e+06 -1.079193399999999965e+05
-4.513000000000000000e+03 -1.754317000000000000e+06 -1.077281699999999983e+05
-4.513000000000000000e+03 -2.478433000000000000e+06 -2.478122000000000116e+05
-4.513000000000000000e+03 -2.076899000000000000e+06 -1.843498299999999872e+05
-4.513000000000000000e+03 -2.848067000000000000e+06 -3.234642100000000210e+05
-4.513000000000000000e+03 -1.745403000000000000e+06 -1.655570899999999965e+05
-4.513000000000000000e+03 -3.589121000000000000e+06 -3.062341799999999930e+05
-4.513000000000000000e+03 -2.086719000000000000e+06 -1.700608200000000070e+05
-4.513000000000000000e+03 -2.393025000000000000e+06 -6.533486600000000326e+05
-4.513000000000000000e+03 -3.152721000000000000e+06 -3.269887100000000210e+05
-4.513000000000000000e+03 -1.835263000000000000e+06 -3.504912399999999907e+05
-4.513000000000000000e+03 -1.974999000000000000e+06 -4.179399899999999907e+05
-4.513000000000000000e+03 -2.193637000000000000e+06 -1.718391000000000058e+05
-4.513000000000000000e+03 -7.678230000000000000e+05 -1.414554299999999930e+05
-4.513000000000000000e+03 -8.398750000000000000e+05 -3.724619000000000233e+04
-4.513000000000000000e+03 -1.032523000000000000e+06 -2.288050499999999884e+05
-4.513000000000000000e+03 -3.015011000000000000e+06 -1.088854100000000035e+05
-4.513000000000000000e+03 -2.458573000000000000e+06 -5.362950000000000000e+05
-4.513000000000000000e+03 -1.211099000000000000e+06 -9.175374000000000524e+04
-4.513000000000000000e+03 -1.968503000000000000e+06 -1.627709599999999919e+05
-4.513000000000000000e+03 -1.050569000000000000e+06 -3.017259299999999930e+05
-4.513000000000000000e+03 -1.578689000000000000e+06 -2.033367300000000105e+05
-4.513000000000000000e+03 -8.734150000000000000e+05 -8.221242999999999302e+04
-4.513000000000000000e+03 -1.519899000000000000e+06 -2.006537000000000116e+05
-4.513000000000000000e+03 -1.345569000000000000e+06 -1.046701699999999983e+05
-4.513000000000000000e+03 -3.539930000000000000e+05 -7.338778999999999360e+04
-4.513000000000000000e+03 -1.648985000000000000e+06 -1.777450299999999988e+05
-4.513000000000000000e+03 -1.019291000000000000e+06 -2.229925199999999895e+05
-4.513000000000000000e+03 -1.341367000000000000e+06 -2.498212999999999884e+05
-4.513000000000000000e+03 -1.822031000000000000e+06 -5.585425000000000000e+04
-4.513000000000000000e+03 -1.565361000000000000e+06 -2.178936000000000058e+05
-4.513000000000000000e+03 -1.050935000000000000e+06 -1.000428899999999994e+05
-4.513000000000000000e+03 -7.949410000000000000e+05 -1.196096100000000006e+05
-4.513000000000000000e+03 -1.914477000000000000e+06 -2.971200499999999884e+05
-4.513000000000000000e+03 -1.666159000000000000e+06 -1.953109400000000023e+05
-4.513000000000000000e+03 -1.214287000000000000e+06 -8.522736000000000058e+04
-4.513000000000000000e+03 -1.653021000000000000e+06 -2.594749299999999930e+05
-4.513000000000000000e+03 -1.528687000000000000e+06 -1.903682699999999895e+05
-4.513000000000000000e+03 -1.399221000000000000e+06 -6.992894999999999709e+04
-4.513000000000000000e+03 -1.497623000000000000e+06 -1.513537099999999919e+05
-4.513000000000000000e+03 -1.600601000000000000e+06 -1.076705500000000029e+05
-4.513000000000000000e+03 -1.119131000000000000e+06 -1.943078299999999872e+05
-4.513000000000000000e+03 -1.377003000000000000e+06 -1.976919100000000035e+05
-4.513000000000000000e+03 -5.277130000000000000e+05 -2.615336999999999898e+04
-4.513000000000000000e+03 -1.733915000000000000e+06 -2.002011700000000128e+05
-4.513000000000000000e+03 -2.146190000000000000e+05 -2.046233000000000175e+04
-4.513000000000000000e+03 -3.771750000000000000e+05 -1.549162200000000012e+05
-4.513000000000000000e+03 -7.617970000000000000e+05 -4.476822000000000116e+04
-4.513000000000000000e+03 -9.398450000000000000e+05 -7.379563000000000466e+04
-4.513000000000000000e+03 -1.081135000000000000e+06 -1.615536799999999930e+05
-4.513000000000000000e+03 -8.375570000000000000e+05 -1.004612200000000012e+05
-4.513000000000000000e+03 -2.035181000000000000e+06 -3.432374099999999744e+05
-4.513000000000000000e+03 -1.090893000000000000e+06 -1.752457999999999884e+05
-4.513000000000000000e+03 -6.056010000000000000e+05 -2.158159999999999854e+04
-4.513000000000000000e+03 -6.922890000000000000e+05 -1.690931600000000035e+05
-4.513000000000000000e+03 -2.141595000000000000e+06 -3.457342299999999814e+05
-4.513000000000000000e+03 -9.123770000000000000e+05 -2.005315899999999965e+05
-4.513000000000000000e+03 -1.756653000000000000e+06 -1.219018300000000017e+05
-2.971000000000000000e+03 -5.998010000000000000e+05 -1.878475999999999840e+04
-2.971000000000000000e+03 -5.224130000000000000e+05 -9.174863999999999942e+04
-2.971000000000000000e+03 -1.020103000000000000e+06 -1.887874800000000105e+05
-2.971000000000000000e+03 -1.867141000000000000e+06 -1.557027900000000081e+05
-2.971000000000000000e+03 -1.543355000000000000e+06 -1.860984800000000105e+05
-2.971000000000000000e+03 -4.567390000000000000e+05 -8.446394000000000233e+04
-2.971000000000000000e+03 -5.659730000000000000e+05 -6.324380000000000291e+04
-2.971000000000000000e+03 -2.012305000000000000e+06 -2.456356199999999953e+05
-2.971000000000000000e+03 -7.602250000000000000e+05 -1.386516400000000140e+05
-2.971000000000000000e+03 -7.080250000000000000e+05 -1.051723399999999965e+05
-2.971000000000000000e+03 -2.624430000000000000e+05 -3.403044000000000233e+04
-2.971000000000000000e+03 -4.871510000000000000e+05 -2.025675999999999840e+04
-2.971000000000000000e+03 -3.925950000000000000e+05 -8.598985000000000582e+04
-2.971000000000000000e+03 -2.118725000000000000e+06 -4.780895700000000070e+05
-2.971000000000000000e+03 -1.427479000000000000e+06 -2.181578599999999860e+05
-2.971000000000000000e+03 -1.264803000000000000e+06 -1.576548900000000140e+05
-2.971000000000000000e+03 -1.581889000000000000e+06 -8.316688999999999942e+04
-2.971000000000000000e+03 -7.610470000000000000e+05 -3.750177999999999884e+04
-2.971000000000000000e+03 -1.274441000000000000e+06 -9.080450999999999476e+04
-2.971000000000000000e+03 -1.007297000000000000e+06 -6.390194999999999709e+04
-2.971000000000000000e+03 -1.090449000000000000e+06 -9.822682000000000698e+04
-2.971000000000000000e+03 -9.162930000000000000e+05 -1.153325700000000070e+05
-2.971000000000000000e+03 -1.827135000000000000e+06 -1.885381900000000023e+05
-2.971000000000000000e+03 -5.319250000000000000e+05 -2.705558000000000175e+04
-2.971000000000000000e+03 -1.129915000000000000e+06 -1.192363300000000017e+05
-4.110000000000000000e+02 -9.679790000000000000e+05 -4.219122000000000116e+04
-4.110000000000000000e+02 -1.457851000000000000e+06 -7.053855000000000291e+04
-4.110000000000000000e+02 -1.854951000000000000e+06 -1.813146300000000047e+05
-4.110000000000000000e+02 -3.348710000000000000e+05 -2.510952999999999884e+04
-4.110000000000000000e+02 -2.927150000000000000e+05 -2.605550000000000000e+04
-4.110000000000000000e+02 -6.488730000000000000e+05 -5.447411000000000058e+04
-4.110000000000000000e+02 -8.710150000000000000e+05 -4.845700000000000000e+04
-4.110000000000000000e+02 -1.582323000000000000e+06 -5.101930000000000291e+04
-4.110000000000000000e+02 -9.759210000000000000e+05 -1.026956999999999971e+05
-4.110000000000000000e+02 -7.833500000000000000e+04 -1.065339999999999918e+03
-4.110000000000000000e+02 -4.110000000000000000e+02 -4.110000000000000000e+02
-4.110000000000000000e+02 -4.110000000000000000e+02 -4.110000000000000000e+02
-4.110000000000000000e+02 -4.110000000000000000e+02 -4.110000000000000000e+02
-4.110000000000000000e+02 -4.110000000000000000e+02 -4.110000000000000000e+02
-4.110000000000000000e+02 -4.110000000000000000e+02 -4.110000000000000000e+02
-4.110000000000000000e+02 -7.082650000000000000e+05 -1.600698999999999978e+04
-4.110000000000000000e+02 -6.639530000000000000e+05 -3.728710000000000036e+03
-4.110000000000000000e+02 -4.110000000000000000e+02 -4.110000000000000000e+02
-4.110000000000000000e+02 -4.110000000000000000e+02 -4.110000000000000000e+02
-4.110000000000000000e+02 -4.110000000000000000e+02 -4.110000000000000000e+02
-4.110000000000000000e+02 -4.110000000000000000e+02 -4.110000000000000000e+02
-4.110000000000000000e+02 -4.110000000000000000e+02 -4.110000000000000000e+02
-4.110000000000000000e+02 -4.110000000000000000e+02 -4.110000000000000000e+02
-4.110000000000000000e+02 -4.110000000000000000e+02 -4.110000000000000000e+02
-4.110000000000000000e+02 -4.110000000000000000e+02 -4.110000000000000000e+02
-4.110000000000000000e+02 -4.110000000000000000e+02 -4.110000000000000000e+02
-4.110000000000000000e+02 -1.206910000000000000e+05 -1.012399999999999977e+03
-4.110000000000000000e+02 -1.055710000000000000e+05 -1.258519999999999982e+03
-4.110000000000000000e+02 -4.110000000000000000e+02 -4.110000000000000000e+02
-4.110000000000000000e+02 -2.618150000000000000e+05 -1.718019999999999982e+03
-4.110000000000000000e+02 -1.272790000000000000e+05 -1.218359999999999900e+03
-4.110000000000000000e+02 -4.110000000000000000e+02 -4.110000000000000000e+02
-4.110000000000000000e+02 -1.181770000000000000e+05 -9.998300000000000409e+02
-4.110000000000000000e+02 -4.110000000000000000e+02 -4.110000000000000000e+02
-4.110000000000000000e+02 -3.039900000000000000e+04 -5.609400000000000546e+02
-4.110000000000000000e+02 -4.110000000000000000e+02 -4.110000000000000000e+02
-4.110000000000000000e+02 -1.178270000000000000e+05 -9.980800000000000409e+02
-4.110000000000000000e+02 -4.110000000000000000e+02 -4.110000000000000000e+02
-4.110000000000000000e+02 -4.110000000000000000e+02 -4.110000000000000000e+02
-4.110000000000000000e+02 -4.110000000000000000e+02 -4.110000000000000000e+02
-4.110000000000000000e+02 -4.110000000000000000e+02 -4.110000000000000000e+02
-4.110000000000000000e+02 -4.110000000000000000e+02 -4.110000000000000000e+02
-4.110000000000000000e+02 -4.110000000000000000e+02 -4.110000000000000000e+02
-4.110000000000000000e+02 -4.110000000000000000e+02 -4.110000000000000000e+02
-4.110000000000000000e+02 -4.110000000000000000e+02 -4.110000000000000000e+02
-4.110000000000000000e+02 -4.110000000000000000e+02 -4.110000000000000000e+02
-4.110000000000000000e+02 -4.067010000000000000e+05 -2.974010000000000218e+03
-4.110000000000000000e+02 -4.110000000000000000e+02 -4.110000000000000000e+02
