-7.145930000000000000e+05 -6.719979000000000000e+06 -1.589656030000000028e+06
-7.145930000000000000e+05 -5.478051000000000000e+06 -1.472285709999999963e+06
-2.875110000000000000e+05 -3.298277000000000000e+06 -7.605869399999999441e+05
-2.042570000000000000e+05 -3.790543000000000000e+06 -5.240235499999999884e+05
-8.560100000000000000e+04 -4.474093000000000000e+06 -3.860994400000000023e+05
-8.560100000000000000e+04 -8.949537000000000000e+06 -3.047957000000000116e+05
-8.560100000000000000e+04 -6.307679000000000000e+06 -5.288991500000000233e+05
-8.560100000000000000e+04 -2.718931000000000000e+06 -5.857350799999999581e+05
-8.560100000000000000e+04 -3.531683000000000000e+06 -5.706477500000000000e+05
-8.560100000000000000e+04 -4.157493000000000000e+06 -7.305809100000000326e+05
-8.560100000000000000e+04 -6.461901000000000000e+06 -5.484674799999999814e+05
-7.041500000000000000e+04 -4.556859000000000000e+06 -5.732724499999999534e+05
-7.041500000000000000e+04 -5.931645000000000000e+06 -8.966625300000000279e+05
-7.041500000000000000e+04 -2.705921000000000000e+06 -8.490856500000000233e+05
-2.328300000000000000e+04 -2.425179000000000000e+06 -2.524646700000000128e+05
-2.328300000000000000e+04 -7.412923000000000000e+06 -1.207520699999999953e+06
-2.328300000000000000e+04 -5.941423000000000000e+06 -3.585430499999999884e+05
-2.328300000000000000e+04 -3.513713000000000000e+06 -5.144113300000000163e+05
-2.328300000000000000e+04 -4.878897000000000000e+06 -8.846951099999999860e+05
-2.328300000000000000e+04 -3.774223000000000000e+06 -4.866132000000000116e+05
-2.328300000000000000e+04 -2.162019000000000000e+06 -2.251697399999999907e+05
-2.328300000000000000e+04 -6.928917000000000000e+06 -4.085151599999999744e+05
-2.328300000000000000e+04 -4.043815000000000000e+06 -3.136273099999999977e+05
-2.328300000000000000e+04 -2.459091000000000000e+06 -2.754878599999999860e+05
-2.328300000000000000e+04 -4.844259000000000000e+06 -5.157568499999999767e+05
-2.328300000000000000e+04 -2.022823000000000000e+06 -4.818462199999999721e+05
-2.328300000000000000e+04 -3.342913000000000000e+06 -4.389646300000000047e+05
-2.328300000000000000e+04 -2.626235000000000000e+06 -2.313928099999999977e+05
-2.328300000000000000e+04 -7.742279000000000000e+06 -3.953492999999999884e+05
-2.328300000000000000e+04 -4.858789000000000000e+06 -3.893404400000000023e+05
-2.328300000000000000e+04 -3.654061000000000000e+06 -5.659976899999999441e+05
-2.328300000000000000e+04 -4.083541000000000000e+06 -9.178586999999999534e+05
-2.328300000000000000e+04 -5.106547000000000000e+06 -9.374342800000000279e+05
-2.328300000000000000e+04 -3.427987000000000000e+06 -5.951618100000000559e+05
-2.328300000000000000e+04 -3.151527000000000000e+06 -8.730500999999999767e+05
-8.290000000000000000e+02 -4.243891000000000000e+06 -3.553212399999999907e+05
-8.290000000000000000e+02 -5.012461000000000000e+06 -5.538653699999999953e+05
-8.290000000000000000e+02 -5.302083000000000000e+06 -5.305242199999999721e+05
-8.290000000000000000e+02 -5.773339000000000000e+06 -3.873450100000000093e+05
-8.290000000000000000e+02 -9.879850000000000000e+05 -1.488787500000000000e+05
-8.290000000000000000e+02 -3.486379000000000000e+06 -6.223906999999999534e+05
-8.290000000000000000e+02 -1.099099000000000000e+06 -1.088789799999999959e+05
-8.290000000000000000e+02 -5.369195000000000000e+06 -1.200891499999999942e+05
-8.290000000000000000e+02 -3.536233000000000000e+06 -2.225687799999999988e+05
-8.290000000000000000e+02 -2.043943000000000000e+06 -1.243949799999999959e+05
-8.290000000000000000e+02 -1.411605000000000000e+06 -2.158837099999999919e+05
-8.290000000000000000e+02 -3.053271000000000000e+06 -5.968213399999999674e+05
-8.290000000000000000e+02 -3.403053000000000000e+06 -7.630405600000000559e+05
-8.290000000000000000e+02 -5.359321000000000000e+06 -2.631583300000000163e+05
-8.290000000000000000e+02 -4.221867000000000000e+06 -3.503297000000000116e+05
-8.290000000000000000e+02 -4.091003000000000000e+06 -7.330832500000000000e+05
-8.290000000000000000e+02 -2.424669000000000000e+06 -2.916156099999999860e+05
-8.290000000000000000e+02 -3.399379000000000000e+06 -4.802888400000000256e+05
-8.290000000000000000e+02 -2.627797000000000000e+06 -1.151107200000000012e+05
-8.290000000000000000e+02 -3.620825000000000000e+06 -3.935360800000000163e+05
-8.290000000000000000e+02 -1.688203000000000000e+06 -3.478047899999999790e+05
-8.290000000000000000e+02 -2.449337000000000000e+06 -1.094016100000000006e+05
-8.290000000000000000e+02 -2.441547000000000000e+06 -2.257183599999999860e+05
-8.290000000000000000e+02 -1.995981000000000000e+06 -1.645732099999999919e+05
-8.290000000000000000e+02 -5.905909000000000000e+06 -5.389552600000000093e+05
-8.290000000000000000e+02 -2.948639000000000000e+06 -1.585954899999999907e+05
-8.290000000000000000e+02 -1.743657000000000000e+06 -6.836220500000000466e+05
-8.290000000000000000e+02 -4.224585000000000000e+06 -8.025020500000000466e+05
-8.290000000000000000e+02 -2.390635000000000000e+06 -4.984230999999999767e+05
-8.290000000000000000e+02 -1.322653000000000000e+06 -2.741074500000000116e+05
-8.290000000000000000e+02 -1.304873000000000000e+06 -2.112982699999999895e+05
-8.290000000000000000e+02 -3.000433000000000000e+06 -2.070716300000000047e+05
-8.290000000000000000e+02 -1.819845000000000000e+06 -7.138332500000000000e+05
-8.290000000000000000e+02 -1.761191000000000000e+06 -2.514987900000000081e+05
-8.290000000000000000e+02 -3.435875000000000000e+06 -1.962929500000000116e+05
-8.290000000000000000e+02 -2.099025000000000000e+06 -3.408748200000000070e+05
-8.290000000000000000e+02 -1.053425000000000000e+06 -1.021425099999999948e+05
-8.290000000000000000e+02 -2.457325000000000000e+06 -3.254961099999999860e+05
-8.290000000000000000e+02 -1.724163000000000000e+06 -1.916349899999999907e+05
-8.290000000000000000e+02 -1.373317000000000000e+06 -5.669925000000000000e+04
-8.290000000000000000e+02 -2.995683000000000000e+06 -3.777067899999999790e+05
-8.290000000000000000e+02 -1.445435000000000000e+06 -2.732796400000000140e+05
-8.290000000000000000e+02 -3.913957000000000000e+06 -4.659114000000000233e+05
-8.290000000000000000e+02 -1.695059000000000000e+06 -2.315157900000000081e+05
-8.290000000000000000e+02 -3.233967000000000000e+06 -2.063184500000000116e+05
-8.290000000000000000e+02 -2.324465000000000000e+06 -2.490955199999999895e+05
-8.290000000000000000e+02 -2.598965000000000000e+06 -1.525720599999999977e+05
-8.290000000000000000e+02 -1.394185000000000000e+06 -2.263224200000000128e+05
-8.290000000000000000e+02 -2.585913000000000000e+06 -5.162331599999999744e+05
-8.290000000000000000e+02 -1.000569000000000000e+06 -1.399652399999999907e+05
-8.290000000000000000e+02 -7.957630000000000000e+05 -4.793179000000000087e+04
-8.290000000000000000e+02 -1.703223000000000000e+06 -7.481755999999999767e+04
-8.290000000000000000e+02 -4.047470000000000000e+05 -3.815326000000000204e+04
-8.290000000000000000e+02 -1.440467000000000000e+06 -3.232709199999999837e+05
-8.290000000000000000e+02 -1.238229000000000000e+06 -1.261315500000000029e+05
-8.290000000000000000e+02 -7.671910000000000000e+05 -3.847888999999999942e+04
-8.290000000000000000e+02 -1.205253000000000000e+06 -9.267755000000000291e+04
-8.290000000000000000e+02 -1.794775000000000000e+06 -2.795268900000000140e+05
-8.290000000000000000e+02 -2.163831000000000000e+06 -1.681347300000000105e+05
-8.290000000000000000e+02 -1.109309000000000000e+06 -2.845872999999999956e+04
-8.290000000000000000e+02 -8.780750000000000000e+05 -7.465161999999999534e+04
-8.290000000000000000e+02 -8.381370000000000000e+05 -1.175722899999999936e+05
-8.290000000000000000e+02 -1.990619000000000000e+06 -2.226595400000000081e+05
-8.290000000000000000e+02 -1.267525000000000000e+06 -1.267632400000000052e+05
-8.290000000000000000e+02 -7.113170000000000000e+05 -5.964558999999999651e+04
-8.290000000000000000e+02 -5.899230000000000000e+05 -8.392953999999999360e+04
-8.290000000000000000e+02 -9.833270000000000000e+05 -2.066554500000000116e+05
-8.290000000000000000e+02 -6.188070000000000000e+05 -1.803277000000000116e+05
-8.290000000000000000e+02 -1.032577000000000000e+06 -1.606381199999999953e+05
-8.290000000000000000e+02 -1.656233000000000000e+06 -1.212469499999999971e+05
-8.290000000000000000e+02 -1.476239000000000000e+06 -2.050900799999999872e+05
-8.290000000000000000e+02 -1.833401000000000000e+06 -2.151378099999999977e+05
-8.290000000000000000e+02 -9.972410000000000000e+05 -4.551147000000000116e+04
-8.290000000000000000e+02 -1.074943000000000000e+06 -1.217342500000000000e+05
-8.290000000000000000e+02 -1.962581000000000000e+06 -1.591120799999999872e+05
-8.290000000000000000e+02 -1.427883000000000000e+06 -1.285814499999999971e+05
-8.290000000000000000e+02 -1.005655000000000000e+06 -5.467008999999999651e+04
-8.290000000000000000e+02 -1.354265000000000000e+06 -2.219094599999999919e+05
-8.290000000000000000e+02 -2.240285000000000000e+06 -2.169585299999999988e+05
-8.290000000000000000e+02 -8.777830000000000000e+05 -1.770654100000000035e+05
-8.290000000000000000e+02 -1.070589000000000000e+06 -1.588772799999999988e+05
-8.290000000000000000e+02 -9.776350000000000000e+05 -1.080471100000000006e+05
-8.290000000000000000e+02 -7.789790000000000000e+05 -1.366904700000000012e+05
-8.290000000000000000e+02 -6.321210000000000000e+05 -9.188475000000000000e+04
-8.290000000000000000e+02 -1.680769000000000000e+06 -2.169043699999999953e+05
-8.290000000000000000e+02 -2.124425000000000000e+06 -3.085625300000000279e+05
-8.290000000000000000e+02 -7.311410000000000000e+05 -4.609302999999999884e+04
-8.290000000000000000e+02 -2.238573000000000000e+06 -6.426981999999999971e+04
-8.290000000000000000e+02 -1.959139000000000000e+06 -1.214841000000000058e+05
-8.290000000000000000e+02 -1.350081000000000000e+06 -2.158914299999999930e+05
-8.290000000000000000e+02 -9.534190000000000000e+05 -5.547498000000000320e+04
-8.290000000000000000e+02 -4.165910000000000000e+05 -1.041832599999999948e+05
-8.290000000000000000e+02 -1.065167000000000000e+06 -1.287176100000000006e+05
-8.290000000000000000e+02 -8.812890000000000000e+05 -1.983422500000000000e+05
-8.290000000000000000e+02 -1.071447000000000000e+06 -9.897016000000000349e+04
-8.290000000000000000e+02 -9.189190000000000000e+05 -1.232093800000000047e+05
-8.290000000000000000e+02 -1.183819000000000000e+06 -1.840736400000000140e+05
-8.290000000000000000e+02 -2.155705000000000000e+06 -1.511179899999999907e+05
-8.290000000000000000e+02 -1.550441000000000000e+06 -7.134563000000000466e+04
-8.290000000000000000e+02 -7.416830000000000000e+05 -3.419173999999999796e+04
-8.290000000000000000e+02 -2.275071000000000000e+06 -1.282124799999999959e+05
-8.290000000000000000e+02 -8.443630000000000000e+05 -7.291338999999999942e+04
-8.290000000000000000e+02 -1.545163000000000000e+06 -2.718057500000000000e+05
-8.290000000000000000e+02 -6.432070000000000000e+05 -1.591685299999999988e+05
-8.290000000000000000e+02 -6.943850000000000000e+05 -1.417598999999999942e+05
-8.290000000000000000e+02 -1.487273000000000000e+06 -2.812209400000000023e+05
-8.290000000000000000e+02 -1.994839000000000000e+06 -6.585242999999999302e+04
-8.290000000000000000e+02 -8.143110000000000000e+05 -4.649961000000000058e+04
-8.290000000000000000e+02 -2.485679000000000000e+06 -1.681159800000000105e+05
-8.290000000000000000e+02 -1.238485000000000000e+06 -7.289155999999999767e+04
-8.290000000000000000e+02 -8.243250000000000000e+05 -3.897034999999999854e+04
-8.290000000000000000e+02 -1.653563000000000000e+06 -3.186374000000000233e+05
-8.290000000000000000e+02 -5.439170000000000000e+05 -5.089631999999999971e+04
-8.290000000000000000e+02 -7.386510000000000000e+05 -9.195627000000000407e+04
-8.290000000000000000e+02 -1.395565000000000000e+06 -6.521819000000000233e+04
-8.290000000000000000e+02 -2.038303000000000000e+06 -2.020178099999999977e+05
-8.290000000000000000e+02 -2.243281000000000000e+06 -1.777281000000000058e+05
-8.290000000000000000e+02 -1.386353000000000000e+06 -1.313595599999999977e+05
-8.290000000000000000e+02 -1.325421000000000000e+06 -2.143471000000000058e+05
-8.290000000000000000e+02 -5.784970000000000000e+05 -6.008543000000000029e+04
-8.290000000000000000e+02 -8.002710000000000000e+05 -6.392912000000000262e+04
-8.290000000000000000e+02 -7.538330000000000000e+05 -1.735063299999999872e+05
-8.290000000000000000e+02 -1.353633000000000000e+06 -1.420313999999999942e+05
-8.290000000000000000e+02 -1.433687000000000000e+06 -1.823290400000000081e+05
-8.290000000000000000e+02 -1.002839000000000000e+06 -1.770139500000000116e+05
-8.290000000000000000e+02 -1.268871000000000000e+06 -5.344981999999999971e+04
-8.290000000000000000e+02 -8.290000000000000000e+02 -8.290000000000000000e+02
-8.290000000000000000e+02 -8.290000000000000000e+02 -8.290000000000000000e+02
-8.290000000000000000e+02 -8.290000000000000000e+02 -8.290000000000000000e+02
-8.290000000000000000e+02 -8.290000000000000000e+02 -8.290000000000000000e+02
-8.290000000000000000e+02 -8.290000000000000000e+02 -8.290000000000000000e+02
-8.290000000000000000e+02 -8.290000000000000000e+02 -8.290000000000000000e+02
-8.290000000000000000e+02 -8.290000000000000000e+02 -8.290000000000000000e+02
-8.290000000000000000e+02 -8.290000000000000000e+02 -8.290000000000000000e+02
-8.290000000000000000e+02 -8.290000000000000000e+02 -8.290000000000000000e+02
-8.290000000000000000e+02 -8.290000000000000000e+02 -8.290000000000000000e+02
-8.290000000000000000e+02 -8.290000000000000000e+02 -8.290000000000000000e+02
-8.290000000000000000e+02 -8.804890000000000000e+05 -5.227300000000000182e+03
-8.290000000000000000e+02 -1.182450000000000000e+05 -1.416079999999999927e+03
-8.290000000000000000e+02 -8.290000000000000000e+02 -8.290000000000000000e+02
-8.290000000000000000e+02 -8.290000000000000000e+02 -8.290000000000000000e+02
-8.290000000000000000e+02 -8.290000000000000000e+02 -8.290000000000000000e+02
-8.290000000000000000e+02 -8.290000000000000000e+02 -8.290000000000000000e+02
-8.290000000000000000e+02 -8.290000000000000000e+02 -8.290000000000000000e+02
-8.290000000000000000e+02 -8.290000000000000000e+02 -8.290000000000000000e+02
-8.290000000000000000e+02 -8.290000000000000000e+02 -8.290000000000000000e+02
-8.290000000000000000e+02 -8.290000000000000000e+02 -8.290000000000000000e+02
-8.290000000000000000e+02 -1.021870000000000000e+05 -1.335789999999999964e+03
-8.290000000000000000e+02 -8.290000000000000000e+02 -8.290000000000000000e+02
-8.290000000000000000e+02 -8.290000000000000000e+02 -8.290000000000000000e+02
-8.290000000000000000e+02 -8.290000000000000000e+02 -8.290000000000000000e+02
-8.290000000000000000e+02 -8.290000000000000000e+02 -8.290000000000000000e+02
-8.290000000000000000e+02 -8.290000000000000000e+02 -8.290000000000000000e+02
-8.290000000000000000e+02 -8.290000000000000000e+02 -8.290000000000000000e+02
-8.290000000000000000e+02 -1.563450000000000000e+05 -1.606579999999999927e+03
-8.290000000000000000e+02 -8.290000000000000000e+02 -8.290000000000000000e+02
-8.290000000000000000e+02 -8.290000000000000000e+02 -8.290000000000000000e+02
-8.290000000000000000e+02 -8.290000000000000000e+02 -8.290000000000000000e+02
-8.290000000000000000e+02 -8.290000000000000000e+02 -8.290000000000000000e+02
-8.290000000000000000e+02 -8.290000000000000000e+02 -8.290000000000000000e+02
-8.290000000000000000e+02 -8.290000000000000000e+02 -8.290000000000000000e+02
-8.290000000000000000e+02 -2.677490000000000000e+05 -2.163599999999999909e+03
-8.290000000000000000e+02 -8.290000000000000000e+02 -8.290000000000000000e+02
-8.290000000000000000e+02 -8.290000000000000000e+02 -8.290000000000000000e+02
-8.290000000000000000e+02 -8.290000000000000000e+02 -8.290000000000000000e+02
