-3.932710000000000000e+05 -3.562409000000000000e+06 -7.791202900000000373e+05
-3.932710000000000000e+05 -3.627945000000000000e+06 -8.866767500000000000e+05
-2.432510000000000000e+05 -2.624383000000000000e+06 -6.606285300000000279e+05
-1.595910000000000000e+05 -3.374125000000000000e+06 -8.515191300000000047e+05
-1.595910000000000000e+05 -2.473893000000000000e+06 -3.198456199999999953e+05
-1.595910000000000000e+05 -6.480777000000000000e+06 -1.354436580000000075e+06
-1.595910000000000000e+05 -6.550393000000000000e+06 -9.667368199999999488e+05
-1.300670000000000000e+05 -4.398015000000000000e+06 -4.864706099999999860e+05
-1.300670000000000000e+05 -3.473341000000000000e+06 -3.790467500000000000e+05
-1.300670000000000000e+05 -5.142447000000000000e+06 -4.850772100000000210e+05
-1.300670000000000000e+05 -8.320179000000000000e+06 -7.218626500000000233e+05
-1.300670000000000000e+05 -5.128575000000000000e+06 -1.061820810000000056e+06
-8.121500000000000000e+04 -2.622925000000000000e+06 -4.092260399999999790e+05
-8.121500000000000000e+04 -6.736765000000000000e+06 -1.236550120000000112e+06
-8.121500000000000000e+04 -5.386917000000000000e+06 -6.158374100000000326e+05
-8.121500000000000000e+04 -2.844607000000000000e+06 -5.142233900000000140e+05
-8.121500000000000000e+04 -5.938391000000000000e+06 -8.964265000000000000e+05
-8.121500000000000000e+04 -2.415711000000000000e+06 -3.753429400000000023e+05
-8.121500000000000000e+04 -3.573419000000000000e+06 -3.891832000000000116e+05
-8.121500000000000000e+04 -2.546995000000000000e+06 -3.699857299999999814e+05
-8.121500000000000000e+04 -2.776415000000000000e+06 -4.121666300000000047e+05
-8.121500000000000000e+04 -4.324523000000000000e+06 -1.182258260000000009e+06
-1.072300000000000000e+04 -2.542625000000000000e+06 -1.743962300000000105e+05
-1.072300000000000000e+04 -7.121507000000000000e+06 -1.880220000000000000e+05
-1.072300000000000000e+04 -2.552835000000000000e+06 -3.714203699999999953e+05
-1.072300000000000000e+04 -5.880055000000000000e+06 -2.122566600000000035e+05
-1.072300000000000000e+04 -5.059333000000000000e+06 -2.775488400000000256e+05
-1.072300000000000000e+04 -4.834041000000000000e+06 -1.143930169999999925e+06
-1.072300000000000000e+04 -2.863647000000000000e+06 -2.109654800000000105e+05
-1.072300000000000000e+04 -3.327371000000000000e+06 -5.903048399999999674e+05
-1.072300000000000000e+04 -5.975261000000000000e+06 -8.821680999999999767e+05
-1.072300000000000000e+04 -2.157037000000000000e+06 -2.491760599999999977e+05
-1.072300000000000000e+04 -1.982607000000000000e+06 -2.267028399999999965e+05
-1.072300000000000000e+04 -5.495589000000000000e+06 -6.720050000000000000e+05
-1.072300000000000000e+04 -5.364415000000000000e+06 -4.855866699999999837e+05
-1.072300000000000000e+04 -4.184163000000000000e+06 -2.429139400000000023e+05
-1.072300000000000000e+04 -2.225735000000000000e+06 -2.645842899999999790e+05
-1.072300000000000000e+04 -6.361131000000000000e+06 -1.025526119999999995e+06
-1.072300000000000000e+04 -3.640749000000000000e+06 -1.212107989999999991e+06
-2.489000000000000000e+03 -2.268083000000000000e+06 -3.063085599999999977e+05
-2.489000000000000000e+03 -4.184395000000000000e+06 -7.417200799999999581e+05
-2.489000000000000000e+03 -3.062059000000000000e+06 -2.869738699999999953e+05
-2.489000000000000000e+03 -1.648035000000000000e+06 -1.734150400000000081e+05
-2.489000000000000000e+03 -5.858845000000000000e+06 -3.619449699999999721e+05
-2.489000000000000000e+03 -1.240679000000000000e+06 -1.234727400000000052e+05
-2.489000000000000000e+03 -2.653005000000000000e+06 -1.264132200000000012e+05
-2.489000000000000000e+03 -1.860671000000000000e+06 -3.692712600000000093e+05
-2.489000000000000000e+03 -3.976687000000000000e+06 -3.394030999999999767e+05
-2.489000000000000000e+03 -4.118675000000000000e+06 -9.796311300000000047e+05
-2.489000000000000000e+03 -5.766373000000000000e+06 -7.292318199999999488e+05
-2.489000000000000000e+03 -1.818195000000000000e+06 -3.323228300000000163e+05
-2.489000000000000000e+03 -3.512025000000000000e+06 -9.484110400000000373e+05
-2.489000000000000000e+03 -1.525253000000000000e+06 -3.039284899999999907e+05
-2.489000000000000000e+03 -5.591609000000000000e+06 -3.198655300000000279e+05
-2.489000000000000000e+03 -3.386979000000000000e+06 -5.904076800000000512e+05
-2.489000000000000000e+03 -4.555697000000000000e+06 -3.070537399999999907e+05
-2.489000000000000000e+03 -4.347657000000000000e+06 -3.191792800000000279e+05
-2.489000000000000000e+03 -1.547683000000000000e+06 -2.073113900000000140e+05
-2.489000000000000000e+03 -3.934609000000000000e+06 -6.657845899999999674e+05
-2.489000000000000000e+03 -2.172005000000000000e+06 -1.275039299999999930e+05
-2.489000000000000000e+03 -4.362153000000000000e+06 -5.130934199999999837e+05
-2.489000000000000000e+03 -2.081685000000000000e+06 -2.956719299999999930e+05
-2.489000000000000000e+03 -7.655590000000000000e+05 -1.044388099999999977e+05
-2.489000000000000000e+03 -3.293455000000000000e+06 -2.492944500000000116e+05
-2.489000000000000000e+03 -3.124993000000000000e+06 -2.124315499999999884e+05
-2.489000000000000000e+03 -3.371483000000000000e+06 -2.986462600000000093e+05
-2.489000000000000000e+03 -1.939891000000000000e+06 -3.581072399999999907e+05
-2.489000000000000000e+03 -3.180647000000000000e+06 -3.994925100000000093e+05
-2.489000000000000000e+03 -2.005247000000000000e+06 -3.926090000000000000e+05
-2.489000000000000000e+03 -1.109369000000000000e+06 -1.103514799999999959e+05
-7.790000000000000000e+02 -1.724493000000000000e+06 -2.392971799999999930e+05
-7.790000000000000000e+02 -2.800513000000000000e+06 -5.470020600000000559e+05
-7.790000000000000000e+02 -1.967599000000000000e+06 -5.678618199999999488e+05
-7.790000000000000000e+02 -2.175863000000000000e+06 -1.545746499999999942e+05
-7.790000000000000000e+02 -4.358265000000000000e+06 -2.920406300000000047e+05
-7.790000000000000000e+02 -2.194975000000000000e+06 -3.414605999999999767e+05
-7.790000000000000000e+02 -4.091637000000000000e+06 -1.683757699999999895e+05
-7.790000000000000000e+02 -9.127150000000000000e+05 -1.487340899999999965e+05
-7.790000000000000000e+02 -1.876843000000000000e+06 -1.638659599999999919e+05
-7.790000000000000000e+02 -2.247219000000000000e+06 -2.657758800000000047e+05
-7.790000000000000000e+02 -1.338953000000000000e+06 -7.667578999999999360e+04
-7.790000000000000000e+02 -1.626689000000000000e+06 -3.048594400000000023e+05
-7.790000000000000000e+02 -2.237885000000000000e+06 -4.639379400000000023e+05
-7.790000000000000000e+02 -1.784967000000000000e+06 -1.566625100000000093e+05
-7.790000000000000000e+02 -1.344431000000000000e+06 -1.860655400000000081e+05
-7.790000000000000000e+02 -7.655910000000000000e+05 -3.356423000000000320e+04
-7.790000000000000000e+02 -1.752245000000000000e+06 -2.181228800000000047e+05
-7.790000000000000000e+02 -7.212910000000000000e+05 -2.568274400000000023e+05
-7.790000000000000000e+02 -1.345929000000000000e+06 -4.871466999999999825e+04
-7.790000000000000000e+02 -1.548255000000000000e+06 -2.058158500000000058e+05
-7.790000000000000000e+02 -8.252410000000000000e+05 -9.284508999999999651e+04
-7.790000000000000000e+02 -6.088210000000000000e+05 -1.130152000000000044e+04
-7.790000000000000000e+02 -1.462121000000000000e+06 -1.920125299999999988e+05
-7.790000000000000000e+02 -1.174461000000000000e+06 -1.090835500000000029e+05
-7.790000000000000000e+02 -6.317630000000000000e+05 -7.844711999999999534e+04
-7.790000000000000000e+02 -2.285485000000000000e+06 -1.524259700000000012e+05
-7.790000000000000000e+02 -1.557921000000000000e+06 -1.566681600000000035e+05
-7.790000000000000000e+02 -2.127505000000000000e+06 -1.466915799999999872e+05
-7.790000000000000000e+02 -1.295691000000000000e+06 -9.623119999999999709e+04
-7.790000000000000000e+02 -1.186799000000000000e+06 -1.053914100000000035e+05
-7.790000000000000000e+02 -9.937010000000000000e+05 -1.149504299999999930e+05
-7.790000000000000000e+02 -8.906050000000000000e+05 -1.121227700000000041e+05
-7.790000000000000000e+02 -6.807830000000000000e+05 -4.427875000000000000e+04
-7.790000000000000000e+02 -1.109849000000000000e+06 -1.284727599999999948e+05
-7.790000000000000000e+02 -8.969750000000000000e+05 -9.105771000000000640e+04
-5.900000000000000000e+01 -1.506983000000000000e+06 -2.118859999999999854e+04
-5.900000000000000000e+01 -1.043707000000000000e+06 -1.746026700000000128e+05
-5.900000000000000000e+01 -2.040355000000000000e+06 -1.210945800000000017e+05
-5.900000000000000000e+01 -1.752415000000000000e+06 -1.388328200000000070e+05
-5.900000000000000000e+01 -1.490191000000000000e+06 -1.951450599999999977e+05
-5.900000000000000000e+01 -8.187110000000000000e+05 -5.259986000000000058e+04
-5.900000000000000000e+01 -9.140090000000000000e+05 -1.359031600000000035e+05
-5.900000000000000000e+01 -6.636650000000000000e+05 -7.111369999999999709e+04
-5.900000000000000000e+01 -6.388830000000000000e+05 -8.926072000000000116e+04
-5.900000000000000000e+01 -1.228139000000000000e+06 -1.949717500000000000e+05
-5.900000000000000000e+01 -4.352890000000000000e+05 -1.882797000000000116e+04
-5.900000000000000000e+01 -9.350770000000000000e+05 -7.208352999999999884e+04
-5.900000000000000000e+01 -1.508933000000000000e+06 -4.852433000000000175e+04
-5.900000000000000000e+01 -7.148150000000000000e+05 -9.232975999999999476e+04
-5.900000000000000000e+01 -1.174655000000000000e+06 -1.986961300000000047e+05
-5.900000000000000000e+01 -7.940970000000000000e+05 -7.369688999999999942e+04
-5.900000000000000000e+01 -6.582370000000000000e+05 -7.899955999999999767e+04
-5.900000000000000000e+01 -1.268815000000000000e+06 -6.301076000000000204e+04
-5.900000000000000000e+01 -8.799930000000000000e+05 -1.207952799999999988e+05
-5.900000000000000000e+01 -1.829947000000000000e+06 -7.058766999999999825e+04
-5.900000000000000000e+01 -1.062367000000000000e+06 -1.447057399999999907e+05
-5.900000000000000000e+01 -5.758930000000000000e+05 -2.989791999999999825e+04
-5.900000000000000000e+01 -5.834790000000000000e+05 -1.052853500000000058e+05
-5.900000000000000000e+01 -8.108210000000000000e+05 -5.737590000000000146e+04
-5.900000000000000000e+01 -3.992410000000000000e+05 -3.278619000000000233e+04
-5.900000000000000000e+01 -2.314079000000000000e+06 -4.033274799999999814e+05
-5.900000000000000000e+01 -8.378530000000000000e+05 -1.034378099999999977e+05
-5.900000000000000000e+01 -9.277870000000000000e+05 -7.268191000000000349e+04
-5.900000000000000000e+01 -4.399810000000000000e+05 -8.170197999999999593e+04
-5.900000000000000000e+01 -5.523250000000000000e+05 -1.508075000000000000e+04
-5.900000000000000000e+01 -2.042225000000000000e+06 -2.002472799999999988e+05
-5.900000000000000000e+01 -3.705810000000000000e+05 -2.762429999999999927e+04
-5.900000000000000000e+01 -1.970011000000000000e+06 -3.231349000000000233e+05
-5.900000000000000000e+01 -1.796115000000000000e+06 -2.029608500000000058e+05
-5.900000000000000000e+01 -1.139071000000000000e+06 -1.267587400000000052e+05
-5.900000000000000000e+01 -8.513210000000000000e+05 -7.522564999999999418e+04
-5.900000000000000000e+01 -3.583650000000000000e+05 -1.874022999999999956e+04
-5.900000000000000000e+01 -1.968625000000000000e+06 -2.470039299999999930e+05
-5.900000000000000000e+01 -1.373675000000000000e+06 -1.604198299999999872e+05
-5.900000000000000000e+01 -1.239547000000000000e+06 -1.688536900000000023e+05
-5.900000000000000000e+01 -8.858510000000000000e+05 -8.287247999999999593e+04
-5.900000000000000000e+01 -1.167651000000000000e+06 -2.802495700000000070e+05
-5.900000000000000000e+01 -1.267907000000000000e+06 -1.027990800000000017e+05
-5.900000000000000000e+01 -1.427833000000000000e+06 -1.315039500000000116e+05
-5.900000000000000000e+01 -9.125470000000000000e+05 -1.539980199999999895e+05
-5.900000000000000000e+01 -7.777290000000000000e+05 -5.210072000000000116e+04
-5.900000000000000000e+01 -2.435409000000000000e+06 -5.795939399999999441e+05
-5.900000000000000000e+01 -8.059670000000000000e+05 -1.385226799999999930e+05
-5.900000000000000000e+01 -1.592213000000000000e+06 -1.842373099999999977e+05
-5.900000000000000000e+01 -2.236393000000000000e+06 -2.578479200000000128e+05
-5.900000000000000000e+01 -1.135757000000000000e+06 -1.518827099999999919e+05
-5.900000000000000000e+01 -4.447930000000000000e+05 -6.358094999999999709e+04
-5.900000000000000000e+01 -2.275827000000000000e+06 -1.588700700000000070e+05
-5.900000000000000000e+01 -2.034035000000000000e+06 -2.007020000000000000e+05
-5.900000000000000000e+01 -1.425011000000000000e+06 -1.926350899999999965e+05
-5.900000000000000000e+01 -1.328887000000000000e+06 -1.699282399999999907e+05
-5.900000000000000000e+01 -2.383100000000000000e+04 -1.778600000000000136e+02
-5.900000000000000000e+01 -5.900000000000000000e+01 -5.900000000000000000e+01
-5.900000000000000000e+01 -5.900000000000000000e+01 -5.900000000000000000e+01
-5.900000000000000000e+01 -3.085030000000000000e+05 -1.601220000000000027e+03
-5.900000000000000000e+01 -5.900000000000000000e+01 -5.900000000000000000e+01
-5.900000000000000000e+01 -8.155450000000000000e+05 -4.136430000000000291e+03
-5.900000000000000000e+01 -5.900000000000000000e+01 -5.900000000000000000e+01
-5.900000000000000000e+01 -5.900000000000000000e+01 -5.900000000000000000e+01
-5.900000000000000000e+01 -5.900000000000000000e+01 -5.900000000000000000e+01
-5.900000000000000000e+01 -5.900000000000000000e+01 -5.900000000000000000e+01
-5.900000000000000000e+01 -5.900000000000000000e+01 -5.900000000000000000e+01
-5.900000000000000000e+01 -5.900000000000000000e+01 -5.900000000000000000e+01
-5.900000000000000000e+01 -3.841890000000000000e+05 -3.900300000000000182e+03
-5.900000000000000000e+01 -5.900000000000000000e+01 -5.900000000000000000e+01
-5.900000000000000000e+01 -1.997610000000000000e+05 -4.214399999999999636e+03
-5.900000000000000000e+01 -5.595770000000000000e+05 -1.244112000000000080e+04
-5.900000000000000000e+01 -5.900000000000000000e+01 -5.900000000000000000e+01
-5.900000000000000000e+01 -5.900000000000000000e+01 -5.900000000000000000e+01
-5.900000000000000000e+01 -5.900000000000000000e+01 -5.900000000000000000e+01
-5.900000000000000000e+01 -5.900000000000000000e+01 -5.900000000000000000e+01
-5.900000000000000000e+01 -5.900000000000000000e+01 -5.900000000000000000e+01
-5.900000000000000000e+01 -5.900000000000000000e+01 -5.900000000000000000e+01
-5.900000000000000000e+01 -5.900000000000000000e+01 -5.900000000000000000e+01
-5.900000000000000000e+01 -2.523350000000000000e+05 -4.205149999999999636e+03
-5.900000000000000000e+01 -5.900000000000000000e+01 -5.900000000000000000e+01
-5.900000000000000000e+01 -5.900000000000000000e+01 -5.900000000000000000e+01
-5.900000000000000000e+01 -5.900000000000000000e+01 -5.900000000000000000e+01
-5.900000000000000000e+01 -5.900000000000000000e+01 -5.900000000000000000e+01
-5.900000000000000000e+01 -5.900000000000000000e+01 -5.900000000000000000e+01
-5.900000000000000000e+01 -5.900000000000000000e+01 -5.900000000000000000e+01
-5.900000000000000000e+01 -5.900000000000000000e+01 -5.900000000000000000e+01
-5.900000000000000000e+01 -5.900000000000000000e+01 -5.900000000000000000e+01
-5.900000000000000000e+01 -5.521630000000000000e+05 -5.009739999999999782e+03
-5.900000000000000000e+01 -5.900000000000000000e+01 -5.900000000000000000e+01
-5.900000000000000000e+01 -5.900000000000000000e+01 -5.900000000000000000e+01
-5.900000000000000000e+01 -3.352700000000000000e+04 -2.263400000000000034e+02
-5.900000000000000000e+01 -5.900000000000000000e+01 -5.900000000000000000e+01
-5.900000000000000000e+01 -5.900000000000000000e+01 -5.900000000000000000e+01
-5.900000000000000000e+01 -5.900000000000000000e+01 -5.900000000000000000e+01
