-6.767500000000000000e+04 -7.728357000000000000e+06 -1.054503439999999944e+06
-6.767500000000000000e+04 -3.163515000000000000e+06 -2.420106600000000035e+05
-6.767500000000000000e+04 -1.539927000000000000e+06 -3.161004199999999837e+05
-6.767500000000000000e+04 -4.381557000000000000e+06 -8.675138000000000466e+05
-6.767500000000000000e+04 -2.963499000000000000e+06 -4.713587199999999721e+05
-3.190000000000000000e+02 -3.337653000000000000e+06 -1.166627700000000041e+05
-3.190000000000000000e+02 -2.811509000000000000e+06 -3.802299600000000210e+05
-3.190000000000000000e+02 -5.735573000000000000e+06 -4.762916900000000023e+05
-3.190000000000000000e+02 -6.917779000000000000e+06 -7.478732299999999814e+05
-3.190000000000000000e+02 -3.735783000000000000e+06 -3.360207199999999721e+05
-3.190000000000000000e+02 -4.708185000000000000e+06 -6.971713399999999674e+05
-3.190000000000000000e+02 -3.238955000000000000e+06 -4.567797700000000186e+05
-3.190000000000000000e+02 -5.506941000000000000e+06 -4.195818900000000140e+05
-3.190000000000000000e+02 -5.475561000000000000e+06 -1.230941770000000019e+06
-3.190000000000000000e+02 -3.962067000000000000e+06 -4.160934699999999721e+05
-3.190000000000000000e+02 -3.868663000000000000e+06 -7.523968000000000466e+05
-3.190000000000000000e+02 -2.770235000000000000e+06 -3.125212899999999790e+05
-3.190000000000000000e+02 -3.098539000000000000e+06 -4.513912299999999814e+05
-3.190000000000000000e+02 -3.887723000000000000e+06 -4.947355300000000279e+05
-3.190000000000000000e+02 -5.257333000000000000e+06 -1.411250700000000070e+05
-3.190000000000000000e+02 -2.364741000000000000e+06 -3.507531900000000023e+05
-3.190000000000000000e+02 -4.708627000000000000e+06 -1.542915799999999872e+05
-3.190000000000000000e+02 -4.268401000000000000e+06 -7.711222500000000000e+05
-3.190000000000000000e+02 -5.336773000000000000e+06 -1.419546099999999860e+05
-3.190000000000000000e+02 -2.479529000000000000e+06 -1.114318899999999994e+05
-3.190000000000000000e+02 -5.104027000000000000e+06 -3.533648499999999767e+05
-3.190000000000000000e+02 -4.124101000000000000e+06 -9.353705600000000559e+05
-3.190000000000000000e+02 -1.650443000000000000e+06 -1.397894299999999930e+05
-3.190000000000000000e+02 -5.831621000000000000e+06 -3.094254000000000233e+05
-3.190000000000000000e+02 -4.670901000000000000e+06 -6.611186800000000512e+05
-3.190000000000000000e+02 -2.750635000000000000e+06 -6.638971600000000326e+05
-3.190000000000000000e+02 -3.163305000000000000e+06 -1.674359100000000035e+05
-3.190000000000000000e+02 -4.953841000000000000e+06 -1.759582799999999988e+05
-3.190000000000000000e+02 -3.738211000000000000e+06 -7.212980799999999581e+05
-3.190000000000000000e+02 -8.943155000000000000e+06 -4.581654199999999837e+05
-3.190000000000000000e+02 -3.296169000000000000e+06 -4.390719099999999744e+05
-3.190000000000000000e+02 -2.152759000000000000e+06 -4.571989699999999721e+05
-3.190000000000000000e+02 -6.484697000000000000e+06 -7.108858399999999674e+05
-3.190000000000000000e+02 -7.760253000000000000e+06 -1.222719800000000047e+06
-3.190000000000000000e+02 -3.825171000000000000e+06 -4.183454799999999814e+05
-3.190000000000000000e+02 -6.279345000000000000e+06 -3.794319199999999837e+05
-3.190000000000000000e+02 -5.057407000000000000e+06 -1.239998939999999944e+06
-3.190000000000000000e+02 -3.427601000000000000e+06 -7.498688000000000466e+04
-3.190000000000000000e+02 -1.760291000000000000e+06 -1.415631099999999860e+05
-3.190000000000000000e+02 -2.378925000000000000e+06 -3.348885499999999884e+05
-3.190000000000000000e+02 -3.152455000000000000e+06 -1.389223999999999942e+05
-3.190000000000000000e+02 -2.402085000000000000e+06 -4.108621300000000047e+05
-3.190000000000000000e+02 -3.166013000000000000e+06 -5.867170000000000000e+05
-3.190000000000000000e+02 -3.435155000000000000e+06 -1.685561199999999953e+05
-3.190000000000000000e+02 -3.411635000000000000e+06 -3.417908400000000256e+05
-3.190000000000000000e+02 -3.051249000000000000e+06 -3.028082199999999721e+05
-3.190000000000000000e+02 -1.725581000000000000e+06 -1.512443099999999977e+05
-3.190000000000000000e+02 -1.595667000000000000e+06 -1.801288999999999942e+05
-3.190000000000000000e+02 -4.548301000000000000e+06 -1.042376119999999995e+06
-3.190000000000000000e+02 -3.278135000000000000e+06 -3.330828300000000163e+05
-3.190000000000000000e+02 -4.073185000000000000e+06 -2.062377999999999884e+05
-3.190000000000000000e+02 -2.810197000000000000e+06 -6.002111500000000233e+05
-3.190000000000000000e+02 -3.036319000000000000e+06 -3.713886199999999953e+05
-3.190000000000000000e+02 -3.402309000000000000e+06 -4.718785700000000070e+05
-3.190000000000000000e+02 -3.261911000000000000e+06 -6.551496999999999534e+05
-3.190000000000000000e+02 -2.128765000000000000e+06 -1.951691300000000047e+05
-3.190000000000000000e+02 -1.599391000000000000e+06 -5.039545300000000279e+05
-3.190000000000000000e+02 -1.731591000000000000e+06 -3.965347299999999814e+05
-3.190000000000000000e+02 -1.605205000000000000e+06 -2.218918999999999942e+05
-3.190000000000000000e+02 -1.663945000000000000e+06 -4.357311799999999930e+05
-3.190000000000000000e+02 -3.304885000000000000e+06 -3.785477800000000279e+05
-3.190000000000000000e+02 -2.692179000000000000e+06 -1.123595599999999977e+05
-3.190000000000000000e+02 -2.313827000000000000e+06 -2.163046700000000128e+05
-3.190000000000000000e+02 -2.239829000000000000e+06 -2.984799400000000023e+05
-3.190000000000000000e+02 -2.091557000000000000e+06 -3.005077600000000093e+05
-3.190000000000000000e+02 -2.026355000000000000e+06 -2.250856400000000140e+05
-3.190000000000000000e+02 -1.821693000000000000e+06 -1.775913800000000047e+05
-3.190000000000000000e+02 -4.129699000000000000e+06 -6.486349699999999721e+05
-3.190000000000000000e+02 -3.449661000000000000e+06 -4.829565800000000163e+05
-3.190000000000000000e+02 -1.861823000000000000e+06 -1.233650399999999936e+05
-3.190000000000000000e+02 -2.954011000000000000e+06 -4.278836900000000023e+05
-3.190000000000000000e+02 -1.054735000000000000e+06 -1.590434800000000105e+05
-3.190000000000000000e+02 -1.204619000000000000e+06 -2.112668099999999977e+05
-3.190000000000000000e+02 -1.221135000000000000e+06 -2.543202999999999884e+05
-3.190000000000000000e+02 -3.281427000000000000e+06 -9.779466999999999825e+04
-3.190000000000000000e+02 -1.039331000000000000e+06 -1.606168599999999860e+05
-3.190000000000000000e+02 -6.337170000000000000e+05 -7.024574000000000524e+04
-3.190000000000000000e+02 -1.101541000000000000e+06 -1.716721600000000035e+05
-3.190000000000000000e+02 -7.135550000000000000e+05 -1.021417899999999936e+05
-3.190000000000000000e+02 -5.109950000000000000e+05 -3.160225000000000000e+04
-3.190000000000000000e+02 -1.461121000000000000e+06 -1.773738399999999965e+05
-3.190000000000000000e+02 -1.186245000000000000e+06 -1.436086099999999860e+05
-3.190000000000000000e+02 -1.287687000000000000e+06 -3.246954899999999907e+05
-3.190000000000000000e+02 -4.991010000000000000e+05 -2.279747999999999956e+04
-3.190000000000000000e+02 -1.536463000000000000e+06 -1.975876400000000140e+05
-3.190000000000000000e+02 -1.389719000000000000e+06 -3.189480200000000186e+05
-3.190000000000000000e+02 -5.054090000000000000e+05 -4.098561000000000058e+04
-3.190000000000000000e+02 -1.871699000000000000e+06 -2.779145999999999767e+05
-3.190000000000000000e+02 -2.259925000000000000e+06 -9.076658999999999651e+04
-3.190000000000000000e+02 -1.469661000000000000e+06 -7.233239999999999418e+04
-3.190000000000000000e+02 -6.421290000000000000e+05 -6.723061999999999534e+04
-3.190000000000000000e+02 -1.662783000000000000e+06 -1.739836799999999930e+05
-3.190000000000000000e+02 -1.008893000000000000e+06 -7.820111000000000058e+04
-3.190000000000000000e+02 -8.010070000000000000e+05 -8.597391000000000349e+04
-3.190000000000000000e+02 -1.640513000000000000e+06 -2.165252999999999884e+05
-3.190000000000000000e+02 -1.039461000000000000e+06 -6.331318000000000029e+04
-3.190000000000000000e+02 -2.214973000000000000e+06 -3.005881799999999930e+05
-3.190000000000000000e+02 -6.864710000000000000e+05 -6.657774000000000524e+04
-3.190000000000000000e+02 -8.644290000000000000e+05 -6.561994999999999709e+04
-3.190000000000000000e+02 -6.648310000000000000e+05 -1.678715700000000070e+05
-3.190000000000000000e+02 -9.814890000000000000e+05 -7.293694000000000233e+04
-3.190000000000000000e+02 -1.295209000000000000e+06 -1.318282799999999988e+05
-3.190000000000000000e+02 -1.343411000000000000e+06 -1.003145800000000017e+05
-3.190000000000000000e+02 -3.153709000000000000e+06 -3.057482999999999884e+05
-3.190000000000000000e+02 -1.592907000000000000e+06 -7.499900999999999476e+04
-3.190000000000000000e+02 -1.006655000000000000e+06 -1.624559200000000128e+05
-3.190000000000000000e+02 -5.570930000000000000e+05 -7.569147000000000116e+04
-3.190000000000000000e+02 -1.044649000000000000e+06 -2.829611000000000058e+04
-3.190000000000000000e+02 -5.508670000000000000e+05 -2.591425000000000000e+04
-3.190000000000000000e+02 -1.237439000000000000e+06 -1.315184400000000023e+05
-3.190000000000000000e+02 -1.472981000000000000e+06 -8.819149000000000524e+04
-3.190000000000000000e+02 -8.389050000000000000e+05 -1.595077500000000000e+05
-3.190000000000000000e+02 -1.255799000000000000e+06 -3.390956500000000233e+05
-3.190000000000000000e+02 -1.894633000000000000e+06 -1.501381700000000128e+05
-3.190000000000000000e+02 -1.549869000000000000e+06 -7.929688000000000466e+04
-3.190000000000000000e+02 -3.072489000000000000e+06 -9.179361000000000058e+04
-3.190000000000000000e+02 -6.788330000000000000e+05 -7.805277999999999884e+04
-3.190000000000000000e+02 -1.766823000000000000e+06 -2.003988099999999977e+05
-3.190000000000000000e+02 -1.203643000000000000e+06 -9.989247000000000116e+04
-3.190000000000000000e+02 -1.025835000000000000e+06 -4.806698999999999796e+04
-3.190000000000000000e+02 -8.655030000000000000e+05 -1.319696099999999860e+05
-3.190000000000000000e+02 -8.469110000000000000e+05 -1.423933200000000070e+05
-3.190000000000000000e+02 -5.707070000000000000e+05 -4.106362999999999738e+04
-3.190000000000000000e+02 -1.747745000000000000e+06 -2.160286700000000128e+05
-3.190000000000000000e+02 -1.467691000000000000e+06 -1.334017399999999907e+05
-3.190000000000000000e+02 -1.302023000000000000e+06 -1.218227700000000041e+05
-3.190000000000000000e+02 -8.219990000000000000e+05 -7.389678999999999360e+04
-3.190000000000000000e+02 -1.504617000000000000e+06 -9.506494000000000233e+04
-3.190000000000000000e+02 -7.425970000000000000e+05 -1.160704799999999959e+05
-3.190000000000000000e+02 -1.107207000000000000e+06 -1.147286799999999930e+05
-3.190000000000000000e+02 -1.275453000000000000e+06 -2.872545499999999884e+05
-3.190000000000000000e+02 -1.823177000000000000e+06 -1.380122000000000116e+05
-3.190000000000000000e+02 -6.601610000000000000e+05 -4.440880000000000291e+04
-3.190000000000000000e+02 -1.572299000000000000e+06 -1.706452900000000081e+05
-3.190000000000000000e+02 -3.301630000000000000e+05 -7.549702999999999884e+04
-3.190000000000000000e+02 -1.156989000000000000e+06 -1.272081600000000035e+05
-3.190000000000000000e+02 -1.128865000000000000e+06 -1.306549299999999930e+05
-3.190000000000000000e+02 -1.065563000000000000e+06 -3.374094999999999709e+04
-3.190000000000000000e+02 -1.524895000000000000e+06 -1.159793800000000047e+05
-3.190000000000000000e+02 -9.238930000000000000e+05 -3.624359999999999854e+04
-3.190000000000000000e+02 -5.270730000000000000e+05 -6.374733999999999651e+04
-3.190000000000000000e+02 -2.344665000000000000e+06 -3.186215000000000000e+05
-3.190000000000000000e+02 -8.114070000000000000e+05 -5.163445999999999913e+04
-3.190000000000000000e+02 -2.460435000000000000e+06 -5.994494000000000233e+04
-3.190000000000000000e+02 -6.172730000000000000e+05 -4.346636000000000058e+04
-3.190000000000000000e+02 -1.420445000000000000e+06 -8.803867999999999302e+04
-3.190000000000000000e+02 -5.640210000000000000e+05 -2.929622999999999956e+04
-3.190000000000000000e+02 -1.148133000000000000e+06 -8.604380999999999767e+04
-3.190000000000000000e+02 -1.370693000000000000e+06 -9.131786999999999534e+04
-3.190000000000000000e+02 -1.416341000000000000e+06 -1.362923200000000070e+05
-3.190000000000000000e+02 -6.960890000000000000e+05 -4.448425000000000000e+04
-3.190000000000000000e+02 -9.266690000000000000e+05 -6.525741999999999825e+04
-3.190000000000000000e+02 -3.631690000000000000e+05 -3.406109999999999854e+04
-3.190000000000000000e+02 -1.508735000000000000e+06 -8.183041999999999825e+04
-3.190000000000000000e+02 -1.514241000000000000e+06 -1.467954599999999919e+05
-3.190000000000000000e+02 -7.681790000000000000e+05 -7.232366000000000349e+04
-3.190000000000000000e+02 -5.888900000000000000e+04 -2.520699999999999818e+03
-3.190000000000000000e+02 -3.190000000000000000e+02 -3.190000000000000000e+02
-3.190000000000000000e+02 -3.190000000000000000e+02 -3.190000000000000000e+02
-3.190000000000000000e+02 -3.190000000000000000e+02 -3.190000000000000000e+02
-3.190000000000000000e+02 -3.190000000000000000e+02 -3.190000000000000000e+02
-3.190000000000000000e+02 -3.190000000000000000e+02 -3.190000000000000000e+02
-3.190000000000000000e+02 -3.190000000000000000e+02 -3.190000000000000000e+02
-3.190000000000000000e+02 -3.190000000000000000e+02 -3.190000000000000000e+02
-3.190000000000000000e+02 -3.190000000000000000e+02 -3.190000000000000000e+02
-3.190000000000000000e+02 -3.190000000000000000e+02 -3.190000000000000000e+02
-3.190000000000000000e+02 -3.190000000000000000e+02 -3.190000000000000000e+02
-3.190000000000000000e+02 -3.190000000000000000e+02 -3.190000000000000000e+02
-3.190000000000000000e+02 -3.190000000000000000e+02 -3.190000000000000000e+02
-3.190000000000000000e+02 -3.190000000000000000e+02 -3.190000000000000000e+02
-3.190000000000000000e+02 -3.190000000000000000e+02 -3.190000000000000000e+02
-3.190000000000000000e+02 -3.190000000000000000e+02 -3.190000000000000000e+02
-3.190000000000000000e+02 -5.180850000000000000e+05 -2.907829999999999927e+03
-3.190000000000000000e+02 -6.745730000000000000e+05 -1.317293000000000029e+04
-3.190000000000000000e+02 -1.479300000000000000e+04 -3.913700000000000045e+02
-3.190000000000000000e+02 -3.190000000000000000e+02 -3.190000000000000000e+02
-3.190000000000000000e+02 -3.190000000000000000e+02 -3.190000000000000000e+02
-3.190000000000000000e+02 -3.190000000000000000e+02 -3.190000000000000000e+02
-3.190000000000000000e+02 -7.596100000000000000e+04 -6.972100000000000364e+02
-3.190000000000000000e+02 -3.190000000000000000e+02 -3.190000000000000000e+02
-3.190000000000000000e+02 -3.303930000000000000e+05 -1.969369999999999891e+03
-3.190000000000000000e+02 -3.190000000000000000e+02 -3.190000000000000000e+02
-3.190000000000000000e+02 -3.190000000000000000e+02 -3.190000000000000000e+02
-3.190000000000000000e+02 -3.190000000000000000e+02 -3.190000000000000000e+02
-3.190000000000000000e+02 -3.190000000000000000e+02 -3.190000000000000000e+02
-3.190000000000000000e+02 -3.190000000000000000e+02 -3.190000000000000000e+02
-3.190000000000000000e+02 -2.884500000000000000e+04 -4.616299999999999955e+02
-3.190000000000000000e+02 -3.190000000000000000e+02 -3.190000000000000000e+02
-3.190000000000000000e+02 -3.190000000000000000e+02 -3.190000000000000000e+02
-3.190000000000000000e+02 -3.190000000000000000e+02 -3.190000000000000000e+02
-3.190000000000000000e+02 -1.921170000000000000e+05 -1.277990000000000009e+03
-3.190000000000000000e+02 -3.190000000000000000e+02 -3.190000000000000000e+02
-3.190000000000000000e+02 -3.190000000000000000e+02 -3.190000000000000000e+02
-3.190000000000000000e+02 -3.190000000000000000e+02 -3.190000000000000000e+02
-3.190000000000000000e+02 -1.177350000000000000e+05 -9.060800000000000409e+02
