13199429.0000 12704380.0000 13049262.0467
13199429.0000 12592734.0000 13082361.0067
13199429.0000 12789990.0000 13089114.7150
13199429.0000 12764854.0000 13046507.0217
13199429.0000 12713904.0000 13125634.0517
13232992.0000 12746465.0000 13126977.2467
13422865.0000 12987692.0000 13267757.0150
13422865.0000 12860283.0000 13241568.1750
13422865.0000 12953691.0000 13260492.5533
13422865.0000 12932473.0000 13259494.9817
13422865.0000 12835951.0000 13304158.2517
13458609.0000 13217541.0000 13408447.4800
13518963.0000 13124587.0000 13461793.2267
13518963.0000 13202156.0000 13441124.9967
13518963.0000 13072603.0000 13460951.9500
13518963.0000 13102502.0000 13506008.0667
13518963.0000 13311837.0000 13513474.4233
13518963.0000 13120995.0000 13506092.0500
13518963.0000 13180026.0000 13491084.4283
13518963.0000 13133105.0000 13474623.2950
13518963.0000 13269593.0000 13456823.1417
13518963.0000 13340623.0000 13517723.3617
13518963.0000 13260710.0000 13514529.1383
13518963.0000 13292595.0000 13515578.9733
13518963.0000 13311201.0000 13515345.2717
13518963.0000 13344568.0000 13518324.0117
13518963.0000 13301201.0000 13517387.0250
13518963.0000 13402556.0000 13518768.9883
13518963.0000 13449297.0000 13518730.7800
13518963.0000 13421537.0000 13518568.4033
13518963.0000 13315416.0000 13518000.8400
13518963.0000 13350307.0000 13516513.2450
13518963.0000 13351871.0000 13514255.5650
13518963.0000 13344568.0000 13517148.0217
13518963.0000 13449297.0000 13518846.8900
13518963.0000 13319908.0000 13515210.2000
13518963.0000 13351871.0000 13518483.3217
13518963.0000 13314905.0000 13516912.0583
13518963.0000 13449297.0000 13518676.7267
13518963.0000 13277452.0000 13518560.4817
13518963.0000 13336597.0000 13516663.3833
13518963.0000 13518963.0000 13518963.0000
13518963.0000 13291450.0000 13518182.9917
13518963.0000 13421537.0000 13518243.5967
13518963.0000 13418947.0000 13517794.1533
13518963.0000 13351871.0000 13518336.1833
13518963.0000 13421537.0000 13518372.7967
13518963.0000 13449297.0000 13516012.4467
13518963.0000 13261488.0000 13518533.8750
13518963.0000 13518963.0000 13518963.0000
