13265943.0000 12047858.0000 12962585.6050
13265943.0000 12263705.0000 12963162.5350
13265943.0000 11567429.0000 12852920.9650
13265943.0000 11452740.0000 12827296.5650
13265943.0000 11387503.0000 12908710.2250
13308604.0000 12314511.0000 12976812.9800
13308604.0000 12436620.0000 13071184.6150
13308604.0000 12169272.0000 13058825.4500
13322081.0000 12181188.0000 13091074.9200
13322081.0000 12351259.0000 13134840.8400
13322081.0000 12362439.0000 12980449.0900
13326016.0000 12748764.0000 13182235.4050
13326016.0000 12470666.0000 13202741.0600
13326016.0000 12613162.0000 13139817.2500
13326016.0000 12374970.0000 13088313.0950
13326016.0000 12455647.0000 13134816.0750
13326016.0000 12246651.0000 13063016.9150
13326016.0000 12472437.0000 13060001.6950
13326016.0000 12204116.0000 13176151.8350
13326016.0000 12525943.0000 13128694.7200
13326016.0000 12801555.0000 13148288.2050
13326016.0000 12515737.0000 13176536.7800
13340698.0000 12516875.0000 13250720.4700
13340698.0000 12597144.0000 13081889.8500
13410139.0000 12264525.0000 13263116.5450
13410139.0000 12898000.0000 13325080.6300
13410139.0000 12665106.0000 13272868.8500
13410139.0000 12780725.0000 13344228.4350
13410139.0000 13058792.0000 13358432.0650
13410139.0000 12832896.0000 13313257.4200
13410139.0000 12894853.0000 13336492.1050
13410139.0000 12431181.0000 13336423.7350
13410139.0000 12584545.0000 13328261.7450
13410139.0000 12571971.0000 13236874.4350
13410139.0000 12701347.0000 13353520.3900
13410139.0000 12500723.0000 13298657.8350
13410139.0000 12943452.0000 13311410.5300
13410139.0000 12368741.0000 13227828.5350
13410139.0000 12800689.0000 13281139.9350
13410139.0000 12688680.0000 13300556.2050
13410139.0000 13035501.0000 13340792.7850
13410139.0000 12596278.0000 13298314.8750
13410139.0000 12531225.0000 13319560.8350
13410139.0000 12874216.0000 13266662.2800
13410139.0000 12584545.0000 13331262.0000
13410139.0000 12790150.0000 13304839.6800
13410139.0000 12956563.0000 13341435.3700
13419993.0000 12366482.0000 13338174.1600
13419993.0000 12986773.0000 13340565.0600
13419993.0000 12649518.0000 13355496.0750
