13151871.0000 12243093.0000 12980023.3950
13151871.0000 12198683.0000 12931413.6650
13321371.0000 12298380.0000 12991046.5250
13321371.0000 11622331.0000 13019571.1150
13321371.0000 11963916.0000 12941305.4150
13321371.0000 12078260.0000 12946407.5250
13321371.0000 12470575.0000 13130089.5000
13321371.0000 12354827.0000 12906871.3200
13321371.0000 12188846.0000 12944371.9650
13321371.0000 12035146.0000 12974787.3250
13321371.0000 12359931.0000 13063083.9050
13321371.0000 12381800.0000 13086246.7700
13389908.0000 12582512.0000 13200249.8800
13389908.0000 12495332.0000 13063659.4300
13389908.0000 12487345.0000 13141251.1500
13389908.0000 12528389.0000 13172370.2200
13389908.0000 12521509.0000 13170000.4600
13392663.0000 12567394.0000 13192501.4300
13392663.0000 12299605.0000 13160976.8650
13392663.0000 11532415.0000 13122490.9700
13392663.0000 12449160.0000 13113561.9150
13392663.0000 12673100.0000 13225253.3400
13392663.0000 12439386.0000 13247063.4600
13435292.0000 12531093.0000 13263954.7850
13437994.0000 12771703.0000 13331587.7700
13437994.0000 12453700.0000 13311339.8250
13437994.0000 12516269.0000 13318111.4550
13437994.0000 12762627.0000 13372524.9950
13437994.0000 12672085.0000 13349393.8250
13437994.0000 12592184.0000 13330371.5150
13437994.0000 12479384.0000 13230042.2250
13437994.0000 12612400.0000 13225433.8150
13437994.0000 12130739.0000 13288842.7200
13437994.0000 12690292.0000 13294051.3050
13494420.0000 12466407.0000 13392503.5900
13494420.0000 13080069.0000 13426197.0400
13494420.0000 12788330.0000 13345494.4150
13494420.0000 12641308.0000 13380303.0650
13494420.0000 12469311.0000 13365555.1200
13494420.0000 12590036.0000 13366739.8000
13494420.0000 12960825.0000 13415323.1250
13494420.0000 13080094.0000 13412480.5900
13494420.0000 12800088.0000 13395882.0800
13494420.0000 12777014.0000 13409146.2150
13494420.0000 12708067.0000 13310938.8200
13494420.0000 12680499.0000 13352926.6000
13494420.0000 12605515.0000 13272131.4250
13494420.0000 12851515.0000 13329742.6950
13494420.0000 12640713.0000 13361658.2900
13494420.0000 12919279.0000 13381665.3200
