13237761.0000 12750365.0000 13128599.7050
13237761.0000 12723791.0000 13137717.6217
13237761.0000 12742494.0000 13157831.5333
13310768.0000 12810524.0000 13169597.5583
13310768.0000 12624088.0000 13128695.5400
13310768.0000 12752886.0000 13161846.1850
13310768.0000 12840962.0000 13185406.1400
13310768.0000 12944290.0000 13212147.4350
13425620.0000 12986973.0000 13336517.8817
13425620.0000 12962550.0000 13294134.5800
13425620.0000 12928025.0000 13299113.8100
13425620.0000 12906139.0000 13294167.2667
13425620.0000 13153785.0000 13414235.5550
13425620.0000 13133521.0000 13356584.9950
13473744.0000 13072668.0000 13419770.2117
13473744.0000 13197978.0000 13436969.0333
13473744.0000 13100871.0000 13432764.7633
13473744.0000 13160145.0000 13418422.8900
13473744.0000 13048156.0000 13408427.9217
13473744.0000 13129316.0000 13440773.0483
13473744.0000 13233618.0000 13453603.0683
13473744.0000 13473744.0000 13473744.0000
13473744.0000 13253241.0000 13470056.0850
13473744.0000 13464439.0000 13473728.4917
13473744.0000 13473744.0000 13473744.0000
13473744.0000 13376318.0000 13473309.6350
13473744.0000 13473744.0000 13473744.0000
13473744.0000 13335794.0000 13472864.5767
13473744.0000 13376318.0000 13471182.6050
13473744.0000 13376318.0000 13471188.0600
13473744.0000 13389841.0000 13473161.3300
13473744.0000 13374122.0000 13473083.2717
13473744.0000 13323517.0000 13472846.6267
13473744.0000 13408013.0000 13473390.7633
13473744.0000 13225393.0000 13471976.7400
13473744.0000 13376318.0000 13473252.9683
13473744.0000 13473744.0000 13473744.0000
13473744.0000 13323517.0000 13468276.4583
13473744.0000 13408013.0000 13473086.6900
13473744.0000 13222341.0000 13469064.8117
13473744.0000 13323517.0000 13473431.8467
13473744.0000 13376318.0000 13473119.5567
13473744.0000 13310587.0000 13472456.3567
13473744.0000 13473744.0000 13473744.0000
13487304.0000 13376318.0000 13477452.3017
13491239.0000 13367013.0000 13488471.6750
13491239.0000 13487304.0000 13490950.4333
13491239.0000 13268312.0000 13490721.4517
13491239.0000 13367013.0000 13491025.3983
13491239.0000 13263726.0000 13488323.5400
