13164940.0000 11932815.0000 12987882.1900
13164940.0000 12348610.0000 12960793.0600
13188888.0000 12257900.0000 12942354.0350
13188888.0000 12082991.0000 12749087.3550
13205990.0000 12051489.0000 13008688.6950
13225726.0000 11961892.0000 12906617.6000
13371989.0000 12394638.0000 13044634.1650
13371989.0000 12007272.0000 13074418.7200
13371989.0000 12101041.0000 13085413.0600
13371989.0000 12226796.0000 13093467.5750
13446780.0000 12270646.0000 13032107.0850
13446780.0000 12237646.0000 13106516.7050
13446780.0000 12480502.0000 13176661.4250
13446780.0000 12031543.0000 13103881.8200
13446780.0000 12617121.0000 13185392.9050
13446780.0000 12586689.0000 13160729.8350
13446780.0000 12579436.0000 13127344.4800
13446780.0000 12394403.0000 13173936.1300
13446780.0000 12261766.0000 13123108.7700
13446780.0000 12672717.0000 13272252.1550
13446780.0000 12510454.0000 13108952.8300
13446780.0000 12319800.0000 13151925.3050
13446780.0000 12756583.0000 13312127.5600
13446780.0000 12707755.0000 13328811.7900
13446780.0000 12921295.0000 13376260.5150
13456545.0000 12753917.0000 13337911.7550
13456545.0000 12987711.0000 13306466.6950
13456545.0000 12450825.0000 13268102.4700
13456545.0000 12781178.0000 13349383.9200
13456545.0000 12272887.0000 13346121.7900
13456545.0000 12700617.0000 13362139.4550
13456545.0000 12879302.0000 13382096.0100
13456545.0000 13072444.0000 13385871.0300
13456545.0000 12498750.0000 13362937.7350
13456545.0000 12725565.0000 13345183.6850
13456545.0000 12637791.0000 13277151.4950
13456545.0000 12456592.0000 13246509.6650
13456545.0000 12919326.0000 13297070.7200
13456545.0000 12557996.0000 13351563.1850
13456545.0000 12516878.0000 13320044.0950
13456545.0000 12742349.0000 13327869.9400
13456545.0000 12341498.0000 13294584.3850
13456545.0000 12600694.0000 13286011.4200
13456545.0000 12777126.0000 13327045.4400
13456545.0000 12633191.0000 13287140.7550
13456545.0000 12431746.0000 13365525.8450
13456545.0000 12684554.0000 13312406.5750
13456545.0000 12565213.0000 13307000.5500
13456545.0000 12689811.0000 13349615.7300
13456545.0000 12404583.0000 13265924.0900
