13125004.0000 12782324.0000 13030301.8967
13220792.0000 12818709.0000 13139013.7167
13220792.0000 12814625.0000 13111073.7017
13220792.0000 12706453.0000 13138487.0317
13220792.0000 12701840.0000 13127120.0267
13279353.0000 12831733.0000 13196206.3683
13373527.0000 12928000.0000 13266140.6183
13373527.0000 12848926.0000 13309966.6950
13373527.0000 13001950.0000 13236764.3650
13373527.0000 12934678.0000 13252654.6467
13373527.0000 12924211.0000 13269377.0817
13470953.0000 13061501.0000 13376864.0817
13470953.0000 13210311.0000 13427399.6750
13470953.0000 13144739.0000 13399020.0350
13470953.0000 13121260.0000 13404656.6950
13470953.0000 13202525.0000 13412368.5550
13470953.0000 13157369.0000 13416988.8650
13470953.0000 13159010.0000 13373467.2367
13505878.0000 13186242.0000 13463346.5917
13505878.0000 13000473.0000 13445371.1433
13505878.0000 13058265.0000 13368230.5183
13505878.0000 13303861.0000 13493250.9550
13505878.0000 13352839.0000 13504028.9633
13505878.0000 13283173.0000 13503847.2567
13505878.0000 13417310.0000 13505498.1667
13505878.0000 13408452.0000 13505251.1833
13505878.0000 13433680.0000 13505641.5600
13505878.0000 13436212.0000 13505645.7800
13505878.0000 13408452.0000 13504322.3033
13505878.0000 13413113.0000 13505607.2817
13505878.0000 13413029.0000 13505607.1417
13505878.0000 13362739.0000 13505523.3250
13505878.0000 13501943.0000 13505858.3250
13505878.0000 13262616.0000 13503573.9600
13505878.0000 13505878.0000 13505878.0000
13505878.0000 13353470.0000 13504841.3183
13505878.0000 13408452.0000 13505715.6233
13505878.0000 13350155.0000 13505135.2333
13518963.0000 13436212.0000 13509491.1150
13518963.0000 13408452.0000 13515438.0467
13518963.0000 13417602.0000 13518685.0233
13518963.0000 13421537.0000 13518574.3483
13518963.0000 13518963.0000 13518963.0000
13518963.0000 13376712.0000 13518278.4933
13518963.0000 13421537.0000 13518366.6200
13518963.0000 13421537.0000 13518684.5133
13518963.0000 13314829.0000 13518066.1617
13518963.0000 13421537.0000 13518398.2400
13518963.0000 13518963.0000 13518963.0000
13518963.0000 13407751.0000 13518615.2700
