13421537.0000 12831092.0000 13244441.1667
13421537.0000 12771499.0000 13198395.9017
13421537.0000 12853529.0000 13226260.9633
13421537.0000 12790519.0000 13224382.1117
13421537.0000 12745180.0000 13087757.2450
13421537.0000 12600649.0000 13208581.0717
13421537.0000 12898092.0000 13174116.3983
13421537.0000 12884390.0000 13269822.9733
13421537.0000 12979584.0000 13309965.9250
13421537.0000 12966969.0000 13289087.6767
13421537.0000 12951440.0000 13323404.8967
13518963.0000 13164569.0000 13426219.9933
13518963.0000 13226785.0000 13502167.3417
13518963.0000 13274847.0000 13494542.7167
13518963.0000 13255997.0000 13509043.5667
13518963.0000 13254995.0000 13492982.5200
13518963.0000 13156469.0000 13473662.4500
13518963.0000 13215285.0000 13482464.8067
13518963.0000 13251705.0000 13493940.9817
13518963.0000 13206164.0000 13471436.4517
13518963.0000 13207016.0000 13494804.3533
13518963.0000 13315416.0000 13517925.3833
13518963.0000 13301310.0000 13513363.0717
13518963.0000 13407977.0000 13517760.1767
13518963.0000 13449297.0000 13518825.0817
13518963.0000 13421537.0000 13518235.3433
13518963.0000 13518963.0000 13518963.0000
13518963.0000 13449297.0000 13518558.1217
13518963.0000 13254163.0000 13515436.1983
13518963.0000 13237518.0000 13518193.1067
13518963.0000 13449297.0000 13518104.5600
13518963.0000 13374375.0000 13517981.8383
13518963.0000 13449297.0000 13518730.7800
13518963.0000 13302615.0000 13516226.8700
13518963.0000 13059565.0000 13513404.1717
13518963.0000 13391617.0000 13518091.7283
13518963.0000 13314829.0000 13518622.7767
13518963.0000 13487268.0000 13518910.1750
13518963.0000 13421537.0000 13517244.9267
13518963.0000 13293310.0000 13516882.7517
13518963.0000 13227521.0000 13512512.3517
13518963.0000 13515028.0000 13518956.4417
13518963.0000 13449297.0000 13518846.8900
13518963.0000 13351871.0000 13516253.0633
13518963.0000 13407977.0000 13518360.2133
13518963.0000 13487268.0000 13518890.5000
13518963.0000 13487268.0000 13518857.3500
13518963.0000 13359041.0000 13518301.8667
13518963.0000 13347416.0000 13517748.2083
13518963.0000 13449297.0000 13518846.8900
