13165630.0000 12721117.0000 13090503.9050
13378630.0000 12677986.0000 13187300.7683
13418384.0000 12886488.0000 13278813.1283
13418384.0000 12672499.0000 13130905.4383
13418384.0000 12622974.0000 13180950.2467
13418384.0000 12799278.0000 13190387.1150
13418384.0000 12968446.0000 13217266.6283
13418384.0000 12944068.0000 13275823.9883
13418384.0000 12914475.0000 13287884.5983
13418384.0000 13050812.0000 13294999.9117
13418384.0000 12926715.0000 13313502.0033
13418384.0000 13106371.0000 13401682.3800
13418384.0000 13099805.0000 13392736.1750
13418384.0000 13120401.0000 13383600.7250
13418384.0000 13171559.0000 13390551.7100
13418384.0000 13040080.0000 13378763.4900
13418384.0000 13125423.0000 13365710.0133
13418384.0000 13114182.0000 13341818.2350
13418384.0000 13158887.0000 13351301.2550
13418384.0000 13197189.0000 13398184.4950
13418384.0000 12999858.0000 13391255.4883
13418384.0000 13320958.0000 13416806.0117
13418384.0000 13389984.0000 13418336.6667
13418384.0000 13418384.0000 13418384.0000
13418384.0000 13318762.0000 13418217.9633
13418384.0000 13272050.0000 13416586.6517
13418384.0000 13352653.0000 13416959.8283
13418384.0000 13348718.0000 13417840.2100
13418384.0000 13343967.0000 13417912.0183
13418384.0000 13323642.0000 13417376.0767
13426950.0000 13307963.0000 13420538.6967
13426950.0000 13359746.0000 13425039.1333
13430885.0000 13359746.0000 13428003.0567
13496616.0000 13426950.0000 13453284.0667
13509694.0000 13379097.0000 13497754.1083
13509694.0000 13305560.0000 13504330.7900
13509694.0000 13496616.0000 13509428.1400
13509694.0000 13222187.0000 13509214.8217
13509694.0000 13359467.0000 13509205.8200
13509694.0000 13509694.0000 13509694.0000
13509694.0000 13411278.0000 13509367.5967
13509694.0000 13477999.0000 13509641.1750
13509694.0000 13333914.0000 13506623.2000
13509694.0000 13509694.0000 13509694.0000
13509694.0000 13449297.0000 13509593.3383
13509694.0000 13351847.0000 13507251.4700
13509694.0000 13477999.0000 13509588.3500
13549094.0000 13347912.0000 13518620.7167
13549094.0000 13343877.0000 13539212.1033
13549094.0000 13454352.0000 13547736.7567
