13255170.0000 12173941.0000 12980141.1000
13255170.0000 12148920.0000 13044275.3850
13255170.0000 12073300.0000 12848286.5550
13255170.0000 12066536.0000 12767464.0600
13255170.0000 12274533.0000 12901271.4700
13255170.0000 12029507.0000 12874916.9700
13255170.0000 11914033.0000 12920546.3150
13255170.0000 12072483.0000 12939632.6500
13274974.0000 11970198.0000 12918394.0400
13274974.0000 11806061.0000 12951518.2100
13274974.0000 12133153.0000 12926253.5700
13277401.0000 12505187.0000 13109421.2250
13277401.0000 12483929.0000 13115010.6500
13322548.0000 12509145.0000 13137944.1100
13471217.0000 12209970.0000 13155679.2100
13471217.0000 12543989.0000 13180377.0450
13471217.0000 12466826.0000 13149879.2650
13471217.0000 12676367.0000 13266361.4400
13471217.0000 12497126.0000 13235616.8900
13471217.0000 12473778.0000 13177283.1800
13471217.0000 12468062.0000 13240964.9350
13471217.0000 12452968.0000 13350894.6200
13471217.0000 12562835.0000 13360332.9400
13471217.0000 12731236.0000 13339548.2900
13471217.0000 12546950.0000 13382555.7050
13471217.0000 12768506.0000 13290630.1300
13471217.0000 12889292.0000 13351517.9000
13471217.0000 13007104.0000 13375886.2050
13471217.0000 12630044.0000 13326462.6500
13471217.0000 12795850.0000 13348216.3250
13471217.0000 12683776.0000 13259926.9200
13471217.0000 12750999.0000 13353272.4350
13471217.0000 12776047.0000 13346430.0350
13471217.0000 12504891.0000 13269881.5000
13471217.0000 12837978.0000 13388688.3400
13471217.0000 12679154.0000 13349820.6150
13471217.0000 12895020.0000 13383774.5400
13471217.0000 12674850.0000 13310754.3000
13471217.0000 12949637.0000 13358205.5250
13471217.0000 12527245.0000 13283470.8350
13471217.0000 13019126.0000 13375666.2000
13471217.0000 12527245.0000 13425370.7050
13471217.0000 12895420.0000 13422769.9350
13471217.0000 12527245.0000 13371162.6100
13471217.0000 12843651.0000 13328171.7600
13471217.0000 12795850.0000 13393407.7000
13471217.0000 12838572.0000 13354594.2150
13471217.0000 12482230.0000 13210185.3800
13471217.0000 12866127.0000 13376491.2650
13471217.0000 12803893.0000 13309233.4350
