13174400.0000 12800514.0000 13112793.9950
13175880.0000 12659523.0000 13065043.1533
13175880.0000 12556174.0000 13115732.8500
13175880.0000 12820981.0000 13091342.9833
13236988.0000 12791654.0000 13179542.2600
13236988.0000 12747409.0000 13083963.3400
13243858.0000 12896384.0000 13198762.6667
13307077.0000 13054125.0000 13254352.4950
13370976.0000 12863020.0000 13312882.9800
13372961.0000 13016868.0000 13300182.0967
13396155.0000 12843343.0000 13290046.8483
13423915.0000 13093055.0000 13382326.7400
13423915.0000 13031280.0000 13393229.5433
13433220.0000 13063959.0000 13369832.2733
13433220.0000 13076047.0000 13380068.1600
13433220.0000 13101502.0000 13391439.0600
13433220.0000 13124881.0000 13400350.6983
13433220.0000 13093237.0000 13397487.3617
13433220.0000 12978202.0000 13405180.5733
13433220.0000 13143306.0000 13386100.2867
13433220.0000 13085247.0000 13343668.8267
13433220.0000 13142128.0000 13415893.7600
13433220.0000 13298752.0000 13431912.1483
13446780.0000 13399329.0000 13437943.4300
13446780.0000 13317156.0000 13444914.1600
13491239.0000 13433220.0000 13465954.2583
13491239.0000 13264900.0000 13483498.9517
13491239.0000 13446780.0000 13490807.4617
13491239.0000 13421573.0000 13490759.0517
13491239.0000 13213329.0000 13489008.9050
13491239.0000 13329774.0000 13490712.9550
13491239.0000 13491239.0000 13491239.0000
13491239.0000 13437994.0000 13491074.8333
13491239.0000 13487304.0000 13491232.4417
13491239.0000 13421573.0000 13491122.8900
13491239.0000 13380253.0000 13490589.5833
13491239.0000 13491239.0000 13491239.0000
13491239.0000 13131382.0000 13485604.7900
13491239.0000 13421573.0000 13491122.8900
13491239.0000 13491239.0000 13491239.0000
13491239.0000 13491239.0000 13491239.0000
13491239.0000 13343252.0000 13486120.0650
13491239.0000 13369237.0000 13489632.3533
13491239.0000 13290761.0000 13490455.9500
13491239.0000 13491239.0000 13491239.0000
13491239.0000 13313049.0000 13490432.4717
13491239.0000 13249728.0000 13486630.5667
13491239.0000 13421573.0000 13490844.1450
13491239.0000 13421573.0000 13490664.2267
13491239.0000 13310325.0000 13490166.6117
