13289375.0000 11664828.0000 12846475.3350
13289375.0000 11668701.0000 12840335.8500
13289375.0000 12142792.0000 12899583.7250
13289375.0000 11144223.0000 12842020.9500
13289375.0000 11256846.0000 12883791.0100
13289375.0000 11844029.0000 12920579.7900
13289375.0000 11658770.0000 13013799.5600
13298680.0000 11911260.0000 13106645.4100
13298680.0000 12311114.0000 13110325.5600
13379098.0000 12446803.0000 13127255.7350
13379098.0000 12252582.0000 13008392.5600
13379098.0000 12016667.0000 13172277.6050
13379098.0000 12422176.0000 13193982.5600
13379098.0000 12555810.0000 13145238.9650
13379098.0000 12142993.0000 12975566.3300
13379098.0000 12525443.0000 13122489.5850
13379098.0000 12747511.0000 13151011.7400
13379098.0000 12070125.0000 13116999.7350
13379098.0000 12394545.0000 13129553.5350
13379098.0000 12513325.0000 13208477.1550
13379098.0000 12111798.0000 13048161.1700
13379098.0000 12525443.0000 13130428.7200
13379098.0000 12478078.0000 13214470.4900
13379098.0000 12305898.0000 13224567.3200
13381294.0000 12744799.0000 13294660.2050
13381294.0000 12874702.0000 13344084.5950
13381294.0000 12587948.0000 13308282.9200
13381294.0000 12898209.0000 13336253.0800
13381294.0000 12342908.0000 13247316.8850
13381294.0000 12731781.0000 13282250.8500
13381294.0000 12750487.0000 13237684.1750
13381294.0000 12255532.0000 13199701.9250
13381294.0000 12851422.0000 13302517.8800
13381294.0000 12343740.0000 13242063.4600
13381294.0000 12428017.0000 13200661.1550
13381294.0000 12774755.0000 13222398.7250
13381294.0000 12811555.0000 13250140.0750
13381294.0000 12750890.0000 13250811.2450
13381294.0000 12868638.0000 13293973.6750
13381294.0000 12174773.0000 13320370.3850
13381294.0000 12723407.0000 13326116.9050
13385229.0000 12581256.0000 13277037.5550
13385229.0000 12801398.0000 13326986.0550
13385229.0000 12559635.0000 13301887.6350
13385229.0000 12753770.0000 13279504.0250
13415655.0000 12771995.0000 13284319.3200
13415655.0000 13078581.0000 13334001.1000
13415655.0000 12520395.0000 13294131.8700
13415655.0000 12433062.0000 13239683.3250
13471517.0000 12456631.0000 13272525.9300
