13291360.0000 11859594.0000 12992591.4850
13291360.0000 12201827.0000 12993288.0950
13291360.0000 12210432.0000 12878370.5350
13291360.0000 11971780.0000 12886417.4400
13291360.0000 12101568.0000 12830797.0450
13291360.0000 12289017.0000 13037359.9950
13291360.0000 12231277.0000 12970529.9250
13291360.0000 12520103.0000 13080582.7200
13291360.0000 11888991.0000 13001312.0700
13291360.0000 12238753.0000 13076925.1800
13291360.0000 12446138.0000 13063476.8100
13291360.0000 12473992.0000 13138095.1100
13291360.0000 12596898.0000 13114207.3200
13291360.0000 12466594.0000 13102973.2800
13291360.0000 12578400.0000 13148334.9900
13291360.0000 11869325.0000 13054482.3400
13291360.0000 12612037.0000 13178316.8700
13389677.0000 12659114.0000 13139527.1000
13389677.0000 12165597.0000 13037377.5550
13389677.0000 11952426.0000 12959167.0400
13389677.0000 12547619.0000 13068233.0650
13389677.0000 12777372.0000 13257998.3550
13389677.0000 12574551.0000 13236867.8300
13456659.0000 12853159.0000 13362971.1850
13456659.0000 12719755.0000 13254830.3850
13456659.0000 12513033.0000 13243388.6650
13456659.0000 12541977.0000 13252068.6350
13456659.0000 12684938.0000 13190765.6300
13456659.0000 12676789.0000 13334965.0600
13456659.0000 12772102.0000 13323330.2100
13456659.0000 12937368.0000 13370038.5900
13456659.0000 12349846.0000 13311130.8600
13456659.0000 12504668.0000 13256773.7750
13456659.0000 12707525.0000 13208394.3550
13456659.0000 12765201.0000 13304786.2350
13456659.0000 12588484.0000 13273460.5900
13456659.0000 12939230.0000 13320430.4150
13456659.0000 12716678.0000 13361493.0800
13456659.0000 12668038.0000 13308909.6600
13456659.0000 12643019.0000 13344182.6700
13456659.0000 12781292.0000 13392202.6200
13509264.0000 12839309.0000 13358967.4650
13509264.0000 12200446.0000 13358070.5100
13509264.0000 12660956.0000 13402814.5400
13509264.0000 12727887.0000 13413339.2200
13509264.0000 12810180.0000 13399859.3700
13509264.0000 12610881.0000 13388540.5050
13509264.0000 12931640.0000 13430387.1300
13509264.0000 12551469.0000 13367044.1300
13509264.0000 12635388.0000 13322934.0000
