13187512.0000 12727088.0000 13087814.2333
13187512.0000 12717240.0000 13112194.0100
13187512.0000 12839124.0000 13126480.8267
13187512.0000 12636001.0000 13051590.7600
13187512.0000 12812377.0000 13133094.9350
13187512.0000 12735649.0000 13077386.1550
13227672.0000 12806972.0000 13147047.0067
13273922.0000 12871718.0000 13233383.0083
13294201.0000 12879589.0000 13231024.2983
13294201.0000 12935762.0000 13221318.5967
13312341.0000 12922683.0000 13263058.9283
13436212.0000 13096089.0000 13363965.5500
13501943.0000 13134282.0000 13458074.3867
13501943.0000 13111033.0000 13437346.1917
13501943.0000 13116274.0000 13483860.4783
13501943.0000 13032694.0000 13448262.8467
13501943.0000 12994353.0000 13425518.2917
13501943.0000 13152424.0000 13446221.8817
13501943.0000 13142478.0000 13460945.1500
13501943.0000 13132682.0000 13467256.1567
13501943.0000 13122195.0000 13439297.5417
13505878.0000 13283173.0000 13493526.7500
13505878.0000 13436212.0000 13505296.2483
13505878.0000 13154913.0000 13501686.8600
13505878.0000 13414527.0000 13504992.9467
13505878.0000 13285635.0000 13501156.7917
13505878.0000 13474183.0000 13505812.0583
13505878.0000 13501943.0000 13505864.8833
13505878.0000 13474183.0000 13505765.7917
13505878.0000 13324753.0000 13487403.3700
13505878.0000 13350155.0000 13502140.8267
13505878.0000 13436212.0000 13505667.5833
13505878.0000 13408452.0000 13505508.0500
13505878.0000 13413113.0000 13504863.8500
13505878.0000 13413029.0000 13505716.6933
13505878.0000 13338786.0000 13505272.1033
13505878.0000 13338786.0000 13505059.5100
13505878.0000 13294100.0000 13503542.9567
13505878.0000 13436212.0000 13505307.9100
13505878.0000 13226882.0000 13501199.0867
13505878.0000 13408452.0000 13501109.9367
13505878.0000 13217040.0000 13500060.0667
13505878.0000 13505878.0000 13505878.0000
13505878.0000 13332819.0000 13503026.0900
13505878.0000 13403264.0000 13505020.7767
13505878.0000 13431461.0000 13505747.4133
13505878.0000 13338786.0000 13505599.5133
13505878.0000 13263316.0000 13502725.3817
13505878.0000 13214135.0000 13501842.7600
13505878.0000 13505878.0000 13505878.0000
