13026521.0000 11861438.0000 12724017.3650
13059105.0000 12045171.0000 12818559.2250
13139823.0000 12318192.0000 12973940.9750
13139823.0000 11715720.0000 12783455.7550
13139823.0000 11989948.0000 12867086.6950
13139823.0000 11999601.0000 12909036.2900
13139823.0000 11779739.0000 12777351.2350
13381334.0000 12501607.0000 13062377.2050
13381334.0000 11936433.0000 13065271.2050
13381334.0000 12077225.0000 12911273.7200
13381334.0000 12337623.0000 13017614.1750
13381334.0000 12403609.0000 13118497.9900
13474183.0000 12489806.0000 13242277.0600
13474183.0000 12738033.0000 13251303.5950
13474183.0000 12121407.0000 13278336.8450
13474183.0000 12324017.0000 13220667.3650
13474183.0000 12368074.0000 13263544.1600
13474183.0000 12526798.0000 13279724.0850
13474183.0000 12534677.0000 13152669.6000
13474183.0000 12425801.0000 13227804.4000
13474183.0000 12558789.0000 13224181.8150
13474183.0000 12765710.0000 13310173.7500
13474183.0000 12654378.0000 13360729.8300
13474183.0000 12804439.0000 13342131.2050
13474183.0000 12925648.0000 13424584.3250
13474183.0000 12859609.0000 13373985.9950
13474183.0000 12820050.0000 13323947.5200
13474183.0000 12695979.0000 13270443.6550
13487268.0000 12783345.0000 13390911.1950
13487268.0000 12963731.0000 13357159.5200
13487268.0000 12753575.0000 13278338.1250
13487268.0000 12517216.0000 13269964.4350
13487268.0000 12678101.0000 13331490.0100
13487268.0000 12575699.0000 13269885.1400
13487268.0000 12701633.0000 13316443.6400
13497192.0000 12162389.0000 13362379.6450
13497192.0000 12513940.0000 13313545.4750
13497192.0000 12461567.0000 13374253.3500
13497192.0000 12659008.0000 13356600.9800
13497192.0000 12593111.0000 13266273.1400
13497192.0000 12865192.0000 13293922.6400
13497192.0000 12671078.0000 13377261.5050
13497192.0000 12965963.0000 13403492.6750
13497192.0000 12889381.0000 13280031.1300
13497192.0000 12803422.0000 13315229.1450
13497192.0000 12692436.0000 13422552.0500
13497192.0000 12817293.0000 13336231.4400
13497192.0000 12870657.0000 13332591.3050
13497192.0000 12747379.0000 13338465.5600
13497192.0000 12811314.0000 13397937.5850
