13123783.0000 12575572.0000 13021311.5350
13290190.0000 12776013.0000 13133452.4233
13290190.0000 12839084.0000 13149213.3283
13290190.0000 12693049.0000 13199255.0150
13290190.0000 12622969.0000 13194576.6683
13290190.0000 12779428.0000 13174255.5733
13290190.0000 13000093.0000 13220311.1133
13290190.0000 12975126.0000 13222933.0150
13290190.0000 13003759.0000 13252680.3100
13316666.0000 12996612.0000 13245170.6883
13316666.0000 12878027.0000 13243817.8967
13379713.0000 13095018.0000 13342939.3500
13379713.0000 13031584.0000 13310914.4833
13415324.0000 13096215.0000 13359694.4500
13443084.0000 13084897.0000 13392708.2517
13443084.0000 13085052.0000 13398669.5617
13459399.0000 13157468.0000 13432122.4250
13459399.0000 13143489.0000 13417981.0200
13459399.0000 13013169.0000 13391840.8533
13459399.0000 13180917.0000 13404551.1083
13459399.0000 13033042.0000 13392550.4267
13459399.0000 13299949.0000 13455912.9950
13459475.0000 13250289.0000 13459072.5000
13459475.0000 13458701.0000 13459468.2400
13459475.0000 13459399.0000 13459474.8733
13459475.0000 13333598.0000 13458183.7383
13460973.0000 13459475.0000 13459959.3533
13517399.0000 13312986.0000 13476364.0183
13517399.0000 13459475.0000 13498768.4333
13549094.0000 13460973.0000 13533885.6083
13549094.0000 13261172.0000 13548014.9567
13549094.0000 13398867.0000 13548681.2450
13549094.0000 13398867.0000 13548294.7550
13549094.0000 13451668.0000 13548769.2467
13549094.0000 13459221.0000 13548891.3867
13549094.0000 13398867.0000 13548588.7117
13549094.0000 13325791.0000 13547133.5817
13549094.0000 13517399.0000 13549041.1750
13549094.0000 13468533.0000 13548959.7317
13549094.0000 13303681.0000 13547974.7133
13549094.0000 13302790.0000 13547781.8967
13549094.0000 13549094.0000 13549094.0000
13549094.0000 13398867.0000 13548546.9767
13549094.0000 13451668.0000 13547569.0600
13549094.0000 13451668.0000 13548606.8700
13549094.0000 13549094.0000 13549094.0000
13549094.0000 13451668.0000 13547711.9933
13549094.0000 13451668.0000 13548282.1167
13549094.0000 13418570.0000 13547581.5250
13549094.0000 13549094.0000 13549094.0000
