13059215.0000 12145144.0000 12883423.1850
13239483.0000 12155549.0000 12895021.0450
13239483.0000 12187972.0000 12963853.0600
13239483.0000 11922920.0000 12910804.8550
13239483.0000 11868424.0000 12872480.9100
13239483.0000 12014697.0000 12915917.0300
13239483.0000 12247929.0000 12974937.3900
13239483.0000 12374108.0000 12987575.0950
13239483.0000 12109513.0000 12935948.1150
13239483.0000 12021895.0000 12979254.2800
13239483.0000 11816574.0000 12956141.9150
13257966.0000 12300032.0000 13084134.1850
13294678.0000 12503903.0000 13100014.8350
13294678.0000 12660001.0000 13123496.9600
13300050.0000 12609376.0000 13172570.8100
13300050.0000 12517746.0000 13155616.5050
13300050.0000 12214695.0000 13045275.5400
13300050.0000 12507857.0000 13158297.2500
13300050.0000 11996847.0000 13095328.8200
13300050.0000 11970245.0000 13120793.2500
13356384.0000 12705274.0000 13188552.5900
13405470.0000 12640431.0000 13268044.4850
13405470.0000 12787951.0000 13267735.3600
13458701.0000 12697136.0000 13348065.9300
13458701.0000 12566986.0000 13288277.3000
13496672.0000 12731628.0000 13353710.0900
13496672.0000 12685968.0000 13338726.9050
13496672.0000 12697472.0000 13404261.6750
13496672.0000 12162922.0000 13385013.8700
13496672.0000 12916674.0000 13394673.1000
13496672.0000 12243836.0000 13364357.4600
13496672.0000 12858278.0000 13414590.3150
13496672.0000 12772940.0000 13357279.0150
13496672.0000 12901951.0000 13409280.7100
13496672.0000 12763635.0000 13404381.0800
13496672.0000 12627786.0000 13458814.7800
13496672.0000 12734936.0000 13339786.2100
13496672.0000 12835312.0000 13307121.3250
13496672.0000 12688399.0000 13332621.9900
13496672.0000 12853317.0000 13339197.3350
13496672.0000 12648993.0000 13325776.2100
13496672.0000 12555941.0000 13220106.6150
13496672.0000 12398858.0000 13279613.5200
13496672.0000 12699615.0000 13343916.8700
13496672.0000 12779344.0000 13349017.5500
13496672.0000 12610098.0000 13326122.5650
13496672.0000 12560092.0000 13318440.5300
13496672.0000 12579302.0000 13400913.1850
13496672.0000 12825976.0000 13392347.1750
13496672.0000 12977825.0000 13410062.8000
