13207421.0000 12829573.0000 13084135.2700
13271632.0000 12701132.0000 13084237.5450
13271632.0000 12599795.0000 13142540.2750
13271632.0000 12777504.0000 13149296.4400
13271632.0000 12672387.0000 12996538.4950
13271632.0000 12780376.0000 13151856.7700
13271632.0000 12884545.0000 13197539.0467
13271632.0000 12960260.0000 13204169.9917
13271632.0000 12863207.0000 13196780.4817
13271632.0000 12978138.0000 13181430.8350
13379090.0000 12980758.0000 13275157.1350
13379090.0000 13141541.0000 13338647.9283
13385630.0000 12955634.0000 13350829.2917
13385630.0000 13299087.0000 13374322.6217
13417325.0000 13092661.0000 13376782.7950
13417325.0000 13194022.0000 13390766.6000
13420009.0000 13109107.0000 13405030.3117
13420009.0000 13114686.0000 13408705.4117
13420009.0000 13122334.0000 13414800.1483
13468374.0000 13237629.0000 13418595.8300
13481934.0000 13154345.0000 13423232.6350
13481934.0000 13232743.0000 13472418.8767
13481934.0000 13317787.0000 13480757.4467
13549094.0000 13331263.0000 13503132.1967
13549094.0000 13383795.0000 13544339.6067
13549094.0000 13451668.0000 13548931.6233
13549094.0000 13398867.0000 13547869.3617
13549094.0000 13449526.0000 13548740.9600
13549094.0000 13356035.0000 13547103.1800
13549094.0000 13393776.0000 13547874.2017
13549094.0000 13451668.0000 13548832.5317
13549094.0000 13304291.0000 13547930.8383
13549094.0000 13398867.0000 13548380.5017
13549094.0000 13521334.0000 13549047.7333
13549094.0000 13549094.0000 13549094.0000
13549094.0000 13370359.0000 13547848.0050
13549094.0000 13307583.0000 13548598.9483
13549094.0000 13549094.0000 13549094.0000
13549094.0000 13549094.0000 13549094.0000
13549094.0000 13468533.0000 13548726.3717
13549094.0000 13223454.0000 13547546.2683
13549094.0000 13325791.0000 13538576.6233
13549094.0000 13451668.0000 13548931.6233
13549094.0000 13431017.0000 13548269.2483
13549094.0000 13549094.0000 13549094.0000
13549094.0000 13296691.0000 13548673.3283
13549094.0000 13197786.0000 13548075.0850
13549094.0000 13549094.0000 13549094.0000
13549094.0000 13549094.0000 13549094.0000
13549094.0000 13420583.0000 13548717.4383
