13251588.0000 12824381.0000 13187570.4933
13251588.0000 12792185.0000 13152325.7467
13251588.0000 12620524.0000 13127570.1283
13251588.0000 12818634.0000 13168947.6133
13253617.0000 12625959.0000 13145344.6017
13253617.0000 12800545.0000 13103008.2417
13389014.0000 12901485.0000 13251314.5417
13389014.0000 12814361.0000 13226793.4300
13389014.0000 12877908.0000 13275036.3550
13389014.0000 12954892.0000 13315289.1033
13389014.0000 13029225.0000 13287129.2350
13389014.0000 13036456.0000 13334442.9983
13396655.0000 13104249.0000 13349531.0683
13396655.0000 12973707.0000 13326724.2983
13406354.0000 12989108.0000 13344898.8650
13406354.0000 13135973.0000 13379597.3250
13406354.0000 13052343.0000 13388383.3267
13406354.0000 13025802.0000 13369151.2000
13406354.0000 13128366.0000 13369922.6600
13406354.0000 12986725.0000 13322466.8283
13406354.0000 13103784.0000 13370259.4750
13406354.0000 13347727.0000 13405850.7783
13406354.0000 13308928.0000 13405849.8517
13406354.0000 13247566.0000 13405265.6517
13406354.0000 13308928.0000 13405779.9383
13515028.0000 13340623.0000 13450655.5067
13515028.0000 13406354.0000 13507101.4083
13518963.0000 13259845.0000 13512304.6567
13518963.0000 13412191.0000 13515534.8817
13518963.0000 13416126.0000 13518377.3333
13518963.0000 13421537.0000 13518800.6233
13518963.0000 13430941.0000 13518693.6283
13518963.0000 13518963.0000 13518963.0000
13518963.0000 13315416.0000 13518507.6450
13518963.0000 13279153.0000 13515840.0450
13518963.0000 13518963.0000 13518963.0000
13518963.0000 13518963.0000 13518963.0000
13518963.0000 13515028.0000 13518943.3250
13518963.0000 13421537.0000 13517729.2600
13518963.0000 13518963.0000 13518963.0000
13518963.0000 13421537.0000 13518631.6883
13518963.0000 13326235.0000 13512791.6483
13518963.0000 13449297.0000 13518297.7200
13518963.0000 13368736.0000 13518493.0817
13518963.0000 13421537.0000 13518800.6233
13518963.0000 13449297.0000 13518626.7500
13518963.0000 13449297.0000 13518846.8900
13518963.0000 13518963.0000 13518963.0000
13518963.0000 13421537.0000 13518452.2933
13518963.0000 13421537.0000 13518302.9533
