13231351.0000 12714793.0000 13106550.9300
13299072.0000 12711801.0000 13180069.7617
13299072.0000 12683543.0000 13164571.0700
13299072.0000 12625355.0000 13170993.4450
13299072.0000 12806040.0000 13205530.3933
13299072.0000 12798502.0000 13121501.0067
13299072.0000 12901446.0000 13198210.1133
13299072.0000 12889645.0000 13214445.3167
13299072.0000 12974050.0000 13246298.9567
13318686.0000 12984363.0000 13286081.7567
13339638.0000 13064403.0000 13286108.7767
13339638.0000 13022508.0000 13292090.6800
13339638.0000 13147037.0000 13325238.1833
13339638.0000 13179319.0000 13319373.9350
13339638.0000 13096851.0000 13317884.9950
13341695.0000 12965401.0000 13327785.3433
13343967.0000 13048451.0000 13334618.6933
13375662.0000 13118392.0000 13352382.6233
13375662.0000 13138599.0000 13347145.1033
13375662.0000 13001688.0000 13353713.0150
13375662.0000 13120664.0000 13354741.4533
13384932.0000 13247979.0000 13377456.8983
13384932.0000 13319201.0000 13384080.8483
13411278.0000 13375662.0000 13395179.6650
13420583.0000 13263478.0000 13411363.7700
13420583.0000 13313852.0000 13409189.2367
13434172.0000 13345547.0000 13423129.9683
13434172.0000 13323157.0000 13432255.6083
13465867.0000 13424768.0000 13445706.1517
13465867.0000 13218665.0000 13456443.5433
13465867.0000 13324177.0000 13463792.1967
13465867.0000 13465867.0000 13465867.0000
13465867.0000 13368441.0000 13465487.5200
13468533.0000 13465867.0000 13467248.8767
13468533.0000 13382091.0000 13468187.7050
13477838.0000 13350155.0000 13470858.8517
13549094.0000 13415886.0000 13500411.7767
13549094.0000 13383096.0000 13532528.0967
13549094.0000 13451668.0000 13548769.2467
13549094.0000 13347715.0000 13547877.3383
13549094.0000 13451668.0000 13548143.7500
13549094.0000 13451668.0000 13548781.0950
13549094.0000 13379333.0000 13548560.6867
13549094.0000 13307583.0000 13546772.0400
13549094.0000 13398867.0000 13548575.5950
13549094.0000 13344960.0000 13547613.6517
13549094.0000 13451668.0000 13548054.6850
13549094.0000 13328851.0000 13547863.3717
13549094.0000 13324265.0000 13547363.0683
13549094.0000 13274742.0000 13548474.3700
