13198604.0000 11182222.0000 12829938.0400
13198604.0000 12093973.0000 12932663.9450
13198604.0000 11783590.0000 12848971.9800
13198604.0000 11573065.0000 12661946.5800
13198604.0000 12272490.0000 13009572.1000
13198604.0000 11462952.0000 12864928.3400
13198604.0000 11592722.0000 12832336.1450
13198604.0000 12140958.0000 12970196.9250
13198604.0000 12243046.0000 12992534.2350
13198604.0000 11965068.0000 12973384.4850
13198604.0000 11476034.0000 12882338.1250
13273272.0000 12299163.0000 12990708.8800
13273272.0000 12729648.0000 13114010.3600
13324321.0000 12166925.0000 13143230.7050
13342994.0000 11880236.0000 13217764.8800
13342994.0000 12475065.0000 13116388.9600
13342994.0000 12681702.0000 13052117.5400
13342994.0000 12387899.0000 13104609.0550
13342994.0000 12598616.0000 13177277.5450
13342994.0000 12250709.0000 13071594.6500
13342994.0000 12130827.0000 13135046.0000
13342994.0000 12590138.0000 13161450.7800
13363762.0000 12740398.0000 13232962.2700
13521334.0000 12517400.0000 13344262.7600
13521334.0000 12976987.0000 13360231.6450
13521334.0000 12904184.0000 13374152.6350
13521334.0000 12372197.0000 13325860.9400
13521334.0000 12404877.0000 13394743.0400
13521334.0000 12547753.0000 13419880.3000
13521334.0000 12573143.0000 13370229.7900
13521334.0000 12961291.0000 13339960.7400
13549094.0000 12918583.0000 13391331.4750
13549094.0000 12907331.0000 13411447.4900
13549094.0000 12521647.0000 13386294.6950
13549094.0000 12778013.0000 13428554.5100
13549094.0000 12874425.0000 13459572.1000
13549094.0000 12723500.0000 13460852.2700
13549094.0000 12866489.0000 13445658.6300
13549094.0000 12707153.0000 13382713.1650
13549094.0000 12477598.0000 13315881.2550
13549094.0000 12753322.0000 13370553.8500
13549094.0000 12731490.0000 13376992.9900
13549094.0000 12499222.0000 13436107.9950
13549094.0000 12716896.0000 13409520.7500
13549094.0000 12550972.0000 13373835.5850
13549094.0000 12274381.0000 13380701.2350
13549094.0000 12937271.0000 13422071.4600
13549094.0000 12766222.0000 13455311.0900
13549094.0000 12570117.0000 13416063.7500
13549094.0000 12660542.0000 13398666.1850
