3.123831202597444623e+00 4.312469240468540521e-01 1.778325579270050083e+00
3.185585540909030122e+00 -6.976225781297884510e-02 1.855765919807656372e+00
3.236463343352411481e+00 2.127939240253380326e-01 2.396574288756991855e+00
3.236463343352411481e+00 1.058131756478922769e-01 2.043756194121782332e+00
3.236463343352411481e+00 2.448860909658368001e-02 1.984722539612896242e+00
3.236463343352411481e+00 1.197947615432412238e+00 2.536198341656414001e+00
3.236463343352411481e+00 1.983214985510563633e+00 2.762658555052084353e+00
3.236463343352411481e+00 1.077894205154180884e+00 2.092622879323009499e+00
3.236463343352411481e+00 1.123731675221969706e+00 1.786230407758721439e+00
3.236463343352411481e+00 1.141677765909964615e+00 2.014162329486269165e+00
3.722671403612780594e+00 4.913255181864970567e-01 2.145237432292636193e+00
3.722671403612780594e+00 1.199522452618018153e+00 1.947364787525265317e+00
3.722671403612780594e+00 1.003102664238270103e-01 1.893392714894018614e+00
3.722671403612780594e+00 1.263624100979877207e+00 2.512921773951793725e+00
3.722671403612780594e+00 8.120940168273532711e-01 1.925009438483383351e+00
3.722671403612780594e+00 8.835152644653734288e-01 2.319138391598393856e+00
3.722671403612780594e+00 1.140282535300265465e+00 2.398533792362143480e+00
3.722671403612780594e+00 3.479091541846280888e-01 2.220500366647387036e+00
3.722825940338953643e+00 2.109800473783743691e+00 3.090755572666465056e+00
3.749991758532048802e+00 3.177683526515240331e+00 3.666561621599321974e+00
3.749991758532048802e+00 1.816479790857802534e+00 2.793598905031464685e+00
3.749991758532048802e+00 2.463413644959867366e+00 3.034653505043111377e+00
3.749991758532048802e+00 2.586316179091556311e+00 2.895729369824520116e+00
3.749991758532048802e+00 1.895687194960851807e+00 2.662274372238976117e+00
3.749991758532048802e+00 9.928676129307121290e-01 2.535485824505427033e+00
3.749991758532048802e+00 2.097335040686405083e+00 2.605937215673920448e+00
3.749991758532048802e+00 8.359796891751469783e-01 2.781372657040660279e+00
3.749991758532048802e+00 1.228624606751077541e+00 2.114949363043629127e+00
3.749991758532048802e+00 1.208957287513746870e+00 2.657884476501413129e+00
3.749991758532048802e+00 1.422140218306089388e+00 2.830509894561260786e+00
3.749991758532048802e+00 1.192035558926068273e+00 2.389342452046294696e+00
3.749991758532048802e+00 -6.961703238517236159e-01 1.837557521499483260e+00
3.749991758532048802e+00 8.631349709302502671e-01 2.552096298160010157e+00
3.750647157084237460e+00 8.684230304739339878e-01 2.533865864343057606e+00
3.751497822022996864e+00 1.229974023234580383e+00 2.756934210908347893e+00
3.751497822022996864e+00 6.619285560802050661e-01 2.935724918031664465e+00
3.751497822022996864e+00 1.693980102041404701e+00 3.291763952473420574e+00
3.752334822696510308e+00 3.470989964859938048e+00 3.644122950280409334e+00
3.753504361577533643e+00 3.492789855710857427e+00 3.685031332331198506e+00
3.754507410831955383e+00 3.707924181985193801e+00 3.737757919554459907e+00
3.754507410831955383e+00 3.537799628062551882e+00 3.702301268481575480e+00
3.754589381400538883e+00 3.713766853721659711e+00 3.749410280949089014e+00
3.754718671501815042e+00 3.744293685852493780e+00 3.752453079504927125e+00
3.754718671501815042e+00 3.738841958387676634e+00 3.751942718968829471e+00
3.754718671501815042e+00 3.747913800001540618e+00 3.750991149226126087e+00
3.754718671501815042e+00 3.693447570404918778e+00 3.744420965284748437e+00
3.754732923928621791e+00 3.736076002089351533e+00 3.752473911142765850e+00
3.754734296760796397e+00 3.754539840872503476e+00 3.754685293229586218e+00
3.754734296760796397e+00 3.754406833554445821e+00 3.754683405937929486e+00
3.754738519253653095e+00 3.754662209043210463e+00 3.754727551446917833e+00
