3.302163865878248838e+00 2.627491652861724258e-01 1.903930202294802587e+00
3.476220456248859669e+00 -4.865505859596415128e-01 2.123046696188914950e+00
3.476220456248859669e+00 -3.696207221622183070e-02 2.259958131222726152e+00
3.651110606954887317e+00 4.108650800755966337e-01 1.689068227834099378e+00
3.894290281771557005e+00 -2.400204212156209493e-01 2.970838620064780500e+00
4.077718261458450399e+00 1.178589715431352047e+00 3.164820692443675476e+00
4.077718261458450399e+00 -2.926563704453886139e-01 1.861195069755967157e+00
4.077718261458450399e+00 7.543362186006485892e-01 2.378327282096011963e+00
4.077718261458450399e+00 3.308801285974828366e-01 1.727685520786327533e+00
4.077718261458450399e+00 -3.175136750573741562e-01 1.908672972200248008e+00
4.077718261458450399e+00 1.626435297158188131e+00 2.822058766822533649e+00
4.077718261458450399e+00 1.546889537407685866e+00 3.047763951609371080e+00
4.077718261458450399e+00 2.320300650344616411e+00 3.159193831354084381e+00
4.077718261458450399e+00 2.278947180825972474e+00 2.965798012228948899e+00
4.172149062033016165e+00 2.502341266719943391e+00 3.369258464240425521e+00
4.172149062033016165e+00 2.678695580451764258e+00 3.394729621282563503e+00
4.172149062033016165e+00 3.279064689790808451e+00 3.913704731941442638e+00
4.172149062033016165e+00 1.241950529710552642e+00 3.329668206568249467e+00
4.172149062033016165e+00 7.085510687637199823e-01 2.909736719779183467e+00
4.197753187742028658e+00 1.936161245299124367e+00 3.329658152661309600e+00
4.206698899694210070e+00 2.307469241658906434e+00 3.606766161385805525e+00
4.206698899694210070e+00 1.368707517614222491e+00 3.030837673578859803e+00
4.206698899694210070e+00 1.873184752260182107e+00 2.980510314699038599e+00
4.206698899694210070e+00 1.042266048978508053e+00 2.903013595855266082e+00
4.206698899694210070e+00 1.866786976861368963e+00 2.980848243613973825e+00
4.206698899694210070e+00 1.346882476903577430e+00 3.021884965540081236e+00
4.226982543132997705e+00 2.923489615544397680e+00 3.933541412604959930e+00
4.226982543132997705e+00 1.799249662367530256e+00 3.217377365226494756e+00
4.226982543132997705e+00 1.842029943252802671e+00 3.338775545094477160e+00
4.226982543132997705e+00 2.886042333359779111e+00 3.569817787322902891e+00
4.226982543132997705e+00 2.915316652833418232e+00 3.467704189965464590e+00
4.226982543132997705e+00 2.404336508784587600e+00 3.361868681535857384e+00
4.226982543132997705e+00 2.541492747413010456e+00 3.793933676945393074e+00
4.245167530792797628e+00 2.785329574602048108e+00 3.976274862827868795e+00
4.252137291776213246e+00 1.836837693809478367e+00 3.498827783693256865e+00
4.253376751555034474e+00 1.109789666804173347e+00 3.843085041288303749e+00
4.253376751555034474e+00 3.123752490335626852e+00 3.897802634832159274e+00
4.253376751555034474e+00 2.739550902528470111e+00 3.705505579327225352e+00
4.253376751555034474e+00 3.388033727660529681e+00 3.956965683734085637e+00
4.253376751555034474e+00 3.109151670573713222e+00 3.689599398782869688e+00
4.253376751555034474e+00 2.488038809649367522e+00 3.702757079234705095e+00
4.253376751555034474e+00 2.235722775786571859e+00 3.520288325321956791e+00
4.253376751555034474e+00 3.279753624130045342e+00 3.897435426647436252e+00
4.253376751555034474e+00 3.936800617801826441e+00 4.199310847968806826e+00
4.253638835873706725e+00 4.241956427382671535e+00 4.250245058668960851e+00
4.253754336176635675e+00 4.250868347078480269e+00 4.252414687600654553e+00
4.253756428416373581e+00 4.251288292495581267e+00 4.252986776657015966e+00
4.253765774229252727e+00 4.251795669679623302e+00 4.253538151716707461e+00
4.253884806855753986e+00 4.253788148650960999e+00 4.253854447140335893e+00
4.253884826381973738e+00 4.253870143025182848e+00 4.253879167038598474e+00
