1.874748481009189005e+00 -1.426659698636061346e-01 1.443274619505376943e+00
1.874748481009189005e+00 7.114606191580987726e-01 1.171276326075899599e+00
2.724258667076013385e+00 6.846328613825369835e-01 1.675090171188592381e+00
2.724258667076013385e+00 5.241672793744431846e-01 1.396089216049680948e+00
2.724258667076013385e+00 7.638268357624338201e-01 1.470291400556072992e+00
2.724258667076013385e+00 1.059846276098654894e-01 1.353698068190666959e+00
3.098100812510534929e+00 6.737005942425111638e-02 1.969542997502124138e+00
3.098100812510534929e+00 1.247675175875095022e+00 1.882076112084504427e+00
3.098100812510534929e+00 1.161256975829904503e+00 2.143239855163524776e+00
3.943373487415261280e+00 2.381415139084273491e+00 3.004494508336975400e+00
4.006480721864792649e+00 2.572688365071937433e+00 3.374292110243330534e+00
4.006480721864792649e+00 1.687031306399000563e+00 3.204746146139100915e+00
4.006480721864792649e+00 8.485664758946694919e-01 2.944476683093148583e+00
4.006480721864792649e+00 1.873949195197721629e-01 2.216756231576097136e+00
4.006480721864792649e+00 -4.537722907979284681e-01 2.222362730764611882e+00
4.006480721864792649e+00 9.000359409899715279e-01 2.844005491344592684e+00
4.077239215681381701e+00 1.641720946964012828e+00 2.902152023335110353e+00
4.077239215681381701e+00 1.024962349340691636e+00 2.611984823079898543e+00
4.077239215681381701e+00 8.117633817756561010e-01 2.199228986097872873e+00
4.077239215681381701e+00 1.208706705730562270e+00 2.384296230970095909e+00
4.077239215681381701e+00 2.228089181894068904e+00 3.397684863765119356e+00
4.077239215681381701e+00 3.375272667793784986e-01 2.055496595790854641e+00
4.077239215681381701e+00 5.595047601456626385e-02 1.211132962922314649e+00
4.077239215681381701e+00 6.028335089589407225e-01 1.787501089111730668e+00
4.077239215681381701e+00 7.801630825890107923e-01 2.103893056528415517e+00
4.077239215681381701e+00 7.726556533341972788e-01 1.787218501164828499e+00
4.077239215681381701e+00 1.218483609185079697e+00 2.127774331077985526e+00
4.077239215681381701e+00 1.115070530728978104e+00 2.874818583177975562e+00
4.077239215681381701e+00 2.121240372522877227e+00 2.904121900898485542e+00
4.078200980767839212e+00 2.306352716898472988e+00 3.578393715316115387e+00
4.078200980767839212e+00 1.186243435095722054e+00 2.737370137763809996e+00
4.168349487245609275e+00 2.194255947296801512e+00 3.170897155830723513e+00
4.168349487245609275e+00 2.071502271366084891e+00 3.069413776869281740e+00
4.168349487245609275e+00 -4.307059790877172389e-01 2.768399265159552147e+00
4.168349487245609275e+00 2.768020990201653042e+00 3.754929669302766282e+00
4.168349487245609275e+00 2.768416972861672321e+00 3.427913472412822848e+00
4.168349487245609275e+00 1.315370916537333734e+00 2.891267651376050907e+00
4.168349487245609275e+00 2.254088750272305930e+00 3.421163621560921797e+00
4.213988655797019867e+00 4.167823474333341771e+00 4.186494532682179859e+00
4.242501069193154173e+00 4.194327142106284434e+00 4.224270597450603404e+00
4.242501069193154173e+00 3.912381760612155368e+00 4.083507450284826312e+00
4.242501069193154173e+00 4.072355255415120112e+00 4.184326266867694599e+00
4.242501069193154173e+00 4.154897643662549100e+00 4.215275542924718621e+00
4.249347245426758235e+00 4.210228895316230791e+00 4.231388462656778593e+00
4.249347245426758235e+00 4.192436472273009862e+00 4.222035133308202681e+00
4.253148076072529093e+00 4.201566185964475508e+00 4.238898069829063253e+00
4.253302339990064240e+00 4.224549212843085044e+00 4.240516865880265662e+00
4.253868568832634089e+00 4.226501851363948958e+00 4.250212641715307882e+00
4.253868568832634089e+00 4.252629355666890376e+00 4.253268483117201626e+00
4.253868568832634089e+00 4.252724559905903590e+00 4.253452522991723939e+00
