-6.163310000000000000e+05 -5.478037000000000000e+06 -1.058594139999999898e+06
-6.163310000000000000e+05 -6.616505000000000000e+06 -9.952445500000000466e+05
-1.566570000000000000e+05 -3.591823000000000000e+06 -3.149256599999999744e+05
-1.566570000000000000e+05 -3.262695000000000000e+06 -4.980629400000000023e+05
-1.566570000000000000e+05 -5.963959000000000000e+06 -4.701779799999999814e+05
-1.566570000000000000e+05 -3.416219000000000000e+06 -6.956226199999999953e+05
-1.566570000000000000e+05 -5.727797000000000000e+06 -7.792946600000000326e+05
-1.566570000000000000e+05 -5.139143000000000000e+06 -4.622469000000000233e+05
-1.566570000000000000e+05 -7.195283000000000000e+06 -9.010409799999999814e+05
-1.566570000000000000e+05 -1.516287000000000000e+06 -4.834489899999999907e+05
-1.566570000000000000e+05 -5.809233000000000000e+06 -5.756245600000000559e+05
-1.405300000000000000e+04 -2.811687000000000000e+06 -2.811030399999999790e+05
-1.405300000000000000e+04 -1.730089000000000000e+06 -2.463261300000000047e+05
-1.405300000000000000e+04 -2.301399000000000000e+06 -5.256108699999999953e+05
-1.405300000000000000e+04 -4.625181000000000000e+06 -7.902967900000000373e+05
-1.405300000000000000e+04 -7.942427000000000000e+06 -1.014878260000000009e+06
-1.405300000000000000e+04 -7.743875000000000000e+06 -8.894115999999999767e+05
-1.405300000000000000e+04 -1.281249300000000000e+07 -1.384992479999999981e+06
-1.405300000000000000e+04 -3.579613000000000000e+06 -3.766183900000000140e+05
-1.405300000000000000e+04 -8.458223000000000000e+06 -9.066239300000000512e+05
-1.405300000000000000e+04 -3.344575000000000000e+06 -1.205657169999999925e+06
-1.405300000000000000e+04 -4.980403000000000000e+06 -6.765369899999999907e+05
-1.405300000000000000e+04 -6.287551000000000000e+06 -7.722278000000000466e+05
-1.405300000000000000e+04 -2.372225000000000000e+06 -3.078418699999999953e+05
-1.405300000000000000e+04 -3.970745000000000000e+06 -5.761719599999999627e+05
-1.405300000000000000e+04 -4.242107000000000000e+06 -1.605192999999999884e+05
-1.405300000000000000e+04 -2.176229000000000000e+06 -4.129005599999999977e+05
-1.405300000000000000e+04 -3.498801000000000000e+06 -7.783822600000000093e+05
-1.405300000000000000e+04 -3.590457000000000000e+06 -1.090349399999999907e+06
-1.405300000000000000e+04 -3.669919000000000000e+06 -5.274106800000000512e+05
-1.405300000000000000e+04 -7.239425000000000000e+06 -8.397810300000000279e+05
-1.405300000000000000e+04 -4.605825000000000000e+06 -8.584409300000000512e+05
-1.405300000000000000e+04 -3.988159000000000000e+06 -2.416692900000000081e+05
-1.405300000000000000e+04 -7.997047000000000000e+06 -4.828971500000000233e+05
-1.405300000000000000e+04 -2.378961000000000000e+06 -4.025715399999999790e+05
-1.405300000000000000e+04 -2.028183000000000000e+06 -2.627866699999999837e+05
-1.405300000000000000e+04 -4.834495000000000000e+06 -2.018666700000000128e+05
-1.405300000000000000e+04 -6.247939000000000000e+06 -7.154614000000000233e+05
-1.405300000000000000e+04 -3.547361000000000000e+06 -2.122694299999999930e+05
-1.405300000000000000e+04 -8.347445000000000000e+06 -9.917110400000000373e+05
-1.405300000000000000e+04 -3.716919000000000000e+06 -5.911043499999999767e+05
-1.405300000000000000e+04 -1.517569000000000000e+06 -1.793834299999999930e+05
-1.405300000000000000e+04 -2.074601000000000000e+06 -2.904418499999999767e+05
-1.405300000000000000e+04 -2.437673000000000000e+06 -3.308224699999999721e+05
-1.405300000000000000e+04 -3.530929000000000000e+06 -4.068113200000000070e+05
-1.405300000000000000e+04 -2.915911000000000000e+06 -1.950943800000000047e+05
-1.405300000000000000e+04 -4.148055000000000000e+06 -3.834889600000000210e+05
-1.405300000000000000e+04 -3.477743000000000000e+06 -7.442128699999999953e+05
-1.405300000000000000e+04 -2.369171000000000000e+06 -3.467704600000000210e+05
-1.405300000000000000e+04 -2.386511000000000000e+06 -1.871962000000000116e+05
-1.405300000000000000e+04 -2.899015000000000000e+06 -5.881980799999999581e+05
-1.405300000000000000e+04 -3.963863000000000000e+06 -6.705386400000000140e+05
-1.405300000000000000e+04 -3.955355000000000000e+06 -3.165611900000000023e+05
-1.405300000000000000e+04 -4.347037000000000000e+06 -3.684832399999999907e+05
-1.405300000000000000e+04 -1.830499000000000000e+06 -2.057125000000000000e+05
-1.405300000000000000e+04 -2.670401000000000000e+06 -2.838113599999999860e+05
-1.405300000000000000e+04 -2.446069000000000000e+06 -3.769394199999999837e+05
-1.405300000000000000e+04 -1.825877000000000000e+06 -1.277593099999999977e+05
-1.405300000000000000e+04 -3.220511000000000000e+06 -4.022026900000000023e+05
-1.405300000000000000e+04 -2.861005000000000000e+06 -2.897615800000000163e+05
-1.405300000000000000e+04 -2.724539000000000000e+06 -2.351835299999999988e+05
-1.405300000000000000e+04 -1.395865000000000000e+06 -1.148382599999999948e+05
-1.405300000000000000e+04 -1.466807000000000000e+06 -3.505308200000000070e+05
-1.405300000000000000e+04 -1.107609000000000000e+06 -2.165758999999999942e+05
-1.405300000000000000e+04 -1.198823000000000000e+06 -1.607596900000000023e+05
-1.405300000000000000e+04 -2.543111000000000000e+06 -1.897054100000000035e+05
-1.405300000000000000e+04 -1.691337000000000000e+06 -3.285614299999999930e+05
-1.405300000000000000e+04 -1.404315000000000000e+06 -1.470576600000000035e+05
-1.405300000000000000e+04 -2.536971000000000000e+06 -4.507242399999999907e+05
-1.405300000000000000e+04 -2.596833000000000000e+06 -1.973829899999999907e+05
-1.405300000000000000e+04 -2.429109000000000000e+06 -3.355193499999999767e+05
-1.405300000000000000e+04 -3.956053000000000000e+06 -5.659151899999999441e+05
-1.405300000000000000e+04 -1.637241000000000000e+06 -2.758071799999999930e+05
-1.405300000000000000e+04 -1.623127000000000000e+06 -1.776283800000000047e+05
-1.405300000000000000e+04 -1.395747000000000000e+06 -1.956933900000000140e+05
-1.405300000000000000e+04 -1.803015000000000000e+06 -2.022501900000000023e+05
-1.405300000000000000e+04 -2.798265000000000000e+06 -1.553857999999999884e+05
-1.405300000000000000e+04 -3.534835000000000000e+06 -2.918684899999999907e+05
-2.163000000000000000e+03 -3.061753000000000000e+06 -1.533887600000000093e+05
-2.163000000000000000e+03 -1.457919000000000000e+06 -1.192550200000000041e+05
-2.163000000000000000e+03 -2.539203000000000000e+06 -2.857928099999999977e+05
-2.163000000000000000e+03 -7.229630000000000000e+05 -1.482852900000000081e+05
-2.163000000000000000e+03 -1.089781000000000000e+06 -3.899509999999999854e+04
-2.163000000000000000e+03 -1.623891000000000000e+06 -1.327272099999999919e+05
-2.163000000000000000e+03 -8.061150000000000000e+05 -1.324697500000000000e+05
-2.163000000000000000e+03 -1.755461000000000000e+06 -8.471047999999999593e+04
-2.163000000000000000e+03 -1.401433000000000000e+06 -1.692089400000000023e+05
-2.163000000000000000e+03 -1.205557000000000000e+06 -7.455832000000000698e+04
-2.163000000000000000e+03 -8.127510000000000000e+05 -8.056103999999999360e+04
-2.163000000000000000e+03 -4.136350000000000000e+05 -6.281806999999999971e+04
-2.163000000000000000e+03 -4.689690000000000000e+05 -4.498487000000000262e+04
-2.073000000000000000e+03 -1.219315000000000000e+06 -2.015613999999999942e+04
-2.073000000000000000e+03 -1.804491000000000000e+06 -2.941706799999999930e+05
-2.073000000000000000e+03 -1.064713000000000000e+06 -1.097745399999999936e+05
-2.073000000000000000e+03 -7.850550000000000000e+05 -1.357590400000000081e+05
-2.073000000000000000e+03 -2.787250000000000000e+05 -2.622150999999999840e+04
-2.073000000000000000e+03 -4.775930000000000000e+05 -1.988293000000000029e+04
-2.073000000000000000e+03 -1.057821000000000000e+06 -1.916813200000000070e+05
-2.073000000000000000e+03 -2.017875000000000000e+06 -9.177238000000000466e+04
-2.073000000000000000e+03 -8.939730000000000000e+05 -9.649022999999999593e+04
-1.649000000000000000e+03 -8.215810000000000000e+05 -5.037991999999999825e+04
-1.649000000000000000e+03 -1.315493000000000000e+06 -1.973692099999999919e+05
-1.649000000000000000e+03 -6.894790000000000000e+05 -1.223787200000000012e+05
-1.649000000000000000e+03 -1.165993000000000000e+06 -2.527106000000000058e+05
-1.649000000000000000e+03 -1.434993000000000000e+06 -2.100163200000000070e+05
-1.649000000000000000e+03 -1.451943000000000000e+06 -1.711284299999999930e+05
-1.649000000000000000e+03 -1.850591000000000000e+06 -2.129104500000000116e+05
-1.649000000000000000e+03 -1.069895000000000000e+06 -2.225362200000000012e+05
-1.649000000000000000e+03 -1.137897000000000000e+06 -8.233575999999999476e+04
-1.649000000000000000e+03 -1.509663000000000000e+06 -2.249501900000000023e+05
-1.649000000000000000e+03 -1.888059000000000000e+06 -4.532321099999999860e+05
-1.649000000000000000e+03 -1.105871000000000000e+06 -7.832644000000000233e+04
-1.649000000000000000e+03 -7.769150000000000000e+05 -9.043363000000000466e+04
-1.649000000000000000e+03 -2.690910000000000000e+05 -3.116231000000000131e+04
-1.649000000000000000e+03 -2.129635000000000000e+06 -1.000216699999999983e+05
-1.649000000000000000e+03 -1.331527000000000000e+06 -1.109053600000000006e+05
-1.649000000000000000e+03 -8.271510000000000000e+05 -3.782476000000000204e+04
-1.649000000000000000e+03 -1.443103000000000000e+06 -1.953163599999999860e+05
-1.649000000000000000e+03 -7.807530000000000000e+05 -1.015638300000000017e+05
-1.649000000000000000e+03 -8.160810000000000000e+05 -7.106763000000000466e+04
-1.649000000000000000e+03 -1.740493000000000000e+06 -1.256199400000000023e+05
-1.649000000000000000e+03 -4.939630000000000000e+05 -6.807864999999999418e+04
-1.649000000000000000e+03 -1.146683000000000000e+06 -1.045447299999999959e+05
-1.649000000000000000e+03 -1.183173000000000000e+06 -1.186030800000000017e+05
-1.649000000000000000e+03 -2.536339000000000000e+06 -6.260951000000000204e+04
-1.649000000000000000e+03 -2.102387000000000000e+06 -2.137503500000000058e+05
-1.649000000000000000e+03 -1.293925000000000000e+06 -1.075337700000000041e+05
-1.649000000000000000e+03 -1.223451000000000000e+06 -7.720205000000000291e+04
-1.649000000000000000e+03 -9.937210000000000000e+05 -1.119476900000000023e+05
-1.649000000000000000e+03 -6.157850000000000000e+05 -1.224566199999999953e+05
-1.649000000000000000e+03 -1.310015000000000000e+06 -1.235914299999999930e+05
-1.649000000000000000e+03 -6.994950000000000000e+05 -2.200240000000000146e+04
-1.649000000000000000e+03 -7.110150000000000000e+05 -3.330631999999999971e+04
-1.649000000000000000e+03 -1.897015000000000000e+06 -3.312552800000000279e+05
-1.649000000000000000e+03 -1.401991000000000000e+06 -2.857475200000000186e+05
-1.649000000000000000e+03 -1.259897000000000000e+06 -2.031088599999999860e+05
-1.649000000000000000e+03 -1.233207000000000000e+06 -4.667802999999999884e+04
-1.649000000000000000e+03 -1.785651000000000000e+06 -4.871436099999999860e+05
-1.649000000000000000e+03 -1.294995000000000000e+06 -1.716082399999999907e+05
-1.649000000000000000e+03 -1.347947000000000000e+06 -2.126401700000000128e+05
-1.649000000000000000e+03 -1.052943000000000000e+06 -5.621344999999999709e+04
-1.649000000000000000e+03 -1.322321000000000000e+06 -1.326852900000000081e+05
-1.649000000000000000e+03 -1.206625000000000000e+06 -7.346069999999999709e+04
-1.649000000000000000e+03 -1.302967000000000000e+06 -1.663107399999999907e+05
-1.649000000000000000e+03 -9.579070000000000000e+05 -1.054808399999999965e+05
-1.649000000000000000e+03 -1.054377000000000000e+06 -1.523955599999999977e+05
-1.649000000000000000e+03 -2.153163000000000000e+06 -1.116965800000000017e+05
-1.649000000000000000e+03 -1.027877000000000000e+06 -4.967333000000000175e+04
-1.649000000000000000e+03 -1.111509000000000000e+06 -1.365780199999999895e+05
-1.649000000000000000e+03 -7.290310000000000000e+05 -2.630825000000000000e+04
-1.649000000000000000e+03 -6.731030000000000000e+05 -5.994159999999999854e+04
-1.649000000000000000e+03 -5.263690000000000000e+05 -7.255500999999999476e+04
-1.649000000000000000e+03 -9.628610000000000000e+05 -1.234156300000000047e+05
-1.649000000000000000e+03 -1.450613000000000000e+06 -4.301695200000000186e+05
-1.649000000000000000e+03 -3.892730000000000000e+05 -6.456177999999999884e+04
-1.649000000000000000e+03 -1.088591000000000000e+06 -1.327631300000000047e+05
-1.649000000000000000e+03 -9.474030000000000000e+05 -8.749325000000000000e+04
-1.649000000000000000e+03 -1.250479000000000000e+06 -3.543287999999999738e+04
-1.649000000000000000e+03 -1.429789000000000000e+06 -7.638080000000000291e+04
-1.649000000000000000e+03 -1.684851000000000000e+06 -1.552328800000000047e+05
-1.649000000000000000e+03 -2.143791000000000000e+06 -1.927337699999999895e+05
-1.649000000000000000e+03 -1.467300000000000000e+04 -1.714119999999999891e+03
-1.649000000000000000e+03 -9.376050000000000000e+05 -6.328779999999999745e+03
-1.649000000000000000e+03 -1.649000000000000000e+03 -1.649000000000000000e+03
-1.649000000000000000e+03 -1.649000000000000000e+03 -1.649000000000000000e+03
-1.649000000000000000e+03 -1.649000000000000000e+03 -1.649000000000000000e+03
-1.649000000000000000e+03 -1.649000000000000000e+03 -1.649000000000000000e+03
-1.649000000000000000e+03 -1.649000000000000000e+03 -1.649000000000000000e+03
-1.649000000000000000e+03 -1.649000000000000000e+03 -1.649000000000000000e+03
-1.649000000000000000e+03 -1.649000000000000000e+03 -1.649000000000000000e+03
-1.649000000000000000e+03 -1.649000000000000000e+03 -1.649000000000000000e+03
-1.649000000000000000e+03 -1.649000000000000000e+03 -1.649000000000000000e+03
-1.649000000000000000e+03 -1.649000000000000000e+03 -1.649000000000000000e+03
-1.649000000000000000e+03 -1.649000000000000000e+03 -1.649000000000000000e+03
-1.649000000000000000e+03 -1.649000000000000000e+03 -1.649000000000000000e+03
-1.649000000000000000e+03 -2.898270000000000000e+05 -4.939899999999999636e+03
-1.649000000000000000e+03 -1.649000000000000000e+03 -1.649000000000000000e+03
-1.649000000000000000e+03 -1.649000000000000000e+03 -1.649000000000000000e+03
-1.649000000000000000e+03 -1.649000000000000000e+03 -1.649000000000000000e+03
-1.649000000000000000e+03 -1.649000000000000000e+03 -1.649000000000000000e+03
-1.649000000000000000e+03 -1.649000000000000000e+03 -1.649000000000000000e+03
-1.649000000000000000e+03 -1.649000000000000000e+03 -1.649000000000000000e+03
-1.649000000000000000e+03 -1.649000000000000000e+03 -1.649000000000000000e+03
-1.649000000000000000e+03 -6.176510000000000000e+05 -1.012414999999999964e+04
-1.649000000000000000e+03 -2.642500000000000000e+04 -1.999190000000000055e+03
-1.649000000000000000e+03 -2.296630000000000000e+05 -3.929139999999999873e+03
-1.649000000000000000e+03 -1.649000000000000000e+03 -1.649000000000000000e+03
-1.649000000000000000e+03 -1.649000000000000000e+03 -1.649000000000000000e+03
-1.649000000000000000e+03 -7.036710000000000000e+05 -7.415050000000000182e+03
-1.649000000000000000e+03 -1.649000000000000000e+03 -1.649000000000000000e+03
-1.649000000000000000e+03 -1.190650000000000000e+05 -2.236079999999999927e+03
-1.649000000000000000e+03 -1.649000000000000000e+03 -1.649000000000000000e+03
-1.649000000000000000e+03 -1.649000000000000000e+03 -1.649000000000000000e+03
-1.649000000000000000e+03 -3.513500000000000000e+04 -1.816430000000000064e+03
-1.649000000000000000e+03 -1.649000000000000000e+03 -1.649000000000000000e+03
-1.649000000000000000e+03 -3.972100000000000000e+04 -2.133579999999999927e+03
-1.649000000000000000e+03 -1.649000000000000000e+03 -1.649000000000000000e+03
-1.649000000000000000e+03 -1.649000000000000000e+03 -1.649000000000000000e+03
-1.649000000000000000e+03 -1.649000000000000000e+03 -1.649000000000000000e+03
-1.649000000000000000e+03 -1.649000000000000000e+03 -1.649000000000000000e+03
