-2.196100000000000000e+04 -5.015363000000000000e+06 -5.372171199999999953e+05
-2.196100000000000000e+04 -2.624969000000000000e+06 -4.938050700000000070e+05
-2.196100000000000000e+04 -5.078263000000000000e+06 -5.091580000000000000e+05
-2.196100000000000000e+04 -2.985377000000000000e+06 -4.742662800000000279e+05
-2.196100000000000000e+04 -4.831545000000000000e+06 -7.118470400000000373e+05
-2.196100000000000000e+04 -5.281099000000000000e+06 -6.771611300000000047e+05
-2.196100000000000000e+04 -3.582599000000000000e+06 -8.061770200000000186e+05
-2.196100000000000000e+04 -2.059231000000000000e+06 -2.957092899999999790e+05
-2.196100000000000000e+04 -5.175783000000000000e+06 -6.770989399999999441e+05
-2.196100000000000000e+04 -6.728127000000000000e+06 -1.415022560000000056e+06
-2.196100000000000000e+04 -2.298071000000000000e+06 -4.680110499999999884e+05
-2.196100000000000000e+04 -3.633333000000000000e+06 -4.741219699999999721e+05
-1.092300000000000000e+04 -2.494063000000000000e+06 -9.183927999999999884e+04
-1.092300000000000000e+04 -3.647483000000000000e+06 -5.192208499999999767e+05
-1.092300000000000000e+04 -7.549299000000000000e+06 -2.986709500000000116e+05
-1.092300000000000000e+04 -3.647933000000000000e+06 -5.158358300000000163e+05
-1.092300000000000000e+04 -5.190581000000000000e+06 -1.041944219999999972e+06
-1.092300000000000000e+04 -5.618341000000000000e+06 -2.963517100000000210e+05
-1.092300000000000000e+04 -4.079043000000000000e+06 -4.504273200000000070e+05
-1.092300000000000000e+04 -2.686439000000000000e+06 -3.959989600000000210e+05
-1.092300000000000000e+04 -4.846873000000000000e+06 -8.626644499999999534e+05
-1.092300000000000000e+04 -4.149447000000000000e+06 -6.397461600000000326e+05
-1.092300000000000000e+04 -4.553551000000000000e+06 -1.072629639999999898e+06
-1.092300000000000000e+04 -4.133385000000000000e+06 -4.786435100000000093e+05
-1.092300000000000000e+04 -2.551921000000000000e+06 -5.403502099999999627e+05
-1.092300000000000000e+04 -6.810713000000000000e+06 -7.588891099999999860e+05
-1.092300000000000000e+04 -5.179191000000000000e+06 -7.678291999999999534e+05
-1.092300000000000000e+04 -5.948449000000000000e+06 -1.443906419999999925e+06
-1.092300000000000000e+04 -6.794059000000000000e+06 -9.305505799999999581e+05
-1.092300000000000000e+04 -5.043953000000000000e+06 -1.361262969999999972e+06
-1.092300000000000000e+04 -2.776867000000000000e+06 -4.048425800000000163e+05
-1.092300000000000000e+04 -3.986977000000000000e+06 -1.357229469999999972e+06
-1.092300000000000000e+04 -3.730807000000000000e+06 -3.487222199999999721e+05
-1.092300000000000000e+04 -3.104147000000000000e+06 -5.472864300000000512e+05
-1.092300000000000000e+04 -2.826689000000000000e+06 -1.860412300000000105e+05
-1.092300000000000000e+04 -4.650769000000000000e+06 -2.281908099999999977e+05
-1.092300000000000000e+04 -4.617473000000000000e+06 -4.101793300000000163e+05
-1.092300000000000000e+04 -5.856519000000000000e+06 -8.861144200000000419e+05
-1.092300000000000000e+04 -6.016831000000000000e+06 -2.424514299999999930e+05
-1.092300000000000000e+04 -1.073011000000000000e+06 -1.834280299999999988e+05
-1.092300000000000000e+04 -5.245397000000000000e+06 -1.275086719999999972e+06
-1.092300000000000000e+04 -4.369399000000000000e+06 -7.329181199999999953e+05
-1.092300000000000000e+04 -2.265099000000000000e+06 -1.373945599999999977e+05
-1.092300000000000000e+04 -4.202465000000000000e+06 -4.990455700000000070e+05
-1.092300000000000000e+04 -4.494671000000000000e+06 -5.834512199999999721e+05
-1.092300000000000000e+04 -4.328755000000000000e+06 -4.429704299999999930e+05
-1.092300000000000000e+04 -3.671555000000000000e+06 -2.853831699999999837e+05
-1.092300000000000000e+04 -2.247659000000000000e+06 -1.936645400000000081e+05
-1.092300000000000000e+04 -1.257585000000000000e+06 -1.442202699999999895e+05
-1.092300000000000000e+04 -3.828299000000000000e+06 -1.751357699999999895e+05
-1.092300000000000000e+04 -1.620281000000000000e+06 -4.290969600000000210e+05
-1.092300000000000000e+04 -2.574271000000000000e+06 -4.625371900000000023e+05
-1.092300000000000000e+04 -2.606937000000000000e+06 -3.744770700000000070e+05
-1.092300000000000000e+04 -3.501017000000000000e+06 -5.351276300000000047e+05
-1.092300000000000000e+04 -2.064879000000000000e+06 -1.584772699999999895e+05
-1.092300000000000000e+04 -1.309861000000000000e+06 -1.264491100000000006e+05
-1.092300000000000000e+04 -3.433055000000000000e+06 -3.206725800000000163e+05
-1.092300000000000000e+04 -2.728133000000000000e+06 -2.713876400000000140e+05
-1.092300000000000000e+04 -2.216023000000000000e+06 -1.883473500000000058e+05
-1.092300000000000000e+04 -3.225925000000000000e+06 -4.100502199999999721e+05
-1.092300000000000000e+04 -1.281037000000000000e+06 -2.351872399999999907e+05
-1.092300000000000000e+04 -4.459511000000000000e+06 -6.171532500000000000e+05
-1.092300000000000000e+04 -2.419283000000000000e+06 -1.195558099999999977e+05
-1.092300000000000000e+04 -1.456889000000000000e+06 -2.711373699999999953e+05
-1.092300000000000000e+04 -1.858713000000000000e+06 -1.028725000000000000e+05
-1.092300000000000000e+04 -1.860093000000000000e+06 -3.664601400000000140e+05
-1.092300000000000000e+04 -1.384145000000000000e+06 -1.808611799999999930e+05
-1.092300000000000000e+04 -1.981535000000000000e+06 -3.680668800000000047e+05
-1.092300000000000000e+04 -5.564690000000000000e+05 -9.411697000000000116e+04
-1.092300000000000000e+04 -3.274627000000000000e+06 -5.031217999999999884e+05
-1.092300000000000000e+04 -3.068411000000000000e+06 -2.957465900000000256e+05
-1.092300000000000000e+04 -9.718810000000000000e+05 -1.985969200000000128e+05
-1.092300000000000000e+04 -3.254931000000000000e+06 -1.741617999999999884e+05
-1.092300000000000000e+04 -2.507769000000000000e+06 -1.104583000000000029e+05
-1.092300000000000000e+04 -8.867050000000000000e+05 -1.030182700000000041e+05
-1.092300000000000000e+04 -2.143215000000000000e+06 -3.596844799999999814e+05
-1.092300000000000000e+04 -2.214429000000000000e+06 -3.298688499999999767e+05
-1.092300000000000000e+04 -1.037509000000000000e+06 -1.598616199999999953e+05
-1.092300000000000000e+04 -1.831971000000000000e+06 -1.390420700000000070e+05
-1.092300000000000000e+04 -2.606297000000000000e+06 -4.334964099999999744e+05
-1.092300000000000000e+04 -1.991101000000000000e+06 -3.010761500000000233e+05
-9.883000000000000000e+03 -3.728590000000000000e+05 -5.967944000000000233e+04
-9.883000000000000000e+03 -7.505830000000000000e+05 -3.795369999999999709e+04
-9.883000000000000000e+03 -1.612345000000000000e+06 -2.217736499999999942e+05
-9.883000000000000000e+03 -9.555190000000000000e+05 -6.370361000000000058e+04
-9.883000000000000000e+03 -6.033870000000000000e+05 -1.608010899999999965e+05
-9.883000000000000000e+03 -1.956111000000000000e+06 -2.120511400000000140e+05
-9.883000000000000000e+03 -9.396870000000000000e+05 -1.698947500000000000e+05
-9.883000000000000000e+03 -8.570990000000000000e+05 -1.419026600000000035e+05
-9.883000000000000000e+03 -3.982230000000000000e+05 -5.664226999999999680e+04
-9.883000000000000000e+03 -1.192017000000000000e+06 -1.493237999999999884e+05
-9.883000000000000000e+03 -4.705170000000000000e+05 -3.798948000000000320e+04
-9.883000000000000000e+03 -2.062661000000000000e+06 -1.349283699999999953e+05
-9.883000000000000000e+03 -5.680690000000000000e+05 -1.358974899999999907e+05
-9.883000000000000000e+03 -1.777357000000000000e+06 -2.979833400000000256e+05
-9.883000000000000000e+03 -8.429390000000000000e+05 -8.292396000000000640e+04
-7.410000000000000000e+02 -1.101041000000000000e+06 -5.278619000000000233e+04
-7.410000000000000000e+02 -6.100050000000000000e+05 -3.583580000000000291e+04
-7.410000000000000000e+02 -1.788691000000000000e+06 -1.898203500000000058e+05
-7.410000000000000000e+02 -5.297090000000000000e+05 -4.751208000000000175e+04
-7.410000000000000000e+02 -1.475055000000000000e+06 -1.541170599999999977e+05
-7.410000000000000000e+02 -6.875290000000000000e+05 -4.020298999999999796e+04
-7.410000000000000000e+02 -2.695930000000000000e+05 -5.840056999999999971e+04
-7.410000000000000000e+02 -1.483383000000000000e+06 -2.203336600000000035e+05
-7.410000000000000000e+02 -6.445690000000000000e+05 -8.160616999999999825e+04
-7.410000000000000000e+02 -2.136985000000000000e+06 -1.433795899999999965e+05
-7.410000000000000000e+02 -6.919770000000000000e+05 -9.489621000000000640e+04
-7.410000000000000000e+02 -2.367043000000000000e+06 -2.336460499999999884e+05
-7.410000000000000000e+02 -8.313630000000000000e+05 -1.355904500000000116e+05
-7.410000000000000000e+02 -1.005459000000000000e+06 -4.254186000000000058e+04
-7.410000000000000000e+02 -2.056035000000000000e+06 -2.712873800000000047e+05
-7.410000000000000000e+02 -3.975190000000000000e+05 -6.937597999999999593e+04
-7.410000000000000000e+02 -7.697190000000000000e+05 -1.251612000000000080e+04
-7.410000000000000000e+02 -1.076389000000000000e+06 -7.340416999999999825e+04
-7.410000000000000000e+02 -1.538147000000000000e+06 -1.803017999999999884e+05
-7.410000000000000000e+02 -2.923727000000000000e+06 -1.403401600000000035e+05
-7.410000000000000000e+02 -6.360690000000000000e+05 -1.216565000000000000e+05
-7.410000000000000000e+02 -1.748343000000000000e+06 -1.750857999999999884e+05
-7.410000000000000000e+02 -1.023317000000000000e+06 -2.394866400000000140e+05
-7.410000000000000000e+02 -1.608063000000000000e+06 -9.933371000000000640e+04
-7.410000000000000000e+02 -1.119835000000000000e+06 -1.679853099999999977e+05
-7.410000000000000000e+02 -1.524861000000000000e+06 -1.906972300000000105e+05
-7.410000000000000000e+02 -5.138690000000000000e+05 -1.071522100000000064e+05
-7.410000000000000000e+02 -1.263755000000000000e+06 -8.241578999999999360e+04
-7.410000000000000000e+02 -9.324470000000000000e+05 -1.871419500000000116e+05
-7.410000000000000000e+02 -6.300290000000000000e+05 -1.132543399999999965e+05
-7.410000000000000000e+02 -6.675190000000000000e+05 -3.288019000000000233e+04
-7.410000000000000000e+02 -8.551550000000000000e+05 -2.760290999999999985e+04
-7.410000000000000000e+02 -8.315430000000000000e+05 -9.934308999999999651e+04
-7.410000000000000000e+02 -1.154177000000000000e+06 -2.796196500000000233e+05
-7.410000000000000000e+02 -9.555590000000000000e+05 -2.277751099999999860e+05
-7.410000000000000000e+02 -2.785543000000000000e+06 -7.284211999999999534e+04
-7.410000000000000000e+02 -8.864450000000000000e+05 -3.309461000000000058e+04
-7.410000000000000000e+02 -1.054683000000000000e+06 -2.466708999999999942e+05
-7.410000000000000000e+02 -2.325753000000000000e+06 -2.305813200000000070e+05
-7.410000000000000000e+02 -9.373850000000000000e+05 -9.149877999999999884e+04
-7.410000000000000000e+02 -1.000613000000000000e+06 -5.894268000000000029e+04
-7.410000000000000000e+02 -1.483903000000000000e+06 -1.777108800000000047e+05
-7.410000000000000000e+02 -1.605109000000000000e+06 -1.146187799999999988e+05
-7.410000000000000000e+02 -1.908419000000000000e+06 -1.244755099999999948e+05
-7.410000000000000000e+02 -1.018889000000000000e+06 -9.703300000000000000e+04
-7.410000000000000000e+02 -2.321255000000000000e+06 -3.254032800000000279e+05
-7.410000000000000000e+02 -1.408877000000000000e+06 -2.342815599999999977e+05
-7.410000000000000000e+02 -1.314361000000000000e+06 -8.092311000000000058e+04
-7.410000000000000000e+02 -8.592230000000000000e+05 -4.143976000000000204e+04
-7.410000000000000000e+02 -1.255337000000000000e+06 -2.666595900000000256e+05
-7.410000000000000000e+02 -9.087710000000000000e+05 -1.139048399999999965e+05
-7.410000000000000000e+02 -1.177875000000000000e+06 -2.063797900000000081e+05
-7.410000000000000000e+02 -1.491753000000000000e+06 -1.508831199999999953e+05
-7.410000000000000000e+02 -9.687170000000000000e+05 -1.050523500000000058e+05
-7.410000000000000000e+02 -1.820243000000000000e+06 -1.357679500000000116e+05
-7.410000000000000000e+02 -1.219965000000000000e+06 -2.209365000000000146e+04
-7.410000000000000000e+02 -5.266510000000000000e+05 -5.901580999999999767e+04
-7.410000000000000000e+02 -1.248785000000000000e+06 -1.219734199999999983e+05
-7.410000000000000000e+02 -2.800841000000000000e+06 -1.833180899999999965e+05
-7.410000000000000000e+02 -8.270770000000000000e+05 -1.791224800000000105e+05
-7.410000000000000000e+02 -1.368005000000000000e+06 -1.770361199999999953e+05
-7.410000000000000000e+02 -1.525771000000000000e+06 -1.489626499999999942e+05
-7.410000000000000000e+02 -5.409870000000000000e+05 -7.428894000000000233e+04
-7.410000000000000000e+02 -1.098887000000000000e+06 -1.077975399999999936e+05
-7.410000000000000000e+02 -5.785170000000000000e+05 -1.533359800000000105e+05
-7.410000000000000000e+02 -2.253150000000000000e+05 -4.921529999999999745e+03
-7.410000000000000000e+02 -7.410000000000000000e+02 -7.410000000000000000e+02
-7.410000000000000000e+02 -7.410000000000000000e+02 -7.410000000000000000e+02
-7.410000000000000000e+02 -7.410000000000000000e+02 -7.410000000000000000e+02
-7.410000000000000000e+02 -7.410000000000000000e+02 -7.410000000000000000e+02
-7.410000000000000000e+02 -7.410000000000000000e+02 -7.410000000000000000e+02
-7.410000000000000000e+02 -7.410000000000000000e+02 -7.410000000000000000e+02
-7.410000000000000000e+02 -5.821700000000000000e+04 -1.067109999999999900e+03
-7.410000000000000000e+02 -7.410000000000000000e+02 -7.410000000000000000e+02
-7.410000000000000000e+02 -7.410000000000000000e+02 -7.410000000000000000e+02
-7.410000000000000000e+02 -7.410000000000000000e+02 -7.410000000000000000e+02
-7.410000000000000000e+02 -1.838770000000000000e+05 -2.572360000000000127e+03
-7.410000000000000000e+02 -7.410000000000000000e+02 -7.410000000000000000e+02
-7.410000000000000000e+02 -7.410000000000000000e+02 -7.410000000000000000e+02
-7.410000000000000000e+02 -7.410000000000000000e+02 -7.410000000000000000e+02
-7.410000000000000000e+02 -7.175690000000000000e+05 -4.325140000000000327e+03
-7.410000000000000000e+02 -7.410000000000000000e+02 -7.410000000000000000e+02
-7.410000000000000000e+02 -1.936730000000000000e+05 -1.705660000000000082e+03
-7.410000000000000000e+02 -7.410000000000000000e+02 -7.410000000000000000e+02
-7.410000000000000000e+02 -3.183350000000000000e+05 -2.328969999999999800e+03
-7.410000000000000000e+02 -7.410000000000000000e+02 -7.410000000000000000e+02
-7.410000000000000000e+02 -6.370210000000000000e+05 -4.240819999999999709e+03
-7.410000000000000000e+02 -7.410000000000000000e+02 -7.410000000000000000e+02
-7.410000000000000000e+02 -7.410000000000000000e+02 -7.410000000000000000e+02
-7.410000000000000000e+02 -7.410000000000000000e+02 -7.410000000000000000e+02
-7.410000000000000000e+02 -4.548470000000000000e+05 -3.011530000000000200e+03
-7.410000000000000000e+02 -7.410000000000000000e+02 -7.410000000000000000e+02
-7.410000000000000000e+02 -7.410000000000000000e+02 -7.410000000000000000e+02
-7.410000000000000000e+02 -7.410000000000000000e+02 -7.410000000000000000e+02
-7.410000000000000000e+02 -7.410000000000000000e+02 -7.410000000000000000e+02
-7.410000000000000000e+02 -7.410000000000000000e+02 -7.410000000000000000e+02
-7.410000000000000000e+02 -7.410000000000000000e+02 -7.410000000000000000e+02
-7.410000000000000000e+02 -7.410000000000000000e+02 -7.410000000000000000e+02
-7.410000000000000000e+02 -3.522510000000000000e+05 -2.498550000000000182e+03
-7.410000000000000000e+02 -1.916950000000000000e+05 -2.394869999999999891e+03
-7.410000000000000000e+02 -7.410000000000000000e+02 -7.410000000000000000e+02
-7.410000000000000000e+02 -7.410000000000000000e+02 -7.410000000000000000e+02
-7.410000000000000000e+02 -7.410000000000000000e+02 -7.410000000000000000e+02
-7.410000000000000000e+02 -7.410000000000000000e+02 -7.410000000000000000e+02
