-5.353670000000000000e+05 -2.709381000000000000e+06 -6.961845999999999767e+05
-3.371490000000000000e+05 -5.616931000000000000e+06 -6.675413499999999767e+05
-3.371490000000000000e+05 -5.835233000000000000e+06 -6.823409599999999627e+05
-3.371490000000000000e+05 -5.449005000000000000e+06 -8.377390100000000093e+05
-3.371490000000000000e+05 -1.203871500000000000e+07 -2.377831689999999944e+06
-8.910000000000000000e+02 -2.542579000000000000e+06 -2.112461499999999942e+05
-8.910000000000000000e+02 -2.813939000000000000e+06 -4.129510700000000070e+05
-8.910000000000000000e+02 -4.316855000000000000e+06 -7.979465600000000559e+05
-8.910000000000000000e+02 -4.839683000000000000e+06 -5.846533900000000140e+05
-8.910000000000000000e+02 -5.201013000000000000e+06 -1.052318760000000009e+06
-8.910000000000000000e+02 -4.957993000000000000e+06 -5.024222100000000210e+05
-8.910000000000000000e+02 -1.014135300000000000e+07 -1.606867979999999981e+06
-8.910000000000000000e+02 -5.648555000000000000e+06 -5.970420899999999674e+05
-8.910000000000000000e+02 -8.524229000000000000e+06 -5.078841799999999930e+05
-8.910000000000000000e+02 -1.286434700000000000e+07 -1.398335629999999888e+06
-8.910000000000000000e+02 -6.352787000000000000e+06 -9.615478399999999674e+05
-8.910000000000000000e+02 -5.215817000000000000e+06 -5.295923000000000466e+05
-8.910000000000000000e+02 -5.949365000000000000e+06 -1.057865600000000093e+06
-8.910000000000000000e+02 -1.467503000000000000e+06 -1.861548500000000058e+05
-8.910000000000000000e+02 -3.658797000000000000e+06 -2.200432300000000105e+05
-8.910000000000000000e+02 -4.291905000000000000e+06 -7.683792199999999721e+05
-8.910000000000000000e+02 -2.943119000000000000e+06 -8.727886199999999953e+05
-8.910000000000000000e+02 -2.395611000000000000e+06 -2.762330100000000093e+05
-8.910000000000000000e+02 -5.399235000000000000e+06 -8.853848000000000466e+05
-8.910000000000000000e+02 -4.306199000000000000e+06 -4.396532999999999884e+05
-8.910000000000000000e+02 -5.809921000000000000e+06 -1.580651909999999916e+06
-8.910000000000000000e+02 -1.617979000000000000e+06 -1.913845599999999977e+05
-8.910000000000000000e+02 -4.945483000000000000e+06 -4.761273099999999977e+05
-8.910000000000000000e+02 -3.531793000000000000e+06 -5.623148299999999581e+05
-8.910000000000000000e+02 -2.861041000000000000e+06 -7.560656899999999441e+05
-8.910000000000000000e+02 -6.370747000000000000e+06 -9.992662099999999627e+05
-8.910000000000000000e+02 -4.655871000000000000e+06 -5.549562099999999627e+05
-8.910000000000000000e+02 -5.865639000000000000e+06 -5.028088300000000163e+05
-8.910000000000000000e+02 -4.286035000000000000e+06 -5.075996900000000023e+05
-8.910000000000000000e+02 -8.706510000000000000e+05 -1.735538200000000070e+05
-8.910000000000000000e+02 -3.146945000000000000e+06 -3.833297199999999721e+05
-8.910000000000000000e+02 -3.482567000000000000e+06 -2.033192799999999988e+05
-8.910000000000000000e+02 -3.006767000000000000e+06 -1.487089899999999907e+05
-8.910000000000000000e+02 -3.795855000000000000e+06 -5.453383000000000466e+05
-8.910000000000000000e+02 -3.043185000000000000e+06 -7.717582900000000373e+05
-8.910000000000000000e+02 -9.174519000000000000e+06 -6.628344499999999534e+05
-8.910000000000000000e+02 -3.778033000000000000e+06 -7.185503900000000140e+05
-8.910000000000000000e+02 -2.764395000000000000e+06 -2.565840599999999977e+05
-8.910000000000000000e+02 -2.836685000000000000e+06 -2.990348200000000070e+05
-8.910000000000000000e+02 -5.337149000000000000e+06 -5.707085400000000373e+05
-8.910000000000000000e+02 -1.489867000000000000e+06 -1.092069400000000023e+05
-8.910000000000000000e+02 -3.657867000000000000e+06 -9.572865899999999674e+05
-8.910000000000000000e+02 -3.735799000000000000e+06 -1.665199800000000105e+05
-8.910000000000000000e+02 -3.454237000000000000e+06 -5.260918499999999767e+05
-8.910000000000000000e+02 -2.770747000000000000e+06 -1.630608900000000140e+05
-8.910000000000000000e+02 -2.111391000000000000e+06 -2.761155000000000000e+05
-8.910000000000000000e+02 -2.020833000000000000e+06 -1.923065899999999965e+05
-8.910000000000000000e+02 -2.962509000000000000e+06 -1.668913900000000140e+05
-8.910000000000000000e+02 -1.610351000000000000e+06 -1.242418399999999965e+05
-8.910000000000000000e+02 -1.522683000000000000e+06 -2.540136600000000035e+05
-8.910000000000000000e+02 -1.979747000000000000e+06 -2.422929200000000128e+05
-8.910000000000000000e+02 -3.687869000000000000e+06 -5.850450799999999581e+05
-8.910000000000000000e+02 -3.388225000000000000e+06 -2.654309199999999837e+05
-8.910000000000000000e+02 -3.180251000000000000e+06 -9.707313000000000466e+04
-8.910000000000000000e+02 -1.802587000000000000e+06 -2.386057399999999907e+05
-8.910000000000000000e+02 -3.002585000000000000e+06 -7.893660200000000186e+05
-8.910000000000000000e+02 -1.818915000000000000e+06 -4.343575599999999977e+05
-8.910000000000000000e+02 -5.366590000000000000e+05 -1.197209499999999971e+05
-8.910000000000000000e+02 -3.011523000000000000e+06 -4.943592800000000279e+05
-8.910000000000000000e+02 -2.386095000000000000e+06 -2.305052799999999988e+05
-8.910000000000000000e+02 -1.225235000000000000e+06 -1.682905199999999895e+05
-8.910000000000000000e+02 -2.659591000000000000e+06 -4.357887399999999907e+05
-8.910000000000000000e+02 -3.328009000000000000e+06 -2.223506799999999930e+05
-8.910000000000000000e+02 -6.149690000000000000e+05 -1.130889400000000023e+05
-8.910000000000000000e+02 -9.227530000000000000e+05 -1.057983999999999942e+05
-8.910000000000000000e+02 -2.451625000000000000e+06 -2.296786799999999930e+05
-8.910000000000000000e+02 -2.116969000000000000e+06 -3.427960700000000070e+05
-8.910000000000000000e+02 -1.344225000000000000e+06 -2.491599299999999930e+05
-8.910000000000000000e+02 -1.475125000000000000e+06 -2.180874599999999919e+05
-8.910000000000000000e+02 -9.788890000000000000e+05 -1.580322000000000116e+05
-8.910000000000000000e+02 -2.783833000000000000e+06 -2.257851099999999860e+05
-8.910000000000000000e+02 -3.442677000000000000e+06 -4.138239299999999930e+05
-8.910000000000000000e+02 -4.083077000000000000e+06 -4.723180700000000070e+05
-8.910000000000000000e+02 -2.220079000000000000e+06 -1.607178099999999977e+05
-8.910000000000000000e+02 -1.702953000000000000e+06 -1.284208699999999953e+05
-8.910000000000000000e+02 -3.405355000000000000e+06 -2.620829899999999907e+05
-8.910000000000000000e+02 -7.908950000000000000e+05 -5.164988999999999942e+04
-8.910000000000000000e+02 -1.274869000000000000e+06 -1.274852200000000012e+05
-8.910000000000000000e+02 -1.333023000000000000e+06 -1.542021999999999935e+04
-8.910000000000000000e+02 -9.396430000000000000e+05 -6.751508000000000175e+04
-8.910000000000000000e+02 -8.552890000000000000e+05 -5.900563999999999942e+04
-8.910000000000000000e+02 -7.154290000000000000e+05 -4.222354000000000087e+04
-8.910000000000000000e+02 -1.090381000000000000e+06 -1.727312699999999895e+05
-8.910000000000000000e+02 -3.309130000000000000e+05 -4.354979000000000087e+04
-8.910000000000000000e+02 -6.165690000000000000e+05 -9.355775000000000000e+04
-8.910000000000000000e+02 -1.284601000000000000e+06 -9.180858999999999651e+04
-8.910000000000000000e+02 -1.166971000000000000e+06 -2.387659299999999930e+05
-8.910000000000000000e+02 -8.590490000000000000e+05 -1.125420099999999948e+05
-8.910000000000000000e+02 -1.170533000000000000e+06 -2.148663999999999942e+05
-8.910000000000000000e+02 -1.823095000000000000e+06 -8.046497000000000116e+04
-8.910000000000000000e+02 -1.817479000000000000e+06 -5.185125000000000000e+04
-8.910000000000000000e+02 -1.541521000000000000e+06 -2.458613999999999942e+05
-8.910000000000000000e+02 -1.102671000000000000e+06 -3.750233000000000175e+04
-8.910000000000000000e+02 -9.379570000000000000e+05 -1.281781000000000058e+05
-8.910000000000000000e+02 -2.394189000000000000e+06 -2.367079700000000012e+05
-8.910000000000000000e+02 -1.277581000000000000e+06 -2.582451600000000035e+05
-8.910000000000000000e+02 -1.171663000000000000e+06 -1.103966799999999930e+05
-8.910000000000000000e+02 -9.950210000000000000e+05 -9.985913000000000466e+04
-8.910000000000000000e+02 -1.026743000000000000e+06 -9.349867999999999302e+04
-8.910000000000000000e+02 -5.714810000000000000e+05 -6.309994999999999709e+04
-8.910000000000000000e+02 -1.967115000000000000e+06 -2.538058699999999953e+05
-8.910000000000000000e+02 -1.286949000000000000e+06 -1.832741600000000035e+05
-8.910000000000000000e+02 -1.533689000000000000e+06 -1.649333099999999977e+05
-8.910000000000000000e+02 -8.074590000000000000e+05 -1.948758800000000047e+05
-8.910000000000000000e+02 -2.394023000000000000e+06 -4.900714099999999744e+05
-8.910000000000000000e+02 -2.704319000000000000e+06 -3.240309600000000210e+05
-8.910000000000000000e+02 -1.357651000000000000e+06 -9.983547999999999593e+04
-8.910000000000000000e+02 -1.088937000000000000e+06 -9.478633999999999651e+04
-8.910000000000000000e+02 -1.116957000000000000e+06 -9.093400000000000000e+04
-8.910000000000000000e+02 -9.527970000000000000e+05 -7.085669000000000233e+04
-8.910000000000000000e+02 -2.110149000000000000e+06 -2.233059700000000012e+05
-8.910000000000000000e+02 -1.529709000000000000e+06 -1.064889799999999959e+05
-8.910000000000000000e+02 -6.112530000000000000e+05 -5.637834999999999854e+04
-8.910000000000000000e+02 -1.732709000000000000e+06 -3.787409500000000116e+05
-8.910000000000000000e+02 -7.232350000000000000e+05 -5.469605000000000291e+04
-8.910000000000000000e+02 -1.364353000000000000e+06 -2.237952000000000116e+05
-8.910000000000000000e+02 -9.224870000000000000e+05 -1.074322599999999948e+05
-8.910000000000000000e+02 -5.101370000000000000e+05 -7.555500000000000000e+04
-8.910000000000000000e+02 -1.012581000000000000e+06 -5.676912000000000262e+04
-8.910000000000000000e+02 -1.480507000000000000e+06 -1.566732900000000081e+05
-8.910000000000000000e+02 -9.689510000000000000e+05 -2.801312100000000210e+05
-8.910000000000000000e+02 -7.542290000000000000e+05 -7.348466999999999825e+04
-8.910000000000000000e+02 -7.354090000000000000e+05 -1.570920799999999872e+05
-8.910000000000000000e+02 -4.964350000000000000e+05 -3.662751000000000204e+04
-8.910000000000000000e+02 -7.872810000000000000e+05 -4.325909999999999854e+04
-8.910000000000000000e+02 -1.168815000000000000e+06 -2.090496199999999953e+05
-8.910000000000000000e+02 -1.683615000000000000e+06 -1.676317300000000105e+05
-8.910000000000000000e+02 -7.740590000000000000e+05 -9.556577000000000407e+04
-8.910000000000000000e+02 -1.354239000000000000e+06 -5.746300000000000000e+04
-8.910000000000000000e+02 -5.945590000000000000e+05 -7.504039999999999964e+03
-8.910000000000000000e+02 -1.302775000000000000e+06 -9.150014999999999418e+04
-8.910000000000000000e+02 -1.261697000000000000e+06 -9.322002999999999884e+04
-8.910000000000000000e+02 -2.085170000000000000e+05 -4.328550000000000000e+04
-8.910000000000000000e+02 -1.310255000000000000e+06 -1.043536499999999942e+05
-8.910000000000000000e+02 -5.122950000000000000e+05 -6.451563999999999942e+04
-8.910000000000000000e+02 -9.123390000000000000e+05 -1.656515000000000146e+04
-8.910000000000000000e+02 -7.038710000000000000e+05 -9.246738000000000466e+04
-8.910000000000000000e+02 -1.343085000000000000e+06 -3.081453200000000070e+05
-8.910000000000000000e+02 -5.582410000000000000e+05 -7.912767999999999302e+04
-8.910000000000000000e+02 -6.736270000000000000e+05 -1.291088500000000058e+05
-8.910000000000000000e+02 -1.008315000000000000e+06 -6.230519000000000233e+04
-8.910000000000000000e+02 -1.734981000000000000e+06 -1.064041000000000058e+05
-8.910000000000000000e+02 -1.371783000000000000e+06 -2.249934500000000116e+05
-8.910000000000000000e+02 -1.815263000000000000e+06 -1.008033500000000058e+05
-8.910000000000000000e+02 -1.636553000000000000e+06 -2.139528200000000070e+05
-8.910000000000000000e+02 -1.480311000000000000e+06 -4.407684999999999854e+04
-8.910000000000000000e+02 -9.419190000000000000e+05 -1.177658000000000029e+05
-8.910000000000000000e+02 -1.215149000000000000e+06 -8.272552000000000407e+04
-8.910000000000000000e+02 -8.800890000000000000e+05 -8.014216000000000349e+04
-8.910000000000000000e+02 -7.593570000000000000e+05 -9.199405999999999767e+04
-8.910000000000000000e+02 -1.179421000000000000e+06 -1.316886400000000140e+05
-8.910000000000000000e+02 -2.815253000000000000e+06 -2.603211600000000035e+05
-8.910000000000000000e+02 -8.968770000000000000e+05 -1.098030700000000070e+05
-8.910000000000000000e+02 -1.857253000000000000e+06 -2.290300799999999872e+05
-8.910000000000000000e+02 -1.415829000000000000e+06 -1.914546499999999942e+05
-8.910000000000000000e+02 -1.298867000000000000e+06 -6.157562999999999738e+04
-8.910000000000000000e+02 -1.956130000000000000e+05 -2.222480000000000018e+03
-8.910000000000000000e+02 -8.910000000000000000e+02 -8.910000000000000000e+02
-8.910000000000000000e+02 -4.763490000000000000e+05 -3.268289999999999964e+03
-8.910000000000000000e+02 -8.910000000000000000e+02 -8.910000000000000000e+02
-8.910000000000000000e+02 -8.910000000000000000e+02 -8.910000000000000000e+02
-8.910000000000000000e+02 -8.910000000000000000e+02 -8.910000000000000000e+02
-8.910000000000000000e+02 -8.910000000000000000e+02 -8.910000000000000000e+02
-8.910000000000000000e+02 -8.910000000000000000e+02 -8.910000000000000000e+02
-8.910000000000000000e+02 -5.623890000000000000e+05 -3.698489999999999782e+03
-8.910000000000000000e+02 -8.910000000000000000e+02 -8.910000000000000000e+02
-8.910000000000000000e+02 -8.910000000000000000e+02 -8.910000000000000000e+02
-8.910000000000000000e+02 -8.910000000000000000e+02 -8.910000000000000000e+02
-8.910000000000000000e+02 -8.910000000000000000e+02 -8.910000000000000000e+02
-8.910000000000000000e+02 -8.910000000000000000e+02 -8.910000000000000000e+02
-8.910000000000000000e+02 -8.011030000000000000e+05 -4.892060000000000400e+03
-8.910000000000000000e+02 -8.180170000000000000e+05 -4.976630000000000109e+03
-8.910000000000000000e+02 -8.910000000000000000e+02 -8.910000000000000000e+02
-8.910000000000000000e+02 -7.387690000000000000e+05 -4.580390000000000327e+03
-8.910000000000000000e+02 -8.910000000000000000e+02 -8.910000000000000000e+02
-8.910000000000000000e+02 -8.910000000000000000e+02 -8.910000000000000000e+02
-8.910000000000000000e+02 -8.910000000000000000e+02 -8.910000000000000000e+02
-8.910000000000000000e+02 -1.424590000000000000e+05 -1.598839999999999918e+03
-8.910000000000000000e+02 -8.910000000000000000e+02 -8.910000000000000000e+02
-8.910000000000000000e+02 -6.605700000000000000e+04 -1.216829999999999927e+03
-8.910000000000000000e+02 -8.910000000000000000e+02 -8.910000000000000000e+02
-8.910000000000000000e+02 -8.910000000000000000e+02 -8.910000000000000000e+02
-8.910000000000000000e+02 -8.910000000000000000e+02 -8.910000000000000000e+02
-8.910000000000000000e+02 -8.910000000000000000e+02 -8.910000000000000000e+02
-8.910000000000000000e+02 -8.910000000000000000e+02 -8.910000000000000000e+02
-8.910000000000000000e+02 -8.910000000000000000e+02 -8.910000000000000000e+02
-8.910000000000000000e+02 -8.910000000000000000e+02 -8.910000000000000000e+02
-8.910000000000000000e+02 -8.910000000000000000e+02 -8.910000000000000000e+02
-8.910000000000000000e+02 -8.910000000000000000e+02 -8.910000000000000000e+02
-8.910000000000000000e+02 -8.910000000000000000e+02 -8.910000000000000000e+02
-8.910000000000000000e+02 -5.076490000000000000e+05 -4.046360000000000127e+03
-8.910000000000000000e+02 -8.910000000000000000e+02 -8.910000000000000000e+02
-8.910000000000000000e+02 -8.910000000000000000e+02 -8.910000000000000000e+02
-8.910000000000000000e+02 -8.910000000000000000e+02 -8.910000000000000000e+02
-8.910000000000000000e+02 -8.910000000000000000e+02 -8.910000000000000000e+02
