-1.390531000000000000e+06 -3.773973000000000000e+06 -1.726695729999999981e+06
-5.455330000000000000e+05 -4.079149000000000000e+06 -1.074265590000000084e+06
-8.178300000000000000e+04 -6.393217000000000000e+06 -6.696648199999999488e+05
-8.178300000000000000e+04 -5.843505000000000000e+06 -9.867563800000000047e+05
-8.178300000000000000e+04 -4.841933000000000000e+06 -1.543878360000000102e+06
-8.178300000000000000e+04 -5.759191000000000000e+06 -6.762952199999999721e+05
-1.155900000000000000e+04 -7.321487000000000000e+06 -5.296705200000000186e+05
-1.155900000000000000e+04 -8.004711000000000000e+06 -5.632590799999999581e+05
-1.155900000000000000e+04 -2.112463000000000000e+06 -3.057307500000000000e+05
-1.155900000000000000e+04 -2.059765000000000000e+06 -1.470814500000000116e+05
-1.155900000000000000e+04 -5.554617000000000000e+06 -5.273982800000000279e+05
-1.155900000000000000e+04 -4.323833000000000000e+06 -9.721870699999999488e+05
-1.155900000000000000e+04 -1.293841000000000000e+06 -1.841351099999999860e+05
-1.155900000000000000e+04 -5.080187000000000000e+06 -3.824642299999999814e+05
-1.155900000000000000e+04 -4.623321000000000000e+06 -3.427219600000000210e+05
-1.155900000000000000e+04 -2.663663000000000000e+06 -4.169112899999999790e+05
-1.155900000000000000e+04 -2.708661000000000000e+06 -2.825053699999999953e+05
-1.155900000000000000e+04 -5.761905000000000000e+06 -8.177811600000000326e+05
-1.155900000000000000e+04 -4.628647000000000000e+06 -3.351422800000000279e+05
-1.155900000000000000e+04 -2.861445000000000000e+06 -2.628268300000000163e+05
-1.155900000000000000e+04 -5.032797000000000000e+06 -4.204956500000000233e+05
-1.155900000000000000e+04 -7.198901000000000000e+06 -6.785948599999999860e+05
-1.155900000000000000e+04 -3.252447000000000000e+06 -1.815676900000000023e+05
-1.155900000000000000e+04 -2.976811000000000000e+06 -2.250626600000000035e+05
-1.155900000000000000e+04 -2.377947000000000000e+06 -2.376746499999999942e+05
-3.293000000000000000e+03 -4.003663000000000000e+06 -2.084749200000000128e+05
-3.293000000000000000e+03 -3.596027000000000000e+06 -2.634703499999999767e+05
-3.293000000000000000e+03 -6.997741000000000000e+06 -4.416634500000000116e+05
-3.293000000000000000e+03 -2.684437000000000000e+06 -7.533134699999999721e+05
-3.293000000000000000e+03 -2.860305000000000000e+06 -7.583052099999999627e+05
-3.293000000000000000e+03 -2.506497000000000000e+06 -2.509132099999999919e+05
-3.293000000000000000e+03 -5.589277000000000000e+06 -8.848519899999999907e+05
-3.293000000000000000e+03 -3.765611000000000000e+06 -7.617322099999999627e+05
-3.293000000000000000e+03 -7.163989000000000000e+06 -4.890256400000000140e+05
-3.293000000000000000e+03 -4.298277000000000000e+06 -9.857782800000000279e+05
-3.293000000000000000e+03 -4.430851000000000000e+06 -7.757967399999999907e+05
-3.293000000000000000e+03 -1.094739000000000000e+06 -1.370341400000000140e+05
-3.293000000000000000e+03 -4.570971000000000000e+06 -3.624080499999999884e+05
-3.293000000000000000e+03 -6.421853000000000000e+06 -8.469656999999999534e+05
-3.293000000000000000e+03 -4.174139000000000000e+06 -8.283883499999999767e+05
-3.293000000000000000e+03 -1.982529000000000000e+06 -2.522038200000000070e+05
-3.293000000000000000e+03 -3.742091000000000000e+06 -3.261738200000000070e+05
-3.293000000000000000e+03 -2.902429000000000000e+06 -4.120639500000000116e+05
-3.293000000000000000e+03 -2.752687000000000000e+06 -2.784443300000000163e+05
-3.293000000000000000e+03 -2.609787000000000000e+06 -3.163514299999999930e+05
-3.293000000000000000e+03 -2.915199000000000000e+06 -3.546146599999999744e+05
-3.293000000000000000e+03 -4.189977000000000000e+06 -1.771755400000000081e+05
-3.293000000000000000e+03 -2.290119000000000000e+06 -4.290584299999999930e+05
-3.293000000000000000e+03 -2.909963000000000000e+06 -3.919040999999999767e+05
-3.293000000000000000e+03 -3.041221000000000000e+06 -3.937073900000000140e+05
-3.293000000000000000e+03 -3.786935000000000000e+06 -3.214951300000000047e+05
-3.293000000000000000e+03 -2.867551000000000000e+06 -4.200454299999999930e+05
-3.293000000000000000e+03 -2.542757000000000000e+06 -8.861059899999999907e+05
-3.293000000000000000e+03 -2.532567000000000000e+06 -1.846657500000000000e+05
-3.293000000000000000e+03 -2.887971000000000000e+06 -1.160637899999999936e+05
-3.293000000000000000e+03 -3.614377000000000000e+06 -5.940681899999999441e+05
-3.293000000000000000e+03 -4.699139000000000000e+06 -1.428214400000000023e+05
-3.293000000000000000e+03 -5.416270000000000000e+05 -3.856291000000000349e+04
-3.293000000000000000e+03 -1.674135000000000000e+06 -1.322058399999999965e+05
-3.293000000000000000e+03 -3.284865000000000000e+06 -3.098967000000000116e+05
-3.293000000000000000e+03 -1.717887000000000000e+06 -4.146361900000000023e+05
-3.293000000000000000e+03 -1.311697000000000000e+06 -1.670765100000000093e+05
-3.293000000000000000e+03 -1.811655000000000000e+06 -1.178731300000000047e+05
-3.293000000000000000e+03 -3.379019000000000000e+06 -7.631605600000000559e+05
-3.293000000000000000e+03 -1.395963000000000000e+06 -1.526039500000000116e+05
-3.293000000000000000e+03 -2.483519000000000000e+06 -2.491698599999999860e+05
-3.293000000000000000e+03 -1.556595000000000000e+06 -3.786388699999999953e+05
-3.293000000000000000e+03 -2.454367000000000000e+06 -1.038737700000000041e+05
-3.293000000000000000e+03 -2.646957000000000000e+06 -2.097067600000000093e+05
-3.293000000000000000e+03 -3.092881000000000000e+06 -2.970304899999999907e+05
-3.293000000000000000e+03 -2.397741000000000000e+06 -5.047547000000000116e+05
-3.293000000000000000e+03 -8.358970000000000000e+05 -1.333750000000000000e+05
-3.293000000000000000e+03 -1.162501000000000000e+06 -6.804052999999999884e+04
-3.293000000000000000e+03 -1.513343000000000000e+06 -1.485658599999999860e+05
-3.293000000000000000e+03 -1.874811000000000000e+06 -3.508030300000000279e+05
-3.293000000000000000e+03 -3.145045000000000000e+06 -1.519763299999999872e+05
-3.293000000000000000e+03 -2.232807000000000000e+06 -1.296283600000000006e+05
-3.293000000000000000e+03 -1.679769000000000000e+06 -2.205707300000000105e+05
-3.293000000000000000e+03 -9.690470000000000000e+05 -3.330615000000000000e+05
-3.293000000000000000e+03 -1.253655000000000000e+06 -2.441363999999999942e+05
-3.293000000000000000e+03 -9.290010000000000000e+05 -5.573422000000000116e+04
-3.293000000000000000e+03 -1.031877000000000000e+06 -5.685208000000000175e+04
-3.293000000000000000e+03 -4.938130000000000000e+05 -2.101431999999999971e+04
-3.293000000000000000e+03 -1.629455000000000000e+06 -2.138298699999999953e+05
-3.293000000000000000e+03 -1.469005000000000000e+06 -2.942883400000000256e+05
-3.293000000000000000e+03 -1.501415000000000000e+06 -1.603171400000000140e+05
-3.293000000000000000e+03 -1.330291000000000000e+06 -1.152568000000000029e+05
-3.293000000000000000e+03 -6.566690000000000000e+05 -5.871029000000000087e+04
-3.293000000000000000e+03 -8.652170000000000000e+05 -1.061126999999999971e+05
-3.293000000000000000e+03 -2.266171000000000000e+06 -6.185098999999999796e+04
-3.293000000000000000e+03 -1.153029000000000000e+06 -9.713097000000000116e+04
-3.293000000000000000e+03 -8.231090000000000000e+05 -1.078299299999999930e+05
-3.293000000000000000e+03 -1.780195000000000000e+06 -6.660136999999999534e+04
-3.293000000000000000e+03 -1.293215000000000000e+06 -1.578991499999999942e+05
-3.293000000000000000e+03 -1.193051000000000000e+06 -1.462192399999999907e+05
-3.293000000000000000e+03 -8.213510000000000000e+05 -4.243618000000000029e+04
-3.293000000000000000e+03 -1.889433000000000000e+06 -2.223939500000000116e+05
-3.293000000000000000e+03 -1.011267000000000000e+06 -2.045725400000000081e+05
-3.293000000000000000e+03 -1.282403000000000000e+06 -4.838030999999999767e+04
-3.293000000000000000e+03 -2.320689000000000000e+06 -3.219267999999999884e+05
-3.293000000000000000e+03 -1.914549000000000000e+06 -1.616316700000000128e+05
-3.293000000000000000e+03 -1.185537000000000000e+06 -2.772290800000000163e+05
-3.293000000000000000e+03 -1.649971000000000000e+06 -1.219765299999999988e+05
-3.293000000000000000e+03 -5.967570000000000000e+05 -1.200412200000000012e+05
-3.293000000000000000e+03 -2.126723000000000000e+06 -1.889013900000000140e+05
-3.293000000000000000e+03 -1.214861000000000000e+06 -1.166556499999999942e+05
-3.293000000000000000e+03 -2.303577000000000000e+06 -1.621386099999999860e+05
-3.293000000000000000e+03 -1.441989000000000000e+06 -2.133803900000000140e+05
-3.293000000000000000e+03 -1.655899000000000000e+06 -1.558218299999999872e+05
-3.293000000000000000e+03 -6.152890000000000000e+05 -4.509387000000000262e+04
-3.293000000000000000e+03 -4.411790000000000000e+05 -6.285080999999999767e+04
-3.293000000000000000e+03 -1.147457000000000000e+06 -1.221171699999999983e+05
-3.293000000000000000e+03 -1.839219000000000000e+06 -4.918683999999999651e+04
-3.293000000000000000e+03 -2.312009000000000000e+06 -1.552210599999999977e+05
-3.293000000000000000e+03 -1.487131000000000000e+06 -2.942713099999999977e+05
-3.293000000000000000e+03 -4.614430000000000000e+05 -7.083774000000000524e+04
-3.293000000000000000e+03 -6.007130000000000000e+05 -2.101122000000000116e+04
-3.293000000000000000e+03 -1.797863000000000000e+06 -2.247645199999999895e+05
-3.293000000000000000e+03 -1.018327000000000000e+06 -8.417272999999999593e+04
-3.293000000000000000e+03 -1.275569000000000000e+06 -9.116572999999999593e+04
-3.293000000000000000e+03 -2.223493000000000000e+06 -2.802910399999999790e+05
-3.293000000000000000e+03 -1.110739000000000000e+06 -2.506551400000000140e+05
-3.293000000000000000e+03 -1.014453000000000000e+06 -9.643719999999999709e+04
-3.293000000000000000e+03 -2.416577000000000000e+06 -2.227072399999999907e+05
-3.293000000000000000e+03 -8.585430000000000000e+05 -7.744724000000000524e+04
-3.293000000000000000e+03 -1.455057000000000000e+06 -1.775186000000000058e+05
-3.293000000000000000e+03 -1.510253000000000000e+06 -1.569028399999999965e+05
-3.293000000000000000e+03 -1.254017000000000000e+06 -2.481728800000000047e+05
-3.293000000000000000e+03 -1.054937000000000000e+06 -2.388914700000000012e+05
-3.293000000000000000e+03 -1.537911000000000000e+06 -1.827811700000000128e+05
-3.293000000000000000e+03 -8.098430000000000000e+05 -1.547017399999999907e+05
-3.293000000000000000e+03 -2.914050000000000000e+05 -2.793556999999999971e+04
-3.293000000000000000e+03 -6.339290000000000000e+05 -3.402173000000000320e+04
-3.293000000000000000e+03 -7.678850000000000000e+05 -2.436325899999999965e+05
-3.293000000000000000e+03 -8.927530000000000000e+05 -1.197231199999999953e+05
-3.293000000000000000e+03 -1.379197000000000000e+06 -2.572902999999999884e+05
-3.293000000000000000e+03 -9.883730000000000000e+05 -9.184572999999999593e+04
-3.293000000000000000e+03 -2.506755000000000000e+06 -2.085529599999999919e+05
-3.293000000000000000e+03 -1.347719000000000000e+06 -1.639201199999999953e+05
-3.293000000000000000e+03 -1.321195000000000000e+06 -1.460316600000000035e+05
-3.293000000000000000e+03 -1.642937000000000000e+06 -9.914750000000000000e+04
-3.293000000000000000e+03 -1.254727000000000000e+06 -2.090163299999999872e+05
-3.293000000000000000e+03 -1.656813000000000000e+06 -2.056818299999999872e+05
-3.293000000000000000e+03 -7.063810000000000000e+05 -1.982336000000000058e+04
-3.293000000000000000e+03 -1.873339000000000000e+06 -1.239730500000000029e+05
-3.293000000000000000e+03 -1.103407000000000000e+06 -1.711787200000000012e+05
-3.293000000000000000e+03 -1.099327000000000000e+06 -2.270368999999999942e+05
-3.293000000000000000e+03 -1.696085000000000000e+06 -1.277321600000000035e+05
-3.293000000000000000e+03 -1.056303000000000000e+06 -1.411654599999999919e+05
-3.293000000000000000e+03 -1.505361000000000000e+06 -4.083700000000000000e+04
-3.293000000000000000e+03 -5.892650000000000000e+05 -4.236163999999999942e+04
-3.293000000000000000e+03 -2.934570000000000000e+05 -9.817019999999999709e+04
-3.293000000000000000e+03 -1.190351000000000000e+06 -7.904050999999999476e+04
-3.293000000000000000e+03 -4.935510000000000000e+05 -5.374220999999999913e+04
-3.293000000000000000e+03 -1.051773000000000000e+06 -1.033666600000000035e+05
-3.293000000000000000e+03 -2.524665000000000000e+06 -3.383678099999999977e+05
-3.293000000000000000e+03 -1.094929000000000000e+06 -8.844772000000000116e+04
-3.293000000000000000e+03 -9.295490000000000000e+05 -1.191835000000000000e+05
-3.293000000000000000e+03 -5.697210000000000000e+05 -9.601472000000000116e+04
-3.293000000000000000e+03 -8.162070000000000000e+05 -6.982233000000000175e+04
-3.293000000000000000e+03 -1.584593000000000000e+06 -2.278680799999999872e+05
-3.293000000000000000e+03 -1.531990000000000000e+05 -4.152899999999999636e+03
-3.293000000000000000e+03 -3.293000000000000000e+03 -3.293000000000000000e+03
-3.293000000000000000e+03 -3.293000000000000000e+03 -3.293000000000000000e+03
-3.293000000000000000e+03 -2.262390000000000000e+05 -4.407729999999999563e+03
-3.293000000000000000e+03 -3.293000000000000000e+03 -3.293000000000000000e+03
-3.293000000000000000e+03 -3.293000000000000000e+03 -3.293000000000000000e+03
-3.293000000000000000e+03 -1.208410000000000000e+05 -3.880739999999999782e+03
-3.293000000000000000e+03 -6.484700000000000000e+04 -3.600769999999999982e+03
-3.293000000000000000e+03 -3.293000000000000000e+03 -3.293000000000000000e+03
-3.293000000000000000e+03 -3.293000000000000000e+03 -3.293000000000000000e+03
-3.293000000000000000e+03 -3.293000000000000000e+03 -3.293000000000000000e+03
-3.293000000000000000e+03 -3.293000000000000000e+03 -3.293000000000000000e+03
-3.293000000000000000e+03 -3.293000000000000000e+03 -3.293000000000000000e+03
-3.293000000000000000e+03 -3.293000000000000000e+03 -3.293000000000000000e+03
-3.293000000000000000e+03 -3.609100000000000000e+04 -3.456989999999999782e+03
-3.293000000000000000e+03 -3.293000000000000000e+03 -3.293000000000000000e+03
-3.293000000000000000e+03 -2.083230000000000000e+05 -6.001649999999999636e+03
-3.293000000000000000e+03 -1.275730000000000000e+05 -3.914400000000000091e+03
-3.293000000000000000e+03 -3.293000000000000000e+03 -3.293000000000000000e+03
-3.293000000000000000e+03 -3.293000000000000000e+03 -3.293000000000000000e+03
-3.293000000000000000e+03 -3.293000000000000000e+03 -3.293000000000000000e+03
-3.293000000000000000e+03 -3.293000000000000000e+03 -3.293000000000000000e+03
-3.293000000000000000e+03 -3.293000000000000000e+03 -3.293000000000000000e+03
-3.293000000000000000e+03 -3.293000000000000000e+03 -3.293000000000000000e+03
-3.293000000000000000e+03 -3.293000000000000000e+03 -3.293000000000000000e+03
-3.293000000000000000e+03 -3.293000000000000000e+03 -3.293000000000000000e+03
-3.293000000000000000e+03 -3.293000000000000000e+03 -3.293000000000000000e+03
-3.293000000000000000e+03 -2.217300000000000000e+04 -3.387400000000000091e+03
-3.293000000000000000e+03 -3.293000000000000000e+03 -3.293000000000000000e+03
-3.293000000000000000e+03 -3.293000000000000000e+03 -3.293000000000000000e+03
-3.293000000000000000e+03 -3.293000000000000000e+03 -3.293000000000000000e+03
-3.293000000000000000e+03 -3.293000000000000000e+03 -3.293000000000000000e+03
-3.293000000000000000e+03 -3.293000000000000000e+03 -3.293000000000000000e+03
-3.293000000000000000e+03 -3.293000000000000000e+03 -3.293000000000000000e+03
-3.293000000000000000e+03 -3.293000000000000000e+03 -3.293000000000000000e+03
-7.330000000000000000e+02 -3.293000000000000000e+03 -1.987400000000000091e+03
-7.330000000000000000e+02 -3.293000000000000000e+03 -8.866000000000000227e+02
-7.330000000000000000e+02 -4.576670000000000000e+05 -3.165852999999999884e+04
-7.330000000000000000e+02 -7.330000000000000000e+02 -7.330000000000000000e+02
