-2.097430000000000000e+05 -4.168643000000000000e+06 -4.846887999999999884e+05
-2.097430000000000000e+05 -2.888891000000000000e+06 -6.921932900000000373e+05
-6.466700000000000000e+04 -7.942785000000000000e+06 -6.957908499999999767e+05
-6.466700000000000000e+04 -3.924279000000000000e+06 -6.011964000000000233e+05
-6.466700000000000000e+04 -5.127605000000000000e+06 -3.451216400000000140e+05
-6.466700000000000000e+04 -4.245069000000000000e+06 -9.972628800000000047e+05
-6.466700000000000000e+04 -6.601479000000000000e+06 -5.816048000000000466e+05
-6.466700000000000000e+04 -2.888519000000000000e+06 -3.637719600000000210e+05
-6.466700000000000000e+04 -4.203591000000000000e+06 -3.900420300000000279e+05
-6.466700000000000000e+04 -6.604935000000000000e+06 -1.037856209999999963e+06
-6.466700000000000000e+04 -3.495677000000000000e+06 -7.307307399999999907e+05
-6.466700000000000000e+04 -4.802829000000000000e+06 -5.432823800000000047e+05
-6.466700000000000000e+04 -3.970989000000000000e+06 -5.182666799999999930e+05
-6.466700000000000000e+04 -1.828447000000000000e+06 -2.522416099999999860e+05
-6.466700000000000000e+04 -2.649791000000000000e+06 -4.465757899999999790e+05
-6.466700000000000000e+04 -3.002503000000000000e+06 -5.549988299999999581e+05
-2.342900000000000000e+04 -3.918407000000000000e+06 -2.053830799999999872e+05
-2.342900000000000000e+04 -7.541611000000000000e+06 -5.740539899999999907e+05
-2.342900000000000000e+04 -4.256975000000000000e+06 -7.726688900000000140e+05
-2.342900000000000000e+04 -3.925619000000000000e+06 -4.912455700000000070e+05
-2.342900000000000000e+04 -4.781793000000000000e+06 -3.478280900000000256e+05
-2.342900000000000000e+04 -6.843133000000000000e+06 -8.659931800000000512e+05
-2.342900000000000000e+04 -3.485637000000000000e+06 -8.796952399999999907e+05
-2.342900000000000000e+04 -4.023463000000000000e+06 -3.465180499999999884e+05
-2.342900000000000000e+04 -4.679937000000000000e+06 -1.129054500000000000e+06
-2.342900000000000000e+04 -5.676621000000000000e+06 -1.033028699999999953e+06
-2.342900000000000000e+04 -5.231341000000000000e+06 -5.888366199999999953e+05
-2.342900000000000000e+04 -3.576979000000000000e+06 -5.659578399999999674e+05
-2.342900000000000000e+04 -2.125815000000000000e+06 -2.130724800000000105e+05
-1.019900000000000000e+04 -5.916797000000000000e+06 -6.562114799999999814e+05
-1.019900000000000000e+04 -5.120637000000000000e+06 -4.788424199999999837e+05
-1.019900000000000000e+04 -2.302853000000000000e+06 -3.535698300000000163e+05
-1.019900000000000000e+04 -3.248407000000000000e+06 -4.269827100000000210e+05
-1.019900000000000000e+04 -4.248931000000000000e+06 -6.043967500000000000e+05
-1.019900000000000000e+04 -2.965071000000000000e+06 -4.272341400000000140e+05
-1.019900000000000000e+04 -3.032415000000000000e+06 -7.872741199999999953e+05
-1.019900000000000000e+04 -3.397703000000000000e+06 -4.753564099999999744e+05
-1.019900000000000000e+04 -5.608761000000000000e+06 -3.535178499999999767e+05
-1.019900000000000000e+04 -2.448547000000000000e+06 -3.373278300000000163e+05
-1.019900000000000000e+04 -2.176887000000000000e+06 -1.942392999999999884e+05
-1.019900000000000000e+04 -2.945299000000000000e+06 -5.183224400000000023e+05
-1.019900000000000000e+04 -2.175533000000000000e+06 -2.531086900000000023e+05
-1.019900000000000000e+04 -4.536933000000000000e+06 -1.552437669999999925e+06
-1.019900000000000000e+04 -4.108389000000000000e+06 -9.063208199999999488e+05
-1.019900000000000000e+04 -2.851529000000000000e+06 -3.662425499999999884e+05
-1.019900000000000000e+04 -8.250790000000000000e+05 -6.764350000000000000e+04
-1.019900000000000000e+04 -1.935653000000000000e+06 -2.917312700000000186e+05
-1.019900000000000000e+04 -2.378489000000000000e+06 -4.171294099999999744e+05
-1.019900000000000000e+04 -3.878541000000000000e+06 -4.062953499999999767e+05
-1.001700000000000000e+04 -3.501055000000000000e+06 -4.526842800000000279e+05
-1.001700000000000000e+04 -2.043077000000000000e+06 -1.876320299999999988e+05
-1.001700000000000000e+04 -1.514547000000000000e+06 -2.144038399999999965e+05
-1.001700000000000000e+04 -4.482253000000000000e+06 -8.798092299999999814e+05
-1.001700000000000000e+04 -4.670701000000000000e+06 -9.604543900000000140e+05
-1.001700000000000000e+04 -2.106203000000000000e+06 -2.734599400000000023e+05
-1.001700000000000000e+04 -4.135661000000000000e+06 -2.336071499999999942e+05
-1.001700000000000000e+04 -3.091265000000000000e+06 -2.442380199999999895e+05
-1.001700000000000000e+04 -1.487085000000000000e+06 -2.304173299999999872e+05
-1.001700000000000000e+04 -4.657107000000000000e+06 -1.912017699999999895e+05
-1.001700000000000000e+04 -3.088591000000000000e+06 -5.724973199999999488e+05
-1.001700000000000000e+04 -3.981815000000000000e+06 -3.836672800000000279e+05
-1.001700000000000000e+04 -1.152589000000000000e+06 -1.334774400000000023e+05
-1.001700000000000000e+04 -1.379621000000000000e+06 -1.369943699999999953e+05
-1.001700000000000000e+04 -1.160331000000000000e+06 -1.058688000000000029e+05
-1.001700000000000000e+04 -2.296735000000000000e+06 -1.942932300000000105e+05
-1.001700000000000000e+04 -4.335085000000000000e+06 -4.282400399999999790e+05
-1.001700000000000000e+04 -1.505009000000000000e+06 -1.286278399999999965e+05
-1.001700000000000000e+04 -1.169071000000000000e+06 -1.377015899999999965e+05
-1.001700000000000000e+04 -1.988065000000000000e+06 -3.285417700000000186e+05
-1.001700000000000000e+04 -1.098295000000000000e+06 -1.445710100000000093e+05
-1.001700000000000000e+04 -2.487777000000000000e+06 -2.407550100000000093e+05
-1.001700000000000000e+04 -2.719155000000000000e+06 -5.320115799999999581e+05
-1.001700000000000000e+04 -2.746151000000000000e+06 -2.727199299999999930e+05
-1.001700000000000000e+04 -6.621570000000000000e+05 -1.986894599999999919e+05
-1.001700000000000000e+04 -2.708561000000000000e+06 -2.522526499999999942e+05
-1.001700000000000000e+04 -3.158553000000000000e+06 -3.325182600000000093e+05
-1.001700000000000000e+04 -1.558013000000000000e+06 -1.009505700000000070e+05
-1.001700000000000000e+04 -1.880289000000000000e+06 -1.709814599999999919e+05
-1.001700000000000000e+04 -2.207563000000000000e+06 -2.485821900000000023e+05
-1.001700000000000000e+04 -1.485221000000000000e+06 -2.265635700000000070e+05
-2.507000000000000000e+03 -1.644869000000000000e+06 -1.712151099999999860e+05
-2.507000000000000000e+03 -1.092767000000000000e+06 -1.148793699999999953e+05
-2.507000000000000000e+03 -1.322769000000000000e+06 -1.463448099999999977e+05
-2.507000000000000000e+03 -1.106797000000000000e+06 -1.013053000000000029e+05
-2.507000000000000000e+03 -2.195963000000000000e+06 -1.274053600000000006e+05
-2.507000000000000000e+03 -1.063477000000000000e+06 -1.123727400000000052e+05
-2.507000000000000000e+03 -5.087350000000000000e+05 -3.863129000000000087e+04
-2.507000000000000000e+03 -1.560863000000000000e+06 -2.742611199999999953e+05
-2.507000000000000000e+03 -1.132187000000000000e+06 -2.030892099999999919e+05
-2.507000000000000000e+03 -9.506010000000000000e+05 -5.189920999999999913e+04
-2.507000000000000000e+03 -8.296990000000000000e+05 -3.522976000000000204e+04
-2.507000000000000000e+03 -2.242897000000000000e+06 -3.522362999999999884e+05
-2.507000000000000000e+03 -5.586310000000000000e+05 -6.952380000000000291e+04
-1.987000000000000000e+03 -6.227870000000000000e+05 -8.111927999999999884e+04
-1.987000000000000000e+03 -1.802799000000000000e+06 -3.268669899999999907e+05
-1.987000000000000000e+03 -1.018923000000000000e+06 -2.278886000000000058e+05
-1.987000000000000000e+03 -7.225350000000000000e+05 -6.486063999999999942e+04
-1.987000000000000000e+03 -1.404413000000000000e+06 -7.312175000000000000e+04
-1.987000000000000000e+03 -1.804030000000000000e+05 -3.496099999999999909e+03
-1.987000000000000000e+03 -1.584631000000000000e+06 -1.014922899999999936e+05
-1.987000000000000000e+03 -1.845887000000000000e+06 -3.751386900000000023e+05
-1.987000000000000000e+03 -9.816410000000000000e+05 -1.046679600000000064e+05
-1.987000000000000000e+03 -7.282430000000000000e+05 -6.349563999999999942e+04
-1.987000000000000000e+03 -1.218689000000000000e+06 -3.888645200000000186e+05
-1.987000000000000000e+03 -1.404217000000000000e+06 -1.307526999999999971e+05
-1.987000000000000000e+03 -1.571795000000000000e+06 -2.920385700000000070e+05
-1.987000000000000000e+03 -1.145555000000000000e+06 -1.150368300000000017e+05
-1.987000000000000000e+03 -8.615810000000000000e+05 -1.325664299999999930e+05
-1.987000000000000000e+03 -7.577410000000000000e+05 -8.445427999999999884e+04
-1.987000000000000000e+03 -1.216749000000000000e+06 -1.365013299999999872e+05
-1.987000000000000000e+03 -1.734127000000000000e+06 -3.444887299999999814e+05
-1.987000000000000000e+03 -6.571850000000000000e+05 -5.433265000000000146e+04
-1.987000000000000000e+03 -7.434030000000000000e+05 -8.548133000000000175e+04
-1.987000000000000000e+03 -1.332991000000000000e+06 -2.574883900000000140e+05
-1.987000000000000000e+03 -1.478237000000000000e+06 -1.310602400000000052e+05
-1.987000000000000000e+03 -6.044010000000000000e+05 -4.537987000000000262e+04
-1.987000000000000000e+03 -1.370307000000000000e+06 -5.633433000000000175e+04
-1.987000000000000000e+03 -1.288325000000000000e+06 -7.567024000000000524e+04
-1.987000000000000000e+03 -5.071390000000000000e+05 -7.788294000000000233e+04
-1.987000000000000000e+03 -7.468570000000000000e+05 -6.958638999999999942e+04
-1.987000000000000000e+03 -1.341341000000000000e+06 -8.032966000000000349e+04
-1.987000000000000000e+03 -1.054275000000000000e+06 -7.000596000000000640e+04
-1.987000000000000000e+03 -5.078030000000000000e+05 -6.094048999999999796e+04
-1.987000000000000000e+03 -1.385837000000000000e+06 -6.788505000000000291e+04
-1.987000000000000000e+03 -1.808177000000000000e+06 -1.312924299999999930e+05
-1.987000000000000000e+03 -5.139230000000000000e+05 -2.038745000000000073e+04
-1.987000000000000000e+03 -6.309030000000000000e+05 -4.899838999999999942e+04
-1.987000000000000000e+03 -1.323689000000000000e+06 -8.907319999999999709e+04
-1.987000000000000000e+03 -1.413217000000000000e+06 -2.929705900000000256e+05
-1.987000000000000000e+03 -8.014830000000000000e+05 -3.615143000000000029e+04
-1.987000000000000000e+03 -5.649790000000000000e+05 -2.358118000000000029e+04
-1.987000000000000000e+03 -1.677263000000000000e+06 -1.604669100000000035e+05
-1.987000000000000000e+03 -1.122679000000000000e+06 -8.336397000000000116e+04
-1.987000000000000000e+03 -7.530190000000000000e+05 -7.983688999999999942e+04
-1.987000000000000000e+03 -7.632450000000000000e+05 -1.454024400000000023e+05
-1.987000000000000000e+03 -1.973930000000000000e+05 -1.304992000000000007e+04
-1.987000000000000000e+03 -1.854077000000000000e+06 -1.019141399999999994e+05
-1.987000000000000000e+03 -9.792170000000000000e+05 -2.162881600000000035e+05
-1.987000000000000000e+03 -1.313399000000000000e+06 -1.790464500000000116e+05
-1.987000000000000000e+03 -8.981510000000000000e+05 -2.068622399999999907e+05
-1.987000000000000000e+03 -2.245509000000000000e+06 -3.909067299999999814e+05
-1.987000000000000000e+03 -3.415310000000000000e+05 -2.805475000000000000e+04
-1.987000000000000000e+03 -8.946570000000000000e+05 -6.037947000000000116e+04
-1.987000000000000000e+03 -7.571470000000000000e+05 -4.436345999999999913e+04
-1.987000000000000000e+03 -2.357015000000000000e+06 -2.972228099999999977e+05
-1.987000000000000000e+03 -1.654169000000000000e+06 -1.950914200000000128e+05
-1.987000000000000000e+03 -8.043650000000000000e+05 -1.340882500000000000e+05
-1.987000000000000000e+03 -8.645690000000000000e+05 -1.149140500000000029e+05
-1.987000000000000000e+03 -1.196639000000000000e+06 -1.413411199999999953e+05
-1.987000000000000000e+03 -1.309187000000000000e+06 -1.567518699999999953e+05
-1.987000000000000000e+03 -7.223850000000000000e+05 -8.239472000000000116e+04
-1.987000000000000000e+03 -1.130549000000000000e+06 -1.361094599999999919e+05
-1.987000000000000000e+03 -8.018790000000000000e+05 -8.635136999999999534e+04
-1.987000000000000000e+03 -2.864079000000000000e+06 -2.606731499999999942e+05
-1.987000000000000000e+03 -1.623599000000000000e+06 -1.349056300000000047e+05
-1.987000000000000000e+03 -4.606310000000000000e+05 -8.490808000000000175e+04
-1.987000000000000000e+03 -1.517273000000000000e+06 -1.907253900000000140e+05
-1.987000000000000000e+03 -7.803890000000000000e+05 -2.151673099999999977e+05
-1.987000000000000000e+03 -1.352181000000000000e+06 -3.791097500000000000e+05
-1.987000000000000000e+03 -7.748290000000000000e+05 -1.151038000000000029e+05
-1.987000000000000000e+03 -1.930690000000000000e+05 -2.363381999999999971e+04
-1.987000000000000000e+03 -1.987000000000000000e+03 -1.987000000000000000e+03
-1.987000000000000000e+03 -1.987000000000000000e+03 -1.987000000000000000e+03
-1.987000000000000000e+03 -1.729410000000000000e+05 -2.841769999999999982e+03
-1.987000000000000000e+03 -1.987000000000000000e+03 -1.987000000000000000e+03
-1.987000000000000000e+03 -1.987000000000000000e+03 -1.987000000000000000e+03
-1.987000000000000000e+03 -1.987000000000000000e+03 -1.987000000000000000e+03
-1.987000000000000000e+03 -1.987000000000000000e+03 -1.987000000000000000e+03
-1.987000000000000000e+03 -1.987000000000000000e+03 -1.987000000000000000e+03
-1.987000000000000000e+03 -1.987000000000000000e+03 -1.987000000000000000e+03
-1.987000000000000000e+03 -1.987000000000000000e+03 -1.987000000000000000e+03
-1.987000000000000000e+03 -1.987000000000000000e+03 -1.987000000000000000e+03
-1.987000000000000000e+03 -1.987000000000000000e+03 -1.987000000000000000e+03
-1.987000000000000000e+03 -1.987000000000000000e+03 -1.987000000000000000e+03
-1.987000000000000000e+03 -1.987000000000000000e+03 -1.987000000000000000e+03
-1.987000000000000000e+03 -1.987000000000000000e+03 -1.987000000000000000e+03
-1.987000000000000000e+03 -1.987000000000000000e+03 -1.987000000000000000e+03
-1.987000000000000000e+03 -1.987000000000000000e+03 -1.987000000000000000e+03
-1.987000000000000000e+03 -1.987000000000000000e+03 -1.987000000000000000e+03
-1.987000000000000000e+03 -1.987000000000000000e+03 -1.987000000000000000e+03
-1.987000000000000000e+03 -1.987000000000000000e+03 -1.987000000000000000e+03
-1.987000000000000000e+03 -1.987000000000000000e+03 -1.987000000000000000e+03
-1.987000000000000000e+03 -1.987000000000000000e+03 -1.987000000000000000e+03
-1.987000000000000000e+03 -3.149000000000000000e+03 -1.992809999999999945e+03
-1.987000000000000000e+03 -4.773410000000000000e+05 -2.423936000000000058e+04
-1.987000000000000000e+03 -6.156450000000000000e+05 -8.123579999999999927e+03
-1.987000000000000000e+03 -1.987000000000000000e+03 -1.987000000000000000e+03
-1.987000000000000000e+03 -8.091100000000000000e+04 -2.738449999999999818e+03
-1.987000000000000000e+03 -9.298290000000000000e+05 -1.979381000000000131e+04
-1.987000000000000000e+03 -1.987000000000000000e+03 -1.987000000000000000e+03
-1.987000000000000000e+03 -1.956771000000000000e+06 -4.071740000000000146e+04
-1.987000000000000000e+03 -1.987000000000000000e+03 -1.987000000000000000e+03
-1.987000000000000000e+03 -1.987000000000000000e+03 -1.987000000000000000e+03
-1.987000000000000000e+03 -1.987000000000000000e+03 -1.987000000000000000e+03
-1.987000000000000000e+03 -1.987000000000000000e+03 -1.987000000000000000e+03
-1.987000000000000000e+03 -1.987000000000000000e+03 -1.987000000000000000e+03
-1.987000000000000000e+03 -1.987000000000000000e+03 -1.987000000000000000e+03
-1.987000000000000000e+03 -1.987000000000000000e+03 -1.987000000000000000e+03
-1.987000000000000000e+03 -1.987000000000000000e+03 -1.987000000000000000e+03
-1.987000000000000000e+03 -1.987000000000000000e+03 -1.987000000000000000e+03
