-2.751100000000000000e+04 -3.959929000000000000e+06 -9.785424300000000512e+05
-2.751100000000000000e+04 -9.077705000000000000e+06 -8.270737500000000000e+05
-2.751100000000000000e+04 -2.607967000000000000e+06 -6.641491800000000512e+05
-2.751100000000000000e+04 -3.592237000000000000e+06 -5.092000999999999767e+05
-2.751100000000000000e+04 -4.329951000000000000e+06 -7.285606199999999953e+05
-2.751100000000000000e+04 -4.633177000000000000e+06 -9.154278599999999860e+05
-2.751100000000000000e+04 -3.320759000000000000e+06 -4.405694199999999837e+05
-2.751100000000000000e+04 -3.617843000000000000e+06 -4.670802600000000093e+05
-2.751100000000000000e+04 -6.227533000000000000e+06 -1.231637389999999898e+06
-2.751100000000000000e+04 -6.740957000000000000e+06 -9.178720200000000186e+05
-2.751100000000000000e+04 -4.623001000000000000e+06 -4.832955700000000070e+05
-2.751100000000000000e+04 -3.802967000000000000e+06 -2.505695899999999965e+05
-2.751100000000000000e+04 -2.837549000000000000e+06 -3.741933800000000047e+05
-2.751100000000000000e+04 -3.456517000000000000e+06 -3.812188200000000070e+05
-2.751100000000000000e+04 -2.638769000000000000e+06 -3.128382100000000210e+05
-2.751100000000000000e+04 -4.879583000000000000e+06 -6.757617299999999814e+05
-2.751100000000000000e+04 -4.150573000000000000e+06 -4.637110100000000093e+05
-2.751100000000000000e+04 -7.237853000000000000e+06 -1.121823219999999972e+06
-2.751100000000000000e+04 -3.745825000000000000e+06 -4.531261300000000047e+05
-2.751100000000000000e+04 -3.319653000000000000e+06 -5.461444300000000512e+05
-2.751100000000000000e+04 -4.359629000000000000e+06 -5.813120200000000186e+05
-2.751100000000000000e+04 -5.479677000000000000e+06 -9.305274100000000326e+05
-2.751100000000000000e+04 -5.061737000000000000e+06 -5.650489100000000326e+05
-2.751100000000000000e+04 -6.701583000000000000e+06 -6.930361500000000233e+05
-2.751100000000000000e+04 -6.541501000000000000e+06 -5.272324100000000326e+05
-2.751100000000000000e+04 -2.663161000000000000e+06 -7.086957700000000186e+05
-2.751100000000000000e+04 -5.970563000000000000e+06 -8.793783499999999767e+05
-2.751100000000000000e+04 -3.230689000000000000e+06 -2.845819099999999744e+05
-2.751100000000000000e+04 -6.913481000000000000e+06 -9.982907099999999627e+05
-2.751100000000000000e+04 -2.455783000000000000e+06 -2.124746499999999942e+05
-2.367100000000000000e+04 -5.596207000000000000e+06 -2.894674099999999744e+05
-2.367100000000000000e+04 -3.232299000000000000e+06 -3.016745300000000279e+05
-2.367100000000000000e+04 -3.694031000000000000e+06 -8.495181300000000047e+05
-2.367100000000000000e+04 -7.617287000000000000e+06 -9.749564899999999907e+05
-2.367100000000000000e+04 -1.473301000000000000e+06 -1.408262900000000081e+05
-2.367100000000000000e+04 -7.704197000000000000e+06 -2.206096350000000093e+06
-1.347000000000000000e+03 -2.762449000000000000e+06 -3.844436199999999953e+05
-1.347000000000000000e+03 -3.708925000000000000e+06 -7.092704799999999814e+05
-1.347000000000000000e+03 -3.567671000000000000e+06 -3.288657000000000116e+05
-1.347000000000000000e+03 -5.274927000000000000e+06 -1.946737939999999944e+06
-1.347000000000000000e+03 -4.294089000000000000e+06 -4.250121500000000233e+05
-1.347000000000000000e+03 -2.615915000000000000e+06 -4.367897100000000210e+05
-1.347000000000000000e+03 -4.223665000000000000e+06 -3.802324699999999721e+05
-1.347000000000000000e+03 -3.018911000000000000e+06 -7.265561099999999860e+05
-1.347000000000000000e+03 -5.789739000000000000e+06 -6.502508599999999860e+05
-1.347000000000000000e+03 -1.195659000000000000e+06 -2.105126900000000023e+05
-1.347000000000000000e+03 -4.414245000000000000e+06 -2.992119000000000233e+05
-1.347000000000000000e+03 -2.436329000000000000e+06 -2.419848200000000070e+05
-1.347000000000000000e+03 -2.794855000000000000e+06 -2.918660100000000093e+05
-1.347000000000000000e+03 -1.463033000000000000e+06 -1.177739600000000064e+05
-1.347000000000000000e+03 -2.253079000000000000e+06 -1.426278500000000058e+05
-1.347000000000000000e+03 -1.961499000000000000e+06 -2.684735399999999790e+05
-1.347000000000000000e+03 -3.521413000000000000e+06 -5.769177800000000279e+05
-1.347000000000000000e+03 -3.938677000000000000e+06 -6.181487399999999907e+05
-1.347000000000000000e+03 -1.071995000000000000e+06 -2.242012699999999895e+05
-1.347000000000000000e+03 -8.467750000000000000e+05 -8.112310000000000582e+04
-1.347000000000000000e+03 -5.106635000000000000e+06 -7.972730300000000279e+05
-1.347000000000000000e+03 -2.132325000000000000e+06 -3.422336900000000023e+05
-1.347000000000000000e+03 -2.780681000000000000e+06 -3.142769400000000023e+05
-1.347000000000000000e+03 -2.092847000000000000e+06 -1.261947799999999988e+05
-1.347000000000000000e+03 -2.640263000000000000e+06 -6.351270400000000373e+05
-1.347000000000000000e+03 -1.589747000000000000e+06 -2.930592000000000116e+05
-1.347000000000000000e+03 -1.944483000000000000e+06 -2.432500599999999977e+05
-1.347000000000000000e+03 -2.165279000000000000e+06 -1.597751600000000035e+05
-1.347000000000000000e+03 -3.160485000000000000e+06 -2.969362800000000279e+05
-1.347000000000000000e+03 -2.531705000000000000e+06 -2.482866000000000058e+05
-1.347000000000000000e+03 -3.336273000000000000e+06 -3.234831699999999837e+05
-1.347000000000000000e+03 -1.490043000000000000e+06 -3.882392100000000210e+05
-1.347000000000000000e+03 -1.514779000000000000e+06 -1.236894700000000012e+05
-1.347000000000000000e+03 -1.877085000000000000e+06 -1.737086600000000035e+05
-1.347000000000000000e+03 -1.665223000000000000e+06 -1.352149800000000105e+05
-1.347000000000000000e+03 -1.760875000000000000e+06 -2.028639100000000035e+05
-4.230000000000000000e+02 -9.939010000000000000e+05 -2.158050000000000000e+04
-4.230000000000000000e+02 -2.860095000000000000e+06 -2.570086099999999860e+05
-4.230000000000000000e+02 -1.683851000000000000e+06 -2.451626600000000035e+05
-4.230000000000000000e+02 -3.841777000000000000e+06 -3.947112199999999721e+05
-4.230000000000000000e+02 -1.378591000000000000e+06 -1.057348999999999942e+05
-4.230000000000000000e+02 -1.840967000000000000e+06 -1.468953500000000058e+05
-4.230000000000000000e+02 -2.419833000000000000e+06 -2.293059500000000116e+05
-4.230000000000000000e+02 -1.296281000000000000e+06 -1.689511499999999942e+05
-4.230000000000000000e+02 -1.391989000000000000e+06 -3.130331799999999930e+05
-4.230000000000000000e+02 -1.767531000000000000e+06 -1.986173900000000140e+05
-4.230000000000000000e+02 -1.467009000000000000e+06 -1.684844599999999919e+05
-4.230000000000000000e+02 -1.603343000000000000e+06 -1.484080700000000070e+05
-4.230000000000000000e+02 -1.228743000000000000e+06 -7.301191999999999825e+04
-4.230000000000000000e+02 -9.679710000000000000e+05 -4.007494999999999709e+04
-4.230000000000000000e+02 -1.074955000000000000e+06 -1.526500000000000000e+04
-4.230000000000000000e+02 -9.206950000000000000e+05 -9.237755999999999767e+04
-4.230000000000000000e+02 -1.108589000000000000e+06 -5.275211000000000058e+04
-4.230000000000000000e+02 -1.326073000000000000e+06 -1.819193599999999860e+05
-4.230000000000000000e+02 -1.527909000000000000e+06 -1.531718800000000047e+05
-4.230000000000000000e+02 -1.488251000000000000e+06 -1.896089100000000035e+05
-4.230000000000000000e+02 -3.978370000000000000e+05 -5.204148000000000320e+04
-4.230000000000000000e+02 -1.663439000000000000e+06 -1.134308699999999953e+05
-4.230000000000000000e+02 -1.600047000000000000e+06 -1.719537900000000081e+05
-4.230000000000000000e+02 -2.840091000000000000e+06 -2.815580999999999767e+05
-4.230000000000000000e+02 -1.905691000000000000e+06 -1.822582600000000093e+05
-4.230000000000000000e+02 -1.446975000000000000e+06 -5.340680999999999767e+04
-4.230000000000000000e+02 -6.294570000000000000e+05 -1.458242000000000007e+04
-4.230000000000000000e+02 -4.359270000000000000e+05 -1.884890999999999985e+04
-4.230000000000000000e+02 -5.629090000000000000e+05 -2.376731000000000131e+04
-4.230000000000000000e+02 -1.331033000000000000e+06 -2.206718699999999953e+05
-4.230000000000000000e+02 -1.379599000000000000e+06 -1.587410100000000093e+05
-4.230000000000000000e+02 -5.358370000000000000e+05 -5.191633999999999651e+04
-4.230000000000000000e+02 -1.013853000000000000e+06 -1.214226399999999994e+05
-4.230000000000000000e+02 -6.899950000000000000e+05 -1.071926600000000035e+05
-4.230000000000000000e+02 -1.060715000000000000e+06 -5.806727999999999884e+04
-4.230000000000000000e+02 -1.417131000000000000e+06 -7.437772999999999593e+04
-4.230000000000000000e+02 -1.403487000000000000e+06 -1.527644100000000035e+05
-4.230000000000000000e+02 -1.431379000000000000e+06 -2.042682900000000081e+05
-4.230000000000000000e+02 -2.044129000000000000e+06 -1.374346099999999860e+05
-4.230000000000000000e+02 -1.365871000000000000e+06 -2.663259799999999814e+05
-4.230000000000000000e+02 -1.416485000000000000e+06 -1.968476000000000058e+05
-4.230000000000000000e+02 -1.038655000000000000e+06 -6.503995999999999913e+04
-4.230000000000000000e+02 -1.209665000000000000e+06 -2.025824899999999907e+05
-4.230000000000000000e+02 -6.009330000000000000e+05 -1.121551100000000006e+05
-4.230000000000000000e+02 -8.681590000000000000e+05 -1.419647099999999919e+05
-4.230000000000000000e+02 -1.486237000000000000e+06 -8.022391999999999825e+04
-4.230000000000000000e+02 -2.047651000000000000e+06 -1.396093699999999953e+05
-4.230000000000000000e+02 -1.872657000000000000e+06 -1.758083399999999965e+05
-4.230000000000000000e+02 -1.604095000000000000e+06 -1.698473699999999953e+05
-4.230000000000000000e+02 -1.733361000000000000e+06 -2.259927600000000093e+05
-4.230000000000000000e+02 -3.083977000000000000e+06 -2.733614799999999814e+05
-4.230000000000000000e+02 -1.117697000000000000e+06 -7.759233000000000175e+04
-4.230000000000000000e+02 -1.289577000000000000e+06 -1.424078800000000047e+05
-4.230000000000000000e+02 -6.930290000000000000e+05 -9.181894000000000233e+04
-1.650000000000000000e+02 -2.725499000000000000e+06 -2.965504199999999837e+05
-1.650000000000000000e+02 -1.343483000000000000e+06 -2.249026700000000128e+05
-1.650000000000000000e+02 -2.012953000000000000e+06 -3.111647999999999884e+05
-1.650000000000000000e+02 -7.380070000000000000e+05 -1.025072400000000052e+05
-1.650000000000000000e+02 -1.397935000000000000e+06 -2.607491499999999942e+05
-1.650000000000000000e+02 -1.359887000000000000e+06 -1.975120899999999965e+05
-1.650000000000000000e+02 -1.257937000000000000e+06 -6.637536999999999534e+04
-1.650000000000000000e+02 -3.827650000000000000e+05 -2.217991999999999825e+04
-1.650000000000000000e+02 -9.611430000000000000e+05 -4.442213999999999942e+04
-1.650000000000000000e+02 -1.065363000000000000e+06 -1.426008999999999942e+05
-1.650000000000000000e+02 -1.303355000000000000e+06 -2.582491000000000058e+05
-1.650000000000000000e+02 -1.150901000000000000e+06 -8.912813000000000466e+04
-1.650000000000000000e+02 -6.875790000000000000e+05 -2.505811900000000023e+05
-1.650000000000000000e+02 -9.187730000000000000e+05 -1.584851300000000047e+05
-1.650000000000000000e+02 -1.955213000000000000e+06 -1.774662300000000105e+05
-1.650000000000000000e+02 -1.915229000000000000e+06 -9.346933999999999651e+04
-1.650000000000000000e+02 -6.586710000000000000e+05 -2.826086000000000058e+04
-1.650000000000000000e+02 -1.705059000000000000e+06 -2.830426400000000140e+05
-1.650000000000000000e+02 -2.837041000000000000e+06 -2.614147900000000081e+05
-1.650000000000000000e+02 -1.490277000000000000e+06 -2.333349800000000105e+05
-1.650000000000000000e+02 -9.090450000000000000e+05 -7.664774000000000524e+04
-1.650000000000000000e+02 -1.293409000000000000e+06 -5.699866999999999825e+04
-1.650000000000000000e+02 -7.561990000000000000e+05 -1.112882400000000052e+05
-1.650000000000000000e+02 -1.773515000000000000e+06 -3.032045300000000279e+05
-1.650000000000000000e+02 -9.932090000000000000e+05 -1.642690899999999965e+05
-1.650000000000000000e+02 -9.671530000000000000e+05 -5.858022000000000116e+04
-1.650000000000000000e+02 -8.670770000000000000e+05 -4.889565000000000146e+04
-1.650000000000000000e+02 -4.551310000000000000e+05 -6.403984999999999854e+04
-1.650000000000000000e+02 -9.649310000000000000e+05 -1.076217700000000041e+05
-1.650000000000000000e+02 -5.474730000000000000e+05 -7.851175999999999476e+04
-1.650000000000000000e+02 -5.589570000000000000e+05 -1.066658300000000017e+05
-1.650000000000000000e+02 -1.070111000000000000e+06 -7.606310000000000582e+04
-1.650000000000000000e+02 -1.828035000000000000e+06 -2.690723900000000140e+05
-1.650000000000000000e+02 -1.101135000000000000e+06 -1.009625399999999936e+05
-1.650000000000000000e+02 -1.445567000000000000e+06 -5.940088999999999942e+04
-1.650000000000000000e+02 -1.650000000000000000e+02 -1.650000000000000000e+02
-1.650000000000000000e+02 -1.650000000000000000e+02 -1.650000000000000000e+02
-1.650000000000000000e+02 -1.650000000000000000e+02 -1.650000000000000000e+02
-1.650000000000000000e+02 -1.650000000000000000e+02 -1.650000000000000000e+02
-1.650000000000000000e+02 -1.650000000000000000e+02 -1.650000000000000000e+02
-1.650000000000000000e+02 -1.650000000000000000e+02 -1.650000000000000000e+02
-1.650000000000000000e+02 -1.650000000000000000e+02 -1.650000000000000000e+02
-1.650000000000000000e+02 -8.483100000000000000e+04 -5.883300000000000409e+02
-1.650000000000000000e+02 -1.650000000000000000e+02 -1.650000000000000000e+02
-1.650000000000000000e+02 -1.688370000000000000e+05 -1.008360000000000014e+03
-1.650000000000000000e+02 -1.650000000000000000e+02 -1.650000000000000000e+02
-1.650000000000000000e+02 -1.650000000000000000e+02 -1.650000000000000000e+02
-1.650000000000000000e+02 -1.650000000000000000e+02 -1.650000000000000000e+02
-1.650000000000000000e+02 -1.650000000000000000e+02 -1.650000000000000000e+02
-1.650000000000000000e+02 -1.650000000000000000e+02 -1.650000000000000000e+02
-1.650000000000000000e+02 -1.650000000000000000e+02 -1.650000000000000000e+02
-1.650000000000000000e+02 -1.650000000000000000e+02 -1.650000000000000000e+02
-1.650000000000000000e+02 -1.650000000000000000e+02 -1.650000000000000000e+02
-1.650000000000000000e+02 -2.032770000000000000e+05 -1.180559999999999945e+03
-1.650000000000000000e+02 -3.217770000000000000e+05 -8.745420000000000073e+03
-1.650000000000000000e+02 -1.650000000000000000e+02 -1.650000000000000000e+02
-1.650000000000000000e+02 -1.650000000000000000e+02 -1.650000000000000000e+02
-1.650000000000000000e+02 -1.650000000000000000e+02 -1.650000000000000000e+02
-1.650000000000000000e+02 -4.703030000000000000e+05 -2.515690000000000055e+03
-1.650000000000000000e+02 -5.158050000000000000e+05 -8.572790000000000873e+03
-1.650000000000000000e+02 -1.650000000000000000e+02 -1.650000000000000000e+02
-1.650000000000000000e+02 -1.650000000000000000e+02 -1.650000000000000000e+02
-1.650000000000000000e+02 -1.650000000000000000e+02 -1.650000000000000000e+02
-1.650000000000000000e+02 -1.650000000000000000e+02 -1.650000000000000000e+02
-1.650000000000000000e+02 -1.650000000000000000e+02 -1.650000000000000000e+02
-1.650000000000000000e+02 -1.650000000000000000e+02 -1.650000000000000000e+02
-1.650000000000000000e+02 -1.650000000000000000e+02 -1.650000000000000000e+02
-1.650000000000000000e+02 -1.650000000000000000e+02 -1.650000000000000000e+02
-1.650000000000000000e+02 -1.650000000000000000e+02 -1.650000000000000000e+02
-1.650000000000000000e+02 -2.306230000000000000e+05 -1.317289999999999964e+03
-1.650000000000000000e+02 -1.650000000000000000e+02 -1.650000000000000000e+02
-1.650000000000000000e+02 -1.650000000000000000e+02 -1.650000000000000000e+02
-1.650000000000000000e+02 -1.650000000000000000e+02 -1.650000000000000000e+02
-1.650000000000000000e+02 -1.650000000000000000e+02 -1.650000000000000000e+02
