-1.107570000000000000e+05 -3.312687000000000000e+06 -2.551661099999999860e+05
-1.107570000000000000e+05 -6.570463000000000000e+06 -6.556596500000000233e+05
-1.107570000000000000e+05 -4.839633000000000000e+06 -8.924965200000000186e+05
-4.344500000000000000e+04 -2.129073000000000000e+06 -1.653129200000000128e+05
-4.344500000000000000e+04 -5.350229000000000000e+06 -7.064084100000000326e+05
-4.344500000000000000e+04 -2.566139000000000000e+06 -3.814995700000000070e+05
-4.344500000000000000e+04 -2.663187000000000000e+06 -4.962937999999999884e+05
-3.553900000000000000e+04 -2.552225000000000000e+06 -2.291847399999999907e+05
-3.553900000000000000e+04 -3.392783000000000000e+06 -3.259543900000000140e+05
-3.553900000000000000e+04 -4.638529000000000000e+06 -6.753378000000000466e+05
-3.553900000000000000e+04 -3.298527000000000000e+06 -5.832015699999999488e+05
-3.553900000000000000e+04 -1.981649000000000000e+06 -5.748082399999999907e+05
-3.553900000000000000e+04 -4.451547000000000000e+06 -5.117220700000000070e+05
-3.553900000000000000e+04 -2.276597000000000000e+06 -5.603622199999999721e+05
-3.553900000000000000e+04 -6.176663000000000000e+06 -9.134113699999999953e+05
-2.047500000000000000e+04 -5.073359000000000000e+06 -4.781651799999999930e+05
-2.047500000000000000e+04 -5.306605000000000000e+06 -1.240076760000000009e+06
-2.047500000000000000e+04 -4.680651000000000000e+06 -3.367847199999999721e+05
-2.047500000000000000e+04 -5.898555000000000000e+06 -4.543779299999999930e+05
-2.047500000000000000e+04 -4.221515000000000000e+06 -9.940743699999999953e+05
-2.047500000000000000e+04 -3.587829000000000000e+06 -4.611356699999999837e+05
-2.047500000000000000e+04 -3.020563000000000000e+06 -4.787857000000000116e+05
-2.047500000000000000e+04 -3.052981000000000000e+06 -1.903534599999999919e+05
-2.047500000000000000e+04 -1.144570300000000000e+07 -1.499412129999999888e+06
-2.047500000000000000e+04 -3.609635000000000000e+06 -6.894880699999999488e+05
-2.047500000000000000e+04 -4.018971000000000000e+06 -4.832696699999999837e+05
-2.047500000000000000e+04 -1.591601000000000000e+06 -2.446445299999999988e+05
-2.047500000000000000e+04 -3.874363000000000000e+06 -8.372770600000000559e+05
-2.047500000000000000e+04 -4.613985000000000000e+06 -5.061747299999999814e+05
-2.047500000000000000e+04 -3.062989000000000000e+06 -6.488528399999999674e+05
-2.047500000000000000e+04 -3.796675000000000000e+06 -2.855875100000000093e+05
-2.047500000000000000e+04 -3.031251000000000000e+06 -4.636377000000000116e+05
-2.047500000000000000e+04 -4.962273000000000000e+06 -1.165101780000000028e+06
-2.047500000000000000e+04 -3.393655000000000000e+06 -4.933540300000000279e+05
-2.047500000000000000e+04 -4.230797000000000000e+06 -6.600593299999999581e+05
-2.047500000000000000e+04 -5.039841000000000000e+06 -4.215686199999999953e+05
-2.047500000000000000e+04 -2.335873000000000000e+06 -1.956620000000000000e+05
-2.047500000000000000e+04 -5.805415000000000000e+06 -1.740827590000000084e+06
-2.047500000000000000e+04 -5.508039000000000000e+06 -1.645699209999999963e+06
-2.047500000000000000e+04 -3.729333000000000000e+06 -5.771626300000000047e+05
-2.047500000000000000e+04 -7.263117000000000000e+06 -8.974090699999999488e+05
-2.047500000000000000e+04 -1.077835000000000000e+06 -2.564290100000000093e+05
-2.047500000000000000e+04 -3.571197000000000000e+06 -1.279431409999999916e+06
-2.047500000000000000e+04 -4.068915000000000000e+06 -5.896640000000000000e+05
-2.047500000000000000e+04 -2.777799000000000000e+06 -4.354163099999999977e+05
-2.047500000000000000e+04 -4.648449000000000000e+06 -7.922715100000000093e+05
-2.047500000000000000e+04 -1.904759000000000000e+06 -3.170767600000000093e+05
-2.047500000000000000e+04 -2.975185000000000000e+06 -9.257465500000000466e+05
-2.047500000000000000e+04 -3.336171000000000000e+06 -3.691181300000000047e+05
-2.047500000000000000e+04 -4.668609000000000000e+06 -3.172783400000000256e+05
-2.047500000000000000e+04 -5.592997000000000000e+06 -5.040047800000000279e+05
-2.047500000000000000e+04 -3.058007000000000000e+06 -3.938207899999999790e+05
-2.047500000000000000e+04 -2.395883000000000000e+06 -5.917024899999999907e+05
-2.047500000000000000e+04 -2.240499000000000000e+06 -2.761850599999999977e+05
-2.047500000000000000e+04 -2.990697000000000000e+06 -4.152951599999999744e+05
-2.047500000000000000e+04 -2.329923000000000000e+06 -2.348851700000000128e+05
-2.047500000000000000e+04 -1.192471000000000000e+06 -1.113401100000000006e+05
-2.047500000000000000e+04 -2.088827000000000000e+06 -3.532742700000000186e+05
-2.047500000000000000e+04 -1.658555000000000000e+06 -1.508471099999999860e+05
-2.047500000000000000e+04 -8.460310000000000000e+05 -1.291023800000000047e+05
-2.047500000000000000e+04 -3.324405000000000000e+06 -5.442348399999999674e+05
-2.047500000000000000e+04 -2.139981000000000000e+06 -4.909321900000000023e+05
-1.019100000000000000e+04 -1.261333000000000000e+06 -1.474554299999999930e+05
-1.019100000000000000e+04 -2.382165000000000000e+06 -1.266042299999999959e+05
-1.019100000000000000e+04 -1.443715000000000000e+06 -1.351086300000000047e+05
-1.019100000000000000e+04 -1.516935000000000000e+06 -1.698467600000000093e+05
-1.019100000000000000e+04 -1.628347000000000000e+06 -3.903736199999999953e+05
-1.019100000000000000e+04 -1.446473000000000000e+06 -4.350494799999999814e+05
-1.019100000000000000e+04 -1.986855000000000000e+06 -4.973782299999999814e+05
-1.019100000000000000e+04 -1.954667000000000000e+06 -2.990693599999999860e+05
-1.019100000000000000e+04 -2.980393000000000000e+06 -3.927564099999999744e+05
-1.019100000000000000e+04 -1.557753000000000000e+06 -1.696576600000000035e+05
-1.019100000000000000e+04 -1.593277000000000000e+06 -2.508394800000000105e+05
-1.019100000000000000e+04 -7.595270000000000000e+05 -1.166865200000000041e+05
-1.019100000000000000e+04 -2.477991000000000000e+06 -2.573054599999999919e+05
-1.019100000000000000e+04 -2.125491000000000000e+06 -2.021724800000000105e+05
-1.019100000000000000e+04 -1.960761000000000000e+06 -3.087614600000000210e+05
-1.019100000000000000e+04 -2.527379000000000000e+06 -4.012979799999999814e+05
-1.019100000000000000e+04 -1.103815000000000000e+06 -2.145192099999999919e+05
-1.019100000000000000e+04 -2.751647000000000000e+06 -4.200791099999999860e+05
-1.019100000000000000e+04 -1.680529000000000000e+06 -5.935441800000000512e+05
-1.019100000000000000e+04 -2.373389000000000000e+06 -2.703796199999999953e+05
-1.019100000000000000e+04 -1.384117000000000000e+06 -2.562979700000000012e+05
-1.019100000000000000e+04 -8.200950000000000000e+05 -9.206961999999999534e+04
-1.019100000000000000e+04 -1.209161000000000000e+06 -1.298691399999999994e+05
-1.019100000000000000e+04 -1.467057000000000000e+06 -1.030920200000000041e+05
-1.019100000000000000e+04 -7.412270000000000000e+05 -8.880377000000000407e+04
-1.019100000000000000e+04 -5.247010000000000000e+05 -4.316288999999999942e+04
-1.019100000000000000e+04 -1.631131000000000000e+06 -4.513375000000000000e+04
-1.019100000000000000e+04 -1.380631000000000000e+06 -2.412996300000000047e+05
-1.019100000000000000e+04 -1.396901000000000000e+06 -1.881336199999999953e+05
-1.019100000000000000e+04 -5.245650000000000000e+05 -1.016932200000000012e+05
-1.019100000000000000e+04 -9.327470000000000000e+05 -1.755077500000000000e+05
-1.019100000000000000e+04 -1.216127000000000000e+06 -8.702617999999999302e+04
-1.019100000000000000e+04 -5.986270000000000000e+05 -5.529441999999999825e+04
-1.019100000000000000e+04 -1.267871000000000000e+06 -9.247102000000000407e+04
-1.019100000000000000e+04 -4.473690000000000000e+05 -3.655352999999999884e+04
-1.019100000000000000e+04 -9.601210000000000000e+05 -2.043394500000000116e+05
-1.019100000000000000e+04 -7.892250000000000000e+05 -1.064270899999999965e+05
-1.019100000000000000e+04 -1.372535000000000000e+06 -2.106896600000000035e+05
-1.019100000000000000e+04 -1.151799000000000000e+06 -1.188463000000000029e+05
-1.019100000000000000e+04 -1.727731000000000000e+06 -2.587510599999999977e+05
-1.019100000000000000e+04 -3.846570000000000000e+05 -3.405591999999999825e+04
-1.019100000000000000e+04 -1.012511000000000000e+06 -7.163907000000000698e+04
-1.019100000000000000e+04 -1.139525000000000000e+06 -1.736833599999999860e+05
-1.019100000000000000e+04 -8.671850000000000000e+05 -1.205031600000000035e+05
-1.019100000000000000e+04 -2.051893000000000000e+06 -2.620416099999999860e+05
-1.019100000000000000e+04 -1.597333000000000000e+06 -1.140554900000000052e+05
-1.019100000000000000e+04 -4.632570000000000000e+05 -1.333253299999999872e+05
-1.019100000000000000e+04 -1.459171000000000000e+06 -2.505002999999999884e+05
-1.019100000000000000e+04 -2.364487000000000000e+06 -7.441335000000000582e+04
-1.019100000000000000e+04 -1.208311000000000000e+06 -2.454025000000000000e+05
-1.019100000000000000e+04 -7.898330000000000000e+05 -5.323544999999999709e+04
-1.019100000000000000e+04 -1.492307000000000000e+06 -1.818790100000000093e+05
-1.019100000000000000e+04 -1.614307000000000000e+06 -2.316776900000000023e+05
-1.019100000000000000e+04 -9.362230000000000000e+05 -6.913210000000000582e+04
-1.019100000000000000e+04 -8.184670000000000000e+05 -2.023057799999999988e+05
-1.019100000000000000e+04 -8.895330000000000000e+05 -6.760797999999999593e+04
-1.019100000000000000e+04 -1.389757000000000000e+06 -2.806422100000000210e+05
-1.019100000000000000e+04 -1.069037000000000000e+06 -5.750356999999999971e+04
-1.019100000000000000e+04 -1.110545000000000000e+06 -3.942204699999999721e+05
-1.019100000000000000e+04 -1.004861000000000000e+06 -1.230454499999999971e+05
-1.019100000000000000e+04 -1.064235000000000000e+06 -7.546817999999999302e+04
-1.019100000000000000e+04 -1.725773000000000000e+06 -2.208496300000000047e+05
-1.019100000000000000e+04 -1.660743000000000000e+06 -2.170824700000000012e+05
-1.019100000000000000e+04 -6.214730000000000000e+05 -6.660186999999999534e+04
-1.019100000000000000e+04 -1.936445000000000000e+06 -2.477573599999999860e+05
-1.019100000000000000e+04 -9.552750000000000000e+05 -2.708926799999999930e+05
-1.019100000000000000e+04 -1.270135000000000000e+06 -4.918205000000000291e+04
-1.019100000000000000e+04 -9.472410000000000000e+05 -8.136358999999999651e+04
-1.019100000000000000e+04 -1.540025000000000000e+06 -1.743596300000000047e+05
-1.019100000000000000e+04 -8.915810000000000000e+05 -8.793908999999999651e+04
-1.019100000000000000e+04 -9.962850000000000000e+05 -2.074032099999999919e+05
-1.019100000000000000e+04 -1.064157000000000000e+06 -2.264259400000000023e+05
-1.019100000000000000e+04 -5.024050000000000000e+05 -6.210987000000000262e+04
-5.741000000000000000e+03 -1.012171000000000000e+06 -1.199281000000000058e+05
-5.741000000000000000e+03 -1.127347000000000000e+06 -2.082715299999999988e+05
-5.741000000000000000e+03 -9.137830000000000000e+05 -1.777702999999999884e+05
-5.741000000000000000e+03 -7.823670000000000000e+05 -1.780024500000000116e+05
-5.741000000000000000e+03 -6.839670000000000000e+05 -9.487877000000000407e+04
-5.741000000000000000e+03 -5.590370000000000000e+05 -4.184875000000000000e+04
-5.741000000000000000e+03 -1.796843000000000000e+06 -1.624931300000000047e+05
-5.741000000000000000e+03 -1.785143000000000000e+06 -8.731789999999999418e+04
-5.741000000000000000e+03 -8.697850000000000000e+05 -9.367780000000000291e+04
-5.741000000000000000e+03 -5.793850000000000000e+05 -1.228577899999999936e+05
-5.741000000000000000e+03 -2.079365000000000000e+06 -2.783742399999999907e+05
-5.741000000000000000e+03 -8.180290000000000000e+05 -3.388880999999999767e+04
-5.741000000000000000e+03 -1.773547000000000000e+06 -1.413748299999999872e+05
-5.741000000000000000e+03 -1.016775000000000000e+06 -3.453645300000000279e+05
-5.741000000000000000e+03 -1.418309000000000000e+06 -4.610870700000000070e+05
-5.741000000000000000e+03 -6.441030000000000000e+05 -6.816836999999999534e+04
-5.741000000000000000e+03 -6.755710000000000000e+05 -6.295915000000000146e+04
-5.741000000000000000e+03 -1.838155000000000000e+06 -2.723421199999999953e+05
-5.741000000000000000e+03 -1.028755000000000000e+06 -1.609301400000000140e+05
-5.741000000000000000e+03 -2.406753000000000000e+06 -3.081615100000000093e+05
-5.741000000000000000e+03 -1.746817000000000000e+06 -2.970527000000000116e+05
-5.741000000000000000e+03 -2.216447000000000000e+06 -2.297896700000000128e+05
-5.741000000000000000e+03 -1.514847000000000000e+06 -1.294462799999999988e+05
-5.741000000000000000e+03 -1.866301000000000000e+06 -2.495177000000000116e+05
-9.870000000000000000e+02 -7.356010000000000000e+05 -4.259251999999999680e+04
-9.870000000000000000e+02 -8.880730000000000000e+05 -5.933956999999999971e+04
-9.870000000000000000e+02 -9.870000000000000000e+02 -9.870000000000000000e+02
-9.870000000000000000e+02 -9.870000000000000000e+02 -9.870000000000000000e+02
-9.870000000000000000e+02 -9.870000000000000000e+02 -9.870000000000000000e+02
-9.870000000000000000e+02 -1.561770000000000000e+05 -1.762950000000000045e+03
-9.870000000000000000e+02 -3.200630000000000000e+05 -5.847659999999999854e+03
-9.870000000000000000e+02 -9.870000000000000000e+02 -9.870000000000000000e+02
-9.870000000000000000e+02 -9.870000000000000000e+02 -9.870000000000000000e+02
-9.870000000000000000e+02 -9.870000000000000000e+02 -9.870000000000000000e+02
-9.870000000000000000e+02 -9.870000000000000000e+02 -9.870000000000000000e+02
-9.870000000000000000e+02 -9.870000000000000000e+02 -9.870000000000000000e+02
-9.870000000000000000e+02 -6.251300000000000000e+04 -1.294630000000000109e+03
-9.870000000000000000e+02 -9.870000000000000000e+02 -9.870000000000000000e+02
-9.870000000000000000e+02 -9.870000000000000000e+02 -9.870000000000000000e+02
-9.870000000000000000e+02 -9.870000000000000000e+02 -9.870000000000000000e+02
-9.870000000000000000e+02 -9.870000000000000000e+02 -9.870000000000000000e+02
-9.870000000000000000e+02 -3.450150000000000000e+05 -3.166250000000000000e+03
-9.870000000000000000e+02 -9.870000000000000000e+02 -9.870000000000000000e+02
-9.870000000000000000e+02 -9.870000000000000000e+02 -9.870000000000000000e+02
-9.870000000000000000e+02 -9.870000000000000000e+02 -9.870000000000000000e+02
-9.870000000000000000e+02 -1.934230000000000000e+05 -1.949180000000000064e+03
-9.870000000000000000e+02 -3.313910000000000000e+05 -2.639019999999999982e+03
-9.870000000000000000e+02 -9.870000000000000000e+02 -9.870000000000000000e+02
-9.870000000000000000e+02 -1.871850000000000000e+05 -1.917990000000000009e+03
-9.870000000000000000e+02 -9.870000000000000000e+02 -9.870000000000000000e+02
-9.870000000000000000e+02 -9.870000000000000000e+02 -9.870000000000000000e+02
-9.870000000000000000e+02 -1.192073000000000000e+06 -1.042309000000000015e+04
-9.870000000000000000e+02 -9.870000000000000000e+02 -9.870000000000000000e+02
-9.870000000000000000e+02 -5.841730000000000000e+05 -3.902929999999999836e+03
-9.870000000000000000e+02 -4.012330000000000000e+05 -4.432090000000000146e+03
-9.870000000000000000e+02 -9.870000000000000000e+02 -9.870000000000000000e+02
-9.870000000000000000e+02 -9.870000000000000000e+02 -9.870000000000000000e+02
-9.870000000000000000e+02 -9.870000000000000000e+02 -9.870000000000000000e+02
-9.870000000000000000e+02 -9.870000000000000000e+02 -9.870000000000000000e+02
-7.700000000000000000e+01 -9.870000000000000000e+02 -5.365499999999999545e+02
-7.700000000000000000e+01 -9.870000000000000000e+02 -9.975000000000000000e+01
-7.700000000000000000e+01 -7.700000000000000000e+01 -7.700000000000000000e+01
-7.700000000000000000e+01 -4.371550000000000000e+05 -2.262389999999999873e+03
-7.700000000000000000e+01 -7.700000000000000000e+01 -7.700000000000000000e+01
-7.700000000000000000e+01 -7.700000000000000000e+01 -7.700000000000000000e+01
