-6.795770000000000000e+05 -2.460359000000000000e+06 -9.072733299999999581e+05
-3.329730000000000000e+05 -4.410515000000000000e+06 -9.734269399999999441e+05
-1.553910000000000000e+05 -2.796557000000000000e+06 -5.180675900000000256e+05
-1.553910000000000000e+05 -3.162861000000000000e+06 -8.079883000000000466e+05
-1.553910000000000000e+05 -4.144773000000000000e+06 -5.260082299999999814e+05
-1.553910000000000000e+05 -3.605347000000000000e+06 -9.081359799999999814e+05
-1.246950000000000000e+05 -4.789335000000000000e+06 -4.418196699999999837e+05
-1.246950000000000000e+05 -3.634069000000000000e+06 -7.863107500000000000e+05
-2.303000000000000000e+03 -2.108421000000000000e+06 -1.278485700000000070e+05
-2.303000000000000000e+03 -5.969059000000000000e+06 -3.284455100000000093e+05
-2.303000000000000000e+03 -5.749651000000000000e+06 -8.648287199999999721e+05
-2.303000000000000000e+03 -1.124562900000000000e+07 -6.892043599999999860e+05
-2.303000000000000000e+03 -4.709665000000000000e+06 -6.228570200000000186e+05
-2.303000000000000000e+03 -3.562207000000000000e+06 -7.570745600000000559e+05
-2.303000000000000000e+03 -5.606535000000000000e+06 -8.789243100000000559e+05
-2.303000000000000000e+03 -3.068217000000000000e+06 -1.672818200000000070e+05
-2.303000000000000000e+03 -6.204017000000000000e+06 -1.367265149999999907e+06
-2.303000000000000000e+03 -4.699399000000000000e+06 -6.668470999999999767e+05
-2.303000000000000000e+03 -3.735843000000000000e+06 -1.442639500000000116e+05
-2.303000000000000000e+03 -4.801375000000000000e+06 -5.469796800000000512e+05
-2.303000000000000000e+03 -6.838425000000000000e+06 -1.053244300000000047e+06
-2.303000000000000000e+03 -6.307295000000000000e+06 -4.270543699999999953e+05
-2.303000000000000000e+03 -4.775619000000000000e+06 -5.474393499999999767e+05
-2.303000000000000000e+03 -1.091118700000000000e+07 -1.647235909999999916e+06
-2.303000000000000000e+03 -6.048985000000000000e+06 -3.867545300000000279e+05
-2.303000000000000000e+03 -4.329879000000000000e+06 -6.482210699999999488e+05
-2.303000000000000000e+03 -3.143947000000000000e+06 -2.177778500000000058e+05
-2.303000000000000000e+03 -2.428271000000000000e+06 -6.283433900000000140e+05
-2.303000000000000000e+03 -4.187061000000000000e+06 -5.106836199999999953e+05
-2.303000000000000000e+03 -6.871349000000000000e+06 -6.376983599999999860e+05
-2.303000000000000000e+03 -7.304523000000000000e+06 -4.863767999999999884e+05
-2.303000000000000000e+03 -3.068017000000000000e+06 -1.119713699999999953e+05
-2.303000000000000000e+03 -7.181923000000000000e+06 -8.568549799999999814e+05
-2.303000000000000000e+03 -2.252219000000000000e+06 -1.495584100000000035e+05
-2.303000000000000000e+03 -7.909053000000000000e+06 -7.207541500000000233e+05
-2.303000000000000000e+03 -4.814913000000000000e+06 -4.879140399999999790e+05
-2.303000000000000000e+03 -4.221189000000000000e+06 -2.081479299999999930e+05
-2.303000000000000000e+03 -2.851331000000000000e+06 -3.153110800000000163e+05
-2.303000000000000000e+03 -3.395777000000000000e+06 -2.762067399999999907e+05
-2.303000000000000000e+03 -3.287373000000000000e+06 -5.917510300000000279e+05
-2.303000000000000000e+03 -2.511053000000000000e+06 -5.164058800000000047e+05
-2.303000000000000000e+03 -1.291501000000000000e+06 -3.430765499999999884e+05
-2.303000000000000000e+03 -3.006279000000000000e+06 -3.132335900000000256e+05
-2.303000000000000000e+03 -2.232519000000000000e+06 -2.797431199999999953e+05
-2.303000000000000000e+03 -1.667807000000000000e+06 -1.933180000000000000e+05
-2.303000000000000000e+03 -3.469671000000000000e+06 -1.766891000000000058e+05
-2.303000000000000000e+03 -2.830643000000000000e+06 -3.576000900000000256e+05
-2.303000000000000000e+03 -5.062909000000000000e+06 -3.480456500000000233e+05
-2.303000000000000000e+03 -2.571525000000000000e+06 -2.539626199999999953e+05
-2.303000000000000000e+03 -1.915741000000000000e+06 -3.788648499999999767e+05
-2.303000000000000000e+03 -3.609333000000000000e+06 -2.958173599999999860e+05
-2.303000000000000000e+03 -5.623993000000000000e+06 -1.555475879999999888e+06
-2.303000000000000000e+03 -3.709697000000000000e+06 -6.991005000000000000e+05
-2.303000000000000000e+03 -3.619381000000000000e+06 -3.147239500000000116e+05
-2.303000000000000000e+03 -3.305381000000000000e+06 -2.958168800000000047e+05
-2.303000000000000000e+03 -2.350019000000000000e+06 -1.767023399999999965e+05
-2.303000000000000000e+03 -4.596545000000000000e+06 -1.124027399999999907e+06
-2.303000000000000000e+03 -2.505177000000000000e+06 -5.179577999999999884e+05
-2.303000000000000000e+03 -2.603679000000000000e+06 -1.358417799999999988e+05
-2.303000000000000000e+03 -3.981303000000000000e+06 -2.260753699999999953e+05
-2.303000000000000000e+03 -1.699473000000000000e+06 -2.272184500000000116e+05
-2.303000000000000000e+03 -1.945421000000000000e+06 -2.888690999999999767e+05
-2.303000000000000000e+03 -1.676271000000000000e+06 -9.826800000000000000e+04
-2.303000000000000000e+03 -2.119573000000000000e+06 -4.991520499999999884e+05
-2.303000000000000000e+03 -3.618889000000000000e+06 -4.210982899999999790e+05
-2.303000000000000000e+03 -2.814867000000000000e+06 -1.812954800000000105e+05
-2.303000000000000000e+03 -1.896253000000000000e+06 -2.048327900000000081e+05
-2.303000000000000000e+03 -7.290870000000000000e+05 -1.713528900000000140e+05
-2.303000000000000000e+03 -3.372569000000000000e+06 -4.236733599999999860e+05
-2.303000000000000000e+03 -2.852987000000000000e+06 -5.880053399999999674e+05
-2.303000000000000000e+03 -4.090161000000000000e+06 -2.746597299999999814e+05
-2.303000000000000000e+03 -1.474327000000000000e+06 -1.935215400000000081e+05
-2.303000000000000000e+03 -2.447215000000000000e+06 -3.931603400000000256e+05
-2.303000000000000000e+03 -1.839005000000000000e+06 -1.597980499999999884e+05
-2.303000000000000000e+03 -1.057859000000000000e+06 -2.149915899999999965e+05
-2.303000000000000000e+03 -1.336231000000000000e+06 -2.635818900000000140e+05
-2.303000000000000000e+03 -1.800155000000000000e+06 -1.274589499999999971e+05
-2.303000000000000000e+03 -1.540657000000000000e+06 -1.433132699999999895e+05
-2.303000000000000000e+03 -1.495579000000000000e+06 -1.117718600000000006e+05
-2.303000000000000000e+03 -8.601690000000000000e+05 -1.461593500000000058e+05
-2.303000000000000000e+03 -1.240491000000000000e+06 -2.349705000000000000e+05
-2.303000000000000000e+03 -8.481870000000000000e+05 -6.360765000000000146e+04
-2.303000000000000000e+03 -1.345395000000000000e+06 -6.506466999999999825e+04
-2.303000000000000000e+03 -9.326910000000000000e+05 -1.397475899999999965e+05
-2.303000000000000000e+03 -1.327069000000000000e+06 -1.610350499999999884e+05
-2.303000000000000000e+03 -1.709301000000000000e+06 -2.201442699999999895e+05
-2.303000000000000000e+03 -1.103307000000000000e+06 -3.162079199999999837e+05
-2.303000000000000000e+03 -7.717770000000000000e+05 -1.108639400000000023e+05
-2.303000000000000000e+03 -1.339735000000000000e+06 -1.619368800000000047e+05
-2.303000000000000000e+03 -7.566110000000000000e+05 -4.577888999999999942e+04
-2.303000000000000000e+03 -9.745570000000000000e+05 -4.921493000000000029e+04
-2.303000000000000000e+03 -9.628190000000000000e+05 -1.860312500000000000e+05
-2.303000000000000000e+03 -1.397937000000000000e+06 -5.785972000000000116e+04
-2.303000000000000000e+03 -2.041751000000000000e+06 -2.252081199999999953e+05
-2.303000000000000000e+03 -3.123310000000000000e+05 -4.937308999999999651e+04
-2.303000000000000000e+03 -3.054567000000000000e+06 -7.810055999999999767e+04
-2.303000000000000000e+03 -2.322727000000000000e+06 -2.025829200000000128e+05
-2.303000000000000000e+03 -4.970110000000000000e+05 -1.397538900000000140e+05
-2.303000000000000000e+03 -8.595430000000000000e+05 -3.365883999999999651e+04
-2.303000000000000000e+03 -1.788657000000000000e+06 -2.112270899999999965e+05
-2.303000000000000000e+03 -1.243409000000000000e+06 -7.389702999999999884e+04
-2.303000000000000000e+03 -5.202230000000000000e+05 -9.781616000000000349e+04
-2.303000000000000000e+03 -7.984530000000000000e+05 -1.755922900000000081e+05
-2.303000000000000000e+03 -8.368370000000000000e+05 -4.616070999999999913e+04
-2.303000000000000000e+03 -8.122050000000000000e+05 -7.985597000000000116e+04
-2.303000000000000000e+03 -1.390731000000000000e+06 -1.071130200000000041e+05
-2.303000000000000000e+03 -4.392730000000000000e+05 -1.524227000000000044e+04
-2.303000000000000000e+03 -2.656229000000000000e+06 -5.605670999999999913e+04
-2.303000000000000000e+03 -1.001079000000000000e+06 -7.575313999999999942e+04
-2.303000000000000000e+03 -1.246857000000000000e+06 -8.771066000000000349e+04
-2.303000000000000000e+03 -1.200353000000000000e+06 -7.607024000000000524e+04
-2.303000000000000000e+03 -1.297853000000000000e+06 -2.078279100000000035e+05
-2.303000000000000000e+03 -1.246333000000000000e+06 -1.449490400000000081e+05
-2.303000000000000000e+03 -6.941270000000000000e+05 -5.491293000000000029e+04
-2.303000000000000000e+03 -1.692255000000000000e+06 -9.040896000000000640e+04
-2.303000000000000000e+03 -7.124890000000000000e+05 -7.054142999999999302e+04
-2.303000000000000000e+03 -4.719130000000000000e+05 -6.087312999999999738e+04
-2.303000000000000000e+03 -1.389931000000000000e+06 -1.861161099999999860e+05
-2.303000000000000000e+03 -5.583570000000000000e+05 -6.101673999999999796e+04
-2.303000000000000000e+03 -1.376623000000000000e+06 -8.120461999999999534e+04
-2.303000000000000000e+03 -9.518950000000000000e+05 -1.948516600000000035e+05
-2.303000000000000000e+03 -2.934223000000000000e+06 -2.645718300000000163e+05
-2.303000000000000000e+03 -2.645730000000000000e+05 -2.589716999999999825e+04
-2.303000000000000000e+03 -8.923350000000000000e+05 -1.809170499999999884e+05
-2.303000000000000000e+03 -1.262071000000000000e+06 -4.425398999999999796e+04
-2.303000000000000000e+03 -1.368130000000000000e+05 -1.161654999999999927e+04
-2.303000000000000000e+03 -1.215827000000000000e+06 -1.405763800000000047e+05
-2.303000000000000000e+03 -8.447150000000000000e+05 -1.469681199999999953e+05
-2.303000000000000000e+03 -1.044841000000000000e+06 -6.537037000000000262e+04
-2.303000000000000000e+03 -1.014337000000000000e+06 -1.524121900000000023e+05
-2.303000000000000000e+03 -1.218485000000000000e+06 -1.390663099999999977e+05
-2.303000000000000000e+03 -1.388809000000000000e+06 -1.025767200000000012e+05
-2.303000000000000000e+03 -1.760321000000000000e+06 -2.018422300000000105e+05
-2.303000000000000000e+03 -1.757553000000000000e+06 -1.162809499999999971e+05
-2.303000000000000000e+03 -1.328611000000000000e+06 -8.760422999999999593e+04
-2.303000000000000000e+03 -1.614543000000000000e+06 -2.628753200000000070e+05
-2.303000000000000000e+03 -1.368249000000000000e+06 -4.165804400000000023e+05
-2.303000000000000000e+03 -4.840030000000000000e+05 -1.578042200000000012e+05
-2.303000000000000000e+03 -1.011309000000000000e+06 -7.919310000000000582e+04
-2.303000000000000000e+03 -1.501733000000000000e+06 -1.057293200000000070e+05
-2.303000000000000000e+03 -1.402263000000000000e+06 -1.059370099999999948e+05
-2.303000000000000000e+03 -1.401329000000000000e+06 -6.572819999999999709e+04
-2.303000000000000000e+03 -8.697430000000000000e+05 -4.171688999999999942e+04
-2.303000000000000000e+03 -5.622750000000000000e+05 -2.282695000000000073e+04
-2.303000000000000000e+03 -1.278811000000000000e+06 -2.194657699999999895e+05
-2.303000000000000000e+03 -2.023011000000000000e+06 -2.532174599999999919e+05
-2.303000000000000000e+03 -3.517290000000000000e+05 -1.248722999999999956e+04
-2.303000000000000000e+03 -8.353730000000000000e+05 -5.965026999999999680e+04
-2.303000000000000000e+03 -4.311690000000000000e+05 -4.511508000000000175e+04
-2.303000000000000000e+03 -6.277330000000000000e+05 -7.407421000000000640e+04
-2.303000000000000000e+03 -9.255390000000000000e+05 -2.554616099999999860e+05
-2.303000000000000000e+03 -6.499530000000000000e+05 -5.275793000000000029e+04
-2.303000000000000000e+03 -1.370295000000000000e+06 -1.735091300000000047e+05
-2.303000000000000000e+03 -1.989619000000000000e+06 -5.863644799999999814e+05
-2.303000000000000000e+03 -4.409150000000000000e+05 -6.401912000000000262e+04
-2.101000000000000000e+03 -1.662710000000000000e+05 -1.086788999999999942e+04
-2.101000000000000000e+03 -1.243883000000000000e+06 -1.387879599999999919e+05
-2.101000000000000000e+03 -4.574810000000000000e+05 -7.257758999999999651e+04
-2.101000000000000000e+03 -9.105010000000000000e+05 -9.547992999999999302e+04
-2.101000000000000000e+03 -7.563930000000000000e+05 -6.440266999999999825e+04
-2.101000000000000000e+03 -8.853150000000000000e+05 -1.463955499999999884e+05
-2.101000000000000000e+03 -3.419000000000000000e+03 -2.127360000000000127e+03
-2.101000000000000000e+03 -2.101000000000000000e+03 -2.101000000000000000e+03
-2.101000000000000000e+03 -2.101000000000000000e+03 -2.101000000000000000e+03
-2.101000000000000000e+03 -7.878100000000000000e+04 -2.484400000000000091e+03
-2.101000000000000000e+03 -2.101000000000000000e+03 -2.101000000000000000e+03
-2.101000000000000000e+03 -9.563300000000000000e+04 -2.568659999999999854e+03
-1.159000000000000000e+03 -2.101000000000000000e+03 -1.658259999999999991e+03
-1.159000000000000000e+03 -2.101000000000000000e+03 -1.173130000000000109e+03
-1.159000000000000000e+03 -1.159000000000000000e+03 -1.159000000000000000e+03
-1.159000000000000000e+03 -1.159000000000000000e+03 -1.159000000000000000e+03
-1.159000000000000000e+03 -5.673350000000000000e+05 -3.989880000000000109e+03
-1.159000000000000000e+03 -1.159000000000000000e+03 -1.159000000000000000e+03
-1.159000000000000000e+03 -1.737550000000000000e+05 -2.021980000000000018e+03
-1.159000000000000000e+03 -3.248710000000000000e+05 -2.777559999999999945e+03
-1.159000000000000000e+03 -1.159000000000000000e+03 -1.159000000000000000e+03
-1.159000000000000000e+03 -4.553650000000000000e+05 -3.430030000000000200e+03
-1.159000000000000000e+03 -1.159000000000000000e+03 -1.159000000000000000e+03
-1.159000000000000000e+03 -1.159000000000000000e+03 -1.159000000000000000e+03
-1.159000000000000000e+03 -1.159000000000000000e+03 -1.159000000000000000e+03
-1.159000000000000000e+03 -1.159000000000000000e+03 -1.159000000000000000e+03
-1.159000000000000000e+03 -1.159000000000000000e+03 -1.159000000000000000e+03
-1.159000000000000000e+03 -1.159000000000000000e+03 -1.159000000000000000e+03
-1.159000000000000000e+03 -1.159000000000000000e+03 -1.159000000000000000e+03
-1.159000000000000000e+03 -1.159000000000000000e+03 -1.159000000000000000e+03
-1.159000000000000000e+03 -1.159000000000000000e+03 -1.159000000000000000e+03
-1.159000000000000000e+03 -1.159000000000000000e+03 -1.159000000000000000e+03
-1.159000000000000000e+03 -1.159000000000000000e+03 -1.159000000000000000e+03
-1.159000000000000000e+03 -1.159000000000000000e+03 -1.159000000000000000e+03
-1.159000000000000000e+03 -1.159000000000000000e+03 -1.159000000000000000e+03
-1.159000000000000000e+03 -1.159000000000000000e+03 -1.159000000000000000e+03
-1.159000000000000000e+03 -1.395951000000000000e+06 -8.132960000000000036e+03
-1.159000000000000000e+03 -1.159000000000000000e+03 -1.159000000000000000e+03
-1.159000000000000000e+03 -1.159000000000000000e+03 -1.159000000000000000e+03
-1.159000000000000000e+03 -1.159000000000000000e+03 -1.159000000000000000e+03
-1.159000000000000000e+03 -1.006050000000000000e+05 -1.656230000000000018e+03
-1.159000000000000000e+03 -1.159000000000000000e+03 -1.159000000000000000e+03
-1.159000000000000000e+03 -1.159000000000000000e+03 -1.159000000000000000e+03
-1.159000000000000000e+03 -1.159000000000000000e+03 -1.159000000000000000e+03
-1.159000000000000000e+03 -2.050450000000000000e+05 -2.178429999999999836e+03
