-5.760310000000000000e+05 -7.803559000000000000e+06 -1.174491219999999972e+06
-2.188950000000000000e+05 -2.243543000000000000e+06 -3.467208900000000140e+05
-2.188950000000000000e+05 -5.633921000000000000e+06 -1.256831500000000000e+06
-2.188950000000000000e+05 -4.015039000000000000e+06 -5.626860000000000000e+05
-2.188950000000000000e+05 -4.506665000000000000e+06 -9.319024399999999441e+05
-2.188950000000000000e+05 -5.114743000000000000e+06 -9.429923399999999674e+05
-1.987050000000000000e+05 -6.040639000000000000e+06 -5.371684499999999534e+05
-8.898500000000000000e+04 -2.993491000000000000e+06 -2.903208599999999860e+05
-8.898500000000000000e+04 -7.492329000000000000e+06 -8.027433199999999488e+05
-8.898500000000000000e+04 -3.351591000000000000e+06 -2.960712999999999884e+05
-8.898500000000000000e+04 -5.298743000000000000e+06 -7.345819000000000233e+05
-8.898500000000000000e+04 -2.566389000000000000e+06 -2.196204500000000116e+05
-8.898500000000000000e+04 -6.036385000000000000e+06 -4.578362800000000279e+05
-8.898500000000000000e+04 -7.615749000000000000e+06 -1.303344479999999981e+06
-8.898500000000000000e+04 -6.289097000000000000e+06 -8.140278000000000466e+05
-3.421500000000000000e+04 -1.939963000000000000e+06 -2.280500599999999977e+05
-3.421500000000000000e+04 -3.296311000000000000e+06 -3.641372000000000116e+05
-3.421500000000000000e+04 -3.945993000000000000e+06 -7.287085600000000559e+05
-3.421500000000000000e+04 -6.855115000000000000e+06 -7.631570100000000093e+05
-3.421500000000000000e+04 -2.641023000000000000e+06 -7.432692900000000373e+05
-3.421500000000000000e+04 -8.550307000000000000e+06 -1.573038020000000019e+06
-3.421500000000000000e+04 -4.659643000000000000e+06 -7.565653499999999767e+05
-3.421500000000000000e+04 -4.171097000000000000e+06 -5.014704899999999907e+05
-3.421500000000000000e+04 -8.121013000000000000e+06 -3.198134699999999721e+05
-3.421500000000000000e+04 -2.197087000000000000e+06 -3.918428800000000047e+05
-3.421500000000000000e+04 -6.638687000000000000e+06 -5.359248299999999581e+05
-3.421500000000000000e+04 -6.502697000000000000e+06 -9.190367600000000093e+05
-3.421500000000000000e+04 -4.035797000000000000e+06 -6.407701899999999441e+05
-3.421500000000000000e+04 -2.458519000000000000e+06 -5.233728400000000256e+05
-3.421500000000000000e+04 -3.130433000000000000e+06 -5.095291199999999953e+05
-3.421500000000000000e+04 -2.528717000000000000e+06 -3.914507199999999721e+05
-3.421500000000000000e+04 -2.226157000000000000e+06 -4.922893099999999977e+05
-3.421500000000000000e+04 -5.052613000000000000e+06 -2.880284600000000210e+05
-3.421500000000000000e+04 -5.484839000000000000e+06 -9.821140799999999581e+05
-3.421500000000000000e+04 -7.027977000000000000e+06 -2.410854899999999907e+05
-5.450000000000000000e+02 -4.042263000000000000e+06 -3.624761500000000233e+05
-5.450000000000000000e+02 -4.173769000000000000e+06 -1.009713060000000056e+06
-5.450000000000000000e+02 -3.492493000000000000e+06 -2.501581199999999953e+05
-5.450000000000000000e+02 -2.692163000000000000e+06 -5.692023399999999674e+05
-5.450000000000000000e+02 -4.134947000000000000e+06 -1.021843660000000033e+06
-5.450000000000000000e+02 -6.174053000000000000e+06 -5.625061899999999441e+05
-5.450000000000000000e+02 -1.920601000000000000e+06 -3.600077899999999790e+05
-5.450000000000000000e+02 -3.598285000000000000e+06 -3.800320800000000163e+05
-5.450000000000000000e+02 -2.572923000000000000e+06 -1.147479700000000012e+05
-5.450000000000000000e+02 -2.003473000000000000e+06 -2.988138099999999977e+05
-5.450000000000000000e+02 -1.332089000000000000e+06 -2.072518900000000140e+05
-5.450000000000000000e+02 -3.041017000000000000e+06 -3.953391900000000023e+05
-5.450000000000000000e+02 -4.024435000000000000e+06 -3.990147899999999790e+05
-5.450000000000000000e+02 -3.477707000000000000e+06 -4.098954699999999721e+05
-5.450000000000000000e+02 -2.237507000000000000e+06 -1.661062200000000012e+05
-5.450000000000000000e+02 -2.516523000000000000e+06 -3.015065000000000000e+05
-5.450000000000000000e+02 -2.625199000000000000e+06 -2.588242000000000116e+05
-5.450000000000000000e+02 -6.682175000000000000e+06 -2.446709299999999930e+05
-5.450000000000000000e+02 -2.782533000000000000e+06 -1.481220599999999977e+05
-5.450000000000000000e+02 -2.681149000000000000e+06 -3.403624600000000210e+05
-5.450000000000000000e+02 -2.464791000000000000e+06 -2.435678999999999942e+05
-5.450000000000000000e+02 -7.737050000000000000e+05 -1.254024100000000035e+05
-5.450000000000000000e+02 -1.328409000000000000e+06 -1.815112600000000093e+05
-5.450000000000000000e+02 -2.804021000000000000e+06 -4.175495100000000093e+05
-5.450000000000000000e+02 -2.412803000000000000e+06 -2.030731600000000035e+05
-5.450000000000000000e+02 -1.511671000000000000e+06 -2.019496000000000058e+05
-5.450000000000000000e+02 -2.190677000000000000e+06 -2.473146199999999953e+05
-5.450000000000000000e+02 -1.983277000000000000e+06 -2.061954100000000035e+05
-5.450000000000000000e+02 -1.502565000000000000e+06 -1.945798900000000140e+05
-5.450000000000000000e+02 -1.447957000000000000e+06 -1.072143200000000070e+05
-5.450000000000000000e+02 -1.610499000000000000e+06 -1.459942300000000105e+05
-5.450000000000000000e+02 -1.590941000000000000e+06 -2.574059299999999930e+05
-5.450000000000000000e+02 -1.163693000000000000e+06 -1.197779700000000012e+05
-5.450000000000000000e+02 -2.166899000000000000e+06 -3.164432899999999790e+05
-5.450000000000000000e+02 -2.717849000000000000e+06 -3.659007100000000210e+05
-5.450000000000000000e+02 -2.462933000000000000e+06 -3.836558099999999977e+05
-5.450000000000000000e+02 -2.280975000000000000e+06 -1.757144299999999930e+05
-5.450000000000000000e+02 -1.310153000000000000e+06 -1.947892699999999895e+05
-5.450000000000000000e+02 -1.909157000000000000e+06 -1.500311799999999930e+05
-5.450000000000000000e+02 -1.490915000000000000e+06 -4.458889099999999744e+05
-5.450000000000000000e+02 -2.686393000000000000e+06 -2.523860599999999977e+05
-5.450000000000000000e+02 -1.966847000000000000e+06 -2.411475899999999965e+05
-5.450000000000000000e+02 -2.083947000000000000e+06 -2.907933599999999860e+05
-5.450000000000000000e+02 -1.143533000000000000e+06 -2.332299800000000105e+05
-5.450000000000000000e+02 -8.242550000000000000e+05 -5.651569000000000233e+04
-5.450000000000000000e+02 -1.769239000000000000e+06 -2.741759000000000233e+05
-5.450000000000000000e+02 -1.057183000000000000e+06 -1.021864499999999971e+05
-5.450000000000000000e+02 -1.332589000000000000e+06 -1.597903099999999977e+05
-5.450000000000000000e+02 -2.422953000000000000e+06 -3.472855200000000186e+05
-5.450000000000000000e+02 -6.451530000000000000e+05 -7.018450999999999476e+04
-5.450000000000000000e+02 -1.143225000000000000e+06 -2.240353200000000070e+05
-5.450000000000000000e+02 -1.258607000000000000e+06 -1.408794800000000105e+05
-5.450000000000000000e+02 -1.470269000000000000e+06 -2.134509700000000012e+05
-5.450000000000000000e+02 -1.560023000000000000e+06 -1.469308200000000070e+05
-5.450000000000000000e+02 -1.051665000000000000e+06 -2.024311099999999860e+05
-5.450000000000000000e+02 -9.918210000000000000e+05 -5.061386000000000058e+04
-5.450000000000000000e+02 -1.234379000000000000e+06 -3.091680900000000256e+05
-5.450000000000000000e+02 -1.283205000000000000e+06 -1.125362200000000012e+05
-5.450000000000000000e+02 -7.260410000000000000e+05 -9.172036000000000058e+04
-5.450000000000000000e+02 -7.570490000000000000e+05 -7.539763000000000466e+04
-5.450000000000000000e+02 -8.572650000000000000e+05 -9.098341000000000349e+04
-5.450000000000000000e+02 -1.426071000000000000e+06 -1.503133200000000070e+05
-5.450000000000000000e+02 -5.698830000000000000e+05 -1.370785899999999965e+05
-5.450000000000000000e+02 -1.911273000000000000e+06 -4.673344899999999907e+05
-5.450000000000000000e+02 -9.615610000000000000e+05 -1.174228500000000058e+05
-5.450000000000000000e+02 -1.196311000000000000e+06 -4.605793000000000029e+04
-5.450000000000000000e+02 -1.254381000000000000e+06 -1.512838200000000070e+05
-5.450000000000000000e+02 -1.047815000000000000e+06 -1.983876199999999953e+05
-5.450000000000000000e+02 -9.921110000000000000e+05 -1.789449599999999919e+05
-5.450000000000000000e+02 -1.467507000000000000e+06 -2.570876900000000023e+05
-5.450000000000000000e+02 -1.020595000000000000e+06 -1.580998099999999977e+05
-5.450000000000000000e+02 -5.867670000000000000e+05 -2.105987200000000012e+05
-5.450000000000000000e+02 -1.561431000000000000e+06 -1.728190400000000081e+05
-5.450000000000000000e+02 -5.307050000000000000e+05 -5.896147000000000116e+04
-5.450000000000000000e+02 -1.090359000000000000e+06 -6.172675000000000000e+04
-5.450000000000000000e+02 -8.022310000000000000e+05 -1.025156499999999942e+05
-5.450000000000000000e+02 -9.366090000000000000e+05 -6.868941000000000349e+04
-5.450000000000000000e+02 -9.263730000000000000e+05 -1.709226199999999953e+05
-5.450000000000000000e+02 -1.687719000000000000e+06 -3.132225700000000070e+05
-5.450000000000000000e+02 -7.078110000000000000e+05 -1.507417200000000012e+05
-5.450000000000000000e+02 -2.923290000000000000e+05 -2.229915999999999985e+04
-5.450000000000000000e+02 -2.014003000000000000e+06 -3.308089199999999837e+05
-5.450000000000000000e+02 -1.343637000000000000e+06 -8.716746000000000640e+04
-5.450000000000000000e+02 -9.094290000000000000e+05 -7.135399000000000524e+04
-5.450000000000000000e+02 -9.926370000000000000e+05 -1.302923899999999994e+05
-5.450000000000000000e+02 -7.393750000000000000e+05 -5.124418000000000029e+04
-5.450000000000000000e+02 -3.200350000000000000e+05 -1.913565000000000146e+04
-5.450000000000000000e+02 -1.630349000000000000e+06 -4.311138999999999942e+04
-5.450000000000000000e+02 -2.694050000000000000e+05 -4.249480000000000291e+04
-5.450000000000000000e+02 -1.512127000000000000e+06 -4.260519099999999744e+05
-5.450000000000000000e+02 -6.569190000000000000e+05 -8.855183000000000175e+04
-5.450000000000000000e+02 -9.042410000000000000e+05 -2.280635299999999988e+05
-5.450000000000000000e+02 -7.990110000000000000e+05 -1.762638099999999977e+05
-5.450000000000000000e+02 -8.965910000000000000e+05 -6.383900000000000000e+04
-5.450000000000000000e+02 -1.526155000000000000e+06 -1.634618399999999965e+05
-5.450000000000000000e+02 -4.134730000000000000e+05 -2.396045000000000073e+04
-5.450000000000000000e+02 -1.763413000000000000e+06 -2.778662999999999884e+05
-5.450000000000000000e+02 -1.484913000000000000e+06 -1.889619899999999907e+05
-5.450000000000000000e+02 -1.453687000000000000e+06 -1.485455599999999977e+05
-5.450000000000000000e+02 -4.800390000000000000e+05 -9.575286000000000058e+04
-5.450000000000000000e+02 -6.041030000000000000e+05 -3.272277999999999884e+04
-5.450000000000000000e+02 -1.710185000000000000e+06 -1.151731999999999971e+05
-5.450000000000000000e+02 -1.165345000000000000e+06 -1.426195400000000081e+05
-5.450000000000000000e+02 -9.823330000000000000e+05 -1.343591300000000047e+05
-5.450000000000000000e+02 -2.739627000000000000e+06 -2.319371700000000128e+05
-5.450000000000000000e+02 -8.559850000000000000e+05 -1.816658599999999860e+05
-5.450000000000000000e+02 -1.676545000000000000e+06 -1.137364799999999959e+05
-5.450000000000000000e+02 -4.406130000000000000e+05 -8.415880999999999767e+04
-5.450000000000000000e+02 -1.147337000000000000e+06 -1.668689800000000105e+05
-5.450000000000000000e+02 -1.645827000000000000e+06 -9.401969000000000233e+04
-5.450000000000000000e+02 -9.186270000000000000e+05 -9.056096000000000640e+04
-5.450000000000000000e+02 -7.762730000000000000e+05 -8.390825999999999476e+04
-5.450000000000000000e+02 -5.552110000000000000e+05 -4.850966999999999825e+04
-5.450000000000000000e+02 -7.402050000000000000e+05 -6.107108000000000175e+04
-5.450000000000000000e+02 -1.936677000000000000e+06 -4.498470700000000070e+05
-5.450000000000000000e+02 -6.642330000000000000e+05 -6.005837999999999738e+04
-5.450000000000000000e+02 -1.254887000000000000e+06 -9.640599000000000524e+04
-5.450000000000000000e+02 -6.155870000000000000e+05 -2.965736000000000058e+04
-5.450000000000000000e+02 -1.040499000000000000e+06 -2.060685899999999965e+05
-5.450000000000000000e+02 -1.395155000000000000e+06 -9.942588000000000466e+04
-5.450000000000000000e+02 -1.319209000000000000e+06 -1.579637600000000093e+05
-5.450000000000000000e+02 -1.199071000000000000e+06 -1.898948200000000070e+05
-5.450000000000000000e+02 -9.119290000000000000e+05 -1.741526600000000035e+05
-5.450000000000000000e+02 -4.438210000000000000e+05 -3.556906999999999971e+04
-5.450000000000000000e+02 -1.299937000000000000e+06 -1.572341000000000058e+05
-5.450000000000000000e+02 -5.958070000000000000e+05 -4.289593000000000029e+04
-5.450000000000000000e+02 -2.004850000000000000e+05 -1.544700000000000045e+03
-5.450000000000000000e+02 -5.450000000000000000e+02 -5.450000000000000000e+02
-5.450000000000000000e+02 -5.450000000000000000e+02 -5.450000000000000000e+02
-5.450000000000000000e+02 -5.450000000000000000e+02 -5.450000000000000000e+02
-5.450000000000000000e+02 -2.697930000000000000e+05 -1.891240000000000009e+03
-5.450000000000000000e+02 -5.450000000000000000e+02 -5.450000000000000000e+02
-5.450000000000000000e+02 -5.450000000000000000e+02 -5.450000000000000000e+02
-5.450000000000000000e+02 -5.450000000000000000e+02 -5.450000000000000000e+02
-5.450000000000000000e+02 -5.450000000000000000e+02 -5.450000000000000000e+02
-5.450000000000000000e+02 -5.595830000000000000e+05 -3.340190000000000055e+03
-5.450000000000000000e+02 -5.450000000000000000e+02 -5.450000000000000000e+02
-5.450000000000000000e+02 -5.450000000000000000e+02 -5.450000000000000000e+02
-5.450000000000000000e+02 -5.450000000000000000e+02 -5.450000000000000000e+02
-5.450000000000000000e+02 -5.450000000000000000e+02 -5.450000000000000000e+02
-5.450000000000000000e+02 -5.450000000000000000e+02 -5.450000000000000000e+02
-5.450000000000000000e+02 -5.450000000000000000e+02 -5.450000000000000000e+02
-5.450000000000000000e+02 -5.450000000000000000e+02 -5.450000000000000000e+02
-5.450000000000000000e+02 -5.450000000000000000e+02 -5.450000000000000000e+02
-5.450000000000000000e+02 -5.450000000000000000e+02 -5.450000000000000000e+02
-5.450000000000000000e+02 -4.275700000000000000e+04 -7.560599999999999454e+02
-5.450000000000000000e+02 -5.450000000000000000e+02 -5.450000000000000000e+02
-5.450000000000000000e+02 -1.628950000000000000e+05 -1.356750000000000000e+03
-5.450000000000000000e+02 -5.450000000000000000e+02 -5.450000000000000000e+02
-5.450000000000000000e+02 -5.450000000000000000e+02 -5.450000000000000000e+02
-5.450000000000000000e+02 -5.450000000000000000e+02 -5.450000000000000000e+02
-5.450000000000000000e+02 -5.450000000000000000e+02 -5.450000000000000000e+02
-5.450000000000000000e+02 -3.457250000000000000e+05 -1.328430999999999949e+04
-5.450000000000000000e+02 -5.450000000000000000e+02 -5.450000000000000000e+02
-5.450000000000000000e+02 -5.450000000000000000e+02 -5.450000000000000000e+02
-5.450000000000000000e+02 -5.450000000000000000e+02 -5.450000000000000000e+02
-5.450000000000000000e+02 -5.450000000000000000e+02 -5.450000000000000000e+02
-5.450000000000000000e+02 -5.450000000000000000e+02 -5.450000000000000000e+02
-5.450000000000000000e+02 -5.450000000000000000e+02 -5.450000000000000000e+02
-5.450000000000000000e+02 -5.450000000000000000e+02 -5.450000000000000000e+02
-5.450000000000000000e+02 -5.450000000000000000e+02 -5.450000000000000000e+02
-5.450000000000000000e+02 -5.450000000000000000e+02 -5.450000000000000000e+02
-5.450000000000000000e+02 -5.450000000000000000e+02 -5.450000000000000000e+02
-5.450000000000000000e+02 -5.450000000000000000e+02 -5.450000000000000000e+02
-5.450000000000000000e+02 -5.450000000000000000e+02 -5.450000000000000000e+02
