-1.551510000000000000e+05 -3.436543000000000000e+06 -7.155925699999999488e+05
-1.551510000000000000e+05 -3.537257000000000000e+06 -7.121706500000000233e+05
-1.551510000000000000e+05 -5.969903000000000000e+06 -1.189896209999999963e+06
-4.714100000000000000e+04 -6.343975000000000000e+06 -3.323369099999999744e+05
-4.714100000000000000e+04 -4.513583000000000000e+06 -5.591311300000000047e+05
-4.714100000000000000e+04 -3.979093000000000000e+06 -2.879565599999999977e+05
-4.714100000000000000e+04 -4.735007000000000000e+06 -8.856609200000000419e+05
-4.714100000000000000e+04 -5.145573000000000000e+06 -8.456631500000000233e+05
-4.714100000000000000e+04 -3.463953000000000000e+06 -6.104016800000000512e+05
-4.714100000000000000e+04 -2.845389000000000000e+06 -3.536677999999999884e+05
-4.714100000000000000e+04 -4.135537000000000000e+06 -4.898232100000000210e+05
-4.714100000000000000e+04 -8.001483000000000000e+06 -8.789921700000000419e+05
-4.714100000000000000e+04 -6.432843000000000000e+06 -7.009974300000000512e+05
-4.714100000000000000e+04 -5.110791000000000000e+06 -2.658107899999999790e+05
-4.714100000000000000e+04 -2.599161000000000000e+06 -2.684542299999999814e+05
-4.714100000000000000e+04 -5.324759000000000000e+06 -5.697528299999999581e+05
-4.714100000000000000e+04 -3.128265000000000000e+06 -6.920274799999999814e+05
-4.714100000000000000e+04 -1.975891000000000000e+06 -3.745334299999999930e+05
-4.714100000000000000e+04 -6.125177000000000000e+06 -5.625273399999999674e+05
-4.714100000000000000e+04 -6.155245000000000000e+06 -5.209410999999999767e+05
-4.714100000000000000e+04 -8.396209000000000000e+06 -5.439500600000000559e+05
-4.714100000000000000e+04 -3.184785000000000000e+06 -3.653625399999999790e+05
-4.714100000000000000e+04 -3.933121000000000000e+06 -3.792102000000000116e+05
-4.714100000000000000e+04 -2.405325000000000000e+06 -2.257898099999999977e+05
-4.714100000000000000e+04 -7.577989000000000000e+06 -7.946070200000000186e+05
-4.714100000000000000e+04 -3.875825000000000000e+06 -7.806095400000000373e+05
-4.714100000000000000e+04 -5.396359000000000000e+06 -1.621289050000000047e+06
-4.714100000000000000e+04 -1.591325000000000000e+06 -2.709500100000000093e+05
-1.137000000000000000e+03 -2.347553000000000000e+06 -1.366887799999999988e+05
-1.137000000000000000e+03 -3.010189000000000000e+06 -3.342472399999999907e+05
-1.137000000000000000e+03 -4.900021000000000000e+06 -3.777183599999999860e+05
-1.137000000000000000e+03 -2.888095000000000000e+06 -5.254714699999999721e+05
-1.137000000000000000e+03 -4.507107000000000000e+06 -2.484485000000000000e+05
-1.137000000000000000e+03 -1.703765000000000000e+06 -1.733955400000000081e+05
-1.137000000000000000e+03 -7.022863000000000000e+06 -7.036843499999999767e+05
-1.137000000000000000e+03 -4.012437000000000000e+06 -5.522276300000000047e+05
-1.137000000000000000e+03 -3.701167000000000000e+06 -6.293918100000000559e+05
-1.137000000000000000e+03 -8.096207000000000000e+06 -1.331811270000000019e+06
-1.137000000000000000e+03 -2.395371000000000000e+06 -1.461768699999999953e+05
-1.137000000000000000e+03 -6.483885000000000000e+06 -7.968848699999999953e+05
-1.137000000000000000e+03 -3.271541000000000000e+06 -5.912386999999999534e+05
-1.137000000000000000e+03 -1.346419000000000000e+06 -3.759550900000000256e+05
-1.137000000000000000e+03 -4.482127000000000000e+06 -6.508117299999999814e+05
-1.137000000000000000e+03 -1.600085000000000000e+06 -3.251796400000000140e+05
-1.137000000000000000e+03 -3.115453000000000000e+06 -3.520565000000000000e+05
-1.137000000000000000e+03 -5.365589000000000000e+06 -1.168377580000000075e+06
-1.137000000000000000e+03 -1.315023000000000000e+06 -3.912016699999999837e+05
-1.137000000000000000e+03 -4.733549000000000000e+06 -9.189827199999999721e+05
-1.137000000000000000e+03 -4.677477000000000000e+06 -3.068175300000000279e+05
-1.137000000000000000e+03 -3.082559000000000000e+06 -3.562633800000000047e+05
-1.137000000000000000e+03 -2.601419000000000000e+06 -4.402756799999999930e+05
-1.137000000000000000e+03 -2.760143000000000000e+06 -4.083290900000000256e+05
-1.137000000000000000e+03 -2.472245000000000000e+06 -2.189735400000000081e+05
-1.137000000000000000e+03 -1.623479000000000000e+06 -1.259015200000000041e+05
-1.137000000000000000e+03 -2.186049000000000000e+06 -1.892133200000000070e+05
-1.137000000000000000e+03 -2.767103000000000000e+06 -2.251632099999999919e+05
-1.137000000000000000e+03 -1.910459000000000000e+06 -3.260522299999999814e+05
-1.137000000000000000e+03 -4.787387000000000000e+06 -3.346898400000000256e+05
-1.137000000000000000e+03 -2.101159000000000000e+06 -3.559781599999999744e+05
-1.137000000000000000e+03 -4.178067000000000000e+06 -9.790572600000000093e+05
-1.137000000000000000e+03 -1.522587000000000000e+06 -2.066420400000000081e+05
-1.137000000000000000e+03 -1.242741000000000000e+06 -1.283761499999999942e+05
-1.137000000000000000e+03 -2.457007000000000000e+06 -3.121278800000000047e+05
-1.137000000000000000e+03 -1.112903000000000000e+06 -1.467037200000000012e+05
-1.137000000000000000e+03 -2.977221000000000000e+06 -6.812284599999999627e+05
-1.137000000000000000e+03 -2.893355000000000000e+06 -4.220944699999999721e+05
-1.137000000000000000e+03 -1.800669000000000000e+06 -2.043025100000000093e+05
-1.137000000000000000e+03 -1.995669000000000000e+06 -5.667969000000000233e+04
-1.137000000000000000e+03 -1.522265000000000000e+06 -1.542695799999999872e+05
-1.137000000000000000e+03 -3.038801000000000000e+06 -4.962096500000000233e+05
-1.137000000000000000e+03 -2.696399000000000000e+06 -3.815312000000000116e+05
-1.137000000000000000e+03 -2.571771000000000000e+06 -1.248053699999999953e+05
-1.137000000000000000e+03 -3.319419000000000000e+06 -3.765830999999999767e+05
-1.137000000000000000e+03 -4.821430000000000000e+05 -8.923669999999999709e+04
-1.137000000000000000e+03 -1.805013000000000000e+06 -1.466740599999999977e+05
-1.137000000000000000e+03 -2.992087000000000000e+06 -2.297659200000000128e+05
-1.137000000000000000e+03 -4.222159000000000000e+06 -3.302871099999999860e+05
-1.137000000000000000e+03 -3.011899000000000000e+06 -3.920249899999999907e+05
-1.137000000000000000e+03 -3.659485000000000000e+06 -1.035672400000000052e+05
-1.137000000000000000e+03 -1.442949000000000000e+06 -2.230863999999999942e+05
-1.137000000000000000e+03 -1.105621000000000000e+06 -1.570499700000000012e+05
-1.137000000000000000e+03 -1.569817000000000000e+06 -1.203388899999999994e+05
-1.137000000000000000e+03 -8.830730000000000000e+05 -6.411219999999999709e+04
-1.137000000000000000e+03 -1.231767000000000000e+06 -3.062802000000000044e+04
-1.137000000000000000e+03 -2.029150000000000000e+05 -2.171581999999999971e+04
-1.137000000000000000e+03 -1.824703000000000000e+06 -1.618790499999999884e+05
-1.137000000000000000e+03 -8.604930000000000000e+05 -9.878158999999999651e+04
-1.137000000000000000e+03 -1.274031000000000000e+06 -5.032705000000000291e+04
-1.137000000000000000e+03 -2.085167000000000000e+06 -2.196948800000000047e+05
-1.137000000000000000e+03 -2.039015000000000000e+06 -5.732449399999999441e+05
-1.137000000000000000e+03 -1.605445000000000000e+06 -1.589647699999999895e+05
-1.137000000000000000e+03 -2.373143000000000000e+06 -2.978020100000000093e+05
-1.137000000000000000e+03 -1.265719000000000000e+06 -1.349375199999999895e+05
-1.137000000000000000e+03 -8.673670000000000000e+05 -4.805747000000000116e+04
-1.137000000000000000e+03 -1.044859000000000000e+06 -2.387936000000000058e+04
-1.137000000000000000e+03 -5.665370000000000000e+05 -1.047076900000000023e+05
-1.137000000000000000e+03 -8.415890000000000000e+05 -2.795365100000000093e+05
-1.137000000000000000e+03 -1.589655000000000000e+06 -2.294672099999999919e+05
-1.137000000000000000e+03 -9.710790000000000000e+05 -1.003754600000000064e+05
-1.137000000000000000e+03 -1.658773000000000000e+06 -2.442012500000000000e+05
-1.137000000000000000e+03 -1.142027000000000000e+06 -8.234341000000000349e+04
-1.137000000000000000e+03 -1.843229000000000000e+06 -1.491006700000000128e+05
-1.137000000000000000e+03 -1.049579000000000000e+06 -3.573205000000000291e+04
-1.137000000000000000e+03 -9.655290000000000000e+05 -2.748134199999999837e+05
-1.137000000000000000e+03 -9.182090000000000000e+05 -1.862729599999999919e+05
-1.137000000000000000e+03 -1.742891000000000000e+06 -1.470336000000000058e+05
-1.137000000000000000e+03 -8.639450000000000000e+05 -4.058558999999999651e+04
-1.137000000000000000e+03 -1.043005000000000000e+06 -1.766472099999999919e+05
-1.137000000000000000e+03 -3.744710000000000000e+05 -1.932188999999999942e+04
-1.137000000000000000e+03 -1.957599000000000000e+06 -2.625787000000000116e+05
-1.137000000000000000e+03 -2.899945000000000000e+06 -1.445339299999999930e+05
-1.137000000000000000e+03 -1.182847000000000000e+06 -6.742261999999999534e+04
-1.137000000000000000e+03 -8.823850000000000000e+05 -1.243950700000000070e+05
-1.137000000000000000e+03 -1.401991000000000000e+06 -1.526302300000000105e+05
-1.137000000000000000e+03 -2.864157000000000000e+06 -2.481049100000000035e+05
-1.137000000000000000e+03 -9.878670000000000000e+05 -1.589027500000000000e+05
-1.137000000000000000e+03 -1.570067000000000000e+06 -1.497800899999999965e+05
-1.137000000000000000e+03 -1.201349000000000000e+06 -1.194419799999999959e+05
-1.137000000000000000e+03 -1.624125000000000000e+06 -1.386699599999999919e+05
-1.137000000000000000e+03 -2.931630000000000000e+05 -1.172654999999999927e+04
-1.137000000000000000e+03 -2.015879000000000000e+06 -2.558107300000000105e+05
-1.137000000000000000e+03 -1.012079000000000000e+06 -8.585713000000000466e+04
-1.137000000000000000e+03 -9.477610000000000000e+05 -1.301816600000000035e+05
-1.137000000000000000e+03 -1.045653000000000000e+06 -1.565732999999999884e+05
-1.137000000000000000e+03 -9.657930000000000000e+05 -9.007664999999999418e+04
-1.137000000000000000e+03 -7.876790000000000000e+05 -6.814147000000000116e+04
-1.137000000000000000e+03 -1.011911000000000000e+06 -1.948588500000000058e+05
-1.137000000000000000e+03 -7.921310000000000000e+05 -1.789783800000000047e+05
-1.137000000000000000e+03 -1.295659000000000000e+06 -3.378280800000000163e+05
-1.137000000000000000e+03 -1.062197000000000000e+06 -3.105220200000000186e+05
-1.137000000000000000e+03 -1.026237000000000000e+06 -1.183889299999999930e+05
-1.137000000000000000e+03 -1.022061000000000000e+06 -8.603175999999999476e+04
-1.137000000000000000e+03 -1.161321000000000000e+06 -1.096424400000000023e+05
-1.137000000000000000e+03 -8.979590000000000000e+05 -8.334692999999999302e+04
-1.137000000000000000e+03 -1.500177000000000000e+06 -3.811121599999999744e+05
-1.137000000000000000e+03 -9.040270000000000000e+05 -1.105497299999999959e+05
-1.137000000000000000e+03 -9.064750000000000000e+05 -1.774403599999999860e+05
-1.137000000000000000e+03 -2.008235000000000000e+06 -1.502812399999999907e+05
-1.137000000000000000e+03 -6.876510000000000000e+05 -1.771783000000000175e+04
-1.137000000000000000e+03 -1.106761000000000000e+06 -1.737639899999999907e+05
-1.137000000000000000e+03 -6.181350000000000000e+05 -2.188698299999999872e+05
-1.137000000000000000e+03 -1.759393000000000000e+06 -1.446048599999999860e+05
-1.137000000000000000e+03 -7.277110000000000000e+05 -1.244141900000000023e+05
-1.137000000000000000e+03 -1.115185000000000000e+06 -6.603903999999999360e+04
-1.137000000000000000e+03 -7.594110000000000000e+05 -5.167333999999999651e+04
-1.137000000000000000e+03 -1.069051000000000000e+06 -1.118372299999999959e+05
-1.137000000000000000e+03 -1.798055000000000000e+06 -3.995360700000000070e+05
-1.137000000000000000e+03 -3.144645000000000000e+06 -1.779716199999999953e+05
-1.137000000000000000e+03 -2.866090000000000000e+05 -7.162522999999999593e+04
-1.137000000000000000e+03 -1.928163000000000000e+06 -2.742591099999999860e+05
-1.137000000000000000e+03 -1.453395000000000000e+06 -2.054065100000000093e+05
-1.137000000000000000e+03 -1.507585000000000000e+06 -1.161166799999999930e+05
-1.137000000000000000e+03 -1.666607000000000000e+06 -9.842266999999999825e+04
-1.137000000000000000e+03 -8.531330000000000000e+05 -1.008409199999999983e+05
-1.137000000000000000e+03 -1.536631000000000000e+06 -1.086852299999999959e+05
-1.137000000000000000e+03 -1.135101000000000000e+06 -1.349574100000000035e+05
-1.137000000000000000e+03 -1.619727000000000000e+06 -2.754505700000000070e+05
-1.137000000000000000e+03 -8.041210000000000000e+05 -5.293561000000000058e+04
-1.137000000000000000e+03 -1.313163000000000000e+06 -1.170641000000000058e+05
-1.137000000000000000e+03 -1.043279000000000000e+06 -5.197865000000000146e+04
-1.137000000000000000e+03 -2.122303000000000000e+06 -1.712715799999999872e+05
-1.137000000000000000e+03 -2.021550000000000000e+05 -8.395360000000000582e+03
-1.137000000000000000e+03 -1.137000000000000000e+03 -1.137000000000000000e+03
-1.137000000000000000e+03 -1.137000000000000000e+03 -1.137000000000000000e+03
-1.137000000000000000e+03 -1.137000000000000000e+03 -1.137000000000000000e+03
-1.137000000000000000e+03 -1.137000000000000000e+03 -1.137000000000000000e+03
-1.137000000000000000e+03 -1.137000000000000000e+03 -1.137000000000000000e+03
-1.137000000000000000e+03 -1.137000000000000000e+03 -1.137000000000000000e+03
-1.137000000000000000e+03 -1.137000000000000000e+03 -1.137000000000000000e+03
-1.137000000000000000e+03 -1.137000000000000000e+03 -1.137000000000000000e+03
-1.137000000000000000e+03 -6.630300000000000000e+04 -1.462829999999999927e+03
-1.137000000000000000e+03 -1.137000000000000000e+03 -1.137000000000000000e+03
-1.137000000000000000e+03 -3.422650000000000000e+05 -1.010521999999999935e+04
-1.137000000000000000e+03 -1.137000000000000000e+03 -1.137000000000000000e+03
-1.137000000000000000e+03 -1.137000000000000000e+03 -1.137000000000000000e+03
-1.137000000000000000e+03 -1.137000000000000000e+03 -1.137000000000000000e+03
-1.137000000000000000e+03 -1.137000000000000000e+03 -1.137000000000000000e+03
-1.137000000000000000e+03 -1.137000000000000000e+03 -1.137000000000000000e+03
-1.137000000000000000e+03 -4.388570000000000000e+05 -5.154659999999999854e+03
-1.137000000000000000e+03 -1.137000000000000000e+03 -1.137000000000000000e+03
-1.137000000000000000e+03 -1.137000000000000000e+03 -1.137000000000000000e+03
-1.137000000000000000e+03 -1.137000000000000000e+03 -1.137000000000000000e+03
-1.137000000000000000e+03 -1.137000000000000000e+03 -1.137000000000000000e+03
-1.137000000000000000e+03 -1.137000000000000000e+03 -1.137000000000000000e+03
-1.137000000000000000e+03 -1.137000000000000000e+03 -1.137000000000000000e+03
-1.137000000000000000e+03 -1.137000000000000000e+03 -1.137000000000000000e+03
-1.137000000000000000e+03 -1.137000000000000000e+03 -1.137000000000000000e+03
-1.137000000000000000e+03 -1.137000000000000000e+03 -1.137000000000000000e+03
-1.137000000000000000e+03 -1.137000000000000000e+03 -1.137000000000000000e+03
-1.137000000000000000e+03 -1.137000000000000000e+03 -1.137000000000000000e+03
-1.137000000000000000e+03 -1.137000000000000000e+03 -1.137000000000000000e+03
-1.137000000000000000e+03 -1.137000000000000000e+03 -1.137000000000000000e+03
-1.137000000000000000e+03 -1.137000000000000000e+03 -1.137000000000000000e+03
-1.137000000000000000e+03 -1.137000000000000000e+03 -1.137000000000000000e+03
-1.137000000000000000e+03 -1.137000000000000000e+03 -1.137000000000000000e+03
-1.137000000000000000e+03 -1.540530000000000000e+05 -2.666159999999999854e+03
-1.137000000000000000e+03 -1.137000000000000000e+03 -1.137000000000000000e+03
-1.137000000000000000e+03 -1.137000000000000000e+03 -1.137000000000000000e+03
-1.137000000000000000e+03 -1.941210000000000000e+05 -2.264400000000000091e+03
-1.137000000000000000e+03 -4.024070000000000000e+05 -3.143349999999999909e+03
