13163472.0000 12557674.0000 13007468.2850
13163472.0000 12315512.0000 12960698.8700
13163472.0000 12273021.0000 12942367.6850
13163472.0000 12423060.0000 12944677.0050
13163472.0000 12370982.0000 12930087.2050
13163472.0000 12439258.0000 13095982.1850
13163472.0000 12358869.0000 12994392.0200
13198792.0000 12715966.0000 13105718.0750
13329692.0000 12577702.0000 13227845.5050
13329692.0000 12938302.0000 13225743.5850
13329692.0000 12225677.0000 13132414.1250
13329692.0000 12898689.0000 13243433.5500
13329692.0000 12744287.0000 13218502.3200
13329692.0000 12674428.0000 13208271.1900
13329692.0000 12938782.0000 13236156.9550
13329692.0000 12934528.0000 13268954.1600
13329692.0000 12735723.0000 13267944.1400
13329692.0000 12597318.0000 13195562.3150
13408725.0000 12741958.0000 13273571.3650
13408725.0000 12748591.0000 13254658.7850
13408725.0000 12655299.0000 13292691.7250
13408725.0000 13123616.0000 13375892.9800
13408725.0000 13020499.0000 13386071.2000
13408725.0000 13157150.0000 13377508.3900
13408725.0000 12853865.0000 13395935.2400
13517399.0000 13049668.0000 13428844.4100
13517399.0000 13000485.0000 13453670.0450
13517399.0000 12809631.0000 13472454.7600
13549094.0000 13071169.0000 13520539.4900
13549094.0000 13194393.0000 13530695.5800
13549094.0000 13017293.0000 13501511.3700
13549094.0000 12853774.0000 13493442.8600
13549094.0000 13124509.0000 13520455.9650
13549094.0000 13179833.0000 13481133.9100
13549094.0000 13102864.0000 13527072.8900
13549094.0000 13041517.0000 13517824.1550
13549094.0000 13344960.0000 13545626.9700
13549094.0000 13398867.0000 13547716.9350
13549094.0000 12978401.0000 13539755.1750
13549094.0000 13179833.0000 13520180.7200
13549094.0000 12971851.0000 13478832.0200
13549094.0000 12930671.0000 13514623.5500
13549094.0000 13265571.0000 13537112.3850
13549094.0000 13140144.0000 13511248.6550
13549094.0000 13117412.0000 13527504.5200
13549094.0000 13041517.0000 13520622.3650
13549094.0000 12926613.0000 13507251.3100
13549094.0000 13230915.0000 13522559.4150
13549094.0000 13401551.0000 13540086.0200
13549094.0000 12992243.0000 13479265.6050
