13098270.0000 12757932.0000 13002335.7600
13302192.0000 12868779.0000 13223256.4100
13302192.0000 12495033.0000 13143705.1900
13302192.0000 12523580.0000 13150523.8400
13302192.0000 12472815.0000 13053927.0800
13302192.0000 12519711.0000 13044343.0300
13302192.0000 12393778.0000 13098288.5700
13302192.0000 12786389.0000 13205647.9100
13302192.0000 12354396.0000 12974138.5800
13302192.0000 12589387.0000 13171132.8500
13302192.0000 12817429.0000 13169265.5100
13302192.0000 12517986.0000 13155004.0000
13302192.0000 12723291.0000 13178205.9700
13302192.0000 12873983.0000 13186976.8100
13302192.0000 12616937.0000 13163036.4000
13302192.0000 12754477.0000 13262891.3600
13324582.0000 12891255.0000 13289569.5500
13324582.0000 12769114.0000 13218389.2800
13324582.0000 12901516.0000 13268765.6200
13324582.0000 12793402.0000 13189890.1000
13324582.0000 12719570.0000 13213234.8600
13324582.0000 12958920.0000 13198452.6300
13324582.0000 13021052.0000 13278689.7500
13324582.0000 13056453.0000 13312650.0700
13324582.0000 12830565.0000 13291585.6800
13324582.0000 12650893.0000 13253386.5700
13324582.0000 12500740.0000 13166838.9500
13324582.0000 12773468.0000 13273934.8000
13394815.0000 13126365.0000 13364545.2600
13394815.0000 13069636.0000 13312918.6700
13394815.0000 12762513.0000 13217612.3600
13394815.0000 12636069.0000 13330599.6500
13394815.0000 13025554.0000 13326147.3700
13394815.0000 13078378.0000 13288418.2700
13394815.0000 12951010.0000 13260431.8000
13394815.0000 12875171.0000 13332231.5400
13394815.0000 12747775.0000 13330332.1000
13394815.0000 13190681.0000 13386792.1700
13394815.0000 13303464.0000 13380768.2400
13394815.0000 12900100.0000 13242197.0400
13394815.0000 12925251.0000 13347146.9700
13394815.0000 13044129.0000 13318172.4200
13394815.0000 13099153.0000 13390977.1700
13394815.0000 13084281.0000 13386021.0600
13394815.0000 13269573.0000 13391146.7000
13394815.0000 13229516.0000 13371669.1000
13394815.0000 13366357.0000 13393953.3700
13394815.0000 13025554.0000 13360622.6900
13394815.0000 13168447.0000 13366396.8100
13394815.0000 13303939.0000 13392088.7200
13394815.0000 13281043.0000 13389571.2400
13394815.0000 13260347.0000 13389349.6400
13394815.0000 13296691.0000 13390921.9300
13394815.0000 12814923.0000 13379451.3700
13394815.0000 13297389.0000 13392866.4800
13394815.0000 13245416.0000 13391564.3300
13394815.0000 13321898.0000 13394085.8300
13394815.0000 13080786.0000 13364684.9000
13394815.0000 13297389.0000 13389253.8000
13394815.0000 12719448.0000 13380066.0500
13394815.0000 13314212.0000 13381042.4500
13457089.0000 13296691.0000 13420573.2000
13457089.0000 13199265.0000 13423439.8100
13457089.0000 13265345.0000 13438921.3200
13457089.0000 13165647.0000 13395779.4100
13457089.0000 13316394.0000 13454664.5300
13457089.0000 13291790.0000 13447770.8500
13457089.0000 13008542.0000 13438727.4400
13457089.0000 13185955.0000 13442505.3800
13457089.0000 13098647.0000 13447652.8100
13457089.0000 13289997.0000 13453235.2700
13458645.0000 13161055.0000 13455015.5800
13458645.0000 13046661.0000 13428026.9500
13458645.0000 13219788.0000 13456256.4300
13458645.0000 13015507.0000 13435155.1600
13458645.0000 13458645.0000 13458645.0000
13458645.0000 13361219.0000 13452752.1400
13509694.0000 13309431.0000 13483906.6400
13509694.0000 13256569.0000 13488533.3600
13509694.0000 13359467.0000 13508191.7300
13509694.0000 12996200.0000 13434949.0400
13509694.0000 13509694.0000 13509694.0000
13509694.0000 13509694.0000 13509694.0000
13509694.0000 13509694.0000 13509694.0000
13509694.0000 13509694.0000 13509694.0000
13509694.0000 13509694.0000 13509694.0000
13509694.0000 13509694.0000 13509694.0000
13509694.0000 13509694.0000 13509694.0000
13509694.0000 13509694.0000 13509694.0000
13509694.0000 13509694.0000 13509694.0000
13509694.0000 13509694.0000 13509694.0000
13509694.0000 13509694.0000 13509694.0000
13509694.0000 13509694.0000 13509694.0000
13509694.0000 13509694.0000 13509694.0000
13509694.0000 13509694.0000 13509694.0000
13509694.0000 13509694.0000 13509694.0000
13509694.0000 13509694.0000 13509694.0000
13509694.0000 13509694.0000 13509694.0000
13509694.0000 13509694.0000 13509694.0000
13509694.0000 13509694.0000 13509694.0000
