13096421.0000 12531981.0000 12965669.0900
13096421.0000 12327092.0000 12973150.9500
13096421.0000 12418845.0000 12945700.6500
13096421.0000 12277075.0000 12986992.0350
13096421.0000 12360468.0000 12852416.9600
13096421.0000 12574885.0000 12958703.2700
13241308.0000 12285534.0000 13130203.2500
13241308.0000 12235953.0000 13042739.6500
13241308.0000 12231143.0000 13065191.2500
13241308.0000 12531300.0000 13015179.6500
13241308.0000 12691946.0000 13092700.5800
13241308.0000 12822528.0000 13182989.2100
13241308.0000 12902371.0000 13147437.8250
13241308.0000 12936133.0000 13193050.4400
13280844.0000 12936216.0000 13219659.6950
13380412.0000 12726492.0000 13271358.9600
13468533.0000 12644644.0000 13308036.3100
13468533.0000 12797779.0000 13305451.1550
13468533.0000 12875352.0000 13216411.7100
13468533.0000 12720450.0000 13228907.0400
13468533.0000 12960295.0000 13359337.5250
13468533.0000 13099272.0000 13391112.9650
13468533.0000 13001846.0000 13381950.5250
13468533.0000 13243704.0000 13442185.3150
13471217.0000 12477196.0000 13413995.8300
13471217.0000 13138844.0000 13421540.5800
13471217.0000 13036984.0000 13437945.4000
13477838.0000 13156139.0000 13461927.8350
13477838.0000 13117186.0000 13471681.2150
13477838.0000 13168974.0000 13446123.5800
13477838.0000 13316056.0000 13472309.8450
13477838.0000 12939934.0000 13442133.2450
13477838.0000 13328624.0000 13475892.8250
13505878.0000 12848807.0000 13479402.0250
13505878.0000 13136617.0000 13478253.6550
13505878.0000 13154934.0000 13462379.1950
13505878.0000 12995917.0000 13473656.5500
13505878.0000 13057241.0000 13459365.8950
13505878.0000 13246964.0000 13472710.0550
13505878.0000 13133552.0000 13440048.9300
13505878.0000 13039621.0000 13483406.2500
13505878.0000 12815595.0000 13375248.9900
13505878.0000 13255413.0000 13450850.7350
13505878.0000 13117652.0000 13491628.7650
13505878.0000 13028041.0000 13485785.5250
13505878.0000 13188639.0000 13486997.4700
13505878.0000 12956399.0000 13473595.8250
13505878.0000 13039621.0000 13468696.9100
13505878.0000 13035686.0000 13412996.3300
13505878.0000 12853052.0000 13455310.5050
