13199384.0000 12402814.0000 13060947.7100
13199384.0000 12140968.0000 13008285.5350
13204142.0000 12597829.0000 13099594.2650
13216436.0000 12383258.0000 13034529.2400
13216436.0000 12597153.0000 13057436.1550
13216436.0000 12278301.0000 12957428.6300
13376282.0000 12267932.0000 13146168.7600
13376282.0000 12635470.0000 13203959.1700
13376282.0000 12793396.0000 13232353.4100
13376282.0000 12775647.0000 13294807.4300
13376282.0000 12356660.0000 13163229.3800
13391325.0000 12944132.0000 13302948.0650
13411834.0000 12916750.0000 13351802.2900
13411834.0000 12726122.0000 13312954.9150
13413354.0000 12948766.0000 13313590.6050
13434467.0000 12796150.0000 13349429.7300
13434467.0000 12842758.0000 13367870.9250
13434467.0000 12885932.0000 13296624.9450
13434467.0000 12911766.0000 13297646.9800
13434467.0000 12963537.0000 13379550.2400
13434467.0000 12796457.0000 13315504.4700
13434467.0000 12966566.0000 13394076.6600
13434467.0000 13165189.0000 13429045.6050
13436838.0000 13070691.0000 13424740.0050
13436838.0000 13071530.0000 13406752.4700
13468533.0000 13068459.0000 13390259.3800
13477838.0000 13017389.0000 13425337.2600
13521334.0000 13073316.0000 13468740.3100
13521334.0000 12941915.0000 13380220.6300
13521334.0000 13063813.0000 13396126.3150
13521334.0000 13169987.0000 13492882.7850
13521334.0000 13055077.0000 13499484.0150
13521334.0000 13083138.0000 13456856.6850
13521334.0000 13249499.0000 13493253.7800
13521334.0000 13307796.0000 13511928.9350
13521334.0000 13140782.0000 13457114.3400
13521334.0000 12799713.0000 13429652.6300
13521334.0000 12920625.0000 13446904.3400
13521334.0000 13165967.0000 13448782.6450
13521334.0000 12969286.0000 13409075.4050
13521334.0000 13245564.0000 13509564.0000
13521334.0000 13271171.0000 13509648.6200
13521334.0000 13248121.0000 13508951.6000
13521334.0000 12793166.0000 13477742.9300
13521334.0000 12898853.0000 13491996.0200
13521334.0000 13044858.0000 13512851.2250
13521334.0000 13049182.0000 13482644.4950
13549094.0000 12986774.0000 13508070.7500
13549094.0000 12674400.0000 13380064.4450
13549094.0000 13146120.0000 13496322.8050
