13117699.0000 12145651.0000 12904875.4700
13117699.0000 12541202.0000 12986809.7100
13117699.0000 12453304.0000 12909873.9600
13117699.0000 12306556.0000 13019664.1350
13247566.0000 12776206.0000 13088924.2750
13247566.0000 12543211.0000 13104039.5150
13247566.0000 12725732.0000 13064690.1100
13247566.0000 12840644.0000 13133767.4150
13247566.0000 12494038.0000 13042715.5550
13247566.0000 12582118.0000 13135609.9300
13247566.0000 12281856.0000 13040086.9250
13247566.0000 12660011.0000 13164183.2000
13247566.0000 12501181.0000 13112032.5150
13288232.0000 12841276.0000 13209616.4200
13288232.0000 13057627.0000 13233509.8800
13288232.0000 12739973.0000 13230978.6700
13302025.0000 12909411.0000 13246469.1200
13302025.0000 12616275.0000 13162393.0700
13302025.0000 12646545.0000 13223684.3950
13302025.0000 12835768.0000 13194389.6700
13302025.0000 12771886.0000 13209905.6500
13302025.0000 12919327.0000 13276501.2850
13403528.0000 13114376.0000 13348259.8000
13403528.0000 13067194.0000 13351682.0500
13403528.0000 12771972.0000 13281608.4700
13403528.0000 12841961.0000 13334785.1500
13515028.0000 12952233.0000 13413647.6400
13515028.0000 13187180.0000 13462377.0600
13515028.0000 13001534.0000 13475538.7750
13515028.0000 12856882.0000 13432860.2750
13515028.0000 13037782.0000 13479879.5200
13515028.0000 13124118.0000 13496341.3200
13518963.0000 13250170.0000 13509891.6050
13518963.0000 13081393.0000 13502708.7600
13518963.0000 13084555.0000 13428666.3550
13518963.0000 13033927.0000 13463853.8900
13518963.0000 12758313.0000 13431377.5350
13518963.0000 12993426.0000 13448955.2100
13518963.0000 13144815.0000 13453702.0350
13518963.0000 13245750.0000 13498154.6000
13518963.0000 12970428.0000 13476024.4500
13518963.0000 13159521.0000 13507284.1000
13518963.0000 13236610.0000 13456187.6300
13518963.0000 12834591.0000 13481697.6900
13518963.0000 13258804.0000 13502946.1400
13518963.0000 13317528.0000 13510267.9000
13518963.0000 12993807.0000 13498646.3100
13518963.0000 12753420.0000 13482536.6450
13518963.0000 13131792.0000 13499508.8450
13518963.0000 13193784.0000 13475365.4200
