12983775.0000 12321516.0000 12893296.0650
13072959.0000 12244331.0000 12957184.2650
13072959.0000 12390811.0000 12905516.9800
13072959.0000 12271147.0000 12905925.1000
13188841.0000 11621653.0000 12976996.0800
13188841.0000 12039319.0000 13000825.6850
13215045.0000 12534229.0000 13111123.5950
13235129.0000 12630021.0000 13123740.5450
13235129.0000 12676714.0000 13153224.1500
13235129.0000 12668514.0000 13032370.9900
13235129.0000 12740104.0000 13104350.4700
13239064.0000 12912951.0000 13198870.8400
13305140.0000 12890073.0000 13222767.4600
13305140.0000 12262943.0000 13138913.1950
13305140.0000 12461540.0000 13110251.8450
13305140.0000 12765141.0000 13228329.7150
13305140.0000 12732384.0000 13220656.4150
13352974.0000 12779984.0000 13288934.1750
13352974.0000 12652154.0000 13269684.8450
13352974.0000 12965152.0000 13288439.4850
13352974.0000 12979666.0000 13297113.6650
13400827.0000 12895691.0000 13335806.9200
13400827.0000 13040878.0000 13355218.3100
13400827.0000 12989502.0000 13357568.4650
13410592.0000 13046887.0000 13376587.0050
13410592.0000 13079823.0000 13400363.5800
13410592.0000 13047589.0000 13380825.3150
13410592.0000 12979643.0000 13393616.5000
13473744.0000 13196693.0000 13429276.8800
13473744.0000 13248091.0000 13465084.2650
13473744.0000 13104483.0000 13439556.6700
13473744.0000 13160174.0000 13419146.7000
13473744.0000 12991700.0000 13461665.3550
13473744.0000 13096394.0000 13428987.4900
13473744.0000 13110676.0000 13459965.4100
13473744.0000 13152840.0000 13446338.7500
13473744.0000 13091963.0000 13433700.9000
13473744.0000 12910061.0000 13404931.2450
13473744.0000 13310587.0000 13448295.4000
13473744.0000 13105214.0000 13460757.0750
13473744.0000 13014709.0000 13457311.1150
13473744.0000 13007487.0000 13372733.8200
13473744.0000 13150721.0000 13454772.0000
13473744.0000 13038752.0000 13430423.7000
13473744.0000 13001856.0000 13439504.4600
13473744.0000 12871537.0000 13358765.8900
13473744.0000 13036373.0000 13394171.1100
13473744.0000 12927763.0000 13421527.3850
13473744.0000 13004861.0000 13413283.1750
13473744.0000 13008962.0000 13369098.1200
