13178964.0000 12509408.0000 13073389.7500
13178964.0000 12159397.0000 12962713.2350
13275592.0000 12370402.0000 13058870.5050
13275592.0000 12482447.0000 13023160.3150
13275592.0000 12345177.0000 13086184.1500
13275592.0000 12373758.0000 13095814.6450
13275592.0000 12662070.0000 13132517.4050
13275592.0000 12568677.0000 13143172.2800
13275592.0000 12753380.0000 13137409.5500
13405470.0000 12524727.0000 13134877.2250
13405470.0000 12732924.0000 13118418.4750
13405470.0000 12830549.0000 13301811.9200
13468533.0000 12932007.0000 13362918.3500
13468533.0000 12864298.0000 13239041.3150
13468533.0000 12980894.0000 13341498.9500
13468533.0000 12512326.0000 13385787.7900
13468533.0000 12949276.0000 13287467.2650
13477838.0000 12996178.0000 13438860.4000
13477838.0000 12957429.0000 13405378.3100
13477838.0000 12914155.0000 13355118.0650
13477838.0000 12875664.0000 13443248.5850
13477838.0000 12928994.0000 13437282.0550
13477838.0000 13091046.0000 13448175.8050
13477838.0000 13094143.0000 13469242.1250
13477838.0000 12874151.0000 13448641.0350
13477838.0000 13142368.0000 13459643.0950
13477838.0000 13252729.0000 13470792.7400
13477838.0000 12888525.0000 13431035.3500
13477838.0000 13252729.0000 13462480.3650
13477838.0000 13056825.0000 13439699.3500
13477838.0000 13105340.0000 13462319.1750
13477838.0000 13102256.0000 13462024.5100
13477838.0000 12989502.0000 13433027.7850
13477838.0000 13197488.0000 13466849.7850
13477838.0000 13104642.0000 13458003.1800
13477838.0000 13011581.0000 13448864.5850
13477838.0000 13198537.0000 13471907.5550
13477838.0000 13077312.0000 13392401.2350
13477838.0000 13119884.0000 13426634.8900
13477838.0000 12883468.0000 13415684.3500
13477838.0000 13052854.0000 13408344.1300
13477838.0000 13305996.0000 13462240.5350
13477838.0000 13215511.0000 13431585.3300
13477838.0000 12822572.0000 13439816.4100
13477838.0000 13086928.0000 13447147.9000
13477838.0000 13031631.0000 13393417.1650
13477838.0000 13236327.0000 13449104.3100
13477838.0000 13116553.0000 13424506.9050
13477838.0000 12979947.0000 13415167.8450
13477838.0000 13041463.0000 13426025.2750
