12972730.0000 12177297.0000 12886701.2100
12972730.0000 12644761.0000 12918221.0200
13225130.0000 12778819.0000 13159114.8300
13275943.0000 12268782.0000 13143818.3200
13275943.0000 12281803.0000 13105444.0900
13275943.0000 12715768.0000 13209737.6500
13275943.0000 12742304.0000 13146368.1100
13275943.0000 12796033.0000 13176256.9500
13275943.0000 12681544.0000 13090647.6100
13275943.0000 12821076.0000 13183957.4000
13275943.0000 12727051.0000 13156174.2200
13275943.0000 12912698.0000 13219164.3700
13275943.0000 12703745.0000 13214760.5500
13275943.0000 12490749.0000 13128501.0000
13275943.0000 12921451.0000 13195137.0000
13275943.0000 12867876.0000 13202877.8200
13275943.0000 12756101.0000 13171660.8900
13275943.0000 12807062.0000 13175266.6500
13275943.0000 12716597.0000 13174357.7300
13275943.0000 12707157.0000 13120171.8200
13275943.0000 12898427.0000 13180492.6700
13275943.0000 13210212.0000 13264004.3100
13275943.0000 12585629.0000 13136165.4500
13280476.0000 12706227.0000 13234235.5700
13280476.0000 12610605.0000 13232773.3200
13280476.0000 12495747.0000 13101144.6700
13280476.0000 12781256.0000 13167301.3400
13280476.0000 12791447.0000 13226284.2500
13280476.0000 13064646.0000 13256503.1500
13370793.0000 12703233.0000 13297174.4400
13370793.0000 12617128.0000 13301270.2700
13370793.0000 12977650.0000 13323690.8900
13370793.0000 13186374.0000 13361470.5900
13370793.0000 13031437.0000 13289313.0400
13370793.0000 12914590.0000 13282264.1300
13370793.0000 12859593.0000 13277974.7600
13370793.0000 12972637.0000 13264745.3900
13370793.0000 12979967.0000 13228056.2700
13370793.0000 12853472.0000 13347706.5600
13370793.0000 12895098.0000 13310551.4200
13370793.0000 12924611.0000 13251498.2800
13370793.0000 13290190.0000 13360377.6900
13370793.0000 12934360.0000 13344394.1500
13370793.0000 13161792.0000 13363953.6100
13370793.0000 13271225.0000 13369797.3200
13370793.0000 13147490.0000 13344687.6200
13370793.0000 12833891.0000 13352050.4300
13370793.0000 13093739.0000 13354327.4800
13370793.0000 13009213.0000 13323465.4600
13370793.0000 13099659.0000 13352900.1300
13370793.0000 13197082.0000 13368090.9700
13370793.0000 13102188.0000 13366475.8500
13370793.0000 12979126.0000 13304121.3300
13370793.0000 12958939.0000 13288922.0900
13370793.0000 12741426.0000 13356281.5000
13370793.0000 12748312.0000 13295786.6300
13370793.0000 12950174.0000 13329784.5200
13370793.0000 13027911.0000 13359661.2000
13370793.0000 13260164.0000 13364406.6100
13370793.0000 12793550.0000 13333154.2600
13370793.0000 13150172.0000 13334022.1000
13370793.0000 13370793.0000 13370793.0000
13469034.0000 13006584.0000 13391041.4600
13469034.0000 13150172.0000 13463711.6400
13469034.0000 13081189.0000 13457584.4900
13469034.0000 13347969.0000 13464191.4000
13469034.0000 13403303.0000 13467062.0700
13469034.0000 12943452.0000 13372222.4300
13469034.0000 13070297.0000 13429402.7100
13469034.0000 12752865.0000 13435525.9800
13469034.0000 13287909.0000 13461938.3400
13469034.0000 13243047.0000 13456275.6900
13469034.0000 13280226.0000 13467145.9200
13469034.0000 13303735.0000 13464113.6200
13469034.0000 13067613.0000 13410446.3100
13469034.0000 13114400.0000 13444203.0700
13469034.0000 13117635.0000 13449903.5800
13469034.0000 13370717.0000 13467262.8300
13469034.0000 13469034.0000 13469034.0000
13469034.0000 12873786.0000 13431191.1400
13469034.0000 12741879.0000 13445666.8200
13469034.0000 13469034.0000 13469034.0000
13469034.0000 13469034.0000 13469034.0000
13469034.0000 13469034.0000 13469034.0000
13469034.0000 13469034.0000 13469034.0000
13469034.0000 13469034.0000 13469034.0000
13469034.0000 13469034.0000 13469034.0000
13469034.0000 13469034.0000 13469034.0000
13469034.0000 13469034.0000 13469034.0000
13469034.0000 13469034.0000 13469034.0000
13469034.0000 13469034.0000 13469034.0000
13469034.0000 13469034.0000 13469034.0000
13469034.0000 13469034.0000 13469034.0000
13469034.0000 13469034.0000 13469034.0000
13469034.0000 13469034.0000 13469034.0000
13469034.0000 13469034.0000 13469034.0000
13469034.0000 13469034.0000 13469034.0000
13469034.0000 13469034.0000 13469034.0000
13469034.0000 13469034.0000 13469034.0000
13469034.0000 13469034.0000 13469034.0000
