13021690.0000 12562379.0000 12967482.3500
13282054.0000 12749660.0000 13152836.8600
13282054.0000 12369373.0000 13076888.6000
13282054.0000 12424600.0000 13021294.9700
13282054.0000 12523292.0000 13144886.2400
13282054.0000 12748193.0000 13149787.7700
13282054.0000 12807553.0000 13167058.6900
13282054.0000 12734405.0000 13084213.8100
13282054.0000 12515652.0000 13037930.2000
13282054.0000 12650482.0000 13097526.9000
13282054.0000 12429839.0000 13122824.8200
13282054.0000 12814309.0000 13167092.9100
13282054.0000 12735068.0000 13058084.7400
13282054.0000 12567549.0000 13200542.8000
13282054.0000 12780576.0000 13172800.5500
13350969.0000 12707431.0000 13284918.7500
13350969.0000 12546783.0000 13107150.9400
13350969.0000 12810003.0000 13276450.1300
13350969.0000 12954214.0000 13264704.1000
13350969.0000 12456632.0000 13228677.2600
13350969.0000 12742846.0000 13223128.3200
13350969.0000 12677441.0000 13230006.3900
13350969.0000 13200763.0000 13340910.2200
13350969.0000 13008325.0000 13279986.8900
13350969.0000 12922400.0000 13296149.1700
13350969.0000 12812741.0000 13318542.5700
13350969.0000 13079203.0000 13337320.9600
13350969.0000 13232591.0000 13340247.0300
13350969.0000 12971943.0000 13331648.7000
13350969.0000 12922744.0000 13279674.1400
13350969.0000 12864948.0000 13258728.5700
13350969.0000 12580312.0000 13228402.4500
13350969.0000 12720139.0000 13211969.1100
13350969.0000 12522573.0000 13237751.0500
13350969.0000 12986132.0000 13292509.9500
13350969.0000 12927892.0000 13246066.4800
13350969.0000 12963571.0000 13317592.3800
13350969.0000 13223248.0000 13341922.1300
13350969.0000 12904739.0000 13312591.1600
13350969.0000 13182321.0000 13340678.4200
13350969.0000 12656637.0000 13280962.7300
13350969.0000 13187812.0000 13340463.6000
13350969.0000 13253543.0000 13346930.5000
13418920.0000 13230059.0000 13382043.8500
13418920.0000 13115789.0000 13397757.6200
13418920.0000 12872802.0000 13397672.0300
13439002.0000 13349254.0000 13412630.5900
13439002.0000 13336623.0000 13427469.7300
13439002.0000 13069741.0000 13428252.0500
13439002.0000 13113588.0000 13435747.8600
13471517.0000 13439002.0000 13458836.1500
13471517.0000 13114326.0000 13446651.5900
13471517.0000 12894274.0000 13393342.8400
13471517.0000 13405786.0000 13470202.3800
13471517.0000 13150495.0000 13464250.2000
13475452.0000 13202909.0000 13471388.6700
13475452.0000 13203617.0000 13466314.1800
13475452.0000 12985014.0000 13391481.5700
13475452.0000 13381294.0000 13473450.7900
13475452.0000 13262366.0000 13473321.1400
13475452.0000 13101875.0000 13468116.5500
13475452.0000 13009195.0000 13404724.3700
13475452.0000 13475452.0000 13475452.0000
13475452.0000 13319729.0000 13473894.7700
13475452.0000 13242570.0000 13464171.3700
13475452.0000 13048595.0000 13456827.0000
13475452.0000 13405786.0000 13474058.6800
13475452.0000 13177647.0000 13472473.9500
13475452.0000 13213278.0000 13434111.5800
13475452.0000 12845048.0000 13314948.7900
13475452.0000 12779256.0000 13378930.0100
13475452.0000 13352836.0000 13463409.8500
13475452.0000 12978929.0000 13405407.8900
13475452.0000 12934644.0000 13370614.1900
13475452.0000 12938690.0000 13451025.0600
13505878.0000 13373957.0000 13493301.1700
13505878.0000 12700491.0000 13454181.4400
13505878.0000 12984540.0000 13493705.9000
13505878.0000 13148705.0000 13483843.6200
13505878.0000 13196633.0000 13489667.3800
13505878.0000 13039621.0000 13406214.0200
13505878.0000 13505878.0000 13505878.0000
13505878.0000 13505878.0000 13505878.0000
13505878.0000 13505878.0000 13505878.0000
13505878.0000 13505878.0000 13505878.0000
13505878.0000 13505878.0000 13505878.0000
13505878.0000 13505878.0000 13505878.0000
13505878.0000 13505878.0000 13505878.0000
13505878.0000 13505878.0000 13505878.0000
13505878.0000 13505878.0000 13505878.0000
13505878.0000 13505878.0000 13505878.0000
13505878.0000 13505878.0000 13505878.0000
13505878.0000 13505878.0000 13505878.0000
13505878.0000 13505878.0000 13505878.0000
13505878.0000 13505878.0000 13505878.0000
13505878.0000 13505878.0000 13505878.0000
13505878.0000 13505878.0000 13505878.0000
13505878.0000 13505878.0000 13505878.0000
13505878.0000 13505878.0000 13505878.0000
13505878.0000 13505878.0000 13505878.0000
