13185695.0000 12049911.0000 12984637.5600
13185695.0000 12352279.0000 12832049.8450
13185695.0000 12622355.0000 13024754.6850
13225342.0000 11535994.0000 13048776.9100
13225342.0000 12356719.0000 13018131.1450
13225342.0000 12525200.0000 13006046.8550
13375720.0000 12392466.0000 13109687.5950
13375720.0000 12912937.0000 13155113.6750
13375720.0000 12413400.0000 13132145.7950
13375720.0000 12713465.0000 13187869.1650
13375720.0000 12480190.0000 13118081.1500
13375720.0000 12639412.0000 13171096.7300
13375720.0000 12681589.0000 13147891.3750
13375720.0000 12946576.0000 13244005.3150
13375720.0000 13043932.0000 13295996.2950
13375720.0000 12973373.0000 13297881.0400
13381764.0000 12866234.0000 13348801.3050
13383960.0000 12955412.0000 13321341.6700
13383960.0000 13130039.0000 13323389.3650
13383960.0000 12884066.0000 13286597.8850
13383960.0000 12882918.0000 13283524.0050
13446780.0000 13047094.0000 13364523.6400
13446780.0000 12776465.0000 13381399.9900
13446780.0000 12972674.0000 13356323.1150
13446780.0000 12798816.0000 13400556.0800
13446780.0000 12869537.0000 13353516.4350
13446780.0000 12890030.0000 13353347.1050
13446780.0000 12723403.0000 13389496.8650
13446780.0000 13069951.0000 13419335.2450
13446780.0000 13073470.0000 13411539.6100
13446780.0000 12924071.0000 13381935.6300
13446780.0000 12850006.0000 13343613.3150
13446780.0000 13035328.0000 13399896.6900
13446780.0000 13077519.0000 13410329.6050
13446780.0000 13077519.0000 13387124.5800
13446780.0000 13168735.0000 13387286.9100
13446780.0000 12866782.0000 13229542.4950
13446780.0000 12905034.0000 13377216.8800
13446780.0000 13063544.0000 13428916.3550
13446780.0000 13237670.0000 13438940.1600
13446780.0000 12973317.0000 13431624.8550
13446780.0000 12921369.0000 13410032.4500
13446780.0000 13188888.0000 13420943.5400
13446780.0000 12824299.0000 13399711.0700
13446780.0000 12869537.0000 13395243.6250
13446780.0000 12935817.0000 13380532.7250
13446780.0000 13066228.0000 13390342.9300
13446780.0000 12938237.0000 13395489.1250
13446780.0000 12959760.0000 13297481.4050
13446780.0000 13045298.0000 13352257.7500
