13203476.0000 12409668.0000 13120550.4600
13203476.0000 12424290.0000 13008863.7100
13203476.0000 12708394.0000 13094767.8600
13203476.0000 12535420.0000 13103655.0000
13203476.0000 12608900.0000 13035128.4400
13203476.0000 12368711.0000 13116575.1300
13203476.0000 12315758.0000 13100890.0900
13203476.0000 12535833.0000 13080201.7700
13203476.0000 12488362.0000 13061330.7000
13203476.0000 12273777.0000 13045411.6900
13203476.0000 12893259.0000 13083683.3200
13203476.0000 13039802.0000 13161019.6500
13325969.0000 12736246.0000 13226788.2600
13331300.0000 12674937.0000 13251967.2700
13331300.0000 12436935.0000 13138442.2100
13331300.0000 12737937.0000 13199124.5100
13331300.0000 12966495.0000 13231233.6400
13331300.0000 12925339.0000 13272195.5000
13331300.0000 13023780.0000 13243637.9600
13331300.0000 12999511.0000 13256993.7800
13331300.0000 12669966.0000 13232667.1200
13331300.0000 12975343.0000 13315047.3700
13331300.0000 12735092.0000 13221193.8400
13331300.0000 13240222.0000 13323044.8900
13331300.0000 12951440.0000 13321435.6500
13331300.0000 13010278.0000 13289456.0400
13331300.0000 13034651.0000 13251571.6900
13331300.0000 12909485.0000 13303854.3800
13331300.0000 12605392.0000 13283920.5100
13331300.0000 13089789.0000 13269513.7400
13331300.0000 13001173.0000 13241406.2700
13331300.0000 12860097.0000 13233566.2100
13331300.0000 12956226.0000 13276378.3100
13331300.0000 12583714.0000 13222263.2400
13331300.0000 12888796.0000 13304342.1100
13331300.0000 13060852.0000 13281415.3600
13331300.0000 13015556.0000 13293430.1200
13331300.0000 12853322.0000 13268724.8800
13331300.0000 12655933.0000 13235473.7300
13338816.0000 12762837.0000 13298411.8600
13338816.0000 13028245.0000 13304458.2000
13404547.0000 13271310.0000 13381242.7900
13404547.0000 13327578.0000 13403777.3100
13404547.0000 12699910.0000 13383843.9500
13404547.0000 13246120.0000 13395193.7100
13404547.0000 13092472.0000 13398639.6100
13494864.0000 13334881.0000 13458926.2600
13494864.0000 13404547.0000 13475395.6100
13494864.0000 13429133.0000 13493549.3800
13494864.0000 13318147.0000 13485023.1200
13494864.0000 13397438.0000 13480468.0900
13494864.0000 13310996.0000 13488046.1400
13494864.0000 13397438.0000 13491941.2200
13494864.0000 12998341.0000 13475255.6500
13494864.0000 13125603.0000 13483230.5300
13494864.0000 13338816.0000 13486648.4100
13494864.0000 13044243.0000 13458221.8100
13494864.0000 13074398.0000 13485140.0600
13494864.0000 13494864.0000 13494864.0000
13494864.0000 13160055.0000 13475231.3700
13494864.0000 13125603.0000 13484639.4200
13494864.0000 13045964.0000 13486771.5000
13494864.0000 13494864.0000 13494864.0000
13494864.0000 13404547.0000 13490967.6800
13494864.0000 13060573.0000 13429827.9300
13494864.0000 13274992.0000 13492665.2800
13494864.0000 13425198.0000 13494167.3400
13494864.0000 13224999.0000 13487799.9800
13494864.0000 13122252.0000 13487889.0900
13494864.0000 13216266.0000 13481823.9000
13494864.0000 13007225.0000 13478845.1200
13494864.0000 13425198.0000 13492077.3600
13494864.0000 13122538.0000 13477544.4200
13494864.0000 13178557.0000 13451479.5500
13494864.0000 13155115.0000 13444065.0500
13494864.0000 13425198.0000 13492852.7200
13494864.0000 12917621.0000 13458943.7600
13494864.0000 13443871.0000 13494354.0700
13494864.0000 13119870.0000 13474423.3300
13494864.0000 13331707.0000 13466788.6700
13494864.0000 13065341.0000 13448421.2300
13494864.0000 13494864.0000 13494864.0000
13494864.0000 13494864.0000 13494864.0000
13494864.0000 13494864.0000 13494864.0000
13494864.0000 13494864.0000 13494864.0000
13494864.0000 13494864.0000 13494864.0000
13494864.0000 13494864.0000 13494864.0000
13494864.0000 13494864.0000 13494864.0000
13494864.0000 13494864.0000 13494864.0000
13494864.0000 13494864.0000 13494864.0000
13494864.0000 13494864.0000 13494864.0000
13494864.0000 13494864.0000 13494864.0000
13494864.0000 13494864.0000 13494864.0000
13494864.0000 13494864.0000 13494864.0000
13494864.0000 13494864.0000 13494864.0000
13494864.0000 13494864.0000 13494864.0000
13494864.0000 13494864.0000 13494864.0000
13494864.0000 13494864.0000 13494864.0000
13494864.0000 13494864.0000 13494864.0000
13494864.0000 13494864.0000 13494864.0000
