13093405.0000 12373906.0000 13014088.0000
13093405.0000 12747007.0000 13037631.0400
13093405.0000 12047292.0000 12893103.4000
13093405.0000 12893286.0000 13057476.6500
13093405.0000 12569864.0000 12997980.0200
13306820.0000 12192062.0000 13176225.1300
13306820.0000 12744810.0000 13132622.6300
13306820.0000 12296377.0000 13180783.4000
13306820.0000 12499777.0000 13175507.9900
13306820.0000 12250243.0000 13184439.1500
13306820.0000 12792549.0000 13136591.9100
13306820.0000 12709657.0000 13161892.0900
13337920.0000 12474152.0000 13196635.4100
13337920.0000 12702309.0000 13172379.8200
13337920.0000 12893595.0000 13230171.7700
13337920.0000 12883308.0000 13173623.6500
13337920.0000 12615272.0000 13216650.8400
13337920.0000 12815510.0000 13199242.4200
13337920.0000 12056670.0000 13178322.4200
13337920.0000 12565188.0000 13265602.8300
13337920.0000 12879848.0000 13248728.5200
13340875.0000 12967164.0000 13329567.3700
13340875.0000 13000662.0000 13310307.4300
13406857.0000 13081486.0000 13360722.1400
13406857.0000 12924053.0000 13239689.5000
13406857.0000 12914271.0000 13376621.8100
13464598.0000 12732117.0000 13407628.2600
13473903.0000 13018631.0000 13455657.8900
13473903.0000 13095337.0000 13427461.0000
13473903.0000 12948747.0000 13372554.6500
13473903.0000 12762468.0000 13284520.6500
13473903.0000 12928757.0000 13346498.0700
13473903.0000 12795867.0000 13354990.2100
13473903.0000 13047835.0000 13399908.6900
13473903.0000 13190266.0000 13455613.2200
13477838.0000 12974795.0000 13392779.0800
13477838.0000 12869455.0000 13290592.3300
13477838.0000 13068888.0000 13382015.2600
13477838.0000 13073300.0000 13362849.3400
13477838.0000 13184869.0000 13443640.1700
13477838.0000 12833613.0000 13311866.4500
13477838.0000 13020327.0000 13456818.3700
13477838.0000 13267258.0000 13458231.7800
13497192.0000 13380412.0000 13484988.9600
13497192.0000 13089511.0000 13446410.1400
13497192.0000 13282760.0000 13479412.3800
13497192.0000 13427526.0000 13494267.2100
13497192.0000 13274265.0000 13494962.7300
13497192.0000 13227914.0000 13492409.2400
13497192.0000 12770329.0000 13464711.7000
13497192.0000 12926499.0000 13436331.6300
13497192.0000 13203948.0000 13492287.6300
13497192.0000 13427526.0000 13493130.0900
13497192.0000 13037482.0000 13418980.5300
13497192.0000 13213535.0000 13481711.2300
13497192.0000 13354492.0000 13495765.0000
13497192.0000 13184722.0000 13450101.1200
13497192.0000 13188509.0000 13480421.4100
13497192.0000 13323509.0000 13490235.0400
13497192.0000 13197633.0000 13478990.2400
13497192.0000 12945592.0000 13454911.8700
13497192.0000 13255681.0000 13462129.2500
13497192.0000 13145845.0000 13434870.1000
13497192.0000 13062200.0000 13484687.0300
13497192.0000 12902370.0000 13438714.1500
13497192.0000 13090947.0000 13480643.1900
13497192.0000 13390484.0000 13484135.9400
13497192.0000 13227501.0000 13470451.9200
13497192.0000 13316020.0000 13491239.6700
13497192.0000 13232354.0000 13453554.2700
13497192.0000 13427526.0000 13496495.3400
13497192.0000 12992567.0000 13486151.2600
13497192.0000 13030935.0000 13455726.3600
13497192.0000 13351182.0000 13495731.9000
13497192.0000 13140019.0000 13443247.4700
13497192.0000 13255237.0000 13492352.9000
13497192.0000 13137335.0000 13474151.7700
13497192.0000 13124866.0000 13466963.7800
13497192.0000 13357575.0000 13495795.8300
13497192.0000 13293058.0000 13489126.1100
13497192.0000 13011171.0000 13417832.3600
13497192.0000 13497192.0000 13497192.0000
13497192.0000 13497192.0000 13497192.0000
13497192.0000 13497192.0000 13497192.0000
13497192.0000 13497192.0000 13497192.0000
13497192.0000 13497192.0000 13497192.0000
13497192.0000 13497192.0000 13497192.0000
13497192.0000 13497192.0000 13497192.0000
13497192.0000 13497192.0000 13497192.0000
13497192.0000 13497192.0000 13497192.0000
13497192.0000 13497192.0000 13497192.0000
13497192.0000 13497192.0000 13497192.0000
13497192.0000 13497192.0000 13497192.0000
13497192.0000 13497192.0000 13497192.0000
13497192.0000 13497192.0000 13497192.0000
13497192.0000 13497192.0000 13497192.0000
13497192.0000 13497192.0000 13497192.0000
13497192.0000 13497192.0000 13497192.0000
13497192.0000 13497192.0000 13497192.0000
13497192.0000 13497192.0000 13497192.0000
