13003276.0000 12585403.0000 12938274.3150
13109538.0000 12590748.0000 12964906.5750
13109538.0000 12605936.0000 13014314.7350
13109538.0000 12403561.0000 12883868.8500
13109538.0000 12220303.0000 12860726.7950
13109538.0000 12225392.0000 12943340.0350
13205901.0000 12360794.0000 13060912.5200
13205901.0000 12788941.0000 13099313.4800
13205901.0000 12345114.0000 13060730.5600
13205901.0000 12580861.0000 13074758.1800
13246051.0000 12603153.0000 13061725.1350
13246051.0000 12655285.0000 13079455.6650
13246051.0000 12587700.0000 13163774.3600
13404117.0000 12953058.0000 13266972.5100
13404117.0000 12789826.0000 13333207.1650
13431017.0000 12820957.0000 13315475.4200
13431017.0000 12986549.0000 13349416.7450
13496748.0000 13040652.0000 13373846.3100
13496748.0000 12917417.0000 13332702.9900
13496748.0000 12893460.0000 13381979.5700
13496748.0000 12944322.0000 13385839.1700
13496748.0000 13038530.0000 13392220.9850
13496748.0000 12909133.0000 13430132.7000
13496748.0000 13310794.0000 13479812.1300
13496748.0000 13127487.0000 13476368.7100
13496748.0000 13127106.0000 13486504.3350
13496748.0000 13053762.0000 13461918.0950
13496748.0000 13079670.0000 13471388.0100
13496748.0000 13108903.0000 13485623.1650
13496748.0000 13024478.0000 13418326.1600
13496748.0000 13196155.0000 13470476.9850
13496748.0000 13094946.0000 13442570.0050
13496748.0000 13188287.0000 13473158.1050
13496748.0000 13240996.0000 13490012.3050
13521334.0000 13111538.0000 13480923.3250
13521334.0000 13159182.0000 13496089.8100
13521334.0000 13055077.0000 13425444.9100
13521334.0000 13180058.0000 13463425.1850
13521334.0000 13122153.0000 13495682.6550
13521334.0000 13210157.0000 13510771.6350
13521334.0000 13152109.0000 13512720.4450
13521334.0000 12992520.0000 13473590.3000
13521334.0000 12807727.0000 13479938.8050
13521334.0000 13026955.0000 13443874.4250
13521334.0000 13319201.0000 13505486.7700
13521334.0000 13252729.0000 13509871.7200
13521334.0000 13169375.0000 13509555.0150
13521334.0000 13152073.0000 13495922.8350
13521334.0000 12878220.0000 13479793.0200
13521334.0000 13037883.0000 13441952.9000
