13092369.0000 12238690.0000 12972482.6900
13162596.0000 12058573.0000 13061524.1400
13162596.0000 12575242.0000 13008990.7400
13162596.0000 12329513.0000 12903512.6000
13162596.0000 12505348.0000 13088721.6100
13162596.0000 12493388.0000 13087219.8400
13162596.0000 12499692.0000 13036707.4000
13162596.0000 12901017.0000 13113339.8200
13196625.0000 12496201.0000 13143315.1900
13196625.0000 12453481.0000 13087630.8300
13196625.0000 12506622.0000 13053523.8300
13196625.0000 12420829.0000 13063449.4500
13196625.0000 12593003.0000 13096513.8200
13196625.0000 12770120.0000 13152096.9200
13196625.0000 12679773.0000 13087573.1500
13196625.0000 12404040.0000 13112603.4000
13220070.0000 12704466.0000 13159356.7400
13367822.0000 12663797.0000 13236975.7100
13367822.0000 12812131.0000 13244831.1500
13367822.0000 12834203.0000 13165351.9700
13367822.0000 12839060.0000 13317918.6700
13367822.0000 13058989.0000 13347287.2400
13367822.0000 13077624.0000 13299078.9100
13367822.0000 13041075.0000 13322083.2200
13367822.0000 13059837.0000 13329901.8500
13367822.0000 13067212.0000 13338234.8600
13367822.0000 12875055.0000 13304347.0200
13367822.0000 13128729.0000 13355698.1400
13367822.0000 12778643.0000 13197996.5800
13367822.0000 12883486.0000 13336360.8900
13437488.0000 12977775.0000 13399500.5200
13437488.0000 12912967.0000 13370902.4000
13437488.0000 13063740.0000 13371829.7300
13437488.0000 13036668.0000 13378073.4200
13437488.0000 12788467.0000 13272327.7200
13437488.0000 12885893.0000 13381678.4000
13437488.0000 13109498.0000 13396105.2100
13437488.0000 13114566.0000 13331719.6200
13437488.0000 13049881.0000 13361682.3300
13437488.0000 12991476.0000 13359975.7900
13437488.0000 13037038.0000 13357204.8500
13437488.0000 13145464.0000 13356766.2700
13437488.0000 13106689.0000 13404520.6700
13437488.0000 13175577.0000 13408032.3200
13437488.0000 13096355.0000 13410736.1900
13437488.0000 12947405.0000 13416824.4200
13437488.0000 13166354.0000 13378061.8000
13437488.0000 13367822.0000 13434004.7000
13437488.0000 13299898.0000 13431984.4000
13437488.0000 12925976.0000 13424375.7900
13437488.0000 13155655.0000 13428288.6100
13437488.0000 13131382.0000 13434426.9400
13437488.0000 13367822.0000 13436094.6800
13437488.0000 13195977.0000 13433340.0700
13437488.0000 13335924.0000 13425063.9200
13437488.0000 13249650.0000 13433303.2600
13437488.0000 13168021.0000 13434793.3300
13437488.0000 13217821.0000 13435291.3300
13437488.0000 13064308.0000 13423194.6400
13437488.0000 13166354.0000 13392167.5300
13467914.0000 13056133.0000 13438515.4500
13467914.0000 12913693.0000 13442732.8700
13467914.0000 13244611.0000 13452658.5400
13467914.0000 13116793.0000 13463188.2500
13467914.0000 13039689.0000 13457227.0000
13467914.0000 13230636.0000 13460257.2900
13467914.0000 13260307.0000 13454865.9700
13467914.0000 13064382.0000 13428519.8200
13467914.0000 13458609.0000 13467355.7000
13467914.0000 13108577.0000 13454768.8300
13467914.0000 12951068.0000 13425829.1200
13467914.0000 12727933.0000 13448444.0900
13467914.0000 13134908.0000 13422570.2300
13467914.0000 13216339.0000 13428083.5100
13467914.0000 13119782.0000 13449811.5600
13467914.0000 13300822.0000 13459268.0100
13467914.0000 13108314.0000 13448374.7200
13467914.0000 12846729.0000 13415966.3900
13467914.0000 13161808.0000 13456171.2700
13467914.0000 13110741.0000 13464263.5700
13467914.0000 13009834.0000 13397843.9100
13467914.0000 13467914.0000 13467914.0000
13467914.0000 13467914.0000 13467914.0000
13467914.0000 13467914.0000 13467914.0000
13467914.0000 13467914.0000 13467914.0000
13467914.0000 13467914.0000 13467914.0000
13467914.0000 13467914.0000 13467914.0000
13467914.0000 13467914.0000 13467914.0000
13467914.0000 13467914.0000 13467914.0000
13467914.0000 13467914.0000 13467914.0000
13467914.0000 13467914.0000 13467914.0000
13467914.0000 13467914.0000 13467914.0000
13467914.0000 13467914.0000 13467914.0000
13467914.0000 13467914.0000 13467914.0000
13467914.0000 13467914.0000 13467914.0000
13467914.0000 13467914.0000 13467914.0000
13467914.0000 13467914.0000 13467914.0000
13467914.0000 13467914.0000 13467914.0000
13467914.0000 13467914.0000 13467914.0000
13467914.0000 13467914.0000 13467914.0000
