13065990.0000 12620799.0000 12926362.3050
13065990.0000 12407959.0000 12852070.1300
13203931.0000 12262961.0000 12939714.3100
13203931.0000 12247978.0000 13012873.1250
13203931.0000 12505451.0000 13009319.1350
13203931.0000 12643323.0000 13024701.0950
13203931.0000 12823046.0000 13091480.4700
13203931.0000 12400742.0000 12977567.8550
13203931.0000 12444057.0000 12975092.1000
13300116.0000 12894721.0000 13184716.1050
13300116.0000 12735489.0000 13134482.9450
13300116.0000 12733355.0000 13216553.4800
13321384.0000 12626621.0000 13176739.5500
13321384.0000 12771321.0000 13179823.0650
13321384.0000 12820798.0000 13222381.2550
13321384.0000 12807117.0000 13269280.0350
13321384.0000 12806657.0000 13195223.3150
13321384.0000 12934550.0000 13268861.6300
13321384.0000 12846703.0000 13193842.7800
13321384.0000 13015150.0000 13272943.4150
13321384.0000 12902576.0000 13204330.3850
13321384.0000 13027778.0000 13298918.8650
13349144.0000 12928250.0000 13319326.3650
13349144.0000 13141162.0000 13338101.8950
13349144.0000 12823988.0000 13336709.2700
13349144.0000 12864698.0000 13332463.7200
13436219.0000 13040280.0000 13370935.1000
13436219.0000 13163522.0000 13411810.0400
13436219.0000 13040354.0000 13383393.2300
13436219.0000 13151679.0000 13406687.8550
13436219.0000 12841397.0000 13393165.2650
13436219.0000 13146831.0000 13407933.6750
13463979.0000 13189836.0000 13431996.9450
13463979.0000 12861977.0000 13420856.5050
13463979.0000 13057689.0000 13445179.8800
13463979.0000 12858814.0000 13370374.6950
13463979.0000 12795378.0000 13414916.6350
13463979.0000 13078057.0000 13442131.9000
13463979.0000 12787919.0000 13397267.8500
13463979.0000 13174913.0000 13456746.7200
13463979.0000 13227161.0000 13451918.8100
13463979.0000 12943878.0000 13405141.4150
13463979.0000 13058964.0000 13454438.5350
13463979.0000 13211576.0000 13457404.2850
13463979.0000 13111137.0000 13444442.8350
13463979.0000 13232949.0000 13454681.0600
13463979.0000 13029837.0000 13416621.7250
13463979.0000 12964733.0000 13430968.5900
13463979.0000 13125042.0000 13412939.1800
13463979.0000 13158571.0000 13415530.9750
