13155574.0000 12477724.0000 13016659.7750
13155574.0000 12237680.0000 12954031.9700
13155574.0000 12060022.0000 12788076.5250
13155574.0000 12200136.0000 12941772.3900
13155574.0000 12452559.0000 12987846.3000
13299387.0000 12287818.0000 13034147.5250
13299387.0000 12700007.0000 13145499.5950
13299387.0000 11938151.0000 13083161.5350
13299387.0000 12518880.0000 13056155.3100
13299387.0000 12642067.0000 13068364.6100
13299387.0000 12576781.0000 13087520.6050
13299387.0000 12746304.0000 13124516.2450
13353695.0000 12888040.0000 13197342.5000
13353695.0000 12736412.0000 13178395.3700
13402060.0000 12661147.0000 13244640.7500
13402060.0000 12738125.0000 13268747.0000
13402060.0000 12684889.0000 13183139.5150
13402060.0000 12761143.0000 13256768.9800
13402060.0000 12912175.0000 13296990.6550
13402060.0000 12827818.0000 13348544.9250
13402060.0000 13070426.0000 13330578.7400
13402060.0000 13043206.0000 13309989.3600
13417381.0000 12935803.0000 13386701.9900
13417381.0000 12823200.0000 13395223.3150
13420065.0000 13126648.0000 13397186.2500
13518963.0000 13134236.0000 13427989.7550
13518963.0000 13036777.0000 13380298.7250
13518963.0000 12581893.0000 13449494.4850
13518963.0000 13264367.0000 13502609.5400
13518963.0000 13243777.0000 13510190.3450
13524340.0000 12892326.0000 13457145.1450
13524340.0000 13172993.0000 13465968.2750
13524340.0000 13109706.0000 13487716.5050
13524340.0000 12896620.0000 13466424.5700
13524340.0000 13235306.0000 13453769.7650
13524340.0000 12934213.0000 13470201.5000
13524340.0000 12993066.0000 13455706.7750
13524340.0000 12933322.0000 13488730.1250
13524340.0000 13128238.0000 13458075.8550
13524340.0000 12639398.0000 13489918.3800
13524340.0000 12897453.0000 13499561.4850
13524340.0000 13289375.0000 13495456.7100
13524340.0000 13098825.0000 13431923.3200
13524340.0000 12984515.0000 13464074.4100
13524340.0000 13271589.0000 13508701.8500
13524340.0000 13229195.0000 13507222.0250
13524340.0000 13149424.0000 13481459.0050
13524340.0000 13172993.0000 13496567.4450
13524340.0000 12957261.0000 13488290.1550
13524340.0000 12623989.0000 13458287.4900
