13018552.0000 12602714.0000 12937497.1700
13142478.0000 12676600.0000 13085423.3300
13142478.0000 12039932.0000 12996593.8500
13142478.0000 12500524.0000 12964140.0500
13142478.0000 12401233.0000 13009745.6300
13142478.0000 12333696.0000 12988352.2600
13142478.0000 12352306.0000 13025521.0600
13142478.0000 12614531.0000 13053084.7400
13142478.0000 12690955.0000 13050889.2100
13142478.0000 12586277.0000 13037335.3000
13142478.0000 12683077.0000 13076592.8800
13142478.0000 12511038.0000 13109169.3000
13321092.0000 12478147.0000 13211100.9300
13321092.0000 12942039.0000 13280445.0800
13321092.0000 12839212.0000 13218090.6000
13321092.0000 12704899.0000 13142514.2600
13321092.0000 11953593.0000 13231496.4000
13321092.0000 12422439.0000 13262327.5000
13321092.0000 12667627.0000 13162623.6500
13321092.0000 12880723.0000 13269201.4800
13321092.0000 12887415.0000 13225743.3500
13321092.0000 12804858.0000 13254808.0900
13330857.0000 12840996.0000 13289160.6100
13330857.0000 12864600.0000 13209363.2700
13330857.0000 12777798.0000 13270905.5700
13330857.0000 12956281.0000 13284725.1300
13330857.0000 13007994.0000 13295745.5300
13330857.0000 12883778.0000 13241587.8700
13330857.0000 12743849.0000 13259655.2700
13354263.0000 13129333.0000 13326364.9900
13354263.0000 13044343.0000 13314637.3000
13354263.0000 13006935.0000 13289979.4500
13354263.0000 12477711.0000 13218092.1000
13354263.0000 12838883.0000 13273739.8500
13354263.0000 12763644.0000 13264481.5000
13358198.0000 13100804.0000 13347773.8700
13358198.0000 12935562.0000 13284220.1100
13358198.0000 12876809.0000 13323497.8600
13358198.0000 12967288.0000 13318676.0900
13403348.0000 12960725.0000 13379955.3600
13403348.0000 12544715.0000 13346855.5600
13403348.0000 13119645.0000 13390279.8200
13403348.0000 13252677.0000 13401841.2900
13403348.0000 12937091.0000 13365923.5600
13403348.0000 13307336.0000 13394197.7000
13403348.0000 12826105.0000 13342450.0600
13403348.0000 13199214.0000 13382345.0500
13403348.0000 13335209.0000 13399941.0500
13403348.0000 12934026.0000 13378355.1800
13403348.0000 13403348.0000 13403348.0000
13403348.0000 13088527.0000 13385045.8500
13403348.0000 12980712.0000 13375513.4400
13403348.0000 13238806.0000 13400057.1600
13403348.0000 13218916.0000 13401503.6800
13436679.0000 13127578.0000 13411073.7800
13436679.0000 13156901.0000 13416650.2700
13464439.0000 13411976.0000 13454228.9400
13464439.0000 13398708.0000 13448354.1200
13464439.0000 13056127.0000 13378359.6900
13464439.0000 13118079.0000 13424441.1600
13464439.0000 13083887.0000 13419129.7100
13464439.0000 12876718.0000 13357332.0400
13464439.0000 13073529.0000 13385672.4800
13464439.0000 13253161.0000 13455602.8200
13468374.0000 12976651.0000 13458064.4300
13468374.0000 13395457.0000 13464964.9100
13468374.0000 13108887.0000 13443178.2300
13468374.0000 13398708.0000 13467287.1900
13468374.0000 13041517.0000 13437431.5200
13468374.0000 13367013.0000 13462725.1200
13468374.0000 13114203.0000 13458604.5300
13468374.0000 12775889.0000 13375287.6200
13468374.0000 13240861.0000 13423466.2900
13468374.0000 13417325.0000 13467353.0200
13468374.0000 13242006.0000 13458518.9600
13468374.0000 13374122.0000 13464603.9200
13468374.0000 13197240.0000 13457091.2700
13468374.0000 13468374.0000 13468374.0000
13468374.0000 12948956.0000 13438870.8900
13468374.0000 13377498.0000 13466514.3900
13468374.0000 12830262.0000 13406217.7400
13468374.0000 13468374.0000 13468374.0000
13468374.0000 13468374.0000 13468374.0000
13468374.0000 13468374.0000 13468374.0000
13468374.0000 13468374.0000 13468374.0000
13468374.0000 13468374.0000 13468374.0000
13468374.0000 13468374.0000 13468374.0000
13468374.0000 13468374.0000 13468374.0000
13468374.0000 13468374.0000 13468374.0000
13468374.0000 13468374.0000 13468374.0000
13468374.0000 13468374.0000 13468374.0000
13468374.0000 13468374.0000 13468374.0000
13468374.0000 13468374.0000 13468374.0000
13468374.0000 13468374.0000 13468374.0000
13468374.0000 13468374.0000 13468374.0000
13468374.0000 13468374.0000 13468374.0000
13468374.0000 13468374.0000 13468374.0000
13468374.0000 13468374.0000 13468374.0000
13468374.0000 13468374.0000 13468374.0000
13468374.0000 13468374.0000 13468374.0000
