13052093.0000 12578806.0000 12993361.7900
13052093.0000 12623082.0000 12922548.2100
13052093.0000 12596252.0000 12978798.8900
13052093.0000 12606516.0000 12925297.3100
13052093.0000 12625442.0000 13002386.2700
13052093.0000 12762388.0000 12982464.1700
13052093.0000 12205732.0000 12893789.4800
13052093.0000 12429603.0000 12985163.4500
13052093.0000 12485436.0000 12938018.9200
13120851.0000 12280477.0000 13059879.3900
13138564.0000 12587438.0000 13058652.9800
13138564.0000 12649756.0000 13099573.9600
13138564.0000 12712941.0000 13084264.1100
13138564.0000 12613748.0000 13033362.9200
13138564.0000 12640420.0000 13113721.3800
13142841.0000 12649611.0000 13084226.8400
13142841.0000 12502453.0000 13055151.6900
13213277.0000 12900300.0000 13162921.8100
13213277.0000 12521467.0000 13148692.8700
13213277.0000 12704695.0000 13144524.3100
13338441.0000 12666799.0000 13249220.6400
13338441.0000 12910913.0000 13246322.4000
13338441.0000 12833548.0000 13221111.7600
13338441.0000 12983038.0000 13277302.2000
13338441.0000 12755281.0000 13192101.0100
13338441.0000 12875064.0000 13265424.9300
13338441.0000 13105846.0000 13301325.8200
13459919.0000 12973555.0000 13378805.1800
13459919.0000 12866772.0000 13384614.7800
13459919.0000 13089672.0000 13391826.0300
13459919.0000 13157636.0000 13419435.9800
13459919.0000 13066694.0000 13359873.2300
13459919.0000 13096727.0000 13356078.6400
13459919.0000 13160324.0000 13427788.3000
13459919.0000 12970491.0000 13420689.3900
13459919.0000 13045420.0000 13414256.7200
13459919.0000 13059661.0000 13433438.8100
13459919.0000 13053412.0000 13414487.4300
13459919.0000 13111033.0000 13360874.5800
13459919.0000 12973381.0000 13424708.0500
13459919.0000 12951644.0000 13407386.4600
13459919.0000 13183215.0000 13450461.1200
13459919.0000 12784552.0000 13418780.9300
13459919.0000 12958892.0000 13315549.8700
13459919.0000 12958892.0000 13451099.9300
13459919.0000 13108572.0000 13435199.6300
13459919.0000 13254906.0000 13455818.7400
13471217.0000 13361795.0000 13465942.5200
13471217.0000 13101956.0000 13352482.1300
13471217.0000 12903279.0000 13421249.5100
13471217.0000 13155478.0000 13451549.0800
13471217.0000 13113185.0000 13457996.0000
13471217.0000 13003326.0000 13457390.4500
13471217.0000 12986152.0000 13433724.0600
13471217.0000 13373438.0000 13454643.9900
13471217.0000 13243704.0000 13444964.3300
13471217.0000 13167687.0000 13456150.9700
13471217.0000 13098462.0000 13425354.1500
13471217.0000 13468533.0000 13471190.1600
13471217.0000 13243704.0000 13468941.8700
13471217.0000 13373791.0000 13468294.2200
13471217.0000 12964198.0000 13451114.1400
13471217.0000 13311234.0000 13444531.7000
13471217.0000 13267670.0000 13469181.5300
13471217.0000 13145577.0000 13463310.8800
13471217.0000 13185157.0000 13454255.3000
13471217.0000 13053899.0000 13462253.9500
13471217.0000 13166735.0000 13463557.6000
13471217.0000 13070691.0000 13458967.4800
13471217.0000 13082991.0000 13383511.8300
13471217.0000 13245230.0000 13465463.5700
13471217.0000 13074288.0000 13467247.7100
13471217.0000 13087981.0000 13454344.2600
13471217.0000 12982818.0000 13404595.6700
13471217.0000 13032290.0000 13455822.3800
13471217.0000 13245230.0000 13461262.2900
13471217.0000 13401551.0000 13469823.6800
13471217.0000 13191425.0000 13459657.7200
13471217.0000 13352839.0000 13462794.3600
13471217.0000 13046632.0000 13425647.4000
13471217.0000 13111360.0000 13405248.0200
13471217.0000 13471217.0000 13471217.0000
13471217.0000 13471217.0000 13471217.0000
13471217.0000 13471217.0000 13471217.0000
13471217.0000 13471217.0000 13471217.0000
13471217.0000 13471217.0000 13471217.0000
13471217.0000 13471217.0000 13471217.0000
13471217.0000 13471217.0000 13471217.0000
13471217.0000 13471217.0000 13471217.0000
13471217.0000 13471217.0000 13471217.0000
13471217.0000 13471217.0000 13471217.0000
13471217.0000 13471217.0000 13471217.0000
13471217.0000 13471217.0000 13471217.0000
13471217.0000 13471217.0000 13471217.0000
13471217.0000 13471217.0000 13471217.0000
13471217.0000 13471217.0000 13471217.0000
13471217.0000 13471217.0000 13471217.0000
13471217.0000 13471217.0000 13471217.0000
13471217.0000 13471217.0000 13471217.0000
13471217.0000 13471217.0000 13471217.0000
