13097328.0000 12493861.0000 12944039.9500
13097328.0000 12250713.0000 12868932.5400
13097328.0000 12294385.0000 13039256.2600
13097328.0000 12431723.0000 12967392.7400
13097328.0000 12379185.0000 12984499.9000
13097328.0000 12100659.0000 12927610.3200
13097328.0000 12785515.0000 13027674.3700
13097328.0000 12621863.0000 13021215.6700
13097328.0000 12661993.0000 13011151.2600
13097328.0000 12521855.0000 12966623.5700
13097328.0000 12017345.0000 12996278.1800
13132076.0000 12925679.0000 13111727.6800
13132076.0000 12711972.0000 13094780.3500
13132076.0000 12692630.0000 13035200.3900
13132076.0000 12783748.0000 13092820.1200
13220204.0000 12451020.0000 13150304.2000
13220204.0000 12876862.0000 13200466.5700
13220204.0000 12433847.0000 13056475.8900
13220204.0000 12958353.0000 13192485.9700
13220204.0000 12738558.0000 13124085.5800
13220204.0000 12430276.0000 13085151.6900
13220204.0000 12598516.0000 13030371.3500
13220204.0000 12642320.0000 13197704.5800
13220204.0000 13021142.0000 13194937.6200
13385503.0000 12769986.0000 13271841.3400
13385503.0000 12997214.0000 13324651.9700
13385503.0000 13202874.0000 13360939.3100
13385503.0000 12599622.0000 13311680.9400
13385503.0000 13111779.0000 13333380.1600
13385503.0000 13132047.0000 13336643.1900
13385503.0000 13011581.0000 13353209.1700
13385503.0000 13243178.0000 13372856.0300
13385503.0000 13016711.0000 13351113.8200
13385503.0000 13243777.0000 13360744.6700
13385503.0000 13133076.0000 13354071.3000
13385503.0000 12871236.0000 13301572.8700
13385503.0000 12806995.0000 13323144.6700
13385503.0000 12917182.0000 13335562.0900
13385503.0000 13005986.0000 13340351.8900
13385503.0000 12391119.0000 13203604.6800
13385503.0000 12854413.0000 13369889.2400
13385503.0000 13108698.0000 13377198.8500
13385503.0000 13376198.0000 13384944.7000
13385503.0000 13057430.0000 13367134.7200
13385503.0000 13181323.0000 13381397.3800
13385503.0000 13107593.0000 13375300.0600
13385503.0000 13083943.0000 13381380.7400
13385503.0000 13159613.0000 13377478.1100
13385503.0000 13288077.0000 13383554.4800
13385503.0000 12808260.0000 13345875.3300
13385503.0000 13257820.0000 13379709.0100
13385503.0000 13315837.0000 13381196.5600
13385503.0000 13176008.0000 13374729.9200
13385503.0000 13016471.0000 13378424.1800
13385503.0000 12744898.0000 13366720.0900
13385503.0000 13229279.0000 13381273.6200
13385503.0000 13206008.0000 13376398.7500
13385503.0000 13225225.0000 13346879.9000
13385503.0000 13181369.0000 13305779.9100
13385503.0000 13028330.0000 13365023.4300
13385503.0000 13091529.0000 13368163.1600
13385503.0000 13220204.0000 13356409.4400
13415655.0000 13082671.0000 13383622.8500
13415655.0000 12976728.0000 13402467.6700
13415655.0000 13336684.0000 13409289.5800
13415655.0000 13094633.0000 13372694.1800
13415655.0000 13187580.0000 13407404.5500
13415655.0000 12928635.0000 13371529.4700
13415655.0000 12946427.0000 13394642.0600
13415655.0000 13123912.0000 13403090.9100
13415655.0000 13345559.0000 13413938.2800
13415655.0000 13091878.0000 13394757.4300
13415655.0000 12969706.0000 13403241.1200
13415655.0000 13024745.0000 13364050.9600
13415655.0000 13304986.0000 13396979.3300
13415655.0000 13162506.0000 13404241.1600
13415655.0000 13294201.0000 13414440.4600
13415655.0000 12880024.0000 13402924.8400
13415655.0000 13280425.0000 13409780.0000
13505878.0000 13174144.0000 13466410.2300
13505878.0000 13199283.0000 13484724.5700
13505878.0000 13505878.0000 13505878.0000
13505878.0000 13505878.0000 13505878.0000
13505878.0000 13505878.0000 13505878.0000
13505878.0000 13505878.0000 13505878.0000
13505878.0000 13505878.0000 13505878.0000
13505878.0000 13505878.0000 13505878.0000
13505878.0000 13505878.0000 13505878.0000
13505878.0000 13505878.0000 13505878.0000
13505878.0000 13505878.0000 13505878.0000
13505878.0000 13505878.0000 13505878.0000
13505878.0000 13505878.0000 13505878.0000
13505878.0000 13505878.0000 13505878.0000
13505878.0000 13505878.0000 13505878.0000
13505878.0000 13505878.0000 13505878.0000
13505878.0000 13505878.0000 13505878.0000
13505878.0000 13505878.0000 13505878.0000
13505878.0000 13505878.0000 13505878.0000
13505878.0000 13505878.0000 13505878.0000
13505878.0000 13505878.0000 13505878.0000
