13285897.0000 12484225.0000 13110924.5800
13434503.0000 12708895.0000 13195119.9350
13434503.0000 12577805.0000 13129746.5550
13434503.0000 12509703.0000 13153880.8250
13434503.0000 12545738.0000 13050846.8400
13434503.0000 12517162.0000 13113710.8150
13434503.0000 12668802.0000 13255998.5050
13434503.0000 12893148.0000 13214104.6000
13434503.0000 12684470.0000 13207177.7350
13434503.0000 12465461.0000 13184204.8750
13434503.0000 12631855.0000 13238216.0700
13434503.0000 12838874.0000 13261223.9700
13434503.0000 12637627.0000 13287197.9450
13434503.0000 13021728.0000 13350406.1550
13434503.0000 12859794.0000 13285881.5100
13434503.0000 12987136.0000 13333801.1450
13434503.0000 12823731.0000 13282774.0150
13434503.0000 12879196.0000 13264481.4350
13434503.0000 12924937.0000 13333689.9600
13434503.0000 12913935.0000 13312405.9300
13434503.0000 12748000.0000 13227162.7500
13434503.0000 13018454.0000 13405283.2450
13434503.0000 12909347.0000 13385564.8700
13434503.0000 13074926.0000 13417175.6050
13434503.0000 13116327.0000 13427186.4250
13438438.0000 13271346.0000 13432499.0600
13438438.0000 12916028.0000 13379361.4800
13458645.0000 13086058.0000 13437762.4000
13458645.0000 12763071.0000 13426719.5100
13458645.0000 13055257.0000 13429683.0400
13458645.0000 12910110.0000 13409937.4700
13458645.0000 13089384.0000 13436626.5500
13458645.0000 13078093.0000 13446816.9300
13458645.0000 12874199.0000 13417090.4750
13458645.0000 12991958.0000 13435531.0650
13458645.0000 13109626.0000 13445264.2900
13458645.0000 12952953.0000 13391028.9550
13458645.0000 13087798.0000 13444022.5050
13458645.0000 13133137.0000 13452591.4100
13458645.0000 13136142.0000 13449134.2950
13458645.0000 12947279.0000 13425204.0850
13458645.0000 12932220.0000 13413396.7550
13458645.0000 13192855.0000 13431480.7750
13458645.0000 13033169.0000 13422939.4250
13458645.0000 13297406.0000 13446507.7300
13458645.0000 12951068.0000 13441812.6550
13458645.0000 13089384.0000 13441536.9550
13458645.0000 13100960.0000 13418067.6750
13485108.0000 13313768.0000 13455567.1300
13485108.0000 13185396.0000 13460442.0100
