-16721.0000 -4082373.0000 -421328.5000
-16721.0000 -4450411.0000 -667520.1400
-16721.0000 -2683033.0000 -470126.5400
-16721.0000 -3434531.0000 -680458.2000
-16721.0000 -2736913.0000 -284266.2400
-16721.0000 -3570325.0000 -513729.3800
-16721.0000 -4328945.0000 -477256.3400
-16721.0000 -3613069.0000 -616423.1200
-16721.0000 -7372157.0000 -833278.9500
-16721.0000 -4418631.0000 -660906.7000
-16721.0000 -6097135.0000 -1651990.7400
-16721.0000 -3933321.0000 -1270662.5700
-16721.0000 -5329671.0000 -767178.0000
-16721.0000 -4292929.0000 -655970.5500
-16721.0000 -3220241.0000 -359983.6300
-16721.0000 -6275593.0000 -524411.0000
-16721.0000 -3404539.0000 -846802.9000
-16721.0000 -5138005.0000 -1100487.8500
-16721.0000 -3772349.0000 -532078.8500
-16721.0000 -3744255.0000 -514627.5700
-16721.0000 -4353473.0000 -359301.1400
-8413.0000 -4417669.0000 -379635.6000
-8413.0000 -4221655.0000 -896582.1300
-8413.0000 -5448057.0000 -841449.5900
-8413.0000 -2534991.0000 -566262.1200
-8413.0000 -2890577.0000 -530973.6900
-8413.0000 -5030549.0000 -443753.2400
-8413.0000 -4221495.0000 -889153.3600
-8413.0000 -2928837.0000 -473548.0100
-8413.0000 -5142207.0000 -902333.5700
-463.0000 -2189685.0000 -220056.3700
-463.0000 -4113261.0000 -407357.9600
-463.0000 -5585509.0000 -607775.6100
-463.0000 -2993901.0000 -411966.8100
-463.0000 -4292023.0000 -408933.2700
-463.0000 -8155329.0000 -670602.8900
-463.0000 -4170457.0000 -673359.7000
-463.0000 -4152417.0000 -660818.3700
-463.0000 -5143031.0000 -748282.6900
-463.0000 -2512423.0000 -423932.5300
-463.0000 -5937665.0000 -1197178.7600
-463.0000 -6931781.0000 -560243.7000
-463.0000 -1327053.0000 -153611.2300
-463.0000 -2455083.0000 -339129.7300
-463.0000 -3777813.0000 -488585.3000
-463.0000 -4334875.0000 -670478.4300
-463.0000 -2546859.0000 -288799.4200
-463.0000 -2922019.0000 -447398.2500
-463.0000 -2663433.0000 -425796.0600
-463.0000 -4460997.0000 -765166.7900
-463.0000 -5258861.0000 -1138101.1200
-463.0000 -4595161.0000 -1057928.8500
-463.0000 -3501787.0000 -499411.7000
-463.0000 -1110707.0000 -158390.4100
-463.0000 -5331847.0000 -574071.0800
-463.0000 -3365875.0000 -433716.1300
-463.0000 -2701693.0000 -661252.9300
-463.0000 -4103441.0000 -654992.7700
-463.0000 -3529791.0000 -330652.4800
-463.0000 -4006865.0000 -795896.9200
-463.0000 -4732849.0000 -712499.1600
-463.0000 -3541485.0000 -946282.3000
-463.0000 -5687353.0000 -760104.6700
-463.0000 -7572137.0000 -564233.0000
-463.0000 -2943879.0000 -260905.7800
-463.0000 -2435655.0000 -537022.0800
-463.0000 -2770947.0000 -352601.4600
-463.0000 -3272171.0000 -339293.3200
-463.0000 -5022015.0000 -351258.0400
-463.0000 -3622345.0000 -692439.4100
-463.0000 -2877465.0000 -402641.1200
-463.0000 -5773861.0000 -605714.5700
-463.0000 -5318929.0000 -523201.1100
-463.0000 -4818003.0000 -369678.1300
-463.0000 -4160353.0000 -796494.6200
-463.0000 -4220711.0000 -296647.1900
-355.0000 -4436437.0000 -863488.5400
-355.0000 -3063411.0000 -789233.5000
-355.0000 -4100057.0000 -457489.3700
-355.0000 -6147595.0000 -995615.3800
-355.0000 -4171339.0000 -772661.9400
-355.0000 -3493417.0000 -873452.9500
-355.0000 -2426765.0000 -252397.4600
-355.0000 -4358067.0000 -669260.9400
-355.0000 -2595683.0000 -487244.0400
-355.0000 -2615673.0000 -212473.2500
-355.0000 -2617905.0000 -447526.5500
-355.0000 -3580207.0000 -557990.3900
-355.0000 -2854993.0000 -283797.4600
-355.0000 -1710363.0000 -231237.8300
-355.0000 -2815769.0000 -322998.1900
-355.0000 -2074209.0000 -232759.2700
-355.0000 -4105473.0000 -350510.1700
-355.0000 -2611905.0000 -340624.5400
-355.0000 -2812937.0000 -382963.6700
-355.0000 -2670265.0000 -342487.1400
-355.0000 -2243367.0000 -439910.7300
-355.0000 -2715373.0000 -293852.9000
-355.0000 -3725359.0000 -491466.6600
-355.0000 -2593299.0000 -348199.3900
-355.0000 -3574265.0000 -338647.5900
-355.0000 -2538331.0000 -506697.3200
-355.0000 -3257079.0000 -657297.6900
-355.0000 -2651887.0000 -416020.1900
-355.0000 -2406013.0000 -396421.1000
-355.0000 -1980661.0000 -185636.8900
-355.0000 -2249747.0000 -309772.0100
-355.0000 -2039767.0000 -377298.6400
-355.0000 -3281439.0000 -595550.5600
-355.0000 -3476393.0000 -360722.1100
-355.0000 -3005333.0000 -620584.4900
-355.0000 -2752299.0000 -527349.6200
-355.0000 -3199741.0000 -270071.7100
-355.0000 -2961407.0000 -539810.4300
-355.0000 -2458975.0000 -570594.4800
-355.0000 -5333489.0000 -393714.7200
-355.0000 -1508711.0000 -267063.6500
-355.0000 -2005653.0000 -440021.5300
-355.0000 -2343699.0000 -298465.6600
-355.0000 -2788845.0000 -222817.2200
-355.0000 -5344935.0000 -728773.1100
-355.0000 -1600981.0000 -119647.0100
-355.0000 -1782051.0000 -190976.7400
-355.0000 -1709095.0000 -245441.9200
-355.0000 -1941531.0000 -322724.5800
-355.0000 -1162029.0000 -165966.1700
-355.0000 -1412997.0000 -171477.5500
-355.0000 -2775205.0000 -545750.5400
-355.0000 -1017183.0000 -211561.9100
-355.0000 -2192633.0000 -174295.2300
-355.0000 -2246923.0000 -182405.9700
-355.0000 -1246925.0000 -112633.4400
-355.0000 -2777329.0000 -181969.0300
-355.0000 -1229427.0000 -137246.2700
-355.0000 -1537413.0000 -201327.8900
-355.0000 -684237.0000 -19619.8300
-355.0000 -780995.0000 -99551.3200
-355.0000 -1025601.0000 -113095.6600
-355.0000 -1251863.0000 -140916.8100
-355.0000 -2580247.0000 -513081.0700
-355.0000 -837275.0000 -125280.4100
-355.0000 -1785263.0000 -294687.2700
-355.0000 -1975141.0000 -150342.8400
-355.0000 -1439033.0000 -288908.7100
-355.0000 -888491.0000 -92828.8600
-355.0000 -2257995.0000 -252735.9600
-355.0000 -1308737.0000 -119720.1800
-355.0000 -1342195.0000 -186807.8900
-355.0000 -1252083.0000 -98956.7700
-355.0000 -2370519.0000 -354717.0200
-355.0000 -1581127.0000 -179666.2500
-355.0000 -2421489.0000 -343311.7800
-355.0000 -1545021.0000 -228292.5100
-355.0000 -2909797.0000 -314563.2600
-355.0000 -1423245.0000 -65563.3600
-355.0000 -1340447.0000 -189710.2800
-355.0000 -1082165.0000 -153463.4900
-355.0000 -1402505.0000 -458056.5800
-355.0000 -1379669.0000 -84605.0600
-355.0000 -423773.0000 -87911.7400
-355.0000 -1574901.0000 -238909.0100
-355.0000 -1630321.0000 -212186.6200
-355.0000 -521215.0000 -104005.9800
-355.0000 -688789.0000 -73143.7000
-355.0000 -724093.0000 -47405.4700
-355.0000 -687589.0000 -15678.9200
-355.0000 -2223461.0000 -135522.7800
-355.0000 -768057.0000 -54842.5100
-355.0000 -493399.0000 -29930.5000
-355.0000 -1667201.0000 -209994.5100
-355.0000 -473911.0000 -37508.4800
-355.0000 -1101633.0000 -105703.1800
-355.0000 -458939.0000 -38890.4700
-355.0000 -771981.0000 -7462.6600
-355.0000 -742877.0000 -36595.9400
-355.0000 -202137.0000 -25019.4500
-355.0000 -1764223.0000 -102153.6900
-355.0000 -1072623.0000 -86040.1100
-355.0000 -1696641.0000 -184413.6800
-355.0000 -678001.0000 -95049.9900
-355.0000 -737731.0000 -38317.2500
-355.0000 -1019025.0000 -138065.2100
-355.0000 -529813.0000 -57013.0200
-355.0000 -736769.0000 -22603.5900
-355.0000 -647873.0000 -23148.1100
-355.0000 -1004885.0000 -62960.2200
-355.0000 -288781.0000 -6202.0400
-355.0000 -807793.0000 -23353.4100
-355.0000 -365603.0000 -12150.1800
-355.0000 -485299.0000 -16813.2300
-355.0000 -487051.0000 -10941.2400
-355.0000 -647339.0000 -17907.8400
-355.0000 -525665.0000 -11744.7700
-355.0000 -325367.0000 -3322.7500
-355.0000 -662511.0000 -38598.0500
-355.0000 -879095.0000 -44750.2900
-355.0000 -696589.0000 -52814.7700
-355.0000 -412325.0000 -44572.0100
-355.0000 -1512479.0000 -248306.4100
-355.0000 -1187117.0000 -55382.8500
-355.0000 -722169.0000 -13801.6200
-355.0000 -246019.0000 -10723.6800
-355.0000 -526609.0000 -13679.8500
-355.0000 -1179001.0000 -12813.0900
-355.0000 -1017301.0000 -38462.6100
-355.0000 -433505.0000 -38945.8700
-355.0000 -1209327.0000 -56913.2300
-355.0000 -1488521.0000 -92369.1000
-355.0000 -1183385.0000 -198469.5100
-355.0000 -247241.0000 -24251.3100
-355.0000 -672201.0000 -82827.0000
-355.0000 -948133.0000 -24586.7300
-355.0000 -415481.0000 -8699.7100
-355.0000 -659757.0000 -15047.3700
-355.0000 -1462737.0000 -147720.8900
-355.0000 -651189.0000 -81983.3400
-355.0000 -924777.0000 -51293.2700
-355.0000 -285891.0000 -12696.9700
-355.0000 -930353.0000 -73929.1700
-355.0000 -745231.0000 -87869.7000
-355.0000 -985987.0000 -33264.9400
-355.0000 -1011731.0000 -113091.4700
-355.0000 -1161591.0000 -80263.9200
-355.0000 -892521.0000 -129174.8300
-355.0000 -1052007.0000 -57813.2600
-355.0000 -850559.0000 -54619.3000
-355.0000 -910887.0000 -82775.1100
-355.0000 -895691.0000 -22453.6600
-355.0000 -1080265.0000 -53620.7100
-355.0000 -1988509.0000 -207672.3600
-355.0000 -1974211.0000 -270225.4900
-355.0000 -1245561.0000 -184754.3200
-355.0000 -456013.0000 -38472.0700
-355.0000 -1130973.0000 -103487.2300
-355.0000 -813939.0000 -80627.8400
-59.0000 -739557.0000 -29666.2000
-59.0000 -860475.0000 -33078.6000
-59.0000 -1133399.0000 -28953.0000
-59.0000 -468491.0000 -42632.9600
-59.0000 -726295.0000 -71179.1300
-59.0000 -545269.0000 -25012.2800
-59.0000 -23247.0000 -174.9400
-59.0000 -613229.0000 -45334.3500
-59.0000 -1262843.0000 -67888.2000
-59.0000 -1497799.0000 -196865.0500
-59.0000 -639325.0000 -61437.2800
-59.0000 -500655.0000 -42655.1600
-59.0000 -461235.0000 -15683.2600
-59.0000 -990127.0000 -33383.5000
-59.0000 -589431.0000 -18312.6700
-59.0000 -229131.0000 -15539.7100
-59.0000 -855297.0000 -144372.9500
-59.0000 -777149.0000 -132461.8000
-59.0000 -804811.0000 -74788.9000
-59.0000 -431073.0000 -21356.7500
-59.0000 -264957.0000 -5755.4300
-59.0000 -672019.0000 -109651.1100
-59.0000 -487901.0000 -19262.0500
-59.0000 -936619.0000 -94086.5600
-59.0000 -383179.0000 -19283.5200
-59.0000 -507797.0000 -14083.9500
-59.0000 -1263037.0000 -35771.4300
-59.0000 -539181.0000 -106663.6900
-59.0000 -543797.0000 -39845.1300
-59.0000 -1928333.0000 -294270.3100
-59.0000 -809315.0000 -68479.8200
-59.0000 -997317.0000 -58504.3600
-59.0000 -597045.0000 -21941.5300
-59.0000 -671905.0000 -81327.8500
-59.0000 -636583.0000 -27502.6900
-59.0000 -322967.0000 -4422.1300
-59.0000 -407235.0000 -18325.4900
-59.0000 -1387765.0000 -173574.5900
-59.0000 -1417567.0000 -289038.9800
-59.0000 -1242677.0000 -113935.6700
-59.0000 -1226773.0000 -192726.0300
-59.0000 -933171.0000 -107266.0300
-59.0000 -614013.0000 -12966.8600
-59.0000 -1474521.0000 -95093.0900
-59.0000 -1302001.0000 -182039.2000
-59.0000 -1154559.0000 -59908.6600
-59.0000 -344875.0000 -34980.1000
-59.0000 -554763.0000 -71342.2300
-59.0000 -445167.0000 -68104.0000
-59.0000 -954253.0000 -91021.5800
-59.0000 -913809.0000 -83122.6300
-59.0000 -742953.0000 -79750.2700
-59.0000 -636947.0000 -34294.9600
-59.0000 -1194401.0000 -110729.6000
-59.0000 -777889.0000 -33994.8500
-59.0000 -1112949.0000 -57791.4400
-59.0000 -1006203.0000 -78128.9700
-59.0000 -1009625.0000 -61624.7700
-59.0000 -911461.0000 -16246.3900
-59.0000 -611533.0000 -53081.8100
-59.0000 -1119109.0000 -71990.8400
-59.0000 -559955.0000 -21658.7200
-59.0000 -802011.0000 -28247.9700
-59.0000 -684459.0000 -71738.7400
-59.0000 -671905.0000 -75117.2800
-59.0000 -1740219.0000 -217422.8000
-59.0000 -722573.0000 -63020.9700
-59.0000 -861221.0000 -20479.7000
-59.0000 -554341.0000 -49460.4700
-59.0000 -833261.0000 -60075.3300
-59.0000 -496817.0000 -108224.9800
-59.0000 -1296217.0000 -98881.5200
-59.0000 -2266857.0000 -103438.7600
-59.0000 -1021807.0000 -56614.9100
-59.0000 -692525.0000 -45566.3400
-59.0000 -647649.0000 -80586.5100
-59.0000 -666245.0000 -32987.2300
-59.0000 -708115.0000 -24272.0200
-59.0000 -1391677.0000 -49642.4900
-59.0000 -719921.0000 -26358.6500
-59.0000 -22325.0000 -170.3300
-59.0000 -2839377.0000 -159203.1800
-59.0000 -971811.0000 -67726.2200
-59.0000 -593707.0000 -5600.7300
-59.0000 -1090365.0000 -59362.5800
-59.0000 -611441.0000 -41132.9300
-59.0000 -59.0000 -59.0000
-59.0000 -59.0000 -59.0000
-59.0000 -916611.0000 -4641.7600
-59.0000 -59.0000 -59.0000
-59.0000 -59.0000 -59.0000
-59.0000 -59.0000 -59.0000
-59.0000 -59.0000 -59.0000
-59.0000 -59.0000 -59.0000
-59.0000 -59.0000 -59.0000
-59.0000 -59.0000 -59.0000
-59.0000 -59.0000 -59.0000
-59.0000 -59.0000 -59.0000
-59.0000 -59.0000 -59.0000
-59.0000 -59.0000 -59.0000
-59.0000 -59.0000 -59.0000
-59.0000 -59.0000 -59.0000
-59.0000 -269189.0000 -1404.6500
-59.0000 -59.0000 -59.0000
-59.0000 -59.0000 -59.0000
-59.0000 -59.0000 -59.0000
-59.0000 -59.0000 -59.0000
-59.0000 -258719.0000 -1352.3000
-59.0000 -59.0000 -59.0000
-59.0000 -59.0000 -59.0000
-59.0000 -59.0000 -59.0000
-59.0000 -59.0000 -59.0000
-59.0000 -59.0000 -59.0000
-59.0000 -815663.0000 -4814.0900
-59.0000 -59.0000 -59.0000
-59.0000 -59.0000 -59.0000
-59.0000 -59.0000 -59.0000
-59.0000 -59.0000 -59.0000
-59.0000 -59.0000 -59.0000
-59.0000 -59.0000 -59.0000
-59.0000 -183825.0000 -977.8300
-59.0000 -682329.0000 -21105.7900
-59.0000 -59.0000 -59.0000
-59.0000 -59.0000 -59.0000
-59.0000 -59.0000 -59.0000
-59.0000 -59.0000 -59.0000
-59.0000 -59.0000 -59.0000
-59.0000 -59.0000 -59.0000
-59.0000 -59.0000 -59.0000
-59.0000 -59.0000 -59.0000
-59.0000 -59.0000 -59.0000
-59.0000 -192495.0000 -1021.1800
-59.0000 -59.0000 -59.0000
-59.0000 -352783.0000 -1837.2800
-59.0000 -59.0000 -59.0000
-59.0000 -59.0000 -59.0000
-59.0000 -533275.0000 -6985.4900
-59.0000 -59.0000 -59.0000
-59.0000 -59.0000 -59.0000
-59.0000 -383539.0000 -3194.1800
-59.0000 -59.0000 -59.0000
-59.0000 -59.0000 -59.0000
-59.0000 -59.0000 -59.0000
-59.0000 -59.0000 -59.0000
-59.0000 -59.0000 -59.0000
-59.0000 -59.0000 -59.0000
-59.0000 -102249.0000 -569.9500
-59.0000 -59.0000 -59.0000
-59.0000 -39473.0000 -256.0700
-59.0000 -59.0000 -59.0000
-59.0000 -59.0000 -59.0000
-59.0000 -59.0000 -59.0000
-59.0000 -59.0000 -59.0000
-59.0000 -59.0000 -59.0000
-59.0000 -264181.0000 -1379.6100
-59.0000 -59.0000 -59.0000
-59.0000 -59.0000 -59.0000
-59.0000 -59.0000 -59.0000
-59.0000 -59.0000 -59.0000
-59.0000 -59.0000 -59.0000
-59.0000 -312159.0000 -1619.5000
-59.0000 -59.0000 -59.0000
-59.0000 -59.0000 -59.0000
-59.0000 -375329.0000 -1935.3500
-59.0000 -3109.0000 -74.2500
