-177707.0000 -8783263.0000 -964740.1300
-177707.0000 -5140579.0000 -970536.6900
-88863.0000 -4641633.0000 -971920.5700
-88863.0000 -4225233.0000 -839590.8900
-88863.0000 -3048709.0000 -368459.7600
-18297.0000 -4203273.0000 -772243.3400
-18297.0000 -7715933.0000 -721342.1900
-18297.0000 -3820539.0000 -1019673.4400
-18297.0000 -6708667.0000 -695818.4800
-18297.0000 -5790985.0000 -453566.7500
-18297.0000 -4006495.0000 -488506.2400
-12831.0000 -5863257.0000 -332029.2600
-12831.0000 -4716261.0000 -402216.4600
-10679.0000 -6220353.0000 -662586.4800
-10679.0000 -5921387.0000 -621889.7100
-10679.0000 -3574253.0000 -593231.0100
-10679.0000 -5565613.0000 -1203191.4200
-10679.0000 -7344355.0000 -994324.4200
-10679.0000 -6867291.0000 -1191250.2800
-10679.0000 -7267359.0000 -639089.0200
-10679.0000 -4552023.0000 -1121151.9200
-10679.0000 -3108913.0000 -333096.6600
-10679.0000 -2900221.0000 -526282.6600
-10679.0000 -5757493.0000 -544611.8100
-10679.0000 -1791411.0000 -284109.5100
-10679.0000 -3984609.0000 -583771.7300
-10679.0000 -5044521.0000 -540855.7200
-10679.0000 -4181547.0000 -569435.8400
-10679.0000 -10659725.0000 -2791872.4000
-10679.0000 -3766147.0000 -685739.0400
-10679.0000 -4620975.0000 -1587091.9400
-10679.0000 -5881871.0000 -546466.3400
-10679.0000 -7181903.0000 -651253.6800
-10679.0000 -4485387.0000 -413956.6400
-10679.0000 -3366933.0000 -589429.8600
-10679.0000 -3087921.0000 -387708.8400
-10679.0000 -3126325.0000 -873223.5400
-10679.0000 -5882779.0000 -664536.4900
-10679.0000 -4909779.0000 -465694.2800
-10679.0000 -6006975.0000 -521077.0800
-10679.0000 -4338793.0000 -1420850.1100
-10679.0000 -6409315.0000 -1048321.2000
-10679.0000 -4468655.0000 -760692.6000
-10679.0000 -1583099.0000 -406718.4500
-10679.0000 -5009361.0000 -1290391.0100
-10679.0000 -2978717.0000 -654991.1900
-10679.0000 -6133801.0000 -1127047.1800
-10679.0000 -2423787.0000 -671082.4500
-10679.0000 -5782833.0000 -850198.7600
-10679.0000 -3902889.0000 -397775.5800
-10679.0000 -2005917.0000 -245818.7900
-10679.0000 -2019147.0000 -416767.0600
-10679.0000 -2669905.0000 -466461.3100
-10679.0000 -5339813.0000 -496510.2900
-10679.0000 -2082191.0000 -393505.4400
-10679.0000 -2177419.0000 -294206.5600
-10679.0000 -4123019.0000 -246906.7000
-10679.0000 -2430417.0000 -571374.7700
-10679.0000 -1642387.0000 -187074.4700
-10679.0000 -2342675.0000 -505052.8500
-7547.0000 -1747471.0000 -158827.8000
-7547.0000 -3673217.0000 -478146.2200
-7547.0000 -3463067.0000 -358135.4000
-7547.0000 -4783017.0000 -730224.9000
-7547.0000 -3418245.0000 -423639.8100
-7547.0000 -2405543.0000 -302673.6200
-7547.0000 -6919513.0000 -664746.4900
-7547.0000 -3257539.0000 -484216.8000
-7547.0000 -2582071.0000 -443015.5700
-7547.0000 -4856625.0000 -547237.9300
-7547.0000 -3828871.0000 -663477.4600
-7547.0000 -3086099.0000 -596504.9300
-7547.0000 -4849479.0000 -511340.0600
-7547.0000 -5093019.0000 -977832.9700
-7547.0000 -3498209.0000 -587832.8000
-7547.0000 -4701249.0000 -508824.0800
-7547.0000 -6011961.0000 -677015.6800
-7547.0000 -4635519.0000 -600060.5300
-4985.0000 -2126361.0000 -302561.4000
-4985.0000 -1957543.0000 -272474.7900
-4985.0000 -1999359.0000 -190401.1300
-4985.0000 -4588989.0000 -768906.6600
-4985.0000 -3264851.0000 -501862.5400
-4985.0000 -3179045.0000 -445415.9400
-4985.0000 -2734323.0000 -451117.3600
-4985.0000 -2585701.0000 -333384.5100
-4985.0000 -2705087.0000 -370060.7300
-4985.0000 -3819993.0000 -585976.9000
-4985.0000 -1811225.0000 -266508.6900
-4985.0000 -4186143.0000 -392036.2900
-4985.0000 -3063609.0000 -237015.4500
-4985.0000 -1237099.0000 -339174.1900
-4985.0000 -3574125.0000 -376525.3600
-4985.0000 -2709399.0000 -493400.2000
-4985.0000 -2683721.0000 -863972.2000
-4985.0000 -2072047.0000 -388984.4600
-4985.0000 -3042255.0000 -381286.9900
-4985.0000 -1879425.0000 -289203.8000
-4985.0000 -1747849.0000 -415003.7900
-4985.0000 -2518687.0000 -429429.7500
-4985.0000 -2990147.0000 -653231.2000
-4985.0000 -1740875.0000 -260730.0700
-4985.0000 -4366009.0000 -544684.1000
-4985.0000 -2222437.0000 -221445.6000
-4985.0000 -1417447.0000 -285938.4000
-4985.0000 -2039981.0000 -516437.0400
-4985.0000 -2383857.0000 -454772.6600
-4985.0000 -4008507.0000 -285976.7600
-4985.0000 -2533991.0000 -655906.6500
-4985.0000 -2129197.0000 -259726.3700
-4985.0000 -4112871.0000 -170585.3200
-4985.0000 -3654187.0000 -160470.2800
-4985.0000 -826727.0000 -121355.1700
-4985.0000 -3449473.0000 -316335.1000
-4985.0000 -2679913.0000 -542628.5300
-4985.0000 -2588089.0000 -90503.6100
-4985.0000 -2116661.0000 -268701.7300
-4191.0000 -2122017.0000 -220959.6300
-4191.0000 -2350215.0000 -232822.8200
-4191.0000 -2443207.0000 -367742.4700
-4191.0000 -3207621.0000 -406247.0200
-4191.0000 -1625627.0000 -106293.2600
-4191.0000 -2008173.0000 -316724.0800
-4191.0000 -1175505.0000 -190950.8400
-4191.0000 -800699.0000 -123853.7800
-4191.0000 -1234343.0000 -115796.5300
-4191.0000 -1161721.0000 -139807.5000
-4191.0000 -2042585.0000 -154246.4000
-4191.0000 -1642033.0000 -337462.4100
-4191.0000 -1036707.0000 -144505.4700
-4191.0000 -1901089.0000 -480775.8400
-4191.0000 -1324609.0000 -311838.7500
-4191.0000 -2283207.0000 -350659.3600
-4191.0000 -979423.0000 -120751.1700
-4191.0000 -1581125.0000 -108045.7100
-4191.0000 -1420965.0000 -199245.1800
-4191.0000 -1754741.0000 -425822.0700
-4191.0000 -1620559.0000 -331997.3700
-4191.0000 -1833399.0000 -155701.2700
-4191.0000 -1714733.0000 -240083.4600
-4191.0000 -697375.0000 -59225.2800
-4191.0000 -1564209.0000 -288007.1800
-4191.0000 -764919.0000 -232454.9000
-4191.0000 -1392389.0000 -251893.6200
-4191.0000 -2168337.0000 -357180.1700
-4191.0000 -2045783.0000 -276471.4200
-4191.0000 -1640551.0000 -354684.6900
-4191.0000 -1342755.0000 -140108.5800
-4191.0000 -2238197.0000 -152568.2300
-4191.0000 -1887753.0000 -343255.2600
-4191.0000 -663197.0000 -117912.8300
-4191.0000 -1714111.0000 -339142.1300
-2769.0000 -726315.0000 -124729.4900
-2769.0000 -1585329.0000 -186318.2000
-2769.0000 -1618047.0000 -85590.2700
-2769.0000 -799461.0000 -84592.6400
-2769.0000 -1344729.0000 -329930.6500
-2769.0000 -1920201.0000 -146256.3500
-2769.0000 -1180733.0000 -114205.5500
-2769.0000 -2450345.0000 -216705.2100
-2769.0000 -1302491.0000 -244614.3700
-2769.0000 -977617.0000 -136415.8000
-2769.0000 -1485357.0000 -77270.6300
-2769.0000 -1250055.0000 -59258.5000
-2769.0000 -165011.0000 -13827.8600
-2769.0000 -1495523.0000 -146688.3900
-2769.0000 -740215.0000 -74967.4300
-2769.0000 -1131945.0000 -59047.2100
-2769.0000 -1351435.0000 -66563.7700
-2769.0000 -586537.0000 -67733.0900
-2769.0000 -610757.0000 -18140.5400
-2769.0000 -779107.0000 -13725.6200
-2769.0000 -1022783.0000 -12452.4200
-1827.0000 -1502059.0000 -36038.8700
-1827.0000 -940337.0000 -13710.1300
-1827.0000 -618467.0000 -8914.4900
-1827.0000 -1353721.0000 -108259.3800
-1827.0000 -570677.0000 -91030.9600
-1827.0000 -1391015.0000 -51559.5000
-1827.0000 -1304403.0000 -78365.1100
-1827.0000 -897873.0000 -9949.1500
-1827.0000 -684647.0000 -33316.8200
-1827.0000 -1011523.0000 -37048.0800
-1827.0000 -672383.0000 -29499.4300
-1827.0000 -1526307.0000 -25709.8400
-1827.0000 -1279753.0000 -157468.3100
-1827.0000 -210401.0000 -31584.1000
-1827.0000 -920295.0000 -16901.5500
-1827.0000 -374523.0000 -16063.1100
-1827.0000 -886409.0000 -14609.4800
-1827.0000 -1491723.0000 -163304.0900
-1827.0000 -1018933.0000 -12277.8600
-1827.0000 -962485.0000 -46270.7800
-1827.0000 -1395249.0000 -127644.9200
-1827.0000 -739169.0000 -57494.7300
-1827.0000 -1037493.0000 -123409.5300
-1827.0000 -858225.0000 -23641.8300
-1827.0000 -897269.0000 -69616.2900
-1827.0000 -1276437.0000 -183681.6900
-1827.0000 -937697.0000 -99206.9800
-1827.0000 -973189.0000 -119163.6600
-1827.0000 -1202273.0000 -26922.4700
-1827.0000 -976289.0000 -104701.7900
-1827.0000 -764619.0000 -68568.1900
-1827.0000 -918517.0000 -220551.7900
-1827.0000 -569629.0000 -34696.5400
-1827.0000 -315265.0000 -14898.2200
-1827.0000 -737833.0000 -147423.4300
-1827.0000 -1595361.0000 -266554.8200
-1827.0000 -271075.0000 -10347.1300
-1827.0000 -650017.0000 -74675.9900
-1827.0000 -970749.0000 -71765.3000
-1827.0000 -662411.0000 -39284.6700
-1827.0000 -758637.0000 -37541.8000
-1827.0000 -748579.0000 -32266.4600
-1827.0000 -819505.0000 -68431.9400
-1827.0000 -803963.0000 -30274.1600
-1827.0000 -815377.0000 -94714.7700
-1827.0000 -560617.0000 -131813.8900
-1827.0000 -858307.0000 -120163.7600
-1827.0000 -960693.0000 -64346.9200
-1827.0000 -784705.0000 -144998.1300
-1827.0000 -394147.0000 -10034.4600
-1827.0000 -558549.0000 -49976.2100
-1827.0000 -713555.0000 -29051.1900
-1827.0000 -510135.0000 -84993.7400
-1827.0000 -519163.0000 -21839.1400
-1827.0000 -927881.0000 -38891.2200
-1827.0000 -478623.0000 -26061.3100
-1827.0000 -949157.0000 -109973.3500
-1827.0000 -918421.0000 -31181.0100
-1827.0000 -1416845.0000 -114256.3600
-1827.0000 -1069945.0000 -99358.8200
-1827.0000 -2310251.0000 -162101.2800
-1827.0000 -1339619.0000 -117683.6900
-1827.0000 -831193.0000 -44009.2000
-69.0000 -612387.0000 -13853.1700
-69.0000 -401201.0000 -10570.4100
-69.0000 -872121.0000 -21349.2300
-69.0000 -1016817.0000 -91747.6300
-69.0000 -616815.0000 -17226.0700
-69.0000 -1213683.0000 -90313.5800
-69.0000 -1382887.0000 -141334.2800
-69.0000 -893693.0000 -40580.5700
-69.0000 -687993.0000 -60620.7400
-69.0000 -656205.0000 -21895.2400
-69.0000 -1319193.0000 -42489.0600
-69.0000 -815535.0000 -93738.3200
-69.0000 -796751.0000 -102691.3200
-69.0000 -946499.0000 -63724.7400
-69.0000 -654805.0000 -87656.3100
-69.0000 -1168777.0000 -97065.9500
-69.0000 -536133.0000 -20362.4900
-69.0000 -639473.0000 -10768.7300
-69.0000 -435433.0000 -25794.3300
-69.0000 -460547.0000 -9814.9400
-69.0000 -966117.0000 -24890.3700
-69.0000 -845275.0000 -29697.3200
-69.0000 -931957.0000 -53863.5700
-69.0000 -1197665.0000 -123151.6600
-69.0000 -1291705.0000 -44931.9500
-69.0000 -1183969.0000 -29244.1700
-69.0000 -895977.0000 -16357.0800
-69.0000 -671483.0000 -58950.6600
-69.0000 -3349071.0000 -96352.3200
-69.0000 -998531.0000 -56414.4300
-69.0000 -1273095.0000 -57868.3200
-69.0000 -533405.0000 -17100.8500
-69.0000 -818931.0000 -79374.8200
-69.0000 -504115.0000 -40630.6800
-69.0000 -259779.0000 -9965.5800
-69.0000 -674621.0000 -48605.1700
-69.0000 -506833.0000 -28679.5700
-69.0000 -716855.0000 -17613.7600
-69.0000 -1025969.0000 -60079.2000
-69.0000 -737089.0000 -42513.9800
-69.0000 -349823.0000 -20913.1600
-69.0000 -894011.0000 -29367.8200
-69.0000 -192557.0000 -18522.6200
-69.0000 -2000529.0000 -81613.8000
-69.0000 -375271.0000 -12621.6800
-69.0000 -816321.0000 -37137.2400
-69.0000 -1111841.0000 -47366.0800
-69.0000 -279839.0000 -11407.7600
-69.0000 -2705871.0000 -103440.3700
-69.0000 -920929.0000 -45009.3200
-69.0000 -1651529.0000 -106469.1600
-69.0000 -463409.0000 -30290.9000
-69.0000 -1846351.0000 -120086.7800
-69.0000 -794507.0000 -136023.1500
-69.0000 -1052847.0000 -43659.0500
-69.0000 -1426391.0000 -61387.1500
-69.0000 -400057.0000 -11643.1100
-69.0000 -744515.0000 -18269.1800
-69.0000 -985743.0000 -49522.7200
-69.0000 -772499.0000 -27905.4400
-69.0000 -915027.0000 -21039.8900
-69.0000 -633291.0000 -31187.2200
-69.0000 -899165.0000 -56506.9400
-69.0000 -1028833.0000 -100441.0600
-69.0000 -657465.0000 -62844.2100
-69.0000 -1002201.0000 -54086.3700
-69.0000 -1082387.0000 -31372.6400
-69.0000 -735859.0000 -28710.9700
-69.0000 -1547579.0000 -76447.0400
-69.0000 -315415.0000 -30358.2300
-69.0000 -999827.0000 -8401.9200
-69.0000 -1188243.0000 -125259.3100
-69.0000 -603471.0000 -4162.2300
-69.0000 -449277.0000 -13271.6000
-69.0000 -1637939.0000 -63315.2600
-69.0000 -840183.0000 -45300.6900
-69.0000 -703337.0000 -47319.4500
-69.0000 -483279.0000 -35024.6100
-69.0000 -513233.0000 -20433.2600
-69.0000 -655627.0000 -155002.5400
-69.0000 -674939.0000 -77047.0700
-69.0000 -966735.0000 -85036.8300
-69.0000 -895977.0000 -114695.5400
-69.0000 -1425069.0000 -107362.5900
-69.0000 -374017.0000 -19630.6500
-69.0000 -886289.0000 -7504.4000
-69.0000 -69.0000 -69.0000
-69.0000 -69.0000 -69.0000
-69.0000 -69.0000 -69.0000
-69.0000 -69.0000 -69.0000
-69.0000 -680707.0000 -11380.3400
-69.0000 -94683.0000 -867.9000
-69.0000 -69.0000 -69.0000
-69.0000 -878637.0000 -18911.6600
-69.0000 -51327.0000 -581.5800
-69.0000 -69.0000 -69.0000
-69.0000 -439633.0000 -6824.5900
-69.0000 -867281.0000 -4405.0600
-69.0000 -69.0000 -69.0000
-69.0000 -69.0000 -69.0000
-69.0000 -69.0000 -69.0000
-69.0000 -69.0000 -69.0000
-69.0000 -69.0000 -69.0000
-69.0000 -69.0000 -69.0000
-69.0000 -69.0000 -69.0000
-69.0000 -69.0000 -69.0000
-69.0000 -69.0000 -69.0000
-69.0000 -69.0000 -69.0000
-69.0000 -69.0000 -69.0000
-69.0000 -69.0000 -69.0000
-69.0000 -69.0000 -69.0000
-69.0000 -69.0000 -69.0000
-69.0000 -69.0000 -69.0000
-69.0000 -69.0000 -69.0000
-69.0000 -69.0000 -69.0000
-69.0000 -69.0000 -69.0000
-69.0000 -69.0000 -69.0000
-69.0000 -69.0000 -69.0000
-69.0000 -69.0000 -69.0000
-69.0000 -69.0000 -69.0000
-69.0000 -69.0000 -69.0000
-69.0000 -827239.0000 -4511.5700
-69.0000 -69.0000 -69.0000
-69.0000 -69.0000 -69.0000
-69.0000 -69.0000 -69.0000
-69.0000 -69.0000 -69.0000
-69.0000 -69.0000 -69.0000
-69.0000 -69.0000 -69.0000
-69.0000 -69.0000 -69.0000
-69.0000 -69.0000 -69.0000
-69.0000 -592679.0000 -3032.0500
-69.0000 -69.0000 -69.0000
-69.0000 -69.0000 -69.0000
-69.0000 -69.0000 -69.0000
-69.0000 -69.0000 -69.0000
-69.0000 -69.0000 -69.0000
-69.0000 -165305.0000 -1384.1400
-69.0000 -69.0000 -69.0000
-69.0000 -69.0000 -69.0000
-69.0000 -69.0000 -69.0000
-69.0000 -155259.0000 -844.9500
-69.0000 -69.0000 -69.0000
-69.0000 -69.0000 -69.0000
-69.0000 -69.0000 -69.0000
-69.0000 -69.0000 -69.0000
-69.0000 -76061.0000 -448.9600
-69.0000 -69.0000 -69.0000
-69.0000 -69.0000 -69.0000
-69.0000 -69.0000 -69.0000
-69.0000 -69.0000 -69.0000
-69.0000 -69.0000 -69.0000
-69.0000 -107443.0000 -1363.9300
-69.0000 -69.0000 -69.0000
-69.0000 -69.0000 -69.0000
-69.0000 -69.0000 -69.0000
-69.0000 -69.0000 -69.0000
-69.0000 -69.0000 -69.0000
-69.0000 -69.0000 -69.0000
-69.0000 -69.0000 -69.0000
-69.0000 -69.0000 -69.0000
-69.0000 -153177.0000 -2008.7000
-69.0000 -69.0000 -69.0000
-69.0000 -69.0000 -69.0000
-69.0000 -69.0000 -69.0000
