-5119.0000 -3023703.0000 -422280.7100
-5119.0000 -4990205.0000 -431035.4100
-5119.0000 -1685793.0000 -277021.0100
-5119.0000 -2771283.0000 -249802.8200
-5119.0000 -6441139.0000 -797104.4700
-5119.0000 -4307477.0000 -1036810.7100
-5119.0000 -2379649.0000 -343308.1500
-5119.0000 -5248107.0000 -794916.2600
-5119.0000 -4752519.0000 -303500.9900
-5119.0000 -4408633.0000 -381285.7100
-5119.0000 -3950259.0000 -548843.4000
-5119.0000 -3908323.0000 -784398.6600
-5119.0000 -4172537.0000 -603160.9100
-5119.0000 -4104039.0000 -523393.6600
-5119.0000 -2109981.0000 -280800.7800
-5119.0000 -2589667.0000 -422620.8100
-5119.0000 -5670061.0000 -586608.7700
-5119.0000 -5009401.0000 -592956.7400
-5119.0000 -3560761.0000 -619030.2200
-5119.0000 -2903207.0000 -430788.2600
-5119.0000 -2908671.0000 -388164.8500
-5119.0000 -5090849.0000 -1149285.6900
-5119.0000 -4210713.0000 -407521.7000
-5119.0000 -5748453.0000 -914413.4700
-219.0000 -3959483.0000 -227766.6000
-219.0000 -2320851.0000 -432836.5300
-219.0000 -4402233.0000 -650215.7800
-219.0000 -3655187.0000 -571341.9400
-219.0000 -3767603.0000 -924745.6700
-219.0000 -5827581.0000 -862396.9900
-219.0000 -3710879.0000 -718744.6400
-219.0000 -4144845.0000 -512524.5500
-219.0000 -5512067.0000 -406771.7700
-219.0000 -3004131.0000 -757508.8100
-219.0000 -8089633.0000 -1023234.9500
-219.0000 -3697859.0000 -573344.8900
-219.0000 -3606801.0000 -548446.1700
-219.0000 -2894833.0000 -448996.3300
-219.0000 -3562473.0000 -609704.0700
-219.0000 -3015831.0000 -432739.6500
-219.0000 -3745671.0000 -804144.0400
-219.0000 -3589753.0000 -649622.8200
-219.0000 -6017361.0000 -486198.2900
-219.0000 -4325897.0000 -766515.3200
-219.0000 -3981027.0000 -804167.1200
-219.0000 -5258953.0000 -378302.1500
-219.0000 -3057065.0000 -379306.3400
-219.0000 -5480507.0000 -1199420.7200
-219.0000 -5489241.0000 -888789.2800
-219.0000 -2665405.0000 -552462.3300
-219.0000 -3504205.0000 -865243.7500
-219.0000 -3977507.0000 -305309.1900
-219.0000 -2064843.0000 -326330.1100
-219.0000 -3447497.0000 -423732.0600
-219.0000 -8696491.0000 -730261.0700
-219.0000 -2240275.0000 -591484.9900
-219.0000 -4726677.0000 -839485.3900
-219.0000 -4769807.0000 -795303.5500
-219.0000 -2548993.0000 -479068.6600
-219.0000 -5768313.0000 -505403.5600
-219.0000 -1770091.0000 -361555.9000
-219.0000 -2557177.0000 -407325.3600
-219.0000 -5027969.0000 -453518.1200
-219.0000 -4857989.0000 -572937.2100
-219.0000 -3015973.0000 -257450.8700
-219.0000 -3574211.0000 -740429.9500
-219.0000 -7628493.0000 -883563.0900
-219.0000 -2634345.0000 -390182.4300
-219.0000 -4215131.0000 -191209.9600
-219.0000 -3337183.0000 -534187.0500
-219.0000 -3680087.0000 -825578.9800
-219.0000 -4415573.0000 -547965.9800
-219.0000 -3206531.0000 -671396.8500
-219.0000 -1339949.0000 -214963.8600
-219.0000 -5352601.0000 -1310696.7100
-219.0000 -3308353.0000 -434199.5300
-219.0000 -1939479.0000 -417542.7200
-219.0000 -4169413.0000 -318084.6100
-219.0000 -1852973.0000 -393575.6900
-219.0000 -2913719.0000 -377038.5300
-219.0000 -4092307.0000 -483304.4000
-219.0000 -2826807.0000 -396230.7400
-219.0000 -2506523.0000 -373848.9600
-219.0000 -4829941.0000 -598181.6500
-219.0000 -2817513.0000 -266744.6100
-219.0000 -2623529.0000 -362078.1300
-219.0000 -2914833.0000 -284256.6400
-219.0000 -2079921.0000 -384471.6200
-219.0000 -5136079.0000 -732613.3000
-219.0000 -3268663.0000 -576883.2200
-219.0000 -2649115.0000 -456218.1000
-219.0000 -2609717.0000 -210436.9700
-219.0000 -3618759.0000 -500950.3900
-219.0000 -3355641.0000 -430906.1200
-219.0000 -1887965.0000 -391403.4300
-219.0000 -2072457.0000 -448771.5700
-219.0000 -2270245.0000 -369554.6100
-219.0000 -5121691.0000 -754487.1700
-219.0000 -2715441.0000 -406019.7700
-219.0000 -3465277.0000 -645261.5500
-219.0000 -2278229.0000 -356336.8700
-219.0000 -1956233.0000 -263559.4300
-219.0000 -3710575.0000 -419853.0600
-219.0000 -3103819.0000 -487721.2300
-219.0000 -3224907.0000 -451517.0400
-219.0000 -909053.0000 -73509.0700
-219.0000 -3185299.0000 -619181.0400
-219.0000 -2703185.0000 -306512.2200
-219.0000 -2062565.0000 -350360.3800
-219.0000 -821425.0000 -145094.4800
-219.0000 -2677405.0000 -187474.4200
-219.0000 -3745293.0000 -488363.5300
-219.0000 -3951753.0000 -387177.1100
-219.0000 -1387381.0000 -212615.0200
-219.0000 -1390713.0000 -215729.3200
-219.0000 -2537295.0000 -596402.7700
-219.0000 -1830407.0000 -433327.9100
-219.0000 -1969053.0000 -384785.0300
-219.0000 -2262817.0000 -349148.3200
-219.0000 -3731757.0000 -430491.8600
-219.0000 -2977621.0000 -253853.1500
-219.0000 -456801.0000 -77782.6700
-219.0000 -2692771.0000 -271818.4400
-219.0000 -731767.0000 -75950.7800
-219.0000 -1657663.0000 -434431.7400
-219.0000 -1557525.0000 -161552.6100
-219.0000 -1880097.0000 -212122.6000
-219.0000 -1805079.0000 -264446.6800
-219.0000 -1721449.0000 -192748.8400
-219.0000 -1426125.0000 -316848.3400
-219.0000 -1670125.0000 -375751.1500
-219.0000 -1379627.0000 -266549.7500
-219.0000 -1865909.0000 -260479.1200
-219.0000 -1815839.0000 -275504.0600
-219.0000 -1903907.0000 -260209.4000
-219.0000 -3855983.0000 -527173.9300
-219.0000 -1119813.0000 -268296.3700
-219.0000 -1564949.0000 -229848.5800
-219.0000 -1030529.0000 -204105.4900
-219.0000 -1500171.0000 -295219.6300
-219.0000 -957907.0000 -124593.0200
-219.0000 -1991859.0000 -433019.8500
-219.0000 -1214877.0000 -149112.8400
-219.0000 -1215685.0000 -123111.8500
-219.0000 -2000595.0000 -282110.0100
-219.0000 -1210921.0000 -115458.5000
-219.0000 -1337287.0000 -178192.6300
-219.0000 -1082595.0000 -189137.6300
-219.0000 -926411.0000 -140668.2100
-219.0000 -846955.0000 -179434.2300
-219.0000 -3466095.0000 -541520.7700
-219.0000 -2456817.0000 -182902.2100
-219.0000 -2123081.0000 -245641.1100
-219.0000 -1551833.0000 -147942.4300
-219.0000 -897031.0000 -136194.8600
-219.0000 -1629229.0000 -261322.0800
-219.0000 -1177345.0000 -150553.1700
-219.0000 -1869715.0000 -235529.3200
-219.0000 -849439.0000 -177080.1600
-219.0000 -1580847.0000 -523168.9400
-219.0000 -1205443.0000 -111688.2600
-219.0000 -1524369.0000 -139687.4700
-219.0000 -631915.0000 -46226.9800
-219.0000 -1124483.0000 -73283.5300
-219.0000 -532965.0000 -20061.3000
-219.0000 -776513.0000 -18225.3300
-219.0000 -696319.0000 -46603.2500
-219.0000 -937691.0000 -130871.4600
-219.0000 -419815.0000 -34820.6900
-219.0000 -504225.0000 -47488.9700
-219.0000 -872693.0000 -7274.7400
-219.0000 -1105627.0000 -57634.8400
-219.0000 -920209.0000 -161054.1400
-219.0000 -805441.0000 -38944.6700
-219.0000 -1121949.0000 -130112.4300
-219.0000 -166765.0000 -25876.0600
-219.0000 -1133689.0000 -63155.5200
-219.0000 -903771.0000 -158145.2100
-219.0000 -702579.0000 -93956.2800
-219.0000 -672673.0000 -99201.6900
-219.0000 -1343311.0000 -68015.3500
-219.0000 -386457.0000 -13837.4900
-219.0000 -391693.0000 -10203.1900
-219.0000 -1319943.0000 -17595.2600
-219.0000 -409589.0000 -13395.5400
-219.0000 -598201.0000 -51347.0700
-219.0000 -868883.0000 -41660.5500
-219.0000 -856015.0000 -15324.0700
-219.0000 -765013.0000 -33337.4300
-219.0000 -390293.0000 -12319.1100
-219.0000 -705843.0000 -41936.0100
-219.0000 -971343.0000 -41751.6800
-219.0000 -767265.0000 -13516.5700
-219.0000 -797819.0000 -58846.3500
-35.0000 -841569.0000 -23779.6300
-35.0000 -1047621.0000 -6168.0100
-35.0000 -1158463.0000 -78107.7700
-35.0000 -353183.0000 -4257.1300
-35.0000 -1610701.0000 -153939.6800
-35.0000 -1463423.0000 -125390.2900
-35.0000 -829121.0000 -55683.0100
-35.0000 -1724299.0000 -93682.1200
-35.0000 -583597.0000 -8808.3900
-35.0000 -731593.0000 -113756.8000
-35.0000 -1553615.0000 -137710.1500
-35.0000 -1047891.0000 -181397.7100
-35.0000 -1027847.0000 -236958.0000
-35.0000 -739331.0000 -50239.9100
-35.0000 -2171389.0000 -68514.6200
-35.0000 -1367345.0000 -108627.2700
-35.0000 -1029541.0000 -59567.7100
-35.0000 -848795.0000 -48289.2200
-35.0000 -896011.0000 -17988.3200
-35.0000 -1622171.0000 -31933.2800
-35.0000 -880877.0000 -30382.4900
-35.0000 -469483.0000 -25542.5500
-35.0000 -1313141.0000 -26442.0100
-35.0000 -922283.0000 -87515.9300
-35.0000 -1299571.0000 -169117.4000
-35.0000 -660721.0000 -34738.0300
-35.0000 -964809.0000 -145956.9500
-35.0000 -524031.0000 -8211.0000
-35.0000 -1499333.0000 -61788.1700
-35.0000 -1491081.0000 -26351.5900
-35.0000 -869659.0000 -53721.0400
-35.0000 -643279.0000 -37560.5700
-35.0000 -923071.0000 -20611.7900
-35.0000 -523817.0000 -43701.8100
-35.0000 -508505.0000 -32679.2800
-35.0000 -1443691.0000 -40656.0600
-35.0000 -784485.0000 -54839.4500
-35.0000 -1256563.0000 -55135.2400
-35.0000 -899061.0000 -75361.6300
-35.0000 -671811.0000 -62446.3400
-35.0000 -1093235.0000 -77332.4000
-35.0000 -921827.0000 -18729.2100
-35.0000 -120537.0000 -1295.7500
-35.0000 -1690341.0000 -122676.3200
-35.0000 -465529.0000 -24707.0300
-35.0000 -1631089.0000 -93966.2800
-35.0000 -1220727.0000 -85072.8200
-35.0000 -1713997.0000 -122078.8600
-35.0000 -1662665.0000 -241831.9300
-35.0000 -1083337.0000 -95649.2500
-35.0000 -771683.0000 -94332.4500
-35.0000 -1112417.0000 -166658.3300
-35.0000 -393021.0000 -69061.1300
-35.0000 -926239.0000 -83053.9800
-35.0000 -671811.0000 -85803.7200
-35.0000 -973925.0000 -82353.1000
-35.0000 -1067165.0000 -195919.8500
-35.0000 -1570819.0000 -161928.9600
-35.0000 -1771283.0000 -75205.9200
-35.0000 -1364177.0000 -241135.8800
-35.0000 -627399.0000 -68277.3400
-35.0000 -1703779.0000 -130111.1700
-35.0000 -824517.0000 -69257.7200
-35.0000 -549995.0000 -8308.6300
-35.0000 -460787.0000 -3911.1400
-35.0000 -776771.0000 -17737.2500
-35.0000 -704101.0000 -27320.9000
-35.0000 -643131.0000 -113732.3200
-35.0000 -924603.0000 -166450.1800
-35.0000 -1140073.0000 -109830.4100
-35.0000 -815569.0000 -48305.9700
-35.0000 -714821.0000 -30238.8300
-35.0000 -503007.0000 -2549.8600
-35.0000 -1009751.0000 -43709.3700
-35.0000 -815569.0000 -18662.1900
-35.0000 -1044719.0000 -45220.2700
-35.0000 -993917.0000 -54239.0800
-35.0000 -277123.0000 -6282.9400
-35.0000 -833827.0000 -47772.0100
-35.0000 -486887.0000 -29315.1100
-35.0000 -401305.0000 -25270.1300
-35.0000 -367317.0000 -4342.6300
-35.0000 -361583.0000 -32933.6600
-35.0000 -1298329.0000 -73118.9900
-35.0000 -1123875.0000 -80481.3800
-35.0000 -269817.0000 -2864.0100
-35.0000 -899061.0000 -54054.4900
-35.0000 -1437989.0000 -106259.7100
-35.0000 -401305.0000 -11671.9600
-35.0000 -450249.0000 -21145.4600
-35.0000 -1488979.0000 -107260.7800
-35.0000 -703333.0000 -66090.0800
-35.0000 -697005.0000 -33948.1600
-35.0000 -1622691.0000 -84235.5200
-35.0000 -966701.0000 -41671.3500
-35.0000 -562117.0000 -17214.4900
-35.0000 -673729.0000 -31800.3000
-35.0000 -1631903.0000 -50955.1600
-35.0000 -825613.0000 -75451.7200
-35.0000 -1343127.0000 -90589.6000
-35.0000 -1297895.0000 -51662.6400
-35.0000 -899861.0000 -23848.0300
-35.0000 -1137771.0000 -54203.8100
-35.0000 -1233107.0000 -40538.7500
-35.0000 -422345.0000 -19026.9000
-35.0000 -1298343.0000 -71345.2700
-35.0000 -757067.0000 -68465.1100
-35.0000 -689185.0000 -32761.6200
-35.0000 -797403.0000 -57673.4100
-35.0000 -1115165.0000 -19111.0900
-35.0000 -2037189.0000 -71956.2900
-35.0000 -630261.0000 -41246.3000
-35.0000 -717247.0000 -17411.2600
-35.0000 -785991.0000 -58190.3800
-35.0000 -556145.0000 -15971.5600
-35.0000 -447919.0000 -22614.9000
-35.0000 -1299427.0000 -21985.8000
-35.0000 -728885.0000 -51799.5000
-35.0000 -1555403.0000 -72490.6800
-35.0000 -534077.0000 -32571.8500
-35.0000 -409863.0000 -17465.0400
-35.0000 -609919.0000 -9830.8800
-35.0000 -1512125.0000 -107941.9800
-35.0000 -837293.0000 -74708.6500
-35.0000 -664907.0000 -70584.3200
-35.0000 -1080655.0000 -115734.1300
-35.0000 -1347307.0000 -9521.6200
-35.0000 -105387.0000 -561.7600
-35.0000 -35.0000 -35.0000
-35.0000 -35.0000 -35.0000
-35.0000 -35.0000 -35.0000
-35.0000 -35.0000 -35.0000
-35.0000 -35.0000 -35.0000
-35.0000 -35.0000 -35.0000
-35.0000 -35.0000 -35.0000
-35.0000 -35.0000 -35.0000
-35.0000 -35.0000 -35.0000
-35.0000 -35.0000 -35.0000
-35.0000 -35.0000 -35.0000
-35.0000 -35.0000 -35.0000
-35.0000 -127181.0000 -870.8100
-35.0000 -35.0000 -35.0000
-35.0000 -35.0000 -35.0000
-35.0000 -35.0000 -35.0000
-35.0000 -35.0000 -35.0000
-35.0000 -240615.0000 -1530.8700
-35.0000 -35.0000 -35.0000
-35.0000 -538485.0000 -2727.2500
-35.0000 -35.0000 -35.0000
-35.0000 -345975.0000 -1764.7000
-35.0000 -22531.0000 -147.4800
-35.0000 -35.0000 -35.0000
-35.0000 -35.0000 -35.0000
-35.0000 -35.0000 -35.0000
-35.0000 -163785.0000 -1770.8700
-35.0000 -35.0000 -35.0000
-35.0000 -35.0000 -35.0000
-35.0000 -35.0000 -35.0000
-35.0000 -35.0000 -35.0000
-35.0000 -35.0000 -35.0000
-35.0000 -35.0000 -35.0000
-35.0000 -35.0000 -35.0000
-35.0000 -35.0000 -35.0000
-35.0000 -35.0000 -35.0000
-35.0000 -64297.0000 -356.3100
-35.0000 -35.0000 -35.0000
-35.0000 -35.0000 -35.0000
-35.0000 -35.0000 -35.0000
-35.0000 -35.0000 -35.0000
-35.0000 -35.0000 -35.0000
-35.0000 -460771.0000 -2590.6700
-35.0000 -35.0000 -35.0000
-35.0000 -35.0000 -35.0000
-35.0000 -35.0000 -35.0000
-35.0000 -35.0000 -35.0000
-35.0000 -35.0000 -35.0000
-35.0000 -35.0000 -35.0000
-35.0000 -35.0000 -35.0000
-35.0000 -35.0000 -35.0000
-35.0000 -35.0000 -35.0000
-35.0000 -35.0000 -35.0000
-35.0000 -35.0000 -35.0000
-35.0000 -117381.0000 -621.7300
-35.0000 -89819.0000 -599.6700
-35.0000 -35.0000 -35.0000
-35.0000 -323269.0000 -4001.1700
-35.0000 -51329.0000 -291.4700
-35.0000 -35.0000 -35.0000
-35.0000 -35.0000 -35.0000
-35.0000 -35.0000 -35.0000
-35.0000 -35.0000 -35.0000
-35.0000 -35.0000 -35.0000
-35.0000 -35.0000 -35.0000
-35.0000 -35.0000 -35.0000
-35.0000 -39449.0000 -360.3800
-35.0000 -35.0000 -35.0000
-35.0000 -35.0000 -35.0000
-35.0000 -35.0000 -35.0000
-35.0000 -35.0000 -35.0000
-35.0000 -35.0000 -35.0000
-35.0000 -35.0000 -35.0000
-35.0000 -192401.0000 -1911.3800
-35.0000 -35.0000 -35.0000
-35.0000 -35.0000 -35.0000
-35.0000 -668713.0000 -3378.3900
-35.0000 -35.0000 -35.0000
