-171689.0000 -7546555.0000 -1064442.3200
-53377.0000 -4248945.0000 -779415.5600
-53377.0000 -5442363.0000 -692038.7700
-53377.0000 -4992833.0000 -595619.0900
-53377.0000 -4791975.0000 -795229.5600
-29163.0000 -4222425.0000 -628639.2800
-29163.0000 -2390541.0000 -437708.0500
-29163.0000 -7872447.0000 -915737.7900
-29163.0000 -2959501.0000 -869136.0500
-29163.0000 -2607695.0000 -542587.4800
-29163.0000 -3546029.0000 -301693.7200
-29163.0000 -3999211.0000 -643294.8900
-29163.0000 -5445471.0000 -427297.5500
-29163.0000 -4686081.0000 -471773.2900
-29163.0000 -4008187.0000 -612720.3800
-29163.0000 -6249345.0000 -1362624.3100
-29163.0000 -5175357.0000 -750873.8300
-29163.0000 -4670967.0000 -650099.0500
-29163.0000 -5848279.0000 -723739.5700
-29163.0000 -7015153.0000 -1232733.5000
-29163.0000 -6305653.0000 -890214.0300
-29163.0000 -3998849.0000 -414582.6500
-12495.0000 -5262843.0000 -479929.2300
-12473.0000 -4364881.0000 -296545.4900
-12473.0000 -4194199.0000 -831558.1300
-12473.0000 -9635779.0000 -1239161.5100
-12473.0000 -6970875.0000 -1962984.9500
-12473.0000 -6565867.0000 -953780.0400
-12473.0000 -4697923.0000 -809698.5100
-12473.0000 -2935553.0000 -456495.7100
-12473.0000 -3743721.0000 -271296.4900
-12473.0000 -5111475.0000 -522429.4800
-12473.0000 -4759367.0000 -322880.4300
-12473.0000 -8148133.0000 -1010284.2800
-12473.0000 -4349869.0000 -539625.0500
-12473.0000 -6189117.0000 -656510.0300
-12473.0000 -2928975.0000 -519457.7100
-12473.0000 -2988551.0000 -311017.4800
-12473.0000 -4032731.0000 -816881.8300
-12473.0000 -9634389.0000 -1566554.8100
-12473.0000 -3584033.0000 -412232.8800
-12473.0000 -3612905.0000 -682428.0700
-12473.0000 -3909029.0000 -449736.4600
-12473.0000 -3705183.0000 -357512.7500
-12473.0000 -5894675.0000 -882491.3400
-12473.0000 -3055769.0000 -375467.5300
-12473.0000 -3504121.0000 -492466.9400
-12473.0000 -2255327.0000 -256351.5900
-12473.0000 -3822843.0000 -597037.2900
-12473.0000 -3072273.0000 -531390.7300
-12473.0000 -4180219.0000 -311836.2500
-12473.0000 -3930983.0000 -610557.9800
-12473.0000 -3042655.0000 -664856.8100
-12473.0000 -2727351.0000 -626706.6200
-12473.0000 -2600385.0000 -376758.9900
-12473.0000 -4631497.0000 -629945.9600
-12473.0000 -3157527.0000 -706695.9100
-12473.0000 -3351437.0000 -385135.9900
-12473.0000 -3993073.0000 -295089.1200
-12473.0000 -4258067.0000 -618267.9700
-12473.0000 -3115627.0000 -812568.4600
-12473.0000 -2439181.0000 -222673.6200
-12473.0000 -2186873.0000 -217362.3500
-12473.0000 -5709827.0000 -471110.1400
-12473.0000 -5927431.0000 -817169.5100
-12473.0000 -3229581.0000 -513371.1600
-12473.0000 -4835457.0000 -553986.6300
-12473.0000 -3169503.0000 -317028.1800
-12473.0000 -3765539.0000 -856575.5100
-12473.0000 -4560569.0000 -401308.4200
-12473.0000 -4802307.0000 -542943.0400
-12473.0000 -4264087.0000 -895778.7800
-12473.0000 -4148373.0000 -634331.0600
-12473.0000 -2429363.0000 -236105.1400
-12473.0000 -2896137.0000 -508911.2800
-12473.0000 -3285099.0000 -625561.8100
-12473.0000 -5688187.0000 -1093656.1700
-12473.0000 -7003261.0000 -498905.1000
-12473.0000 -3986979.0000 -845233.0600
-12473.0000 -3848289.0000 -462019.4100
-12473.0000 -2828297.0000 -134941.4500
-12473.0000 -1854749.0000 -551947.1100
-12473.0000 -1854321.0000 -143142.2100
-12473.0000 -2956117.0000 -242729.9200
-12473.0000 -2087379.0000 -279792.2100
-12473.0000 -2604391.0000 -349627.3500
-12473.0000 -1326411.0000 -312953.6300
-12473.0000 -1362825.0000 -201375.5600
-12473.0000 -2924499.0000 -269364.8400
-12473.0000 -2567121.0000 -509579.1100
-12473.0000 -2519401.0000 -483093.1900
-12473.0000 -8080889.0000 -726809.1600
-2553.0000 -1301445.0000 -215769.4400
-2553.0000 -6396925.0000 -521570.8100
-2553.0000 -2337073.0000 -388894.6200
-2553.0000 -3938385.0000 -374435.8800
-2553.0000 -3168845.0000 -342870.6700
-2553.0000 -3507041.0000 -210003.4100
-2553.0000 -3702985.0000 -227282.1100
-2553.0000 -3708501.0000 -563762.5900
-2553.0000 -2805785.0000 -148486.7900
-2553.0000 -2721097.0000 -395628.3700
-2553.0000 -2036371.0000 -331397.8700
-2553.0000 -3917687.0000 -258595.6800
-2553.0000 -3170303.0000 -400838.3100
-2553.0000 -2636977.0000 -320234.9200
-2553.0000 -3321625.0000 -634741.2500
-2553.0000 -1598743.0000 -429987.4200
-2553.0000 -2831183.0000 -328739.3000
-2553.0000 -3162959.0000 -393208.9700
-2553.0000 -3075715.0000 -235097.0700
-2553.0000 -2388923.0000 -185337.9900
-2553.0000 -2766749.0000 -576104.1400
-2553.0000 -3600201.0000 -432578.0900
-2553.0000 -2916949.0000 -897260.2800
-2553.0000 -3011735.0000 -1043289.5500
-2553.0000 -4270423.0000 -391045.7100
-2553.0000 -2449311.0000 -532362.0800
-2553.0000 -1973625.0000 -169958.3600
-2553.0000 -3186651.0000 -542319.3600
-2553.0000 -3499649.0000 -369352.7700
-2553.0000 -1697953.0000 -205610.0100
-2553.0000 -3149391.0000 -260808.5000
-2553.0000 -1064997.0000 -200446.0500
-471.0000 -528413.0000 -76477.9900
-471.0000 -1446591.0000 -232043.1000
-471.0000 -859279.0000 -106594.7200
-471.0000 -1736849.0000 -303171.6100
-471.0000 -1197831.0000 -93670.8700
-471.0000 -1391801.0000 -149608.4800
-471.0000 -993193.0000 -99155.9000
-471.0000 -1320591.0000 -151371.6300
-471.0000 -618349.0000 -147353.8200
-471.0000 -1215119.0000 -248802.6100
-471.0000 -1438007.0000 -312248.7800
-471.0000 -1340309.0000 -172625.1400
-471.0000 -934849.0000 -157644.4100
-471.0000 -1017773.0000 -109141.2200
-471.0000 -1162257.0000 -302964.8900
-471.0000 -1989649.0000 -315313.5700
-471.0000 -1533191.0000 -246406.9500
-471.0000 -1265093.0000 -138082.2100
-471.0000 -2719785.0000 -447379.4000
-471.0000 -985269.0000 -182241.1700
-471.0000 -1297333.0000 -454522.0100
-471.0000 -2552031.0000 -311841.9800
-471.0000 -3251617.0000 -293296.5100
-471.0000 -2186895.0000 -268390.6400
-471.0000 -888469.0000 -76283.3900
-471.0000 -1732635.0000 -216219.9500
-471.0000 -776039.0000 -86944.3700
-471.0000 -1878409.0000 -270065.6000
-471.0000 -1296859.0000 -235980.7600
-471.0000 -1491469.0000 -124489.6300
-471.0000 -1846373.0000 -159287.7000
-471.0000 -2150183.0000 -270217.1900
-471.0000 -1604421.0000 -307797.5000
-471.0000 -1400051.0000 -82736.0100
-471.0000 -1182873.0000 -425576.2100
-471.0000 -1004643.0000 -91142.6600
-471.0000 -584927.0000 -128309.2200
-471.0000 -1038357.0000 -123558.2300
-471.0000 -542593.0000 -57096.7700
-471.0000 -1785147.0000 -129850.4100
-471.0000 -914827.0000 -83091.9400
-471.0000 -1313853.0000 -146599.7600
-471.0000 -1323063.0000 -40758.8100
-471.0000 -1106007.0000 -35868.5500
-471.0000 -548161.0000 -55636.8100
-471.0000 -1129277.0000 -169830.1300
-471.0000 -1379297.0000 -128939.7900
-471.0000 -690511.0000 -51852.2400
-471.0000 -118763.0000 -2790.5100
-471.0000 -801615.0000 -70738.9200
-471.0000 -747915.0000 -29193.5700
-471.0000 -603499.0000 -38004.6900
-471.0000 -230681.0000 -29719.5700
-471.0000 -272375.0000 -34409.5300
-471.0000 -718267.0000 -104371.2500
-471.0000 -1543429.0000 -68426.3700
-471.0000 -605521.0000 -28088.9700
-471.0000 -841651.0000 -19735.8700
-471.0000 -1944373.0000 -151638.7900
-471.0000 -966195.0000 -50174.3500
-471.0000 -578045.0000 -14617.1600
-471.0000 -870333.0000 -49127.3100
-471.0000 -558453.0000 -61424.5000
-471.0000 -1238207.0000 -91345.3500
-471.0000 -782895.0000 -30038.9900
-471.0000 -426149.0000 -30496.7100
-471.0000 -512683.0000 -14041.1500
-471.0000 -809017.0000 -14725.8900
-471.0000 -669893.0000 -60614.3900
-471.0000 -2110897.0000 -66720.9700
-471.0000 -971795.0000 -33403.4600
-471.0000 -863811.0000 -57623.2400
-471.0000 -635827.0000 -97033.9000
-471.0000 -956851.0000 -36369.0000
-471.0000 -1573647.0000 -125313.7400
-471.0000 -717491.0000 -52471.3100
-471.0000 -701535.0000 -55209.8600
-471.0000 -625241.0000 -32362.1900
-471.0000 -349721.0000 -11258.6200
-471.0000 -279729.0000 -9222.4600
-471.0000 -155661.0000 -6500.4400
-471.0000 -812481.0000 -11573.5900
-471.0000 -350509.0000 -4276.3000
-471.0000 -502707.0000 -18237.7100
-471.0000 -794137.0000 -24245.1600
-471.0000 -926731.0000 -51823.6200
-471.0000 -1199177.0000 -47489.7900
-471.0000 -471.0000 -471.0000
-471.0000 -1157441.0000 -94757.7200
-471.0000 -881103.0000 -75328.2900
-471.0000 -1188975.0000 -78686.4400
-471.0000 -1081091.0000 -79214.7500
-471.0000 -1352243.0000 -184365.4500
-471.0000 -882743.0000 -92537.0600
-471.0000 -1097877.0000 -115670.0600
-471.0000 -1466163.0000 -98610.0800
-471.0000 -1315719.0000 -85544.6100
-471.0000 -671375.0000 -22922.7400
-471.0000 -521701.0000 -24193.5400
-471.0000 -1377569.0000 -35175.1000
-471.0000 -296129.0000 -24822.4100
-471.0000 -1522475.0000 -59534.0500
-471.0000 -625247.0000 -20298.1900
-471.0000 -971779.0000 -27601.6000
-471.0000 -1111237.0000 -27675.3200
-471.0000 -316609.0000 -14220.5600
-471.0000 -816641.0000 -103465.8000
-471.0000 -1133381.0000 -66435.6400
-471.0000 -75469.0000 -2345.9500
-471.0000 -740557.0000 -11853.5500
-187.0000 -525039.0000 -5923.3600
-187.0000 -898625.0000 -17996.0800
-187.0000 -429019.0000 -15225.0700
-187.0000 -271499.0000 -8214.1400
-187.0000 -349037.0000 -4738.4900
-187.0000 -815417.0000 -14464.1700
-187.0000 -1646007.0000 -35553.4200
-187.0000 -127379.0000 -2849.1600
-187.0000 -341003.0000 -2836.6400
-187.0000 -846375.0000 -61237.3600
-187.0000 -846375.0000 -74707.8000
-187.0000 -1080807.0000 -56534.6500
-187.0000 -1107797.0000 -43685.8300
-187.0000 -815265.0000 -65382.9900
-187.0000 -729337.0000 -34611.4600
-187.0000 -950533.0000 -49693.0100
-187.0000 -536411.0000 -29862.3800
-187.0000 -857973.0000 -219865.5500
-187.0000 -973099.0000 -74632.2400
-187.0000 -312199.0000 -8279.1900
-187.0000 -633705.0000 -58547.4100
-187.0000 -739847.0000 -13758.3900
-187.0000 -866593.0000 -32840.6800
-187.0000 -205633.0000 -8542.2200
-187.0000 -737989.0000 -31316.8700
-187.0000 -1820743.0000 -93386.5700
-187.0000 -1353645.0000 -92148.8900
-187.0000 -661023.0000 -46407.2600
-187.0000 -1612283.0000 -85516.9500
-187.0000 -1551865.0000 -110207.9800
-187.0000 -704133.0000 -37024.4100
-187.0000 -1011213.0000 -94431.8500
-187.0000 -927957.0000 -84749.0900
-187.0000 -1075605.0000 -187653.9200
-187.0000 -905683.0000 -85351.0500
-187.0000 -1560137.0000 -15577.1900
-187.0000 -1170965.0000 -203986.1500
-187.0000 -784023.0000 -98647.5400
-187.0000 -684143.0000 -54628.8000
-187.0000 -588133.0000 -25895.5500
-187.0000 -119939.0000 -3520.4700
-187.0000 -1112579.0000 -46946.7200
-187.0000 -620331.0000 -14950.3500
-187.0000 -686391.0000 -14528.4800
-187.0000 -590671.0000 -42488.0500
-187.0000 -517665.0000 -16185.3900
-187.0000 -910125.0000 -35359.8800
-187.0000 -1389445.0000 -72987.1000
-187.0000 -452269.0000 -11804.4100
-187.0000 -1011159.0000 -101142.5000
-187.0000 -1297005.0000 -127856.7100
-187.0000 -1338563.0000 -92718.9400
-187.0000 -773633.0000 -57224.9500
-187.0000 -783889.0000 -31573.4400
-187.0000 -301491.0000 -7796.5000
-187.0000 -1742037.0000 -41771.9600
-187.0000 -141111.0000 -2989.9300
-187.0000 -669061.0000 -7369.0100
-187.0000 -1056763.0000 -106507.1500
-187.0000 -314255.0000 -38382.8900
-187.0000 -942649.0000 -72086.8300
-187.0000 -1117221.0000 -54055.8500
-187.0000 -903679.0000 -108331.7300
-187.0000 -672751.0000 -53918.6000
-187.0000 -498481.0000 -49424.5900
-187.0000 -401083.0000 -14420.9300
-187.0000 -574093.0000 -23324.7300
-187.0000 -249431.0000 -4249.6400
-187.0000 -757289.0000 -23428.2400
-187.0000 -2386331.0000 -202924.4700
-187.0000 -1210205.0000 -28624.1500
-187.0000 -619273.0000 -28616.3900
-187.0000 -782873.0000 -11096.1400
-187.0000 -992597.0000 -51642.2000
-187.0000 -323475.0000 -12049.9600
-187.0000 -721651.0000 -17185.8500
-187.0000 -342435.0000 -6594.1100
-187.0000 -812657.0000 -44936.2900
-187.0000 -682249.0000 -88455.9500
-187.0000 -941873.0000 -13376.1500
-187.0000 -621393.0000 -30843.1700
-187.0000 -584295.0000 -50131.1700
-187.0000 -527579.0000 -51158.7700
-187.0000 -607565.0000 -103997.9300
-187.0000 -514625.0000 -41520.5700
-187.0000 -1398485.0000 -48644.9600
-187.0000 -540841.0000 -58610.0200
-187.0000 -986189.0000 -24679.4100
-187.0000 -187.0000 -187.0000
-187.0000 -187.0000 -187.0000
-187.0000 -187.0000 -187.0000
-187.0000 -187.0000 -187.0000
-187.0000 -306051.0000 -3147.2100
-187.0000 -187.0000 -187.0000
-187.0000 -187.0000 -187.0000
-187.0000 -334339.0000 -3976.0800
-187.0000 -208503.0000 -1228.5800
-187.0000 -187.0000 -187.0000
-187.0000 -187.0000 -187.0000
-187.0000 -187.0000 -187.0000
-187.0000 -187.0000 -187.0000
-187.0000 -187.0000 -187.0000
-187.0000 -192249.0000 -2371.9700
-187.0000 -187.0000 -187.0000
-187.0000 -165965.0000 -1015.8900
-187.0000 -187.0000 -187.0000
-187.0000 -187.0000 -187.0000
-187.0000 -187.0000 -187.0000
-187.0000 -187.0000 -187.0000
-187.0000 -187.0000 -187.0000
-187.0000 -187.0000 -187.0000
-187.0000 -187.0000 -187.0000
-187.0000 -1963.0000 -195.8800
-187.0000 -269061.0000 -1531.3700
-187.0000 -187.0000 -187.0000
-187.0000 -187.0000 -187.0000
-187.0000 -765129.0000 -20809.6100
-187.0000 -187.0000 -187.0000
-187.0000 -187.0000 -187.0000
-187.0000 -187.0000 -187.0000
-187.0000 -187.0000 -187.0000
-187.0000 -269061.0000 -2033.9200
-187.0000 -187.0000 -187.0000
-187.0000 -187.0000 -187.0000
-187.0000 -155377.0000 -962.9500
-187.0000 -187.0000 -187.0000
-187.0000 -187.0000 -187.0000
-187.0000 -187.0000 -187.0000
-187.0000 -187.0000 -187.0000
-187.0000 -187.0000 -187.0000
-187.0000 -187.0000 -187.0000
-187.0000 -4631.0000 -209.2200
-187.0000 -187.0000 -187.0000
-187.0000 -187.0000 -187.0000
-187.0000 -187.0000 -187.0000
-187.0000 -187.0000 -187.0000
-187.0000 -187.0000 -187.0000
-187.0000 -187.0000 -187.0000
-187.0000 -187.0000 -187.0000
-187.0000 -187.0000 -187.0000
-187.0000 -187.0000 -187.0000
-187.0000 -187.0000 -187.0000
-187.0000 -187.0000 -187.0000
-187.0000 -187.0000 -187.0000
-187.0000 -187.0000 -187.0000
-187.0000 -308153.0000 -1726.8300
-187.0000 -187.0000 -187.0000
-187.0000 -187.0000 -187.0000
-187.0000 -389079.0000 -3724.9700
-187.0000 -187.0000 -187.0000
-187.0000 -187.0000 -187.0000
-187.0000 -187.0000 -187.0000
-187.0000 -187.0000 -187.0000
-187.0000 -187.0000 -187.0000
-187.0000 -187.0000 -187.0000
-187.0000 -187.0000 -187.0000
-187.0000 -592271.0000 -4714.5200
-187.0000 -187.0000 -187.0000
-187.0000 -187.0000 -187.0000
-187.0000 -187.0000 -187.0000
-187.0000 -187.0000 -187.0000
-187.0000 -187.0000 -187.0000
-187.0000 -537909.0000 -3907.4200
-187.0000 -187.0000 -187.0000
-187.0000 -187.0000 -187.0000
-187.0000 -187.0000 -187.0000
