-27469.0000 -5077943.0000 -490776.8700
-27469.0000 -8220131.0000 -600713.9700
-27469.0000 -2099867.0000 -313679.5200
-27469.0000 -2737113.0000 -537716.9800
-27469.0000 -3064337.0000 -724547.0900
-1643.0000 -2587371.0000 -273239.9100
-1643.0000 -5901037.0000 -880894.9400
-1643.0000 -2263125.0000 -267725.1400
-1643.0000 -4033313.0000 -670401.6300
-1643.0000 -5699721.0000 -470218.0900
-1643.0000 -6760835.0000 -915608.2600
-1643.0000 -3566851.0000 -312204.3800
-1643.0000 -5058277.0000 -640432.1100
-1643.0000 -2826037.0000 -269355.4400
-1643.0000 -3564639.0000 -331602.6000
-1643.0000 -6070799.0000 -1174740.5300
-1643.0000 -7201427.0000 -1165257.8300
-1643.0000 -5076847.0000 -672490.9900
-1643.0000 -4398729.0000 -424663.1400
-1643.0000 -4193701.0000 -672673.0400
-1643.0000 -3215633.0000 -287420.5800
-1643.0000 -5654785.0000 -531617.5500
-1643.0000 -2536225.0000 -504805.3800
-1643.0000 -4673821.0000 -338201.3100
-1643.0000 -6443309.0000 -563798.0400
-1643.0000 -3123035.0000 -563309.1400
-1643.0000 -6444755.0000 -302366.3100
-1643.0000 -4652505.0000 -1339331.8200
-1643.0000 -3335201.0000 -631518.6300
-1643.0000 -1960955.0000 -301094.1700
-1643.0000 -2341505.0000 -312087.4700
-1643.0000 -3149277.0000 -625107.5000
-1643.0000 -2089717.0000 -211238.4400
-1643.0000 -2861149.0000 -399003.7200
-1643.0000 -5054027.0000 -583910.3700
-1643.0000 -7742821.0000 -1493451.5700
-1643.0000 -3594871.0000 -497083.3400
-1643.0000 -2383415.0000 -176116.9900
-1643.0000 -4159831.0000 -423739.7000
-1643.0000 -3949333.0000 -354697.6300
-1643.0000 -3648597.0000 -851671.6600
-1643.0000 -2712183.0000 -434956.6100
-1643.0000 -3940287.0000 -630518.5500
-1643.0000 -3498979.0000 -450583.7000
-1643.0000 -1905479.0000 -408135.1900
-1643.0000 -6597959.0000 -608334.4200
-1643.0000 -5605731.0000 -809879.8900
-1643.0000 -4976415.0000 -506316.6000
-1643.0000 -3733139.0000 -758836.2300
-1643.0000 -4104069.0000 -616093.5500
-1643.0000 -4269071.0000 -845791.0900
-1643.0000 -3575335.0000 -477797.0000
-1643.0000 -5193843.0000 -874628.2600
-1643.0000 -6607043.0000 -1142177.2200
-1643.0000 -2499031.0000 -469213.0700
-1643.0000 -3226411.0000 -259083.0500
-1643.0000 -4176077.0000 -549335.2100
-1643.0000 -1587831.0000 -217034.1000
-1643.0000 -3892007.0000 -388265.0100
-1643.0000 -3984317.0000 -491195.4100
-1643.0000 -4254087.0000 -526731.1800
-887.0000 -5279491.0000 -335903.6000
-887.0000 -3199857.0000 -796820.4300
-887.0000 -3723389.0000 -541928.3700
-887.0000 -2853669.0000 -343837.6700
-887.0000 -4797619.0000 -384455.4800
-887.0000 -2570537.0000 -434663.8300
-887.0000 -3784365.0000 -211472.6000
-887.0000 -4638871.0000 -765560.1800
-887.0000 -5294149.0000 -658548.1300
-887.0000 -3419985.0000 -586082.5300
-887.0000 -4553399.0000 -550096.0900
-887.0000 -2211099.0000 -238834.3200
-887.0000 -3036263.0000 -643553.1400
-887.0000 -2034765.0000 -255416.3900
-887.0000 -7653391.0000 -772974.7400
-887.0000 -2006271.0000 -172478.4600
-887.0000 -2554375.0000 -417026.7600
-887.0000 -4581263.0000 -664329.5100
-887.0000 -3704521.0000 -625028.7100
-887.0000 -7158333.0000 -836709.0700
-887.0000 -4077933.0000 -594054.7500
-887.0000 -3567821.0000 -441874.4800
-887.0000 -1656793.0000 -396100.9400
-887.0000 -1397407.0000 -294841.8300
-887.0000 -2926493.0000 -321223.9600
-887.0000 -2016099.0000 -87730.3100
-887.0000 -994423.0000 -183254.4800
-887.0000 -3324669.0000 -534730.9100
-887.0000 -4508065.0000 -799836.4700
-887.0000 -4114007.0000 -510153.0100
-887.0000 -6797021.0000 -519201.6600
-887.0000 -2487783.0000 -271686.2100
-887.0000 -2023509.0000 -414314.3400
-887.0000 -1861147.0000 -507142.2100
-887.0000 -2551723.0000 -364568.6900
-887.0000 -2168993.0000 -368308.8700
-887.0000 -2687267.0000 -212634.3800
-887.0000 -2110307.0000 -429714.1400
-887.0000 -2437647.0000 -427287.1500
-887.0000 -3656247.0000 -263915.2700
-887.0000 -2775599.0000 -218192.2900
-887.0000 -2753651.0000 -299376.0700
-887.0000 -2641863.0000 -412708.2900
-887.0000 -2320773.0000 -252178.3300
-887.0000 -2087859.0000 -139924.7900
-887.0000 -3486941.0000 -639996.4500
-887.0000 -2353969.0000 -255529.4400
-887.0000 -3048665.0000 -477575.7500
-887.0000 -2586689.0000 -331103.4200
-887.0000 -2358899.0000 -465707.5900
-887.0000 -2642795.0000 -254392.7100
-887.0000 -2763727.0000 -584242.9600
-887.0000 -2371735.0000 -359693.3200
-887.0000 -842535.0000 -103087.3700
-887.0000 -2744739.0000 -739270.1900
-887.0000 -1993465.0000 -417246.2800
-887.0000 -2152247.0000 -412307.9700
-887.0000 -3181307.0000 -348104.0700
-887.0000 -3779535.0000 -296524.4600
-887.0000 -2848279.0000 -277895.9700
-887.0000 -1670765.0000 -251584.6800
-887.0000 -1172845.0000 -175221.6900
-887.0000 -2388067.0000 -421323.6500
-887.0000 -1875065.0000 -233945.0200
-887.0000 -1152541.0000 -149555.3400
-887.0000 -1522955.0000 -67928.1900
-887.0000 -1987701.0000 -328494.1000
-887.0000 -900497.0000 -159232.4500
-887.0000 -1250335.0000 -240300.3200
-887.0000 -1446509.0000 -243162.7700
-887.0000 -1189887.0000 -212839.8900
-887.0000 -702487.0000 -91828.2400
-887.0000 -1631629.0000 -103654.7900
-887.0000 -507561.0000 -75036.9500
-887.0000 -2149481.0000 -229555.6100
-887.0000 -698815.0000 -106944.3900
-887.0000 -1150339.0000 -204428.4400
-887.0000 -1168885.0000 -139983.3200
-887.0000 -2188899.0000 -181039.6700
-887.0000 -1575907.0000 -189786.9900
-887.0000 -2230817.0000 -282424.0500
-887.0000 -1575143.0000 -254288.7200
-887.0000 -2475693.0000 -225660.0700
-887.0000 -2297871.0000 -330732.8800
-887.0000 -1204125.0000 -96432.5600
-887.0000 -1481221.0000 -220265.2000
-887.0000 -1308751.0000 -142866.9200
-887.0000 -1026365.0000 -139975.7000
-887.0000 -1042579.0000 -382772.5000
-887.0000 -1897321.0000 -298659.6900
-887.0000 -913643.0000 -138760.0900
-887.0000 -1416347.0000 -314908.0600
-887.0000 -677593.0000 -119671.5600
-887.0000 -2184313.0000 -116983.0500
-887.0000 -717837.0000 -62678.6200
-887.0000 -2255679.0000 -136305.7400
-887.0000 -1259705.0000 -270639.0400
-887.0000 -979793.0000 -115950.8100
-887.0000 -2546985.0000 -241009.8200
-887.0000 -2731179.0000 -400931.9500
-887.0000 -325285.0000 -49219.6400
-887.0000 -558837.0000 -32585.6800
-887.0000 -1561203.0000 -209570.4500
-887.0000 -546497.0000 -99587.6200
-887.0000 -932817.0000 -53857.7900
-887.0000 -838865.0000 -101541.1300
-887.0000 -607995.0000 -54042.4000
-887.0000 -1240133.0000 -120738.1300
-887.0000 -461325.0000 -48624.9100
-887.0000 -814777.0000 -73943.7800
-887.0000 -823431.0000 -50726.9600
-887.0000 -936767.0000 -77423.6000
-887.0000 -312081.0000 -18320.8900
-887.0000 -569503.0000 -7421.6200
-887.0000 -418417.0000 -4334.9800
-887.0000 -883959.0000 -10959.4000
-887.0000 -727241.0000 -66782.4800
-887.0000 -837285.0000 -103210.4900
-887.0000 -521663.0000 -30850.9900
-887.0000 -1248669.0000 -35312.3900
-887.0000 -329987.0000 -29141.8400
-887.0000 -1028141.0000 -138794.4000
-887.0000 -1352951.0000 -30191.3900
-887.0000 -721701.0000 -67806.7000
-441.0000 -1477175.0000 -91402.0400
-441.0000 -543429.0000 -16241.5600
-441.0000 -715353.0000 -17717.3000
-441.0000 -739219.0000 -43358.5300
-441.0000 -659149.0000 -71000.1400
-441.0000 -672287.0000 -69723.3600
-441.0000 -1314423.0000 -84179.7700
-441.0000 -1124453.0000 -53249.1200
-441.0000 -1002861.0000 -79971.9500
-441.0000 -480161.0000 -69917.7500
-441.0000 -730953.0000 -31288.2100
-441.0000 -81141.0000 -1778.9900
-441.0000 -590963.0000 -16610.5900
-441.0000 -200919.0000 -11381.2100
-441.0000 -603257.0000 -43728.3500
-441.0000 -730407.0000 -25200.3800
-441.0000 -1760013.0000 -129665.8500
-441.0000 -1599871.0000 -181828.3400
-441.0000 -766511.0000 -46096.4000
-441.0000 -937101.0000 -51263.9900
-441.0000 -294525.0000 -14036.9400
-441.0000 -576313.0000 -30952.1000
-441.0000 -301083.0000 -18854.8800
-441.0000 -479851.0000 -20731.7700
-441.0000 -318931.0000 -4521.8700
-441.0000 -668743.0000 -25535.0600
-441.0000 -672287.0000 -17176.8300
-441.0000 -875815.0000 -32773.2300
-441.0000 -862323.0000 -63103.9700
-441.0000 -738635.0000 -89643.9700
-441.0000 -1548445.0000 -53431.6100
-441.0000 -504765.0000 -11570.7000
-441.0000 -1243153.0000 -45593.2200
-441.0000 -1483397.0000 -42929.2000
-441.0000 -851565.0000 -19129.2500
-441.0000 -959911.0000 -46600.6700
-441.0000 -285611.0000 -10022.8500
-441.0000 -841673.0000 -25810.6200
-441.0000 -679237.0000 -52259.5900
-441.0000 -1924191.0000 -179332.5500
-441.0000 -970353.0000 -106847.8800
-441.0000 -1102297.0000 -108294.9400
-441.0000 -496963.0000 -19664.7100
-441.0000 -881339.0000 -104809.2100
-441.0000 -803241.0000 -141658.8500
-441.0000 -1325797.0000 -93865.1000
-441.0000 -1068611.0000 -31047.8900
-441.0000 -895605.0000 -98575.2000
-441.0000 -694589.0000 -20574.3400
-441.0000 -686553.0000 -74541.0600
-441.0000 -613445.0000 -42149.4700
-441.0000 -564743.0000 -26450.3600
-441.0000 -1558523.0000 -54688.9800
-441.0000 -386345.0000 -43335.2500
-109.0000 -395693.0000 -13173.7200
-109.0000 -1042577.0000 -57466.7400
-109.0000 -1255949.0000 -17295.9500
-109.0000 -1128625.0000 -40465.5500
-109.0000 -394819.0000 -18050.8600
-109.0000 -713431.0000 -52512.1200
-109.0000 -593645.0000 -45989.2500
-109.0000 -1242863.0000 -81378.9900
-109.0000 -228155.0000 -23038.5400
-109.0000 -814645.0000 -41497.6000
-109.0000 -431071.0000 -28094.6700
-109.0000 -944429.0000 -41335.2100
-109.0000 -713069.0000 -17357.6200
-109.0000 -1225581.0000 -159994.5800
-109.0000 -1002049.0000 -78468.4100
-109.0000 -366611.0000 -21616.7200
-109.0000 -1041931.0000 -28340.6100
-109.0000 -308343.0000 -14112.3200
-109.0000 -527877.0000 -31812.7000
-109.0000 -1099933.0000 -49084.3600
-109.0000 -741075.0000 -7898.5600
-109.0000 -302311.0000 -3559.0900
-109.0000 -1298423.0000 -53635.1700
-109.0000 -1016335.0000 -149589.0700
-109.0000 -1716621.0000 -110861.6500
-109.0000 -1002945.0000 -85986.2500
-109.0000 -815817.0000 -29610.6600
-109.0000 -1073261.0000 -57686.1800
-109.0000 -600365.0000 -25554.9700
-109.0000 -428605.0000 -9583.0500
-109.0000 -1628915.0000 -170306.6100
-109.0000 -929771.0000 -43869.9600
-109.0000 -1457417.0000 -137214.9700
-109.0000 -580129.0000 -47700.6800
-109.0000 -1024007.0000 -40754.4800
-109.0000 -1016543.0000 -26355.1700
-109.0000 -390717.0000 -15001.7600
-109.0000 -1768763.0000 -160020.9800
-109.0000 -739551.0000 -102278.7900
-109.0000 -1072603.0000 -61643.9500
-109.0000 -617743.0000 -39855.9100
-109.0000 -1660893.0000 -66108.9900
-109.0000 -1114501.0000 -248272.2400
-109.0000 -784085.0000 -116712.1800
-109.0000 -1072249.0000 -70141.5500
-109.0000 -564145.0000 -22693.8500
-109.0000 -1247341.0000 -276892.2800
-109.0000 -949031.0000 -154675.6400
-109.0000 -2124743.0000 -391817.6100
-109.0000 -1793469.0000 -162805.1400
-109.0000 -1341077.0000 -104257.2300
-109.0000 -1075909.0000 -36785.2700
-109.0000 -506611.0000 -14938.6000
-109.0000 -295333.0000 -7261.1600
-109.0000 -466569.0000 -26090.4900
-109.0000 -752049.0000 -46936.1400
-109.0000 -578757.0000 -21240.4400
-109.0000 -770249.0000 -20443.5500
-109.0000 -1018525.0000 -47575.2900
-109.0000 -1339019.0000 -180336.1000
-109.0000 -753495.0000 -97601.5900
-109.0000 -928829.0000 -158078.6200
-109.0000 -1252015.0000 -120297.5600
-109.0000 -286481.0000 -18597.5000
-109.0000 -490563.0000 -17599.9200
-109.0000 -349315.0000 -17395.0200
-109.0000 -1014201.0000 -80035.2700
-109.0000 -886641.0000 -50448.7400
-109.0000 -750333.0000 -31353.1700
-109.0000 -881667.0000 -46246.9400
-109.0000 -1036921.0000 -39238.3000
-109.0000 -527501.0000 -28072.6000
-109.0000 -998017.0000 -65246.7500
-109.0000 -1266849.0000 -80099.9400
-109.0000 -1938749.0000 -41131.4100
-109.0000 -207007.0000 -5281.4500
-109.0000 -1394683.0000 -28682.1600
-109.0000 -634749.0000 -46492.3800
-109.0000 -502413.0000 -37822.2200
-109.0000 -1007327.0000 -51146.5700
-109.0000 -845971.0000 -103723.3700
-13.0000 -694495.0000 -22676.5300
-13.0000 -93283.0000 -493.7500
-13.0000 -13.0000 -13.0000
-13.0000 -13.0000 -13.0000
-13.0000 -118573.0000 -2187.1300
-13.0000 -13.0000 -13.0000
-13.0000 -13.0000 -13.0000
-13.0000 -13.0000 -13.0000
-13.0000 -675189.0000 -12323.3600
-13.0000 -13.0000 -13.0000
-13.0000 -342023.0000 -1723.0500
-13.0000 -416339.0000 -2094.6300
-13.0000 -13.0000 -13.0000
-13.0000 -1175.0000 -18.8100
-13.0000 -13.0000 -13.0000
-13.0000 -13.0000 -13.0000
-13.0000 -13.0000 -13.0000
-13.0000 -13.0000 -13.0000
-13.0000 -319063.0000 -2773.3700
-13.0000 -126295.0000 -644.4100
-13.0000 -12077.0000 -73.3200
-13.0000 -13.0000 -13.0000
-13.0000 -13.0000 -13.0000
-13.0000 -13.0000 -13.0000
-13.0000 -13.0000 -13.0000
-13.0000 -13.0000 -13.0000
-13.0000 -36541.0000 -195.6400
-13.0000 -13.0000 -13.0000
-13.0000 -13.0000 -13.0000
-13.0000 -13.0000 -13.0000
-13.0000 -13.0000 -13.0000
-13.0000 -13.0000 -13.0000
-13.0000 -13.0000 -13.0000
-13.0000 -13.0000 -13.0000
-13.0000 -13.0000 -13.0000
-13.0000 -13.0000 -13.0000
-13.0000 -155177.0000 -1564.6400
-13.0000 -13.0000 -13.0000
-13.0000 -13.0000 -13.0000
-13.0000 -13.0000 -13.0000
-13.0000 -13.0000 -13.0000
-13.0000 -13.0000 -13.0000
-13.0000 -13.0000 -13.0000
-13.0000 -13.0000 -13.0000
-13.0000 -13.0000 -13.0000
-13.0000 -13.0000 -13.0000
-13.0000 -13.0000 -13.0000
-13.0000 -13.0000 -13.0000
-13.0000 -13.0000 -13.0000
-13.0000 -192423.0000 -975.0500
-13.0000 -552543.0000 -2980.4400
-13.0000 -13.0000 -13.0000
-13.0000 -13.0000 -13.0000
-13.0000 -13.0000 -13.0000
-13.0000 -242595.0000 -2810.2100
-13.0000 -124047.0000 -633.1700
-13.0000 -48195.0000 -253.9100
-13.0000 -13.0000 -13.0000
-13.0000 -13.0000 -13.0000
-13.0000 -13.0000 -13.0000
-13.0000 -13.0000 -13.0000
-13.0000 -487847.0000 -6388.4400
-13.0000 -13.0000 -13.0000
-13.0000 -13.0000 -13.0000
-13.0000 -13.0000 -13.0000
-13.0000 -65179.0000 -338.8300
-13.0000 -13.0000 -13.0000
-13.0000 -13.0000 -13.0000
-13.0000 -13.0000 -13.0000
-13.0000 -13.0000 -13.0000
-13.0000 -13.0000 -13.0000
-13.0000 -270321.0000 -1364.5400
-13.0000 -13.0000 -13.0000
-13.0000 -13.0000 -13.0000
-13.0000 -13.0000 -13.0000
-13.0000 -738257.0000 -3704.2200
-13.0000 -13.0000 -13.0000
-13.0000 -13.0000 -13.0000
-13.0000 -185717.0000 -1264.6800
-13.0000 -13.0000 -13.0000
