-549325.0000 -4064773.0000 -1067279.2000
-240949.0000 -3310199.0000 -753695.4900
-240949.0000 -6768187.0000 -1321815.8500
-240949.0000 -6505895.0000 -1230169.4900
-240949.0000 -2281405.0000 -669271.8700
-240949.0000 -3612947.0000 -955563.2300
-240949.0000 -2392787.0000 -782357.2200
-114765.0000 -4492607.0000 -762069.8600
-114591.0000 -3080659.0000 -393389.2200
-114591.0000 -6100439.0000 -874753.7000
-20265.0000 -6662881.0000 -1124813.3000
-20265.0000 -2196093.0000 -374394.1500
-20265.0000 -5013103.0000 -1541579.8300
-20265.0000 -3219553.0000 -363975.0200
-20265.0000 -2271159.0000 -409824.5600
-20265.0000 -3960065.0000 -415294.2200
-20265.0000 -2899803.0000 -265698.8100
-20265.0000 -2340995.0000 -548902.8600
-20265.0000 -4627543.0000 -684204.5200
-20265.0000 -6063989.0000 -1004594.4700
-20265.0000 -4933819.0000 -883062.1600
-20265.0000 -5472439.0000 -1309604.5900
-20265.0000 -1950371.0000 -490497.1400
-20265.0000 -5062717.0000 -1234044.5900
-20265.0000 -2479119.0000 -618582.0700
-20265.0000 -6138217.0000 -1028504.8000
-20265.0000 -6110631.0000 -1508697.5100
-20265.0000 -4961725.0000 -941404.2600
-20265.0000 -5122287.0000 -1141785.2800
-20265.0000 -6158779.0000 -1549377.5000
-20265.0000 -5197967.0000 -1455227.7700
-20265.0000 -4880801.0000 -666907.0900
-20265.0000 -6526777.0000 -993762.6000
-20265.0000 -3969701.0000 -571326.7100
-20265.0000 -6457333.0000 -956494.1200
-20265.0000 -3206753.0000 -448827.4300
-20265.0000 -8230739.0000 -1489220.5700
-20265.0000 -1772185.0000 -420373.1200
-20265.0000 -7309603.0000 -665319.5800
-20265.0000 -5429525.0000 -1000998.1700
-20265.0000 -6213471.0000 -1032377.8000
-7271.0000 -7067603.0000 -406254.3300
-7271.0000 -5832373.0000 -842599.2400
-7271.0000 -3828231.0000 -571004.2800
-7271.0000 -2511665.0000 -340691.8200
-7271.0000 -3575841.0000 -218610.5000
-7271.0000 -4445425.0000 -533385.4700
-7271.0000 -3766499.0000 -690566.4500
-7271.0000 -3667417.0000 -600089.8500
-7271.0000 -3301725.0000 -727140.3900
-7271.0000 -3846069.0000 -591161.3200
-7271.0000 -2311063.0000 -339469.6000
-7271.0000 -7254391.0000 -350549.0200
-7271.0000 -6181383.0000 -544529.5500
-7271.0000 -4207187.0000 -573270.5800
-7271.0000 -3137677.0000 -336616.8200
-7271.0000 -2365717.0000 -335358.3400
-7271.0000 -1889105.0000 -708835.5900
-7271.0000 -3006851.0000 -507005.5000
-7271.0000 -3004691.0000 -602674.4900
-7271.0000 -2408809.0000 -333081.9000
-7271.0000 -2900729.0000 -571668.2700
-7271.0000 -3999225.0000 -444450.1800
-7271.0000 -3284967.0000 -380274.5400
-7271.0000 -2716765.0000 -740352.4300
-7271.0000 -4146441.0000 -692969.4700
-7271.0000 -4097615.0000 -918986.9300
-7271.0000 -4703099.0000 -325640.1900
-7271.0000 -4150839.0000 -690599.1700
-7271.0000 -2756105.0000 -606810.6800
-7271.0000 -1947561.0000 -487668.4100
-7271.0000 -3649927.0000 -806895.5500
-7271.0000 -3005509.0000 -470465.7400
-7271.0000 -3133285.0000 -1018455.5800
-7271.0000 -3623695.0000 -317616.1900
-7271.0000 -5545653.0000 -770997.6600
-7271.0000 -4516201.0000 -808432.0700
-7271.0000 -3540763.0000 -427845.2100
-7271.0000 -6636191.0000 -907214.6500
-7271.0000 -4962289.0000 -603991.0400
-7271.0000 -2779695.0000 -356682.1400
-7271.0000 -1564255.0000 -319106.2000
-7271.0000 -4348279.0000 -487009.0700
-7271.0000 -3092133.0000 -631906.0400
-7271.0000 -5807739.0000 -528805.8900
-7271.0000 -2628107.0000 -332575.6700
-7271.0000 -2979191.0000 -629009.1200
-7271.0000 -3130223.0000 -659472.3300
-7271.0000 -1500917.0000 -207638.9200
-7271.0000 -1823655.0000 -328955.1500
-7271.0000 -4686997.0000 -1217023.0200
-7271.0000 -2048443.0000 -713595.8000
-7271.0000 -3937069.0000 -440959.6600
-7271.0000 -2771345.0000 -286906.2400
-4187.0000 -2506145.0000 -394377.2600
-4187.0000 -2106675.0000 -568751.5600
-4187.0000 -1937567.0000 -566331.9700
-4187.0000 -2090747.0000 -270612.8000
-4187.0000 -3376997.0000 -311504.7800
-4187.0000 -4005647.0000 -361619.4400
-4187.0000 -3678123.0000 -401926.4700
-4187.0000 -3125985.0000 -780319.7700
-4187.0000 -2234243.0000 -308735.8600
-4187.0000 -2998581.0000 -262648.9800
-4187.0000 -1862795.0000 -282206.4400
-4187.0000 -1481341.0000 -323357.7300
-4187.0000 -1696927.0000 -117989.4800
-4187.0000 -3325117.0000 -505006.3500
-4187.0000 -1917597.0000 -335478.4900
-4187.0000 -1812901.0000 -340229.4900
-4187.0000 -3102061.0000 -668341.0700
-4187.0000 -2825899.0000 -809574.6500
-4187.0000 -2024117.0000 -352365.5700
-4187.0000 -2530663.0000 -462492.4700
-4187.0000 -2158493.0000 -196034.4900
-4187.0000 -2374725.0000 -236913.6300
-4187.0000 -2539429.0000 -625097.0600
-4187.0000 -2457005.0000 -951533.6100
-4187.0000 -1337493.0000 -252327.8500
-4187.0000 -3858005.0000 -280686.3900
-4187.0000 -2464513.0000 -349236.4500
-4187.0000 -1093489.0000 -133631.1700
-4187.0000 -1884951.0000 -276634.4900
-4187.0000 -2039139.0000 -414397.2700
-4187.0000 -1626579.0000 -147624.4400
-4187.0000 -566697.0000 -118456.5400
-4187.0000 -1849581.0000 -167873.4000
-4187.0000 -1391933.0000 -97652.8500
-4187.0000 -1468057.0000 -196505.3800
-4187.0000 -2388997.0000 -320685.0700
-4187.0000 -1866593.0000 -246076.5200
-4187.0000 -1482413.0000 -345761.4900
-4187.0000 -1182663.0000 -187689.1200
-4187.0000 -1141867.0000 -209120.9200
-4187.0000 -1719667.0000 -275797.2600
-4187.0000 -1435019.0000 -127687.5100
-4187.0000 -1276075.0000 -80249.7500
-4187.0000 -1186427.0000 -172274.4800
-4187.0000 -1642107.0000 -332447.4000
-4187.0000 -901919.0000 -135534.9800
-4187.0000 -1817841.0000 -147454.7400
-4187.0000 -1501385.0000 -218075.7900
-4187.0000 -1297955.0000 -222009.2200
-4187.0000 -2444355.0000 -96681.5600
-4187.0000 -1369651.0000 -98476.1000
-4187.0000 -1506989.0000 -215255.1900
-4187.0000 -1850543.0000 -281180.8900
-4187.0000 -1730633.0000 -235424.2400
-4187.0000 -1615557.0000 -265388.1700
-4187.0000 -1352153.0000 -205603.6400
-4187.0000 -1297435.0000 -142405.6800
-4187.0000 -2007897.0000 -255024.7100
-4187.0000 -1754087.0000 -267491.8900
-4187.0000 -897195.0000 -108183.5500
-4187.0000 -1647461.0000 -180480.3000
-4187.0000 -1560521.0000 -341035.3400
-4187.0000 -1525539.0000 -122146.7300
-4187.0000 -1865997.0000 -99300.6300
-4187.0000 -928225.0000 -160704.0400
-4187.0000 -871321.0000 -141631.8200
-4187.0000 -1194827.0000 -102394.8200
-4187.0000 -259983.0000 -28382.1600
-4187.0000 -1523161.0000 -190681.1800
-4187.0000 -616187.0000 -64208.4500
-4187.0000 -1316189.0000 -57045.7500
-4187.0000 -735473.0000 -34316.1000
-4187.0000 -1454937.0000 -47018.3200
-4187.0000 -846143.0000 -46159.5900
-4187.0000 -1193185.0000 -70515.6100
-4187.0000 -743123.0000 -20152.0700
-4187.0000 -1112093.0000 -53904.7100
-4187.0000 -717521.0000 -33649.0200
-4187.0000 -1852739.0000 -63459.6700
-4187.0000 -1510623.0000 -118438.2400
-4187.0000 -1542935.0000 -64529.5600
-4187.0000 -1598215.0000 -200314.7600
-4187.0000 -1786265.0000 -276152.4200
-4187.0000 -736887.0000 -78940.0900
-4187.0000 -500011.0000 -17578.5600
-4187.0000 -191519.0000 -10940.8100
-769.0000 -1376799.0000 -48055.8100
-769.0000 -1393487.0000 -139511.6400
-769.0000 -1445281.0000 -125212.6100
-769.0000 -630499.0000 -48153.4800
-769.0000 -828635.0000 -45237.4900
-769.0000 -336479.0000 -24612.8300
-769.0000 -385481.0000 -30809.3800
-769.0000 -570771.0000 -30562.0700
-769.0000 -895277.0000 -23916.5900
-769.0000 -1337809.0000 -184672.0400
-769.0000 -1164435.0000 -22791.6500
-769.0000 -743687.0000 -96030.4800
-769.0000 -1615395.0000 -87882.6700
-769.0000 -1055729.0000 -77995.5300
-769.0000 -960169.0000 -39322.4800
-769.0000 -876509.0000 -21165.9800
-769.0000 -1191435.0000 -20811.6400
-769.0000 -400501.0000 -13548.4700
-769.0000 -830999.0000 -22768.6600
-769.0000 -566167.0000 -39220.2400
-769.0000 -1395237.0000 -27055.9300
-769.0000 -1084323.0000 -42824.1800
-769.0000 -1033231.0000 -167989.4800
-769.0000 -860233.0000 -246957.1100
-769.0000 -601177.0000 -71519.0300
-769.0000 -527341.0000 -27176.2200
-769.0000 -1777731.0000 -68473.2800
-769.0000 -1085461.0000 -30747.1600
-769.0000 -1129121.0000 -252082.8100
-769.0000 -964769.0000 -98858.0000
-769.0000 -512979.0000 -15935.0400
-769.0000 -298813.0000 -13740.2700
-769.0000 -1034645.0000 -107350.8900
-769.0000 -956189.0000 -57474.0100
-769.0000 -1352413.0000 -148912.2700
-769.0000 -717097.0000 -85934.7200
-769.0000 -467737.0000 -19405.4700
-769.0000 -1093219.0000 -62450.7800
-769.0000 -384751.0000 -21371.6800
-769.0000 -678921.0000 -15846.9100
-769.0000 -1131969.0000 -73831.4400
-769.0000 -229193.0000 -8753.2900
-769.0000 -704347.0000 -14122.1000
-769.0000 -452403.0000 -50653.3600
-769.0000 -671077.0000 -13876.5800
-769.0000 -922933.0000 -83628.2800
-769.0000 -400793.0000 -94326.0300
-769.0000 -1237849.0000 -27372.8800
-769.0000 -641177.0000 -70881.4200
-769.0000 -1082373.0000 -45750.3900
-769.0000 -1414761.0000 -146866.0700
-769.0000 -724197.0000 -48095.4800
-769.0000 -1446369.0000 -90962.2500
-769.0000 -1373177.0000 -133505.6400
-769.0000 -738735.0000 -55042.2200
-769.0000 -400501.0000 -9741.6700
-769.0000 -914961.0000 -86130.9700
-769.0000 -649135.0000 -20666.6300
-769.0000 -1232893.0000 -111955.2400
-769.0000 -758383.0000 -10305.6000
-769.0000 -898327.0000 -54484.9800
-769.0000 -1353335.0000 -46096.3200
-769.0000 -1107155.0000 -47033.0000
-769.0000 -1121991.0000 -42421.3400
-769.0000 -1157375.0000 -157933.7500
-769.0000 -248507.0000 -36551.8100
-769.0000 -1530011.0000 -104855.1200
-769.0000 -898917.0000 -47633.6800
-769.0000 -849579.0000 -85200.2900
-769.0000 -877683.0000 -88518.8800
-769.0000 -1086345.0000 -177907.3100
-769.0000 -1016333.0000 -100167.3500
-769.0000 -885219.0000 -71477.4800
-769.0000 -239369.0000 -9338.0000
-769.0000 -610197.0000 -84714.1000
-769.0000 -700197.0000 -56656.2100
-769.0000 -659649.0000 -85909.5200
-769.0000 -703769.0000 -7695.0600
-769.0000 -392733.0000 -35031.2200
-769.0000 -607441.0000 -37722.5400
-769.0000 -1404505.0000 -362816.0500
-769.0000 -363121.0000 -46259.6500
-769.0000 -667733.0000 -59088.4000
-769.0000 -724961.0000 -24236.9900
-769.0000 -441219.0000 -37741.2600
-769.0000 -208531.0000 -3948.4300
-769.0000 -434831.0000 -6844.8900
-769.0000 -878489.0000 -11616.0200
-769.0000 -814155.0000 -36177.5500
-769.0000 -1425769.0000 -283391.2000
-769.0000 -864791.0000 -40236.3600
-769.0000 -1562749.0000 -84651.7200
-769.0000 -1024753.0000 -27002.3000
-769.0000 -1033071.0000 -103242.8000
-769.0000 -696987.0000 -21252.0300
-503.0000 -499473.0000 -10860.3500
-503.0000 -591941.0000 -8677.6300
-503.0000 -482511.0000 -6619.9200
-503.0000 -1092865.0000 -64745.2600
-503.0000 -853761.0000 -48040.3700
-503.0000 -1071335.0000 -19813.7200
-503.0000 -1655549.0000 -76841.7200
-503.0000 -590961.0000 -76839.6600
-503.0000 -310265.0000 -12566.3300
-503.0000 -1002607.0000 -68475.0700
-503.0000 -651555.0000 -113161.4800
-503.0000 -372403.0000 -30156.7900
-503.0000 -563461.0000 -45967.7700
-503.0000 -1039275.0000 -47945.4600
-503.0000 -1277565.0000 -61032.7100
-503.0000 -365005.0000 -9756.2200
-503.0000 -2408701.0000 -106911.7800
-503.0000 -1195963.0000 -128048.1700
-503.0000 -1042207.0000 -69192.6700
-503.0000 -411263.0000 -16921.9100
-503.0000 -1256795.0000 -36444.0200
-503.0000 -421689.0000 -34081.4500
-503.0000 -821665.0000 -46350.7400
-503.0000 -1129641.0000 -54228.7500
-503.0000 -1552741.0000 -244844.2600
-503.0000 -783965.0000 -59155.2200
-503.0000 -441107.0000 -40681.8000
-503.0000 -742143.0000 -48391.8500
-503.0000 -412623.0000 -8984.5100
-503.0000 -798989.0000 -7436.4000
-503.0000 -690115.0000 -49859.2400
-503.0000 -917943.0000 -31869.4500
-503.0000 -304971.0000 -4311.6300
-503.0000 -896549.0000 -5052.6700
-503.0000 -1034989.0000 -85304.0500
-503.0000 -1180125.0000 -73729.5000
-503.0000 -1076113.0000 -96981.9900
-503.0000 -1387967.0000 -82568.9500
-503.0000 -667625.0000 -19366.7500
-503.0000 -858749.0000 -139786.2900
-503.0000 -1017101.0000 -85367.7900
-503.0000 -795147.0000 -108024.4400
-503.0000 -893389.0000 -118024.7900
-503.0000 -1435741.0000 -36141.6600
-503.0000 -628351.0000 -12407.8000
-503.0000 -607803.0000 -25008.6000
-503.0000 -366827.0000 -2334.6200
-503.0000 -268745.0000 -1844.2100
-503.0000 -503.0000 -503.0000
-503.0000 -503.0000 -503.0000
-503.0000 -100619.0000 -1329.4100
-503.0000 -503.0000 -503.0000
-503.0000 -503.0000 -503.0000
-503.0000 -503.0000 -503.0000
-503.0000 -503.0000 -503.0000
-503.0000 -503.0000 -503.0000
-503.0000 -503.0000 -503.0000
-503.0000 -503.0000 -503.0000
-503.0000 -318573.0000 -2093.3500
-503.0000 -503.0000 -503.0000
-503.0000 -503.0000 -503.0000
-503.0000 -503.0000 -503.0000
-503.0000 -503.0000 -503.0000
-503.0000 -503.0000 -503.0000
-503.0000 -503.0000 -503.0000
-503.0000 -503.0000 -503.0000
-503.0000 -503.0000 -503.0000
-503.0000 -439495.0000 -7112.5800
-503.0000 -503.0000 -503.0000
-503.0000 -503.0000 -503.0000
-503.0000 -503.0000 -503.0000
-503.0000 -117919.0000 -2002.9900
-503.0000 -503.0000 -503.0000
-503.0000 -503.0000 -503.0000
-503.0000 -503.0000 -503.0000
-503.0000 -672349.0000 -3862.2300
-503.0000 -503.0000 -503.0000
-503.0000 -503.0000 -503.0000
-503.0000 -503.0000 -503.0000
-503.0000 -503.0000 -503.0000
-503.0000 -503.0000 -503.0000
-503.0000 -503.0000 -503.0000
-503.0000 -503.0000 -503.0000
-503.0000 -503.0000 -503.0000
-503.0000 -503.0000 -503.0000
-503.0000 -503.0000 -503.0000
-503.0000 -503.0000 -503.0000
-503.0000 -186177.0000 -1431.3700
-503.0000 -503.0000 -503.0000
-503.0000 -503.0000 -503.0000
-503.0000 -1114205.0000 -14940.3000
-503.0000 -503.0000 -503.0000
-503.0000 -503.0000 -503.0000
-503.0000 -503.0000 -503.0000
-503.0000 -503.0000 -503.0000
-503.0000 -503.0000 -503.0000
-503.0000 -503.0000 -503.0000
-503.0000 -503.0000 -503.0000
-503.0000 -503.0000 -503.0000
-503.0000 -503.0000 -503.0000
-503.0000 -503.0000 -503.0000
-503.0000 -503.0000 -503.0000
-503.0000 -503.0000 -503.0000
-503.0000 -503.0000 -503.0000
-503.0000 -503.0000 -503.0000
-129.0000 -503.0000 -364.6200
-129.0000 -25809.0000 -371.4700
-129.0000 -129.0000 -129.0000
-129.0000 -129.0000 -129.0000
-129.0000 -129.0000 -129.0000
-129.0000 -129.0000 -129.0000
-129.0000 -129.0000 -129.0000
-129.0000 -129.0000 -129.0000
-129.0000 -129.0000 -129.0000
-129.0000 -129.0000 -129.0000
-129.0000 -129.0000 -129.0000
-129.0000 -143889.0000 -847.8000
-129.0000 -129.0000 -129.0000
-129.0000 -2995.0000 -143.3300
-129.0000 -129.0000 -129.0000
-129.0000 -787253.0000 -6648.5900
-129.0000 -130573.0000 -1059.6100
-129.0000 -129.0000 -129.0000
-129.0000 -129.0000 -129.0000
-129.0000 -129.0000 -129.0000
