-313749.0000 -6306955.0000 -965722.7200
-313749.0000 -3819577.0000 -756010.3300
-96853.0000 -5172661.0000 -580038.6900
-96853.0000 -3920115.0000 -1022403.9300
-96853.0000 -5396065.0000 -348845.0000
-96853.0000 -3487767.0000 -572307.0300
-96853.0000 -4556235.0000 -1242021.0300
-96853.0000 -2237675.0000 -295690.8100
-28135.0000 -3046319.0000 -312030.0000
-28135.0000 -4953055.0000 -362565.6300
-19389.0000 -3301411.0000 -714501.0800
-19389.0000 -4288285.0000 -864227.7700
-19389.0000 -5543061.0000 -482956.4100
-19389.0000 -7656621.0000 -814163.2400
-19389.0000 -2345037.0000 -610516.1200
-19389.0000 -3180685.0000 -916299.4100
-19389.0000 -3961319.0000 -707161.9600
-19389.0000 -2145439.0000 -427470.6700
-19389.0000 -3411349.0000 -452664.9700
-19389.0000 -4357217.0000 -1026321.1000
-19389.0000 -4654815.0000 -785190.8200
-19389.0000 -4731457.0000 -1160375.5400
-19389.0000 -2611901.0000 -310241.9700
-19389.0000 -6517765.0000 -819068.3900
-19389.0000 -4318651.0000 -857926.3000
-19389.0000 -3049465.0000 -595379.8100
-19389.0000 -5097493.0000 -413941.7800
-19389.0000 -3899891.0000 -693576.3900
-19389.0000 -3977373.0000 -1146234.5200
-19389.0000 -7222385.0000 -858250.5000
-19389.0000 -5114529.0000 -730914.5200
-19389.0000 -4897655.0000 -743568.0300
-19389.0000 -4233949.0000 -687588.8500
-19389.0000 -5071723.0000 -644204.4600
-13761.0000 -2656569.0000 -240693.4500
-13761.0000 -3272519.0000 -754638.7700
-13761.0000 -4439525.0000 -386197.6300
-13761.0000 -6048581.0000 -867662.1200
-13761.0000 -4307155.0000 -571383.0500
-13761.0000 -1635893.0000 -248969.9300
-13761.0000 -5724377.0000 -662147.1600
-13761.0000 -2078331.0000 -239701.7900
-13761.0000 -2471813.0000 -598150.1700
-13761.0000 -5340911.0000 -847448.7600
-4929.0000 -3970859.0000 -406332.6900
-4929.0000 -5993711.0000 -608004.1600
-4929.0000 -2763633.0000 -534398.5600
-4929.0000 -4800117.0000 -618873.3200
-4929.0000 -3744695.0000 -666943.7300
-4929.0000 -4172425.0000 -300615.3600
-4929.0000 -6733469.0000 -676068.0900
-4929.0000 -2504767.0000 -524311.9800
-4929.0000 -3173793.0000 -674886.2000
-4929.0000 -3257125.0000 -602740.9800
-4929.0000 -4709759.0000 -908020.5300
-4929.0000 -3957149.0000 -580274.5600
-4929.0000 -8627403.0000 -1307700.2200
-4929.0000 -4841169.0000 -448438.9700
-4929.0000 -3753597.0000 -832305.4600
-4929.0000 -1850075.0000 -369756.8500
-4929.0000 -3773429.0000 -785950.8600
-4929.0000 -3873329.0000 -574500.8500
-4929.0000 -2970555.0000 -419558.8800
-4929.0000 -4653183.0000 -1199567.2600
-4929.0000 -3955551.0000 -322390.7400
-4929.0000 -3488665.0000 -888642.4300
-4929.0000 -4937015.0000 -645650.1000
-4929.0000 -859235.0000 -185769.1400
-4929.0000 -4783103.0000 -698636.1700
-4929.0000 -2589235.0000 -470867.4800
-4929.0000 -3119363.0000 -515121.0600
-4929.0000 -4485825.0000 -356963.8600
-4929.0000 -4914331.0000 -771719.6800
-4929.0000 -3170543.0000 -696541.9400
-4929.0000 -5005757.0000 -595596.1000
-4929.0000 -982267.0000 -125250.6200
-4929.0000 -4131099.0000 -755463.3600
-4929.0000 -3519347.0000 -516621.8800
-2671.0000 -1994277.0000 -422503.8800
-2671.0000 -2885055.0000 -359502.4100
-2671.0000 -5283785.0000 -532054.1600
-2671.0000 -3147751.0000 -423626.0500
-2671.0000 -3102883.0000 -471735.0500
-2671.0000 -1976831.0000 -359655.6600
-2671.0000 -3014217.0000 -279829.1000
-2671.0000 -2928563.0000 -784337.9100
-2671.0000 -3798907.0000 -425673.4700
-2671.0000 -1467643.0000 -301679.8700
-2671.0000 -2742533.0000 -332204.7800
-2671.0000 -2138695.0000 -355900.0000
-2671.0000 -5440573.0000 -654762.3600
-2671.0000 -3219079.0000 -187862.5600
-2671.0000 -1604761.0000 -153048.2300
-2671.0000 -2737513.0000 -486964.5200
-2671.0000 -2654555.0000 -259395.5100
-2671.0000 -2541373.0000 -413813.6800
-2671.0000 -2083741.0000 -589987.5400
-2671.0000 -1628603.0000 -234365.6700
-2671.0000 -2213241.0000 -163551.6300
-2671.0000 -1622681.0000 -215254.9800
-2671.0000 -2270015.0000 -406675.8200
-2671.0000 -2494333.0000 -346577.4800
-2671.0000 -5755405.0000 -343325.7500
-2671.0000 -1888915.0000 -301278.1500
-2671.0000 -1953659.0000 -378030.6900
-2671.0000 -1139513.0000 -125829.8800
-2671.0000 -1396769.0000 -274177.3600
-2671.0000 -2370141.0000 -371882.7000
-2671.0000 -2863241.0000 -264454.7700
-2671.0000 -5695941.0000 -660914.4800
-2671.0000 -4210797.0000 -549495.7400
-2671.0000 -4409775.0000 -598065.3000
-2671.0000 -2082177.0000 -553711.2300
-2671.0000 -3100907.0000 -462676.1200
-2671.0000 -1243807.0000 -192650.8300
-2671.0000 -2265349.0000 -298561.1500
-2671.0000 -1928811.0000 -216180.9100
-2671.0000 -3594025.0000 -429413.0200
-1831.0000 -1116929.0000 -116185.1200
-1831.0000 -2109233.0000 -132260.2800
-1831.0000 -3268337.0000 -460515.3500
-1831.0000 -2471079.0000 -361631.1700
-1831.0000 -1325299.0000 -326588.4500
-1831.0000 -1770101.0000 -430742.6100
-1831.0000 -1321035.0000 -276285.6000
-1831.0000 -1758341.0000 -336721.5300
-1831.0000 -1336053.0000 -121470.0500
-1831.0000 -1790779.0000 -313795.9100
-1831.0000 -3104175.0000 -148114.6000
-1831.0000 -2614873.0000 -269540.9700
-1831.0000 -2013973.0000 -166749.5500
-1831.0000 -1397957.0000 -207076.1000
-1831.0000 -1096187.0000 -190796.8700
-1831.0000 -1787925.0000 -123403.5600
-1831.0000 -2676247.0000 -434540.8100
-1831.0000 -1548949.0000 -234160.3600
-1831.0000 -2111179.0000 -302052.0600
-1831.0000 -1068325.0000 -167720.7600
-1831.0000 -1156939.0000 -160936.3700
-1831.0000 -1128927.0000 -262884.0100
-1831.0000 -740981.0000 -105614.2100
-1831.0000 -2064147.0000 -214876.7900
-1831.0000 -2242709.0000 -321115.3100
-1831.0000 -1691501.0000 -233064.3800
-1831.0000 -1368471.0000 -284717.9800
-1831.0000 -1785339.0000 -181881.2900
-1831.0000 -1008439.0000 -123808.2000
-1831.0000 -833909.0000 -194686.7000
-1831.0000 -3792511.0000 -417087.4100
-1831.0000 -1720705.0000 -329680.3900
-1477.0000 -917453.0000 -165133.3500
-1477.0000 -1339825.0000 -186692.8800
-1477.0000 -1705873.0000 -247032.6700
-1477.0000 -1291431.0000 -135733.3600
-1477.0000 -1013155.0000 -178729.6500
-1477.0000 -2241011.0000 -319059.6300
-1477.0000 -1522311.0000 -181992.1700
-1477.0000 -1732191.0000 -167344.8600
-1477.0000 -655657.0000 -55556.5200
-1477.0000 -3156169.0000 -260481.4600
-1477.0000 -1754159.0000 -252043.8500
-1477.0000 -552205.0000 -47231.0700
-1477.0000 -1630861.0000 -74814.5300
-1477.0000 -452187.0000 -24931.7100
-1477.0000 -965189.0000 -149916.6600
-1477.0000 -894171.0000 -115144.5600
-1477.0000 -446251.0000 -59304.6500
-1477.0000 -994939.0000 -62581.2200
-1477.0000 -541213.0000 -20390.8200
-1477.0000 -391121.0000 -7289.6900
-1477.0000 -153427.0000 -5329.8100
-1477.0000 -675759.0000 -44082.7500
-1477.0000 -1172633.0000 -26751.3200
-1477.0000 -1079143.0000 -31443.4900
-1477.0000 -850945.0000 -121884.7200
-1477.0000 -763965.0000 -29639.9600
-1477.0000 -1102569.0000 -33276.2300
-1477.0000 -383815.0000 -5109.4900
-1477.0000 -771647.0000 -43299.5100
-1477.0000 -1000355.0000 -33956.6600
-1477.0000 -1860701.0000 -69934.6200
-1477.0000 -965189.0000 -45589.8400
-1477.0000 -199923.0000 -15007.6900
-1477.0000 -1406289.0000 -27339.9200
-1477.0000 -1408277.0000 -176964.6900
-1477.0000 -434377.0000 -39324.8200
-1477.0000 -241449.0000 -9862.0800
-1477.0000 -1365905.0000 -142316.4800
-1477.0000 -871507.0000 -57463.9900
-1477.0000 -755899.0000 -103594.8500
-1477.0000 -1607523.0000 -151337.1600
-1477.0000 -631153.0000 -15696.3000
-1477.0000 -851257.0000 -11724.7000
-1477.0000 -1477.0000 -1477.0000
-1477.0000 -1419927.0000 -37636.4000
-1477.0000 -380071.0000 -19728.5300
-1477.0000 -1040735.0000 -44114.9400
-1477.0000 -951375.0000 -105485.8900
-1477.0000 -1651629.0000 -125167.9500
-1477.0000 -1000455.0000 -48109.0300
-1477.0000 -335503.0000 -10052.0700
-1477.0000 -570597.0000 -58253.3000
-1477.0000 -1452875.0000 -90204.8300
-1477.0000 -1360621.0000 -21738.9800
-1477.0000 -414995.0000 -12584.2100
-1477.0000 -688289.0000 -28699.4700
-1477.0000 -736953.0000 -5726.6900
-1477.0000 -883931.0000 -33498.3500
-1477.0000 -834941.0000 -17337.9700
-1477.0000 -790045.0000 -61228.7000
-1477.0000 -938617.0000 -71958.7900
-1477.0000 -1235137.0000 -67118.0400
-1477.0000 -1052781.0000 -92819.2500
-1477.0000 -657915.0000 -39035.6700
-1477.0000 -190361.0000 -11152.9800
-1477.0000 -306601.0000 -11089.4400
-1477.0000 -752543.0000 -63455.9800
-1477.0000 -837041.0000 -70954.2200
-1477.0000 -686767.0000 -33620.0000
-1477.0000 -930591.0000 -19134.3000
-1477.0000 -676767.0000 -12308.5600
-1477.0000 -915327.0000 -44983.4000
-1477.0000 -430543.0000 -43107.9300
-1477.0000 -1106441.0000 -84408.1200
-1477.0000 -1630329.0000 -57943.1100
-1477.0000 -632595.0000 -19946.1400
-1477.0000 -319621.0000 -8419.9900
-1477.0000 -820091.0000 -6184.4100
-1477.0000 -897619.0000 -169950.5100
-1477.0000 -404813.0000 -14086.3400
-1477.0000 -81101.0000 -2196.0300
-1477.0000 -756061.0000 -90499.2100
-1477.0000 -1584141.0000 -98243.2400
-1477.0000 -362575.0000 -60034.4900
-1477.0000 -751083.0000 -57125.8300
-1477.0000 -570267.0000 -58799.1000
-1477.0000 -1242553.0000 -204244.2100
-1477.0000 -1211037.0000 -329022.2900
-1477.0000 -1777301.0000 -186211.3800
-1477.0000 -1277121.0000 -246606.6500
-1477.0000 -914897.0000 -91038.2800
-1363.0000 -761375.0000 -40192.7000
-1363.0000 -940475.0000 -60683.3900
-1363.0000 -1273959.0000 -127636.1000
-1363.0000 -1025083.0000 -55757.6500
-1363.0000 -561015.0000 -127581.1700
-1363.0000 -889969.0000 -43605.4600
-1363.0000 -1469937.0000 -104956.8000
-1363.0000 -1286269.0000 -72418.3000
-1363.0000 -719543.0000 -104743.8400
-1363.0000 -847423.0000 -120758.7000
-1363.0000 -2048671.0000 -65960.4300
-1363.0000 -1376481.0000 -122935.2200
-1363.0000 -331405.0000 -31995.5200
-1363.0000 -867473.0000 -62389.2700
-1363.0000 -1393825.0000 -200122.4300
-1363.0000 -1518323.0000 -85813.0500
-1363.0000 -990017.0000 -38347.4000
-1363.0000 -345041.0000 -12630.0500
-1363.0000 -816833.0000 -21605.7700
-1363.0000 -341507.0000 -7930.7000
-1363.0000 -621905.0000 -23356.6800
-1363.0000 -710451.0000 -11336.0000
-1363.0000 -1036273.0000 -103752.1300
-1363.0000 -465421.0000 -41348.3100
-1363.0000 -267029.0000 -16743.4000
-1363.0000 -755111.0000 -23407.4900
-1363.0000 -1109297.0000 -110864.4900
-1363.0000 -1294745.0000 -207656.9700
-1363.0000 -1827087.0000 -258680.6500
-1363.0000 -487213.0000 -28198.6100
-1363.0000 -867033.0000 -105820.1600
-1363.0000 -1757103.0000 -69979.9500
-1363.0000 -790625.0000 -150514.6200
-1363.0000 -518477.0000 -72181.4800
-1363.0000 -678027.0000 -183973.5000
-1363.0000 -1776471.0000 -59956.8400
-1363.0000 -658023.0000 -39273.7900
-1363.0000 -1210777.0000 -43725.5100
-1363.0000 -585699.0000 -83389.9800
-1363.0000 -689333.0000 -102331.9500
-1363.0000 -1707811.0000 -177614.3700
-1363.0000 -1149203.0000 -81185.7500
-1363.0000 -552875.0000 -40775.7500
-1363.0000 -674439.0000 -99005.3700
-1363.0000 -857901.0000 -61864.5800
-1363.0000 -872877.0000 -89373.7600
-1363.0000 -2165841.0000 -169916.1700
-1363.0000 -424621.0000 -25485.6500
-1363.0000 -518199.0000 -29620.0000
-1363.0000 -884649.0000 -11327.8400
-1363.0000 -606057.0000 -45043.0600
-1363.0000 -1019355.0000 -41470.9100
-1363.0000 -429061.0000 -15563.5100
-1363.0000 -774187.0000 -109078.3900
-1363.0000 -1189159.0000 -141822.4400
-1363.0000 -730319.0000 -47542.9800
-1363.0000 -1077079.0000 -77956.6100
-1363.0000 -824637.0000 -31402.0900
-1363.0000 -341105.0000 -29498.6700
-1363.0000 -389931.0000 -11502.9800
-1363.0000 -1008839.0000 -84164.5300
-1363.0000 -1011835.0000 -68006.0500
-1363.0000 -871033.0000 -30589.9500
-23.0000 -480601.0000 -11353.0300
-23.0000 -719231.0000 -34308.2600
-23.0000 -492853.0000 -18887.8300
-23.0000 -1107503.0000 -137702.8300
-23.0000 -577767.0000 -26567.5700
-23.0000 -846387.0000 -101192.0100
-23.0000 -579149.0000 -30730.9200
-23.0000 -671869.0000 -36613.1800
-23.0000 -258071.0000 -21730.6200
-23.0000 -732101.0000 -11391.5900
-23.0000 -653473.0000 -129318.3500
-23.0000 -493503.0000 -33697.2300
-23.0000 -906629.0000 -72338.5200
-23.0000 -446447.0000 -50496.8800
-23.0000 -345321.0000 -10129.4200
-23.0000 -493469.0000 -25928.8300
-23.0000 -589353.0000 -10710.1500
-23.0000 -23.0000 -23.0000
-23.0000 -23.0000 -23.0000
-23.0000 -23.0000 -23.0000
-23.0000 -23.0000 -23.0000
-23.0000 -23.0000 -23.0000
-23.0000 -23.0000 -23.0000
-23.0000 -23.0000 -23.0000
-23.0000 -493771.0000 -2491.7400
-23.0000 -23.0000 -23.0000
-23.0000 -23.0000 -23.0000
-23.0000 -220389.0000 -1692.4300
-23.0000 -23.0000 -23.0000
-23.0000 -23.0000 -23.0000
-23.0000 -332541.0000 -4872.0000
-23.0000 -23.0000 -23.0000
-23.0000 -23.0000 -23.0000
-23.0000 -285089.0000 -2598.9500
-23.0000 -23.0000 -23.0000
-23.0000 -23.0000 -23.0000
-23.0000 -83613.0000 -440.9500
-23.0000 -23.0000 -23.0000
-23.0000 -23.0000 -23.0000
-23.0000 -23.0000 -23.0000
-23.0000 -23.0000 -23.0000
-23.0000 -23.0000 -23.0000
-23.0000 -23.0000 -23.0000
-23.0000 -23.0000 -23.0000
-23.0000 -23.0000 -23.0000
-23.0000 -23.0000 -23.0000
-23.0000 -23.0000 -23.0000
-23.0000 -237119.0000 -1382.3100
-23.0000 -23.0000 -23.0000
-23.0000 -23.0000 -23.0000
-23.0000 -23.0000 -23.0000
-23.0000 -23.0000 -23.0000
-23.0000 -23.0000 -23.0000
-23.0000 -23.0000 -23.0000
-23.0000 -23.0000 -23.0000
-23.0000 -23.0000 -23.0000
-23.0000 -23.0000 -23.0000
-23.0000 -23.0000 -23.0000
-23.0000 -23.0000 -23.0000
-23.0000 -23.0000 -23.0000
-23.0000 -390585.0000 -3382.8400
-23.0000 -23.0000 -23.0000
-23.0000 -23.0000 -23.0000
-23.0000 -23.0000 -23.0000
-23.0000 -23.0000 -23.0000
-23.0000 -23.0000 -23.0000
-23.0000 -394359.0000 -1994.6800
-23.0000 -23.0000 -23.0000
-23.0000 -143075.0000 -738.2600
-23.0000 -23.0000 -23.0000
-23.0000 -269225.0000 -1369.0100
-23.0000 -23.0000 -23.0000
-23.0000 -309273.0000 -2770.5200
-23.0000 -380431.0000 -3449.0700
-23.0000 -23.0000 -23.0000
-23.0000 -145459.0000 -750.1800
-23.0000 -23.0000 -23.0000
-23.0000 -23.0000 -23.0000
-23.0000 -23.0000 -23.0000
-23.0000 -23.0000 -23.0000
-23.0000 -23.0000 -23.0000
-23.0000 -192413.0000 -984.9500
-23.0000 -23.0000 -23.0000
-23.0000 -23.0000 -23.0000
-23.0000 -13165.0000 -154.4200
-23.0000 -64199.0000 -343.8800
-23.0000 -23.0000 -23.0000
-23.0000 -23.0000 -23.0000
-23.0000 -23.0000 -23.0000
-23.0000 -23.0000 -23.0000
-23.0000 -23.0000 -23.0000
-23.0000 -66855.0000 -357.1600
-23.0000 -23.0000 -23.0000
-23.0000 -23.0000 -23.0000
-23.0000 -23.0000 -23.0000
-23.0000 -23.0000 -23.0000
