-147277.0000 -3816925.0000 -789970.7200
-147277.0000 -3070705.0000 -971718.8500
-147277.0000 -3865491.0000 -557347.0300
-147277.0000 -4138345.0000 -539073.3000
-147277.0000 -6223135.0000 -1099181.2700
-147277.0000 -4365725.0000 -878630.7800
-147277.0000 -5375093.0000 -683552.5500
-147277.0000 -5523337.0000 -1134572.9400
-147277.0000 -3568413.0000 -931720.8700
-147277.0000 -3352289.0000 -888629.8500
-138859.0000 -5012821.0000 -485736.2900
-138859.0000 -3757703.0000 -785767.1600
-28673.0000 -3803693.0000 -420217.6100
-28673.0000 -5652889.0000 -391564.3400
-28673.0000 -5777853.0000 -1477911.4400
-28673.0000 -4727043.0000 -884582.9700
-28673.0000 -5070057.0000 -836713.7200
-28673.0000 -7000715.0000 -746538.4800
-28673.0000 -3569097.0000 -902113.2400
-28673.0000 -3481849.0000 -763471.8100
-28673.0000 -4165707.0000 -800396.3300
-28673.0000 -5655895.0000 -1151308.4700
-28673.0000 -7185127.0000 -1162520.4100
-28673.0000 -4630627.0000 -996792.0000
-28673.0000 -5538811.0000 -1297788.7800
-28673.0000 -9123675.0000 -703459.9600
-28673.0000 -3238705.0000 -580075.6100
-28673.0000 -3126515.0000 -912018.8800
-28673.0000 -2281207.0000 -285207.8100
-14021.0000 -7776231.0000 -681656.4800
-14021.0000 -2729429.0000 -327248.8900
-14021.0000 -5307155.0000 -952889.4900
-14021.0000 -7448927.0000 -1575852.6400
-9603.0000 -4751109.0000 -460620.7300
-3717.0000 -3023833.0000 -336375.0600
-3717.0000 -2940987.0000 -387718.1000
-3717.0000 -4796615.0000 -440494.8600
-3717.0000 -3692945.0000 -768432.0500
-3717.0000 -6513315.0000 -655318.4400
-3717.0000 -4876199.0000 -413982.1800
-3717.0000 -7291607.0000 -583227.3200
-3717.0000 -6764533.0000 -694328.3000
-3717.0000 -3479317.0000 -301056.4500
-3717.0000 -5691531.0000 -418384.6900
-3717.0000 -2960641.0000 -416547.7500
-3717.0000 -4299315.0000 -772696.2900
-3717.0000 -2461423.0000 -325457.5000
-3717.0000 -3834303.0000 -540093.2500
-3717.0000 -2736881.0000 -393581.3100
-3717.0000 -3209315.0000 -440945.2600
-3717.0000 -4073637.0000 -472932.3800
-3717.0000 -2410571.0000 -388565.6300
-3717.0000 -4265195.0000 -755313.2100
-3717.0000 -3534325.0000 -735619.0200
-3717.0000 -3182001.0000 -394297.7200
-3717.0000 -3075575.0000 -363126.2700
-3717.0000 -5760401.0000 -397155.3700
-3717.0000 -4150857.0000 -506912.6200
-3717.0000 -5687351.0000 -968154.5500
-3717.0000 -5065951.0000 -437015.2000
-3717.0000 -3129575.0000 -425709.6400
-3717.0000 -1130159.0000 -134687.9500
-3717.0000 -7200999.0000 -1050425.8900
-3717.0000 -4982825.0000 -573007.9600
-3717.0000 -2595095.0000 -167448.6700
-3717.0000 -5509231.0000 -844687.4200
-3717.0000 -4798147.0000 -622298.6900
-3717.0000 -5239659.0000 -734619.6100
-3717.0000 -2289403.0000 -509903.1700
-3717.0000 -3396493.0000 -779432.2100
-3717.0000 -2809379.0000 -346509.7600
-3717.0000 -2769023.0000 -773300.3500
-3717.0000 -5063283.0000 -654434.1900
-3717.0000 -5212711.0000 -503028.4800
-3717.0000 -2492607.0000 -218782.5200
-3717.0000 -2721251.0000 -370384.0500
-3717.0000 -2991181.0000 -392353.6200
-3717.0000 -3254427.0000 -359857.2000
-3717.0000 -5034093.0000 -640060.1400
-3717.0000 -3086221.0000 -419973.4000
-3717.0000 -3009857.0000 -445935.5800
-3717.0000 -919283.0000 -130089.6100
-3717.0000 -2860853.0000 -623085.6900
-3717.0000 -2433359.0000 -326521.2400
-3717.0000 -1237171.0000 -281254.2400
-3717.0000 -1907195.0000 -279142.4400
-3717.0000 -1515949.0000 -148795.9400
-3717.0000 -2890367.0000 -357534.3500
-3717.0000 -2973717.0000 -448194.1300
-3717.0000 -4247957.0000 -369664.3600
-3717.0000 -1994847.0000 -361456.7700
-3717.0000 -4923709.0000 -400218.6400
-3717.0000 -3940565.0000 -231971.0800
-3717.0000 -2463255.0000 -402171.2700
-3717.0000 -3459529.0000 -502351.2200
-3717.0000 -3078017.0000 -316652.4700
-3717.0000 -2949865.0000 -810717.8200
-3717.0000 -2551533.0000 -748882.5700
-3717.0000 -2385321.0000 -232232.9800
-3717.0000 -3421043.0000 -353144.3900
-3717.0000 -4444171.0000 -713224.2300
-3717.0000 -1736915.0000 -249361.0900
-3717.0000 -3029021.0000 -413654.7700
-3717.0000 -2690329.0000 -470129.7900
-3717.0000 -3129285.0000 -619370.6600
-3717.0000 -4290171.0000 -731094.3300
-3717.0000 -3960315.0000 -447630.4200
-3717.0000 -2873357.0000 -494162.8400
-3717.0000 -2131289.0000 -432001.4800
-3717.0000 -1738671.0000 -432015.2700
-3717.0000 -3720849.0000 -361041.8700
-3717.0000 -2320757.0000 -306171.3500
-3717.0000 -3635433.0000 -350744.6400
-3717.0000 -4117219.0000 -567288.8900
-3717.0000 -1396511.0000 -230874.2900
-3717.0000 -2256067.0000 -702815.4800
-3717.0000 -2136441.0000 -450779.0300
-3717.0000 -4374007.0000 -417163.4400
-3717.0000 -2960379.0000 -270651.5600
-3717.0000 -1565725.0000 -220328.7800
-3717.0000 -3623309.0000 -788955.4000
-3717.0000 -1833929.0000 -225219.4600
-3717.0000 -1832409.0000 -122718.3700
-3717.0000 -1429863.0000 -123771.7000
-3717.0000 -1423227.0000 -149525.7400
-3717.0000 -1126019.0000 -243206.7300
-3717.0000 -1240531.0000 -129566.6100
-3717.0000 -855329.0000 -83554.5800
-3717.0000 -1877559.0000 -109094.2200
-3717.0000 -1113999.0000 -224457.4800
-3717.0000 -813823.0000 -95958.2000
-3717.0000 -808323.0000 -200476.7900
-3717.0000 -903235.0000 -201894.1300
-3717.0000 -1291469.0000 -247894.8300
-3717.0000 -760403.0000 -149552.3800
-3717.0000 -2295421.0000 -396131.6200
-3717.0000 -2464845.0000 -222667.6700
-3717.0000 -1588811.0000 -162166.4000
-3717.0000 -2032821.0000 -207287.9300
-3717.0000 -1141517.0000 -156118.1900
-3717.0000 -1952915.0000 -294380.0700
-3717.0000 -3135955.0000 -531128.6900
-3717.0000 -872189.0000 -207924.6300
-3717.0000 -1207075.0000 -357994.3700
-3717.0000 -1675709.0000 -385045.8800
-3717.0000 -1745455.0000 -398095.8800
-3717.0000 -1615163.0000 -144785.7400
-3717.0000 -1483411.0000 -200986.6100
-3717.0000 -1211333.0000 -110350.6600
-3717.0000 -1472067.0000 -180738.4300
-3717.0000 -2270835.0000 -472055.0800
-3717.0000 -879643.0000 -159182.2800
-3717.0000 -989895.0000 -205986.9500
-3717.0000 -1450213.0000 -211733.9000
-3717.0000 -1134507.0000 -167733.6800
-3717.0000 -1063237.0000 -139611.9300
-3717.0000 -1565403.0000 -286689.4100
-3717.0000 -3486179.0000 -248440.6100
-3717.0000 -1462181.0000 -325879.8400
-3717.0000 -1225525.0000 -134373.6500
-3717.0000 -1943775.0000 -368206.4800
-3717.0000 -431809.0000 -28477.6000
-3717.0000 -828461.0000 -39340.2000
-3717.0000 -726145.0000 -8615.7500
-3717.0000 -739971.0000 -145258.1700
-3717.0000 -400529.0000 -27226.8400
-3717.0000 -1080161.0000 -113036.0800
-2731.0000 -732907.0000 -34610.5500
-2731.0000 -1440539.0000 -26375.3900
-2731.0000 -1144947.0000 -62813.8000
-2731.0000 -479209.0000 -33168.3200
-2731.0000 -574619.0000 -74534.0600
-2731.0000 -724485.0000 -48795.7800
-2731.0000 -60997.0000 -4503.4100
-2731.0000 -398745.0000 -14613.1000
-2731.0000 -966301.0000 -11433.3500
-2731.0000 -376837.0000 -12573.7900
-2731.0000 -1212559.0000 -50199.1700
-2731.0000 -729753.0000 -43718.7900
-2731.0000 -1029225.0000 -55605.5000
-2731.0000 -431693.0000 -34176.9700
-2731.0000 -652659.0000 -23222.7400
-2731.0000 -1216335.0000 -39215.6300
-2731.0000 -999669.0000 -78310.2500
-2731.0000 -551209.0000 -15659.0500
-2731.0000 -533893.0000 -52771.4200
-2731.0000 -755533.0000 -28257.3600
-2731.0000 -952425.0000 -21775.1900
-2731.0000 -345237.0000 -27330.2200
-2731.0000 -1253993.0000 -188067.7700
-2731.0000 -439725.0000 -37665.0300
-2731.0000 -897167.0000 -104469.7400
-2731.0000 -1236521.0000 -68860.2200
-2731.0000 -940439.0000 -62612.9500
-2731.0000 -647875.0000 -19872.8000
-2731.0000 -767851.0000 -34909.3900
-2731.0000 -1182907.0000 -41559.2000
-2731.0000 -473127.0000 -12313.5300
-2731.0000 -1448761.0000 -52705.8400
-2731.0000 -812251.0000 -40180.9100
-2731.0000 -430403.0000 -20752.5800
-2731.0000 -818335.0000 -32944.2100
-2731.0000 -1101315.0000 -150859.4100
-2731.0000 -558525.0000 -68976.7000
-2731.0000 -1138239.0000 -34620.8100
-2731.0000 -306883.0000 -15648.1900
-2731.0000 -1092441.0000 -15543.1400
-2731.0000 -450985.0000 -27050.4800
-967.0000 -499127.0000 -23313.8200
-967.0000 -525773.0000 -55335.7100
-967.0000 -809459.0000 -29700.4700
-681.0000 -1315335.0000 -34583.3100
-681.0000 -1532981.0000 -76734.5200
-681.0000 -541853.0000 -12204.2200
-681.0000 -909417.0000 -16185.9700
-681.0000 -1000013.0000 -87972.5100
-681.0000 -1277183.0000 -133765.6700
-681.0000 -1246899.0000 -170392.0000
-681.0000 -1280255.0000 -257246.3900
-681.0000 -1465787.0000 -93800.6000
-681.0000 -356335.0000 -10471.0000
-681.0000 -602869.0000 -43206.1100
-681.0000 -995777.0000 -100242.1400
-681.0000 -1307759.0000 -23777.0700
-681.0000 -343633.0000 -8127.8400
-681.0000 -455275.0000 -9446.7200
-681.0000 -1052847.0000 -75903.3400
-681.0000 -731703.0000 -122771.1800
-681.0000 -660551.0000 -54381.0900
-681.0000 -806885.0000 -59612.6500
-681.0000 -1589133.0000 -51275.5900
-681.0000 -735031.0000 -20796.9900
-681.0000 -510597.0000 -13375.4400
-681.0000 -647555.0000 -57149.5600
-681.0000 -1045795.0000 -28653.6900
-681.0000 -845025.0000 -86832.5700
-681.0000 -730891.0000 -20625.9700
-681.0000 -634473.0000 -21102.6200
-681.0000 -613729.0000 -11663.2200
-681.0000 -899777.0000 -109653.8000
-681.0000 -1424319.0000 -166685.5100
-681.0000 -995969.0000 -32446.5000
-681.0000 -688067.0000 -53105.6300
-681.0000 -1131025.0000 -100405.0400
-681.0000 -1228129.0000 -31872.6900
-681.0000 -136957.0000 -6297.1000
-681.0000 -445021.0000 -26979.5500
-681.0000 -301139.0000 -23644.0400
-681.0000 -1768465.0000 -81048.6300
-681.0000 -718845.0000 -43581.7100
-681.0000 -1291815.0000 -84026.1000
-681.0000 -616999.0000 -37549.0600
-681.0000 -570617.0000 -16123.1300
-681.0000 -1590715.0000 -150794.3700
-681.0000 -817431.0000 -56835.8900
-681.0000 -913837.0000 -48001.7900
-681.0000 -121845.0000 -2260.3800
-681.0000 -594045.0000 -18096.8500
-681.0000 -1237769.0000 -33167.6900
-681.0000 -1019893.0000 -177777.7800
-681.0000 -535171.0000 -101259.7400
-681.0000 -1191259.0000 -200224.7100
-681.0000 -711527.0000 -110502.1900
-681.0000 -723267.0000 -92264.5900
-681.0000 -606439.0000 -64346.0200
-681.0000 -383969.0000 -16204.0900
-681.0000 -1000827.0000 -48541.8300
-681.0000 -633289.0000 -60843.4900
-681.0000 -967347.0000 -85420.6100
-681.0000 -655363.0000 -17743.3000
-681.0000 -1008377.0000 -20867.4600
-681.0000 -850231.0000 -13659.3100
-681.0000 -1684023.0000 -187230.5000
-681.0000 -936183.0000 -81293.0300
-681.0000 -1031347.0000 -115758.1400
-681.0000 -473335.0000 -52586.8000
-681.0000 -1575667.0000 -151021.7300
-681.0000 -389373.0000 -49156.3500
-681.0000 -204595.0000 -12101.5200
-681.0000 -1256925.0000 -210232.5400
-681.0000 -896205.0000 -60448.4600
-681.0000 -308785.0000 -21640.0800
-681.0000 -1581721.0000 -250193.6400
-681.0000 -1342411.0000 -339882.0300
-681.0000 -656365.0000 -97421.6200
-681.0000 -1052601.0000 -70815.1400
-681.0000 -850647.0000 -12461.4800
-681.0000 -438281.0000 -47860.2700
-681.0000 -294107.0000 -6911.0000
-681.0000 -802385.0000 -24248.6700
-681.0000 -572693.0000 -20681.4300
-681.0000 -814081.0000 -47231.1500
-681.0000 -541881.0000 -36605.9000
-681.0000 -934535.0000 -62922.5200
-681.0000 -766901.0000 -57062.0100
-681.0000 -1407115.0000 -90786.4000
-681.0000 -1464515.0000 -64832.5600
-681.0000 -1050267.0000 -64058.3000
-681.0000 -579151.0000 -59109.9900
-681.0000 -1738449.0000 -79963.7400
-681.0000 -709735.0000 -60152.0700
-681.0000 -828483.0000 -33278.7600
-681.0000 -1070949.0000 -55334.6300
-681.0000 -502353.0000 -17228.2500
-681.0000 -1541233.0000 -187984.9500
-681.0000 -890995.0000 -68668.1700
-681.0000 -692831.0000 -100447.6700
-681.0000 -1214287.0000 -102003.1500
-681.0000 -899777.0000 -74308.8600
-681.0000 -603811.0000 -63567.9400
-681.0000 -1302213.0000 -166958.5600
-681.0000 -777697.0000 -120492.5400
-681.0000 -775353.0000 -79002.0600
-681.0000 -1086329.0000 -73351.6600
-681.0000 -700499.0000 -50900.9800
-681.0000 -699377.0000 -53645.6800
-681.0000 -1374823.0000 -205821.2800
-681.0000 -1180659.0000 -52630.1900
-681.0000 -672671.0000 -83213.3100
-681.0000 -840301.0000 -64306.1900
-681.0000 -1158641.0000 -82465.1100
-681.0000 -681.0000 -681.0000
-681.0000 -681.0000 -681.0000
-681.0000 -681.0000 -681.0000
-681.0000 -1300073.0000 -20305.7200
-681.0000 -681.0000 -681.0000
-681.0000 -334877.0000 -2351.9800
-681.0000 -681.0000 -681.0000
-681.0000 -681.0000 -681.0000
-681.0000 -681.0000 -681.0000
-681.0000 -25061.0000 -802.9000
-681.0000 -681.0000 -681.0000
-681.0000 -193733.0000 -2415.4000
-681.0000 -681.0000 -681.0000
-681.0000 -681.0000 -681.0000
-681.0000 -681.0000 -681.0000
-681.0000 -681.0000 -681.0000
-681.0000 -681.0000 -681.0000
-681.0000 -681.0000 -681.0000
-681.0000 -681.0000 -681.0000
-681.0000 -331267.0000 -6938.0100
-681.0000 -681.0000 -681.0000
-681.0000 -681.0000 -681.0000
-681.0000 -681.0000 -681.0000
-681.0000 -118097.0000 -1855.1600
-681.0000 -681.0000 -681.0000
-681.0000 -681.0000 -681.0000
-681.0000 -681.0000 -681.0000
-681.0000 -681.0000 -681.0000
-681.0000 -681.0000 -681.0000
-681.0000 -70311.0000 -1029.1500
-681.0000 -681.0000 -681.0000
-681.0000 -231257.0000 -1916.2100
-681.0000 -681.0000 -681.0000
-681.0000 -681.0000 -681.0000
-681.0000 -681.0000 -681.0000
-681.0000 -681.0000 -681.0000
-681.0000 -118097.0000 -1788.7400
-681.0000 -681.0000 -681.0000
-681.0000 -681.0000 -681.0000
-681.0000 -376637.0000 -2560.7800
-681.0000 -681.0000 -681.0000
-681.0000 -681.0000 -681.0000
-681.0000 -681.0000 -681.0000
-681.0000 -681.0000 -681.0000
-681.0000 -681.0000 -681.0000
-681.0000 -681.0000 -681.0000
-681.0000 -681.0000 -681.0000
-681.0000 -681.0000 -681.0000
-681.0000 -681.0000 -681.0000
-681.0000 -11021.0000 -732.7000
-681.0000 -681.0000 -681.0000
-681.0000 -681.0000 -681.0000
-681.0000 -681.0000 -681.0000
-681.0000 -707341.0000 -4214.3000
-681.0000 -101861.0000 -1267.6000
-681.0000 -228211.0000 -2405.7300
-681.0000 -219587.0000 -1775.5300
-681.0000 -137449.0000 -1364.8400
-681.0000 -681.0000 -681.0000
-681.0000 -681.0000 -681.0000
-681.0000 -681.0000 -681.0000
-681.0000 -681.0000 -681.0000
-681.0000 -681.0000 -681.0000
-681.0000 -681.0000 -681.0000
-681.0000 -1395473.0000 -17318.8500
-681.0000 -48633.0000 -920.7600
-681.0000 -681.0000 -681.0000
-681.0000 -681.0000 -681.0000
-681.0000 -681.0000 -681.0000
-681.0000 -681.0000 -681.0000
-681.0000 -681.0000 -681.0000
-681.0000 -107979.0000 -1217.4900
-681.0000 -681.0000 -681.0000
-681.0000 -681.0000 -681.0000
-681.0000 -681.0000 -681.0000
-681.0000 -681.0000 -681.0000
-681.0000 -681.0000 -681.0000
-681.0000 -681.0000 -681.0000
-681.0000 -681.0000 -681.0000
