-187233.0000 -5533011.0000 -2018164.8500
-187233.0000 -2750791.0000 -437920.3500
-187233.0000 -3295795.0000 -1038358.0900
-187233.0000 -4638331.0000 -1877459.2100
-187233.0000 -4052647.0000 -1025015.3100
-187233.0000 -2212485.0000 -386662.2700
-162051.0000 -4689327.0000 -354029.0400
-122717.0000 -4130951.0000 -818525.6800
-13893.0000 -4123711.0000 -647428.0000
-13893.0000 -6539725.0000 -685611.5200
-13893.0000 -2085377.0000 -265327.2200
-13893.0000 -4490641.0000 -939354.7800
-13893.0000 -3874209.0000 -758711.9500
-13893.0000 -5317679.0000 -1108794.6200
-13893.0000 -6310873.0000 -921413.3700
-13893.0000 -5645287.0000 -221632.6700
-12085.0000 -4881663.0000 -558872.9000
-12085.0000 -2401315.0000 -702471.7200
-12085.0000 -3327819.0000 -747305.1800
-12085.0000 -6784889.0000 -813292.5200
-12085.0000 -6207567.0000 -696854.2900
-12085.0000 -2669241.0000 -424417.9000
-12085.0000 -6426549.0000 -639467.6600
-12085.0000 -5064505.0000 -546964.3700
-12085.0000 -5973229.0000 -637382.3000
-12085.0000 -4479617.0000 -831425.2900
-12085.0000 -4666155.0000 -570489.1200
-12085.0000 -3790147.0000 -513230.9800
-12085.0000 -2727171.0000 -553244.4800
-12085.0000 -6792857.0000 -804014.4200
-12085.0000 -3568515.0000 -641891.2400
-12085.0000 -1446061.0000 -246337.1100
-12085.0000 -2871971.0000 -436769.9700
-12085.0000 -4881309.0000 -842582.6500
-12085.0000 -3565609.0000 -602053.8800
-12085.0000 -6176671.0000 -1268917.2600
-12085.0000 -4871263.0000 -842806.9300
-12085.0000 -4860251.0000 -1675377.6700
-12085.0000 -4217719.0000 -489157.2400
-9641.0000 -6646433.0000 -560502.1100
-9641.0000 -3176321.0000 -803317.4100
-9641.0000 -5445209.0000 -637397.7800
-9641.0000 -3301087.0000 -601107.3200
-9641.0000 -4430285.0000 -691052.1500
-9641.0000 -4652109.0000 -551077.3200
-9641.0000 -2671493.0000 -546244.0000
-9641.0000 -4578749.0000 -839446.9500
-9641.0000 -3205339.0000 -345798.5400
-9641.0000 -3623825.0000 -759878.4100
-9641.0000 -3553439.0000 -779575.5700
-9641.0000 -5044775.0000 -1384793.3200
-9641.0000 -4493407.0000 -457519.1900
-9641.0000 -4888311.0000 -1080662.1200
-9641.0000 -4428403.0000 -692629.8000
-9641.0000 -4455869.0000 -886136.9000
-9641.0000 -6716433.0000 -1034809.4500
-9641.0000 -2997325.0000 -548624.4200
-9641.0000 -3829815.0000 -1208527.0100
-9641.0000 -4579767.0000 -468169.0900
-9641.0000 -2868553.0000 -658916.2900
-9641.0000 -5828127.0000 -763123.7900
-9641.0000 -4597045.0000 -1027778.5000
-4635.0000 -2088467.0000 -166959.2500
-4635.0000 -2924369.0000 -496746.7200
-4635.0000 -5924801.0000 -702614.6300
-4635.0000 -3432763.0000 -488239.9600
-4635.0000 -3611063.0000 -201690.2900
-4635.0000 -3324265.0000 -661918.1300
-4635.0000 -4963477.0000 -514200.6200
-4635.0000 -6302445.0000 -1100431.9500
-4635.0000 -4790945.0000 -633187.3000
-4635.0000 -3343385.0000 -450236.1600
-4635.0000 -3832611.0000 -775643.6400
-4635.0000 -3628841.0000 -556563.3900
-4635.0000 -2170847.0000 -587806.1500
-4635.0000 -3421935.0000 -440522.2300
-1643.0000 -3838181.0000 -524213.1900
-1643.0000 -2568621.0000 -268496.1100
-1643.0000 -5609063.0000 -672131.6300
-1643.0000 -3052923.0000 -279538.9100
-1643.0000 -2399921.0000 -459732.3100
-1643.0000 -3149875.0000 -509947.2300
-1643.0000 -1519025.0000 -208525.9400
-1643.0000 -1718391.0000 -275797.7100
-1643.0000 -2523329.0000 -313634.9000
-1643.0000 -4336069.0000 -712311.4300
-1643.0000 -2342907.0000 -672097.6000
-1643.0000 -2054651.0000 -434716.2400
-1643.0000 -3256821.0000 -467550.8200
-1643.0000 -1973285.0000 -321558.5100
-1643.0000 -3952407.0000 -776073.5200
-1643.0000 -4137351.0000 -508713.0800
-1643.0000 -4506039.0000 -607603.3500
-1643.0000 -1750051.0000 -195687.2100
-1643.0000 -4248431.0000 -332826.3400
-1643.0000 -3243035.0000 -307444.9800
-1643.0000 -3747191.0000 -400563.9600
-1643.0000 -2779673.0000 -263597.0200
-1643.0000 -3727811.0000 -282710.5200
-1643.0000 -2219275.0000 -508425.1300
-1643.0000 -1407981.0000 -127510.0400
-1643.0000 -2276125.0000 -243632.4000
-1643.0000 -4653847.0000 -576342.4200
-1643.0000 -3666979.0000 -793932.6500
-1643.0000 -1955879.0000 -221508.5100
-1643.0000 -1178425.0000 -79984.6600
-1643.0000 -1275387.0000 -205654.6300
-1643.0000 -3074479.0000 -339588.5000
-1643.0000 -1838935.0000 -175207.1800
-1643.0000 -2125627.0000 -313132.5100
-1643.0000 -4248645.0000 -642219.2500
-1643.0000 -1685751.0000 -164079.0400
-1643.0000 -2503201.0000 -295024.3600
-1643.0000 -1665475.0000 -203528.2600
-1643.0000 -2038459.0000 -244918.7200
-1643.0000 -2149575.0000 -416271.2500
-1643.0000 -3096153.0000 -417234.4800
-1643.0000 -1654623.0000 -400472.3900
-1643.0000 -1879077.0000 -411466.3900
-1643.0000 -1517235.0000 -268417.2400
-1643.0000 -1952311.0000 -78873.4100
-1643.0000 -2502759.0000 -257778.7600
-1643.0000 -621001.0000 -132557.0900
-1643.0000 -1278349.0000 -173611.8800
-1643.0000 -2018041.0000 -365307.7000
-1643.0000 -1472209.0000 -100853.7200
-1643.0000 -917041.0000 -142659.0200
-1643.0000 -1307633.0000 -129556.7700
-1643.0000 -1340979.0000 -163454.5900
-1643.0000 -1637397.0000 -103732.6100
-1643.0000 -1628225.0000 -86408.5000
-1643.0000 -893427.0000 -165087.9500
-1643.0000 -3064925.0000 -156248.4400
-1643.0000 -486973.0000 -63015.5700
-1643.0000 -965023.0000 -75668.2500
-1643.0000 -1631419.0000 -233014.1200
-1643.0000 -1097827.0000 -99512.4500
-1643.0000 -1437559.0000 -303717.1400
-1643.0000 -1533759.0000 -420164.4200
-1643.0000 -2375119.0000 -221849.9600
-1643.0000 -1928617.0000 -326275.4400
-1643.0000 -886685.0000 -296512.6300
-1643.0000 -1377427.0000 -206684.2200
-1643.0000 -294077.0000 -27885.3100
-1643.0000 -1320615.0000 -254515.0700
-1643.0000 -1997741.0000 -439375.7200
-1643.0000 -1473187.0000 -210936.2500
-1643.0000 -1850881.0000 -194123.4200
-1643.0000 -2520011.0000 -372774.6400
-1643.0000 -1205635.0000 -217371.8500
-1643.0000 -1745045.0000 -254899.3400
-1643.0000 -2093481.0000 -424955.8100
-1643.0000 -1744905.0000 -143603.6800
-1643.0000 -1172365.0000 -135833.0400
-1643.0000 -1736889.0000 -177528.5200
-1643.0000 -952189.0000 -159191.4200
-1643.0000 -1563749.0000 -228078.0100
-1643.0000 -934383.0000 -176975.7500
-1643.0000 -619843.0000 -104206.0900
-1643.0000 -1316359.0000 -407936.3300
-1643.0000 -1931251.0000 -158356.3300
-1643.0000 -887325.0000 -129161.9400
-1643.0000 -817483.0000 -57719.1600
-1643.0000 -900739.0000 -16728.6600
-1643.0000 -954261.0000 -83701.7300
-1643.0000 -1654271.0000 -109947.1000
-1643.0000 -897689.0000 -113893.8500
-1643.0000 -1069789.0000 -55672.5100
-1643.0000 -1282183.0000 -118753.2700
-1643.0000 -563029.0000 -84720.3500
-1643.0000 -663375.0000 -47345.6700
-1643.0000 -400955.0000 -23885.4600
-1643.0000 -1262815.0000 -51126.2000
-1643.0000 -920209.0000 -74199.1500
-1643.0000 -1123825.0000 -42612.4600
-1643.0000 -1307901.0000 -57934.6300
-1643.0000 -575787.0000 -18315.1500
-1643.0000 -1946459.0000 -323764.6500
-1643.0000 -1125785.0000 -35943.2800
-1643.0000 -1534603.0000 -143455.2000
-1643.0000 -2794285.0000 -186025.2200
-1643.0000 -579935.0000 -71355.9700
-1643.0000 -350453.0000 -14663.2800
-1643.0000 -1081489.0000 -123907.2400
-1643.0000 -622219.0000 -63799.9600
-1643.0000 -657347.0000 -80797.2600
-1643.0000 -1217201.0000 -78960.4100
-1643.0000 -1143517.0000 -70508.5500
-1643.0000 -996097.0000 -65755.6500
-1643.0000 -1179115.0000 -130666.8100
-1643.0000 -1439007.0000 -327727.3100
-1643.0000 -987983.0000 -107545.4100
-1643.0000 -752921.0000 -30611.8200
-1643.0000 -2831753.0000 -63079.4800
-1643.0000 -547211.0000 -22093.3700
-1643.0000 -239853.0000 -12758.9800
-1643.0000 -143983.0000 -3770.5700
-1643.0000 -584123.0000 -29205.1000
-1643.0000 -1283077.0000 -94031.5400
-1643.0000 -173539.0000 -11320.2900
-1643.0000 -738017.0000 -42430.2800
-1643.0000 -734261.0000 -35435.8700
-1643.0000 -1069681.0000 -54165.5700
-1643.0000 -874767.0000 -21890.0100
-1643.0000 -1004095.0000 -15599.0700
-1643.0000 -863037.0000 -30706.2900
-1643.0000 -1725227.0000 -432026.8100
-1643.0000 -811277.0000 -86238.9800
-1643.0000 -793963.0000 -34059.7700
-1643.0000 -274415.0000 -6954.6600
-1643.0000 -1866791.0000 -167332.5100
-1643.0000 -1730549.0000 -179557.7200
-465.0000 -465717.0000 -34395.3300
-465.0000 -907809.0000 -131724.7100
-465.0000 -773385.0000 -70327.8300
-465.0000 -367195.0000 -8547.7700
-465.0000 -869081.0000 -97158.0300
-465.0000 -396327.0000 -36431.4000
-465.0000 -1681953.0000 -89578.1700
-465.0000 -1245055.0000 -77716.7400
-465.0000 -663271.0000 -24373.0800
-465.0000 -850407.0000 -57232.1600
-465.0000 -1155869.0000 -224297.6200
-465.0000 -367271.0000 -15960.8800
-465.0000 -1317545.0000 -95799.6300
-465.0000 -1295425.0000 -119773.0300
-465.0000 -1070715.0000 -176655.5400
-465.0000 -412631.0000 -8589.6200
-465.0000 -1009747.0000 -42737.2000
-465.0000 -119799.0000 -5473.8000
-465.0000 -865865.0000 -39981.8400
-465.0000 -1234399.0000 -106061.7700
-465.0000 -1460333.0000 -65548.5500
-465.0000 -543369.0000 -94085.7000
-465.0000 -999267.0000 -29118.3400
-465.0000 -1017365.0000 -33653.7500
-465.0000 -749417.0000 -59992.6600
-465.0000 -694851.0000 -16016.4700
-465.0000 -578313.0000 -4135.9200
-465.0000 -495967.0000 -27253.8700
-465.0000 -895581.0000 -13615.6000
-465.0000 -804881.0000 -38322.5800
-465.0000 -893423.0000 -34564.1900
-465.0000 -540515.0000 -58219.7900
-465.0000 -446611.0000 -15469.0500
-465.0000 -1104347.0000 -59092.4900
-465.0000 -455489.0000 -28766.1000
-465.0000 -1074813.0000 -32107.2700
-465.0000 -1451547.0000 -218546.3800
-465.0000 -1907621.0000 -136199.5800
-465.0000 -890159.0000 -83555.6700
-465.0000 -1687409.0000 -152832.5800
-465.0000 -807499.0000 -102216.2400
-465.0000 -1618621.0000 -166375.4500
-465.0000 -764129.0000 -49442.8500
-465.0000 -1040815.0000 -46065.1300
-465.0000 -474031.0000 -30887.6500
-465.0000 -730243.0000 -59620.3300
-465.0000 -1841287.0000 -196681.7500
-465.0000 -427199.0000 -36941.6900
-465.0000 -289689.0000 -9707.8200
-465.0000 -269713.0000 -23602.8200
-465.0000 -1074623.0000 -49098.8000
-465.0000 -1191363.0000 -117337.6600
-465.0000 -672311.0000 -45699.3600
-465.0000 -460903.0000 -19592.8000
-465.0000 -1073645.0000 -92747.1400
-465.0000 -894591.0000 -127006.3600
-465.0000 -792211.0000 -48402.2500
-465.0000 -1064141.0000 -87096.8900
-465.0000 -1450483.0000 -48950.9100
-465.0000 -1575885.0000 -144501.3400
-465.0000 -1225063.0000 -73865.8700
-465.0000 -292259.0000 -9253.5400
-465.0000 -494705.0000 -28146.3900
-465.0000 -283665.0000 -6099.2900
-465.0000 -757827.0000 -41186.2300
-465.0000 -1149275.0000 -105566.3100
-465.0000 -732533.0000 -39345.8600
-465.0000 -743221.0000 -64358.7500
-465.0000 -991097.0000 -23593.9200
-465.0000 -712969.0000 -17556.9900
-465.0000 -602699.0000 -109977.3200
-465.0000 -1057855.0000 -89913.2600
-465.0000 -1063365.0000 -108684.0200
-465.0000 -1303685.0000 -234421.4900
-465.0000 -898631.0000 -31806.6700
-465.0000 -495795.0000 -14691.0100
-465.0000 -606127.0000 -22506.6900
-465.0000 -620467.0000 -27043.8100
-465.0000 -1054773.0000 -30883.5700
-465.0000 -400805.0000 -15016.1300
-465.0000 -2386131.0000 -289875.4400
-465.0000 -1135525.0000 -101143.9400
-465.0000 -893461.0000 -25912.2700
-465.0000 -449313.0000 -26117.1000
-465.0000 -1256193.0000 -133655.8000
-465.0000 -1065453.0000 -180669.8800
-465.0000 -485459.0000 -91486.1000
-465.0000 -177149.0000 -21864.0400
-465.0000 -1157017.0000 -38453.1400
-465.0000 -609761.0000 -14798.5500
-465.0000 -1116123.0000 -131138.3900
-465.0000 -1050733.0000 -36774.3000
-465.0000 -930003.0000 -42168.1500
-465.0000 -1128589.0000 -160051.0000
-465.0000 -1230563.0000 -37631.5200
-465.0000 -1701673.0000 -232822.5900
-465.0000 -721009.0000 -52676.8200
-465.0000 -894955.0000 -61711.2400
-465.0000 -1293425.0000 -28203.1200
-465.0000 -1102897.0000 -42301.4900
-465.0000 -1372759.0000 -105515.0100
-465.0000 -1275809.0000 -127234.4700
-465.0000 -1191315.0000 -163506.5600
-465.0000 -231401.0000 -21061.7500
-465.0000 -732673.0000 -11582.0800
-465.0000 -960901.0000 -31791.4400
-465.0000 -143339.0000 -4479.8000
-465.0000 -637599.0000 -15617.0100
-465.0000 -1299331.0000 -144431.9900
-465.0000 -340763.0000 -17208.1600
-465.0000 -465.0000 -465.0000
-465.0000 -465.0000 -465.0000
-465.0000 -191061.0000 -1417.9800
-465.0000 -514221.0000 -3722.6000
-465.0000 -465.0000 -465.0000
-465.0000 -465.0000 -465.0000
-465.0000 -465.0000 -465.0000
-465.0000 -465.0000 -465.0000
-465.0000 -465.0000 -465.0000
-465.0000 -465.0000 -465.0000
-465.0000 -465.0000 -465.0000
-465.0000 -356115.0000 -4636.8100
-465.0000 -465.0000 -465.0000
-465.0000 -465.0000 -465.0000
-465.0000 -465.0000 -465.0000
-465.0000 -465.0000 -465.0000
-465.0000 -465.0000 -465.0000
-465.0000 -465.0000 -465.0000
-465.0000 -465.0000 -465.0000
-465.0000 -465.0000 -465.0000
-465.0000 -465.0000 -465.0000
-465.0000 -465.0000 -465.0000
-465.0000 -465.0000 -465.0000
-465.0000 -465.0000 -465.0000
-465.0000 -465.0000 -465.0000
-465.0000 -465.0000 -465.0000
-465.0000 -192901.0000 -5085.0200
-465.0000 -465.0000 -465.0000
-465.0000 -172671.0000 -2175.2000
-465.0000 -465.0000 -465.0000
-465.0000 -465.0000 -465.0000
-465.0000 -465.0000 -465.0000
-465.0000 -465.0000 -465.0000
-465.0000 -465.0000 -465.0000
-465.0000 -465.0000 -465.0000
-465.0000 -465.0000 -465.0000
-465.0000 -465.0000 -465.0000
-465.0000 -22209.0000 -573.7200
-465.0000 -21525.0000 -570.3000
-465.0000 -465.0000 -465.0000
-465.0000 -465.0000 -465.0000
-465.0000 -465.0000 -465.0000
-465.0000 -465.0000 -465.0000
-465.0000 -465.0000 -465.0000
-465.0000 -210141.0000 -1513.3800
-465.0000 -465.0000 -465.0000
-465.0000 -465.0000 -465.0000
-465.0000 -465.0000 -465.0000
-465.0000 -465.0000 -465.0000
-465.0000 -465.0000 -465.0000
-465.0000 -72849.0000 -826.9200
-465.0000 -116921.0000 -1047.2800
-465.0000 -465.0000 -465.0000
-465.0000 -465.0000 -465.0000
-465.0000 -289175.0000 -3082.7100
-465.0000 -465.0000 -465.0000
-465.0000 -465.0000 -465.0000
-465.0000 -465.0000 -465.0000
-465.0000 -465.0000 -465.0000
-465.0000 -178671.0000 -3588.3800
-465.0000 -258399.0000 -2643.7600
-465.0000 -465.0000 -465.0000
-465.0000 -465.0000 -465.0000
-465.0000 -465.0000 -465.0000
-465.0000 -465.0000 -465.0000
-465.0000 -65631.0000 -790.8300
-465.0000 -465.0000 -465.0000
-465.0000 -465.0000 -465.0000
-465.0000 -465.0000 -465.0000
-465.0000 -465.0000 -465.0000
-465.0000 -465.0000 -465.0000
-465.0000 -465.0000 -465.0000
-465.0000 -226563.0000 -1921.3200
-465.0000 -465.0000 -465.0000
-465.0000 -465.0000 -465.0000
-465.0000 -465.0000 -465.0000
-465.0000 -465.0000 -465.0000
-465.0000 -336551.0000 -2145.4300
