-210077.0000 -6597669.0000 -573119.8400
-210077.0000 -2718037.0000 -632977.3100
-210077.0000 -6223243.0000 -873090.0400
-210077.0000 -3236101.0000 -824734.7700
-85737.0000 -4289849.0000 -647368.7100
-85737.0000 -5696579.0000 -712603.6300
-85737.0000 -2742721.0000 -563639.2600
-85737.0000 -4434639.0000 -709507.5200
-85737.0000 -5331987.0000 -726284.6100
-85737.0000 -7026471.0000 -1005557.9800
-85737.0000 -6546821.0000 -914528.2400
-2081.0000 -3338645.0000 -307247.0100
-2081.0000 -3166863.0000 -250080.1200
-2081.0000 -3436225.0000 -578132.5100
-2081.0000 -4789035.0000 -404155.1100
-2081.0000 -2326133.0000 -612159.5000
-2081.0000 -3541769.0000 -437185.7700
-2081.0000 -4874021.0000 -541425.2400
-2081.0000 -2855785.0000 -634131.2800
-2081.0000 -2793669.0000 -594766.2200
-2081.0000 -6424615.0000 -523795.2400
-2081.0000 -2768889.0000 -696504.7300
-2081.0000 -4023107.0000 -281101.8000
-2081.0000 -3920261.0000 -546637.2200
-2081.0000 -1829591.0000 -338931.7500
-2081.0000 -1722881.0000 -283677.1200
-2081.0000 -6133299.0000 -917900.4300
-2081.0000 -2614331.0000 -145154.2400
-2081.0000 -3803881.0000 -1032754.5600
-2081.0000 -5760769.0000 -778852.5000
-2081.0000 -7486799.0000 -1210252.9600
-2081.0000 -5794769.0000 -578440.9900
-2081.0000 -4665635.0000 -495633.4800
-2081.0000 -3306301.0000 -632203.7100
-2081.0000 -6219583.0000 -870643.2700
-2081.0000 -5418477.0000 -1537895.8400
-2081.0000 -3773013.0000 -400137.5100
-2081.0000 -3430499.0000 -615968.9400
-2081.0000 -4172369.0000 -307955.4400
-2081.0000 -3815283.0000 -352458.7500
-2081.0000 -4790653.0000 -701966.5900
-2081.0000 -3813675.0000 -514397.8800
-2081.0000 -3252051.0000 -348704.6000
-2081.0000 -4159647.0000 -288873.9600
-2081.0000 -3801821.0000 -679133.9500
-2081.0000 -3760637.0000 -705864.6100
-2081.0000 -2859887.0000 -320779.0200
-2081.0000 -3541663.0000 -295076.3300
-2081.0000 -1975535.0000 -423782.3100
-2081.0000 -3341443.0000 -342795.7300
-2081.0000 -2297379.0000 -365287.1300
-2081.0000 -2679915.0000 -331764.5700
-2081.0000 -2596849.0000 -526174.8700
-2081.0000 -4291671.0000 -806490.5800
-2081.0000 -3642883.0000 -539281.8300
-2081.0000 -1745325.0000 -252326.7700
-2081.0000 -2925269.0000 -381525.1400
-2081.0000 -4388389.0000 -746306.7200
-2081.0000 -3812103.0000 -589500.6200
-2081.0000 -4026087.0000 -426683.6100
-2081.0000 -3101151.0000 -604011.7500
-2081.0000 -2736149.0000 -505345.2600
-2081.0000 -3965109.0000 -539116.3300
-2081.0000 -4612913.0000 -658303.1500
-2081.0000 -4375925.0000 -876595.5800
-2081.0000 -3464575.0000 -404580.3300
-2081.0000 -4105131.0000 -472000.8200
-2081.0000 -2043955.0000 -394834.4500
-2081.0000 -4367973.0000 -864463.0400
-2081.0000 -2795331.0000 -502465.6000
-2081.0000 -3117989.0000 -615119.6800
-2081.0000 -3451291.0000 -270499.3600
-2081.0000 -3235581.0000 -383519.0900
-2081.0000 -3155137.0000 -317086.7600
-2081.0000 -5339003.0000 -1224410.8300
-2081.0000 -4891059.0000 -1318168.3200
-2081.0000 -7475503.0000 -965992.2100
-2081.0000 -5720013.0000 -1417496.3800
-2081.0000 -3967705.0000 -498375.2900
-2081.0000 -4731485.0000 -704180.3100
-2081.0000 -2794907.0000 -444506.9300
-2081.0000 -2335143.0000 -387104.2400
-2081.0000 -2218131.0000 -652990.8400
-2081.0000 -2360479.0000 -311120.1400
-2081.0000 -3634753.0000 -396680.0900
-2081.0000 -4709041.0000 -454177.6100
-2081.0000 -1951853.0000 -384467.0500
-2081.0000 -3981047.0000 -441214.0600
-2081.0000 -1853715.0000 -296442.0400
-2081.0000 -2368509.0000 -311560.8700
-2081.0000 -1563459.0000 -237127.1600
-2081.0000 -2919245.0000 -378233.5000
-2081.0000 -2515983.0000 -566150.6000
-2081.0000 -1869515.0000 -366910.4800
-2081.0000 -2621383.0000 -588982.8900
-2081.0000 -2734549.0000 -272652.1700
-2081.0000 -3946231.0000 -379388.8500
-2081.0000 -2695831.0000 -333117.6400
-2081.0000 -1661533.0000 -174172.9200
-2081.0000 -3089983.0000 -513629.3700
-2081.0000 -3229275.0000 -572379.2600
-2081.0000 -1858883.0000 -363257.8200
-2081.0000 -2849589.0000 -401553.8700
-2081.0000 -2991177.0000 -401523.2900
-2081.0000 -1538331.0000 -213780.5200
-2081.0000 -6270625.0000 -695780.5300
-2081.0000 -5387883.0000 -543281.8900
-2081.0000 -5199769.0000 -422312.4000
-2081.0000 -3109415.0000 -617794.5900
-2081.0000 -2722839.0000 -708494.5200
-2081.0000 -2403633.0000 -351780.9700
-2081.0000 -1934881.0000 -285529.9800
-2081.0000 -1722209.0000 -237519.9000
-2081.0000 -5072777.0000 -533362.3700
-2081.0000 -2359275.0000 -443091.2900
-2081.0000 -2122399.0000 -263389.2300
-2081.0000 -5036663.0000 -556954.7300
-2081.0000 -3264101.0000 -483680.1900
-2081.0000 -1869125.0000 -251354.8300
-2081.0000 -2068999.0000 -587572.4700
-2081.0000 -2570553.0000 -670358.7000
-2081.0000 -1155843.0000 -126789.5500
-2081.0000 -1873317.0000 -217327.1400
-2081.0000 -887051.0000 -192749.8900
-2081.0000 -1604091.0000 -208480.8900
-2081.0000 -1254277.0000 -345259.1600
-2081.0000 -833843.0000 -118405.6600
-2081.0000 -2189433.0000 -268325.7300
-2081.0000 -1517511.0000 -288776.7700
-2081.0000 -1912751.0000 -232663.8300
-2081.0000 -785553.0000 -96767.8100
-2081.0000 -2454309.0000 -288246.0400
-2081.0000 -925077.0000 -245796.6900
-2081.0000 -1552469.0000 -250124.3100
-2081.0000 -918667.0000 -140472.1900
-2081.0000 -2533213.0000 -208649.3700
-2081.0000 -1863967.0000 -195909.0700
-2081.0000 -993551.0000 -60439.7200
-2081.0000 -1075393.0000 -165132.5700
-2081.0000 -1334237.0000 -274811.6800
-2081.0000 -1953189.0000 -308300.5200
-2081.0000 -1129725.0000 -199102.3500
-2081.0000 -2942689.0000 -285802.6200
-2081.0000 -1748145.0000 -139311.4400
-2081.0000 -1635699.0000 -213112.2100
-2081.0000 -1943239.0000 -174970.6400
-2081.0000 -1896085.0000 -383486.7400
-2081.0000 -1571481.0000 -155764.7300
-2081.0000 -3104133.0000 -175797.9700
-2081.0000 -884659.0000 -97921.3900
-2081.0000 -1548313.0000 -106563.1300
-2081.0000 -2529613.0000 -408892.7200
-2081.0000 -2126649.0000 -113921.7500
-2081.0000 -1169439.0000 -103241.7100
-2081.0000 -2024075.0000 -170112.6500
-1575.0000 -1707431.0000 -291545.7800
-1575.0000 -1261303.0000 -183388.5000
-1575.0000 -737625.0000 -79443.0000
-1575.0000 -2347269.0000 -338758.7900
-1575.0000 -2355455.0000 -155327.5900
-1575.0000 -2266841.0000 -234147.7000
-1575.0000 -336075.0000 -50060.8300
-1575.0000 -462497.0000 -46166.8600
-1575.0000 -285429.0000 -22947.7300
-1575.0000 -521579.0000 -45708.1400
-1575.0000 -807691.0000 -111562.8500
-1575.0000 -1040281.0000 -77813.5900
-1575.0000 -1034699.0000 -83634.3600
-1575.0000 -871603.0000 -163037.8800
-1575.0000 -685343.0000 -38440.4000
-1575.0000 -549533.0000 -17847.0600
-1575.0000 -1977947.0000 -162603.1000
-1575.0000 -648035.0000 -64207.8000
-1575.0000 -185133.0000 -12354.2900
-1575.0000 -1154255.0000 -18297.5200
-1575.0000 -306745.0000 -8439.1800
-1575.0000 -1476959.0000 -84260.3500
-1575.0000 -488129.0000 -28678.7300
-1575.0000 -1316403.0000 -69745.2800
-1575.0000 -808553.0000 -35889.4600
-1575.0000 -814429.0000 -58947.7100
-1575.0000 -652171.0000 -33663.5000
-1575.0000 -711991.0000 -68022.9500
-1575.0000 -579849.0000 -22877.9400
-1575.0000 -327439.0000 -20722.2000
-1575.0000 -313527.0000 -59465.7000
-1575.0000 -798455.0000 -81473.7100
-1575.0000 -543753.0000 -26933.4500
-517.0000 -914703.0000 -37439.3800
-517.0000 -1001111.0000 -43383.7800
-517.0000 -634329.0000 -120165.3800
-517.0000 -206019.0000 -4011.9100
-517.0000 -686685.0000 -26545.4700
-517.0000 -948417.0000 -54429.7100
-517.0000 -836783.0000 -58847.8500
-517.0000 -423701.0000 -14480.2100
-517.0000 -1056151.0000 -72714.7000
-517.0000 -612209.0000 -54905.6000
-517.0000 -645929.0000 -30398.9200
-517.0000 -1234201.0000 -134233.8800
-517.0000 -1386555.0000 -35482.2800
-517.0000 -865879.0000 -70406.8500
-517.0000 -1482689.0000 -176895.2600
-517.0000 -585053.0000 -58653.4500
-517.0000 -1222103.0000 -29329.5300
-517.0000 -1193005.0000 -110999.9800
-517.0000 -1061171.0000 -49496.4400
-517.0000 -1072901.0000 -96009.1100
-517.0000 -1142631.0000 -139715.6000
-517.0000 -1237695.0000 -153420.0200
-517.0000 -958835.0000 -220406.7700
-517.0000 -174113.0000 -7333.9400
-517.0000 -953627.0000 -80269.7900
-517.0000 -441525.0000 -44028.7200
-517.0000 -1413801.0000 -42339.3100
-517.0000 -446949.0000 -4126.7600
-517.0000 -540781.0000 -17000.3500
-517.0000 -861759.0000 -44164.4800
-517.0000 -501207.0000 -36176.8000
-517.0000 -302173.0000 -30221.4100
-517.0000 -591693.0000 -23664.7000
-517.0000 -631823.0000 -107015.6300
-517.0000 -1206913.0000 -153851.9100
-517.0000 -1348723.0000 -82647.8700
-517.0000 -401787.0000 -38238.8400
-517.0000 -1681571.0000 -59632.7000
-517.0000 -672363.0000 -55648.5200
-517.0000 -1459293.0000 -69152.2600
-517.0000 -289509.0000 -25383.2600
-517.0000 -421871.0000 -31449.1200
-517.0000 -989455.0000 -106276.6400
-517.0000 -1335623.0000 -135187.4800
-517.0000 -1049953.0000 -214897.7100
-517.0000 -435953.0000 -18745.8100
-517.0000 -656345.0000 -33702.6900
-517.0000 -730081.0000 -34027.8800
-517.0000 -378225.0000 -21236.6200
-517.0000 -1074973.0000 -82437.2800
-517.0000 -679799.0000 -33054.8300
-517.0000 -1368381.0000 -65893.3000
-517.0000 -672363.0000 -18146.5500
-517.0000 -956347.0000 -47209.2500
-517.0000 -1017599.0000 -34151.4500
-517.0000 -1169637.0000 -27928.6100
-517.0000 -936537.0000 -46120.5800
-517.0000 -1556811.0000 -199356.6200
-517.0000 -698975.0000 -35960.8700
-517.0000 -967183.0000 -11087.7600
-517.0000 -3344453.0000 -116608.4500
-517.0000 -813559.0000 -87326.4300
-517.0000 -500683.0000 -34565.1200
-517.0000 -518921.0000 -12222.9900
-517.0000 -1071549.0000 -85789.2600
-517.0000 -639249.0000 -15115.8900
-517.0000 -434327.0000 -9699.1800
-517.0000 -520005.0000 -19299.5700
-517.0000 -1162241.0000 -150648.2700
-517.0000 -960339.0000 -18040.8800
-517.0000 -464613.0000 -33371.7700
-517.0000 -1612067.0000 -67729.2800
-517.0000 -1260341.0000 -120705.3700
-517.0000 -895369.0000 -56719.6900
-517.0000 -1266527.0000 -147229.7800
-517.0000 -1619061.0000 -304726.5100
-517.0000 -1149605.0000 -281423.7500
-517.0000 -907777.0000 -227631.5500
-517.0000 -1433569.0000 -166716.8500
-517.0000 -698505.0000 -47435.1000
-517.0000 -774791.0000 -34768.1800
-517.0000 -1299027.0000 -146993.7800
-517.0000 -467775.0000 -64281.3800
-517.0000 -786183.0000 -14359.0400
-517.0000 -703841.0000 -45471.5500
-517.0000 -560893.0000 -96908.1200
-517.0000 -381119.0000 -19644.0500
-517.0000 -581115.0000 -30779.6700
-517.0000 -756701.0000 -49825.6300
-517.0000 -1161265.0000 -113087.5000
-517.0000 -1502125.0000 -126600.1400
-517.0000 -633069.0000 -56737.6000
-517.0000 -457839.0000 -47900.3900
-517.0000 -593771.0000 -53487.6000
-517.0000 -593771.0000 -15671.2100
-517.0000 -320185.0000 -3694.5600
-517.0000 -489273.0000 -5948.8900
-517.0000 -1240233.0000 -99779.1700
-517.0000 -1049071.0000 -180166.5100
-517.0000 -774479.0000 -167372.6900
-517.0000 -386307.0000 -40207.1100
-517.0000 -1319371.0000 -94019.0000
-517.0000 -758497.0000 -145418.2000
-517.0000 -1145927.0000 -84679.0600
-517.0000 -1887625.0000 -161197.0100
-517.0000 -1250843.0000 -139353.1500
-517.0000 -951483.0000 -113807.2900
-517.0000 -1041865.0000 -59580.8600
-517.0000 -979985.0000 -39238.3200
-517.0000 -1084095.0000 -19081.5800
-517.0000 -666829.0000 -73116.1800
-517.0000 -1185219.0000 -70161.2200
-517.0000 -831231.0000 -87040.2100
-517.0000 -1052909.0000 -89399.7100
-517.0000 -838677.0000 -84638.7400
-517.0000 -278127.0000 -20316.1500
-517.0000 -535877.0000 -16638.1300
-517.0000 -981501.0000 -58949.1600
-517.0000 -1606107.0000 -151576.4300
-517.0000 -591019.0000 -16137.2300
-517.0000 -1169225.0000 -97612.4000
-517.0000 -899709.0000 -41704.3400
-517.0000 -354573.0000 -11468.6900
-517.0000 -1394275.0000 -150887.5000
-517.0000 -1228579.0000 -137451.0600
-517.0000 -415423.0000 -15982.6600
-517.0000 -927325.0000 -99785.5900
-517.0000 -832313.0000 -24469.5100
-517.0000 -788153.0000 -62147.4800
-517.0000 -380555.0000 -19769.9300
-517.0000 -458219.0000 -9394.4900
-517.0000 -694531.0000 -43805.4300
-517.0000 -147483.0000 -5303.2400
-517.0000 -517.0000 -517.0000
-517.0000 -111613.0000 -1072.4800
-517.0000 -401787.0000 -3522.0700
-517.0000 -517.0000 -517.0000
-517.0000 -517.0000 -517.0000
-517.0000 -517.0000 -517.0000
-517.0000 -77273.0000 -900.7800
-517.0000 -517.0000 -517.0000
-517.0000 -517.0000 -517.0000
-517.0000 -517.0000 -517.0000
-517.0000 -155707.0000 -1292.9500
-517.0000 -517.0000 -517.0000
-517.0000 -517.0000 -517.0000
-517.0000 -517.0000 -517.0000
-517.0000 -517.0000 -517.0000
-517.0000 -517.0000 -517.0000
-517.0000 -517.0000 -517.0000
-517.0000 -517.0000 -517.0000
-517.0000 -64649.0000 -837.6600
-517.0000 -517.0000 -517.0000
-517.0000 -238275.0000 -2618.7300
-517.0000 -517.0000 -517.0000
-517.0000 -913127.0000 -6626.0300
-517.0000 -517.0000 -517.0000
-517.0000 -517.0000 -517.0000
-517.0000 -517.0000 -517.0000
-517.0000 -517.0000 -517.0000
-517.0000 -517.0000 -517.0000
-517.0000 -517.0000 -517.0000
-517.0000 -517.0000 -517.0000
-517.0000 -517.0000 -517.0000
-517.0000 -517.0000 -517.0000
-517.0000 -405773.0000 -2866.2800
-517.0000 -116899.0000 -1098.9100
-517.0000 -672363.0000 -11895.6200
-517.0000 -517.0000 -517.0000
-517.0000 -517.0000 -517.0000
-517.0000 -210963.0000 -1569.2300
-517.0000 -517.0000 -517.0000
-517.0000 -739143.0000 -6595.9300
-517.0000 -672363.0000 -42995.9600
-517.0000 -101983.0000 -1024.3300
-517.0000 -517.0000 -517.0000
-517.0000 -517.0000 -517.0000
-517.0000 -517.0000 -517.0000
-517.0000 -517.0000 -517.0000
-517.0000 -517.0000 -517.0000
-517.0000 -517.0000 -517.0000
-517.0000 -382873.0000 -2428.7800
-517.0000 -517.0000 -517.0000
-517.0000 -104467.0000 -2076.2500
-517.0000 -517.0000 -517.0000
-517.0000 -86435.0000 -946.5900
-517.0000 -37547.0000 -702.1500
-517.0000 -517.0000 -517.0000
-517.0000 -119711.0000 -1112.9700
-517.0000 -517.0000 -517.0000
-517.0000 -517.0000 -517.0000
-517.0000 -517.0000 -517.0000
-517.0000 -517.0000 -517.0000
-517.0000 -517.0000 -517.0000
-517.0000 -517.0000 -517.0000
-517.0000 -75561.0000 -892.2200
-517.0000 -517.0000 -517.0000
-517.0000 -517.0000 -517.0000
-517.0000 -517.0000 -517.0000
-517.0000 -517.0000 -517.0000
-517.0000 -927325.0000 -10923.9800
-517.0000 -97107.0000 -1482.9000
-517.0000 -517.0000 -517.0000
-517.0000 -73427.0000 -881.5500
-517.0000 -517.0000 -517.0000
-517.0000 -517.0000 -517.0000
-517.0000 -517.0000 -517.0000
-517.0000 -517.0000 -517.0000
-517.0000 -517.0000 -517.0000
-517.0000 -319593.0000 -2112.3800
-517.0000 -855621.0000 -4792.5200
-517.0000 -517.0000 -517.0000
