1.312362100000000000e+07 1.267467700000000000e+07 1.301351852500000037e+07
1.313508400000000000e+07 1.272151800000000000e+07 1.305642375999999978e+07
1.315213600000000000e+07 1.283958900000000000e+07 1.311118125999999978e+07
1.315213600000000000e+07 1.259158600000000000e+07 1.299184215499999933e+07
1.315213600000000000e+07 1.254946500000000000e+07 1.300642448000000045e+07
1.315213600000000000e+07 1.266374700000000000e+07 1.300562223000000045e+07
1.315213600000000000e+07 1.251974900000000000e+07 1.306343142500000075e+07
1.318452200000000000e+07 1.269040900000000000e+07 1.310322976500000060e+07
1.318452200000000000e+07 1.268791800000000000e+07 1.303884793999999948e+07
1.319859400000000000e+07 1.272952500000000000e+07 1.314689555499999970e+07
1.319859400000000000e+07 1.268270300000000000e+07 1.311825394999999925e+07
1.319859400000000000e+07 1.288251000000000000e+07 1.308332649000000022e+07
1.319859400000000000e+07 1.251626300000000000e+07 1.315395710999999940e+07
1.327788300000000000e+07 1.299541600000000000e+07 1.322352652999999933e+07
1.340817200000000000e+07 1.275912200000000000e+07 1.325858065499999933e+07
1.340817200000000000e+07 1.249663600000000000e+07 1.328020615499999933e+07
1.340817200000000000e+07 1.266856600000000000e+07 1.326301431499999948e+07
1.340817200000000000e+07 1.295045900000000000e+07 1.330731863499999978e+07
1.340817200000000000e+07 1.267455800000000000e+07 1.328146833500000089e+07
1.340817200000000000e+07 1.281286500000000000e+07 1.329924119500000030e+07
1.340817200000000000e+07 1.264348200000000000e+07 1.335226411500000022e+07
1.340817200000000000e+07 1.287129900000000000e+07 1.338668606499999948e+07
1.347783800000000000e+07 1.294191500000000000e+07 1.345693616999999993e+07
1.347783800000000000e+07 1.300764600000000000e+07 1.342863008500000089e+07
1.347783800000000000e+07 1.323632700000000000e+07 1.345246313499999978e+07
1.347783800000000000e+07 1.326838300000000000e+07 1.343882614499999955e+07
1.347783800000000000e+07 1.325631300000000000e+07 1.345340971000000089e+07
1.347783800000000000e+07 1.303891100000000000e+07 1.338423501500000060e+07
1.347783800000000000e+07 1.308046400000000000e+07 1.339912033999999985e+07
1.347783800000000000e+07 1.292398700000000000e+07 1.340813942500000075e+07
1.347783800000000000e+07 1.304714700000000000e+07 1.339962222000000067e+07
1.347783800000000000e+07 1.301733800000000000e+07 1.338724250500000082e+07
1.347783800000000000e+07 1.300184600000000000e+07 1.338247240000000037e+07
1.347783800000000000e+07 1.316730400000000000e+07 1.338938552999999933e+07
1.347783800000000000e+07 1.300002300000000000e+07 1.337602941000000015e+07
1.347783800000000000e+07 1.310857700000000000e+07 1.344104726500000060e+07
1.347783800000000000e+07 1.315097800000000000e+07 1.338043852999999933e+07
1.347783800000000000e+07 1.300999900000000000e+07 1.336179925500000082e+07
1.347783800000000000e+07 1.296895200000000000e+07 1.334715481499999948e+07
1.347783800000000000e+07 1.298825100000000000e+07 1.342203755499999970e+07
1.347783800000000000e+07 1.310534000000000000e+07 1.340586424499999918e+07
1.347783800000000000e+07 1.326321900000000000e+07 1.345242228500000015e+07
1.347783800000000000e+07 1.337566200000000000e+07 1.347488104499999993e+07
1.347783800000000000e+07 1.309484600000000000e+07 1.347038621499999985e+07
1.347783800000000000e+07 1.337484200000000000e+07 1.347517740000000037e+07
1.347783800000000000e+07 1.331074600000000000e+07 1.347290782000000030e+07
1.347783800000000000e+07 1.325147000000000000e+07 1.347670616000000015e+07
1.347783800000000000e+07 1.307865700000000000e+07 1.347260611500000022e+07
1.347783800000000000e+07 1.335015500000000000e+07 1.347579778999999911e+07
1.347783800000000000e+07 1.325453500000000000e+07 1.346956403999999911e+07
1.347783800000000000e+07 1.338041200000000000e+07 1.347626551500000060e+07
1.347783800000000000e+07 1.325453500000000000e+07 1.347602482499999925e+07
1.347783800000000000e+07 1.301302400000000000e+07 1.346854791499999911e+07
1.347783800000000000e+07 1.338041200000000000e+07 1.347733119500000030e+07
1.347783800000000000e+07 1.315404400000000000e+07 1.346022384500000067e+07
1.347783800000000000e+07 1.318486900000000000e+07 1.346931341999999993e+07
1.350587800000000000e+07 1.286820200000000000e+07 1.345129864499999955e+07
1.350587800000000000e+07 1.325993200000000000e+07 1.349507881000000052e+07
1.350587800000000000e+07 1.327951000000000000e+07 1.350244716499999911e+07
1.350587800000000000e+07 1.340845200000000000e+07 1.350107601999999955e+07
1.350587800000000000e+07 1.320122100000000000e+07 1.350156650000000000e+07
1.350587800000000000e+07 1.333009800000000000e+07 1.349165105000000075e+07
1.350587800000000000e+07 1.347418300000000000e+07 1.350540257499999925e+07
1.350587800000000000e+07 1.331753100000000000e+07 1.349413116000000015e+07
1.350587800000000000e+07 1.314602100000000000e+07 1.349956712500000000e+07
1.350587800000000000e+07 1.329951100000000000e+07 1.349014046499999985e+07
1.350587800000000000e+07 1.323091500000000000e+07 1.347097335500000045e+07
1.350587800000000000e+07 1.326430000000000000e+07 1.347311463000000082e+07
1.350587800000000000e+07 1.285896900000000000e+07 1.348526055499999970e+07
1.350587800000000000e+07 1.328048900000000000e+07 1.349686008500000089e+07
1.350587800000000000e+07 1.292863500000000000e+07 1.337574592500000075e+07
1.350587800000000000e+07 1.340845200000000000e+07 1.349885316000000015e+07
1.350587800000000000e+07 1.338240700000000000e+07 1.350386732499999925e+07
1.350587800000000000e+07 1.322970600000000000e+07 1.350303575000000000e+07
1.350587800000000000e+07 1.318485600000000000e+07 1.349939444999999925e+07
1.350587800000000000e+07 1.325499500000000000e+07 1.350206457499999925e+07
1.350587800000000000e+07 1.313661700000000000e+07 1.349153193500000052e+07
1.350587800000000000e+07 1.314870500000000000e+07 1.346080973499999940e+07
1.350587800000000000e+07 1.335015500000000000e+07 1.349537361999999918e+07
1.350587800000000000e+07 1.341522500000000000e+07 1.350279573000000045e+07
1.350587800000000000e+07 1.292863500000000000e+07 1.348533000500000082e+07
1.350587800000000000e+07 1.298072200000000000e+07 1.342134794999999925e+07
1.350587800000000000e+07 1.329307300000000000e+07 1.349797948499999940e+07
1.350587800000000000e+07 1.317910900000000000e+07 1.349488057499999925e+07
1.350587800000000000e+07 1.319105700000000000e+07 1.349038237500000000e+07
1.350587800000000000e+07 1.327951000000000000e+07 1.349666650000000000e+07
1.350587800000000000e+07 1.325272900000000000e+07 1.350457290499999933e+07
1.350587800000000000e+07 1.333148300000000000e+07 1.349803072499999963e+07
1.350587800000000000e+07 1.325013000000000000e+07 1.348273607499999925e+07
1.350587800000000000e+07 1.316300600000000000e+07 1.346638797499999963e+07
1.350587800000000000e+07 1.330233100000000000e+07 1.349124190000000037e+07
1.350587800000000000e+07 1.304649300000000000e+07 1.344902910999999940e+07
1.350587800000000000e+07 1.323976900000000000e+07 1.349660659500000067e+07
1.350587800000000000e+07 1.350587800000000000e+07 1.350587800000000000e+07
1.350587800000000000e+07 1.319470100000000000e+07 1.347966932499999925e+07
1.350587800000000000e+07 1.305333100000000000e+07 1.340710300000000000e+07
1.350587800000000000e+07 1.303515600000000000e+07 1.348436995500000007e+07
1.350587800000000000e+07 1.312279400000000000e+07 1.348921313000000082e+07
1.350587800000000000e+07 1.321175200000000000e+07 1.349896146000000089e+07
1.350587800000000000e+07 1.315565900000000000e+07 1.346957073499999940e+07
