1.321596900000000000e+07 1.270057000000000000e+07 1.308492633000000007e+07
1.321596900000000000e+07 1.265540000000000000e+07 1.307902590000000037e+07
1.321596900000000000e+07 1.256958900000000000e+07 1.299869900000000000e+07
1.341339000000000000e+07 1.263193500000000000e+07 1.318812714000000060e+07
1.341339000000000000e+07 1.259366800000000000e+07 1.316759635500000045e+07
1.341339000000000000e+07 1.272723700000000000e+07 1.314890224499999918e+07
1.341339000000000000e+07 1.286398300000000000e+07 1.319769073000000045e+07
1.341339000000000000e+07 1.270093700000000000e+07 1.322640971499999985e+07
1.341339000000000000e+07 1.245462100000000000e+07 1.321061303999999911e+07
1.341339000000000000e+07 1.269079400000000000e+07 1.318964721000000089e+07
1.341339000000000000e+07 1.235050700000000000e+07 1.317673589499999955e+07
1.341339000000000000e+07 1.293529100000000000e+07 1.326964134500000067e+07
1.341339000000000000e+07 1.282491400000000000e+07 1.327309931000000052e+07
1.341339000000000000e+07 1.264565900000000000e+07 1.320693281000000052e+07
1.341339000000000000e+07 1.284838800000000000e+07 1.326561026999999955e+07
1.341339000000000000e+07 1.267778800000000000e+07 1.322095864000000060e+07
1.341339000000000000e+07 1.266780000000000000e+07 1.323988050500000082e+07
1.341339000000000000e+07 1.285177000000000000e+07 1.332292574499999918e+07
1.341339000000000000e+07 1.302282200000000000e+07 1.329076327500000037e+07
1.341339000000000000e+07 1.272579800000000000e+07 1.325176796000000089e+07
1.341339000000000000e+07 1.272949700000000000e+07 1.320199872499999963e+07
1.341339000000000000e+07 1.319276900000000000e+07 1.333281426500000060e+07
1.341339000000000000e+07 1.307641300000000000e+07 1.338771561999999918e+07
1.341339000000000000e+07 1.286485500000000000e+07 1.338137357499999925e+07
1.341339000000000000e+07 1.295273800000000000e+07 1.332175850500000082e+07
1.344367100000000000e+07 1.283687800000000000e+07 1.341307039000000060e+07
1.344367100000000000e+07 1.321328600000000000e+07 1.340649209500000067e+07
1.344367100000000000e+07 1.322342800000000000e+07 1.342289391000000015e+07
1.344367100000000000e+07 1.299086000000000000e+07 1.329457116999999993e+07
1.344367100000000000e+07 1.290589600000000000e+07 1.333785323000000045e+07
1.344367100000000000e+07 1.305582600000000000e+07 1.339514764000000060e+07
1.350969400000000000e+07 1.300178700000000000e+07 1.342912041499999911e+07
1.350969400000000000e+07 1.309591700000000000e+07 1.343703660999999940e+07
1.350969400000000000e+07 1.291003500000000000e+07 1.340563474499999918e+07
1.350969400000000000e+07 1.315690600000000000e+07 1.346899650999999978e+07
1.350969400000000000e+07 1.314790700000000000e+07 1.342950965000000037e+07
1.350969400000000000e+07 1.296199800000000000e+07 1.342227602500000037e+07
1.350969400000000000e+07 1.308552100000000000e+07 1.343537742500000075e+07
1.350969400000000000e+07 1.313291800000000000e+07 1.342524943500000052e+07
1.350969400000000000e+07 1.317061200000000000e+07 1.342539534999999963e+07
1.350969400000000000e+07 1.298369300000000000e+07 1.340170968500000052e+07
1.350969400000000000e+07 1.330682000000000000e+07 1.349371050999999978e+07
1.350969400000000000e+07 1.318797500000000000e+07 1.347002076500000060e+07
1.350969400000000000e+07 1.299196000000000000e+07 1.347351658999999985e+07
1.350969400000000000e+07 1.341226800000000000e+07 1.350467766499999911e+07
1.350969400000000000e+07 1.315252100000000000e+07 1.350106935500000045e+07
1.350969400000000000e+07 1.326818300000000000e+07 1.350808364000000060e+07
1.350969400000000000e+07 1.314043300000000000e+07 1.349565838000000082e+07
1.350969400000000000e+07 1.321823400000000000e+07 1.348333314000000060e+07
1.351502800000000000e+07 1.324108900000000000e+07 1.350671148499999940e+07
1.351502800000000000e+07 1.296051200000000000e+07 1.349855461500000022e+07
1.351502800000000000e+07 1.337129100000000000e+07 1.351185164000000060e+07
1.351502800000000000e+07 1.344929700000000000e+07 1.351437068999999948e+07
1.351502800000000000e+07 1.341760200000000000e+07 1.351142450000000000e+07
1.351502800000000000e+07 1.328785500000000000e+07 1.348979116000000015e+07
1.351502800000000000e+07 1.319123400000000000e+07 1.351340902999999933e+07
1.351502800000000000e+07 1.328751500000000000e+07 1.350592785999999940e+07
1.351502800000000000e+07 1.315785500000000000e+07 1.350461666999999993e+07
1.351502800000000000e+07 1.302285500000000000e+07 1.347474894999999925e+07
1.351896300000000000e+07 1.328751500000000000e+07 1.350195508500000089e+07
1.351896300000000000e+07 1.311496800000000000e+07 1.350361243999999948e+07
1.351896300000000000e+07 1.315962600000000000e+07 1.350306853500000015e+07
1.351896300000000000e+07 1.342153700000000000e+07 1.351796906499999948e+07
1.351896300000000000e+07 1.312373000000000000e+07 1.350076125999999978e+07
1.351896300000000000e+07 1.329145000000000000e+07 1.351356783000000007e+07
1.351896300000000000e+07 1.315910600000000000e+07 1.350138232000000030e+07
1.351896300000000000e+07 1.344929700000000000e+07 1.351768367500000075e+07
1.351896300000000000e+07 1.342153700000000000e+07 1.351589344999999925e+07
1.351896300000000000e+07 1.319402400000000000e+07 1.349739187500000000e+07
1.351896300000000000e+07 1.341887100000000000e+07 1.351748827999999933e+07
1.351896300000000000e+07 1.327745200000000000e+07 1.350952342500000075e+07
1.351896300000000000e+07 1.315785500000000000e+07 1.350038946499999985e+07
1.351896300000000000e+07 1.342153700000000000e+07 1.351193099000000022e+07
1.351896300000000000e+07 1.313690300000000000e+07 1.348879316999999993e+07
1.351896300000000000e+07 1.338326200000000000e+07 1.351716080499999970e+07
1.351896300000000000e+07 1.311944600000000000e+07 1.346287064000000060e+07
1.351896300000000000e+07 1.320443000000000000e+07 1.351592894500000030e+07
1.351896300000000000e+07 1.332547300000000000e+07 1.351241519999999925e+07
1.351896300000000000e+07 1.322292900000000000e+07 1.351625968999999948e+07
1.351896300000000000e+07 1.308944000000000000e+07 1.351478411999999918e+07
1.351896300000000000e+07 1.305987200000000000e+07 1.350900075000000000e+07
1.351896300000000000e+07 1.329168200000000000e+07 1.351161857000000030e+07
1.351896300000000000e+07 1.314973800000000000e+07 1.349796193500000052e+07
1.351896300000000000e+07 1.342153700000000000e+07 1.351815891999999993e+07
1.351896300000000000e+07 1.321009900000000000e+07 1.351609608999999985e+07
1.351896300000000000e+07 1.316903000000000000e+07 1.351017190000000037e+07
1.351896300000000000e+07 1.313151300000000000e+07 1.351354240000000037e+07
1.351896300000000000e+07 1.348726800000000000e+07 1.351880452500000037e+07
1.351896300000000000e+07 1.336873600000000000e+07 1.350334223499999940e+07
1.351896300000000000e+07 1.304712700000000000e+07 1.350020471499999985e+07
1.351896300000000000e+07 1.329145000000000000e+07 1.350605651500000060e+07
1.351896300000000000e+07 1.321009900000000000e+07 1.351202446000000089e+07
1.351896300000000000e+07 1.331055100000000000e+07 1.351072799000000022e+07
1.351896300000000000e+07 1.316646600000000000e+07 1.349266940499999933e+07
1.351896300000000000e+07 1.325580700000000000e+07 1.347044551999999955e+07
1.351896300000000000e+07 1.314832400000000000e+07 1.350580910999999940e+07
1.351896300000000000e+07 1.327745200000000000e+07 1.351412394500000030e+07
1.351896300000000000e+07 1.331541600000000000e+07 1.351059897000000067e+07
1.351896300000000000e+07 1.309981800000000000e+07 1.351575515499999933e+07
1.351896300000000000e+07 1.289648200000000000e+07 1.346885572499999963e+07
