1.329814600000000000e+07 1.280406300000000000e+07 1.311959754499999993e+07
1.329814600000000000e+07 1.273963900000000000e+07 1.319300722499999963e+07
1.329814600000000000e+07 1.268038400000000000e+07 1.321900303999999911e+07
1.329814600000000000e+07 1.264639800000000000e+07 1.314131006000000052e+07
1.329814600000000000e+07 1.264841100000000000e+07 1.319122897499999963e+07
1.329814600000000000e+07 1.276618800000000000e+07 1.316452151999999955e+07
1.329814600000000000e+07 1.283474400000000000e+07 1.320006315499999933e+07
1.329814600000000000e+07 1.247170700000000000e+07 1.314388102500000037e+07
1.329814600000000000e+07 1.271696000000000000e+07 1.302698934999999963e+07
1.329814600000000000e+07 1.267874200000000000e+07 1.309696064000000060e+07
1.329814600000000000e+07 1.251602300000000000e+07 1.310763147499999963e+07
1.329814600000000000e+07 1.271534800000000000e+07 1.318630468999999948e+07
1.329814600000000000e+07 1.255307000000000000e+07 1.316750059500000067e+07
1.329814600000000000e+07 1.271101200000000000e+07 1.320614222000000067e+07
1.329814600000000000e+07 1.271326600000000000e+07 1.319276315000000037e+07
1.331781300000000000e+07 1.278459000000000000e+07 1.320510009999999963e+07
1.331781300000000000e+07 1.260096900000000000e+07 1.317876493500000052e+07
1.331781300000000000e+07 1.288349800000000000e+07 1.323356606000000052e+07
1.331781300000000000e+07 1.273985400000000000e+07 1.313544897000000067e+07
1.331781300000000000e+07 1.269142900000000000e+07 1.322451706000000052e+07
1.331781300000000000e+07 1.280761100000000000e+07 1.316689676500000060e+07
1.333564200000000000e+07 1.302953600000000000e+07 1.331208792500000075e+07
1.333564200000000000e+07 1.273852300000000000e+07 1.327528083999999985e+07
1.333564200000000000e+07 1.306875200000000000e+07 1.329590146000000089e+07
1.333564200000000000e+07 1.285723700000000000e+07 1.327048302500000037e+07
1.333564200000000000e+07 1.295386100000000000e+07 1.326371958999999985e+07
1.333564200000000000e+07 1.289941700000000000e+07 1.330896566499999911e+07
1.338568600000000000e+07 1.291009100000000000e+07 1.333294087500000000e+07
1.338568600000000000e+07 1.301067800000000000e+07 1.335117052999999933e+07
1.338568600000000000e+07 1.298690000000000000e+07 1.332160434500000067e+07
1.349667200000000000e+07 1.295233800000000000e+07 1.335647725999999978e+07
1.349667200000000000e+07 1.268279100000000000e+07 1.339013921499999985e+07
1.349667200000000000e+07 1.303374900000000000e+07 1.347964698499999940e+07
1.349667200000000000e+07 1.296970800000000000e+07 1.348336916999999993e+07
1.349667200000000000e+07 1.301535100000000000e+07 1.343387124000000022e+07
1.349667200000000000e+07 1.322012400000000000e+07 1.345802413000000082e+07
1.349667200000000000e+07 1.308849000000000000e+07 1.343973038499999978e+07
1.349667200000000000e+07 1.304663200000000000e+07 1.345300781499999948e+07
1.349667200000000000e+07 1.312741100000000000e+07 1.339410297499999963e+07
1.349667200000000000e+07 1.292186000000000000e+07 1.339606797499999963e+07
1.349667200000000000e+07 1.325272900000000000e+07 1.342987518999999948e+07
1.349667200000000000e+07 1.337327100000000000e+07 1.348736969999999925e+07
1.349667200000000000e+07 1.328032400000000000e+07 1.347440920500000007e+07
1.349667200000000000e+07 1.304530500000000000e+07 1.345881792999999970e+07
1.349667200000000000e+07 1.312741100000000000e+07 1.347790346000000089e+07
1.349667200000000000e+07 1.312349200000000000e+07 1.348018794999999925e+07
1.349667200000000000e+07 1.316416100000000000e+07 1.347804586999999918e+07
1.349667200000000000e+07 1.307461000000000000e+07 1.344453856499999948e+07
1.349667200000000000e+07 1.311794800000000000e+07 1.348363211500000022e+07
1.349667200000000000e+07 1.325980900000000000e+07 1.348958392500000075e+07
1.349667200000000000e+07 1.304626100000000000e+07 1.348861306499999948e+07
1.349667200000000000e+07 1.309749100000000000e+07 1.349283041499999911e+07
1.349667200000000000e+07 1.342700600000000000e+07 1.349597533999999985e+07
1.349667200000000000e+07 1.317928500000000000e+07 1.348982084500000067e+07
1.349667200000000000e+07 1.316375300000000000e+07 1.348999873000000045e+07
1.349667200000000000e+07 1.320457300000000000e+07 1.347773603500000015e+07
1.349667200000000000e+07 1.343094100000000000e+07 1.349550940000000037e+07
1.349667200000000000e+07 1.349667200000000000e+07 1.349667200000000000e+07
1.349667200000000000e+07 1.342700600000000000e+07 1.349562700999999978e+07
1.349667200000000000e+07 1.310576200000000000e+07 1.348634880499999970e+07
1.349667200000000000e+07 1.328685600000000000e+07 1.349562291999999993e+07
1.349667200000000000e+07 1.305647300000000000e+07 1.340570500000000000e+07
1.349667200000000000e+07 1.300919500000000000e+07 1.347934027999999933e+07
1.349667200000000000e+07 1.329261400000000000e+07 1.348829056000000052e+07
1.349667200000000000e+07 1.332296100000000000e+07 1.349580344500000030e+07
1.349667200000000000e+07 1.326915900000000000e+07 1.349409824499999918e+07
1.349667200000000000e+07 1.322574400000000000e+07 1.349075601999999955e+07
1.349667200000000000e+07 1.329312500000000000e+07 1.349565426500000060e+07
1.349674800000000000e+07 1.325168600000000000e+07 1.348878265000000037e+07
1.349674800000000000e+07 1.342708200000000000e+07 1.349402415000000037e+07
1.349674800000000000e+07 1.322861200000000000e+07 1.347856098499999940e+07
1.349674800000000000e+07 1.318557100000000000e+07 1.347420274499999918e+07
1.349674800000000000e+07 1.343101700000000000e+07 1.349609068999999948e+07
1.349674800000000000e+07 1.342054700000000000e+07 1.349636699499999918e+07
1.349674800000000000e+07 1.322255200000000000e+07 1.349130792999999970e+07
1.349674800000000000e+07 1.329699500000000000e+07 1.349517253500000015e+07
1.349674800000000000e+07 1.308436500000000000e+07 1.345887677999999933e+07
1.349674800000000000e+07 1.317721700000000000e+07 1.340776878999999911e+07
1.350587800000000000e+07 1.323856000000000000e+07 1.348943261999999918e+07
1.350587800000000000e+07 1.334357400000000000e+07 1.350211609999999963e+07
1.350587800000000000e+07 1.320394800000000000e+07 1.348446956000000052e+07
1.350587800000000000e+07 1.325713400000000000e+07 1.350097656499999948e+07
1.350587800000000000e+07 1.319701400000000000e+07 1.349950779499999993e+07
1.350587800000000000e+07 1.318485600000000000e+07 1.348898922000000067e+07
1.351896300000000000e+07 1.340845200000000000e+07 1.350879717500000075e+07
1.351896300000000000e+07 1.313661700000000000e+07 1.350650835999999940e+07
1.351896300000000000e+07 1.332453500000000000e+07 1.349859807499999925e+07
1.351896300000000000e+07 1.344929700000000000e+07 1.351800464000000060e+07
1.351896300000000000e+07 1.315962600000000000e+07 1.349470432499999925e+07
1.351896300000000000e+07 1.311002000000000000e+07 1.349807568999999948e+07
1.351896300000000000e+07 1.344929700000000000e+07 1.351813924499999918e+07
1.351896300000000000e+07 1.327745200000000000e+07 1.351046656499999948e+07
1.351896300000000000e+07 1.321355500000000000e+07 1.351625233500000089e+07
1.351896300000000000e+07 1.344929700000000000e+07 1.351611733500000089e+07
1.351896300000000000e+07 1.340775100000000000e+07 1.351721698000000045e+07
1.351896300000000000e+07 1.316761600000000000e+07 1.350571651999999955e+07
1.351896300000000000e+07 1.344929700000000000e+07 1.351861466999999993e+07
1.351896300000000000e+07 1.316307800000000000e+07 1.350249966000000015e+07
1.351896300000000000e+07 1.351502800000000000e+07 1.351894332499999925e+07
1.351896300000000000e+07 1.316723500000000000e+07 1.350964667500000075e+07
