1.321262600000000000e+07 1.245579000000000000e+07 1.303928583500000089e+07
1.321262600000000000e+07 1.265111000000000000e+07 1.307587684999999963e+07
1.324150900000000000e+07 1.255782500000000000e+07 1.311631725500000082e+07
1.324150900000000000e+07 1.267294300000000000e+07 1.311206225500000082e+07
1.324150900000000000e+07 1.277540900000000000e+07 1.307399705000000075e+07
1.324150900000000000e+07 1.258608000000000000e+07 1.301929815499999933e+07
1.324150900000000000e+07 1.248885000000000000e+07 1.294423747000000067e+07
1.324150900000000000e+07 1.264080300000000000e+07 1.306696886500000022e+07
1.324150900000000000e+07 1.250433000000000000e+07 1.311933519999999925e+07
1.324150900000000000e+07 1.232457500000000000e+07 1.299371338499999978e+07
1.343581200000000000e+07 1.271824600000000000e+07 1.324542938000000082e+07
1.343581200000000000e+07 1.303934000000000000e+07 1.328814067500000075e+07
1.343581200000000000e+07 1.252330300000000000e+07 1.322551492500000075e+07
1.343581200000000000e+07 1.268868800000000000e+07 1.325168335500000045e+07
1.343581200000000000e+07 1.276307700000000000e+07 1.329373042500000075e+07
1.343581200000000000e+07 1.241190800000000000e+07 1.322928458000000007e+07
1.343581200000000000e+07 1.272909800000000000e+07 1.319389971499999985e+07
1.343581200000000000e+07 1.271804900000000000e+07 1.332390413499999978e+07
1.343581200000000000e+07 1.284222000000000000e+07 1.326681187500000000e+07
1.343581200000000000e+07 1.273737900000000000e+07 1.328607040000000037e+07
1.343581200000000000e+07 1.278577000000000000e+07 1.327981108000000007e+07
1.343581200000000000e+07 1.304469000000000000e+07 1.332385749000000022e+07
1.343581200000000000e+07 1.297633100000000000e+07 1.334806630499999970e+07
1.343581200000000000e+07 1.288892300000000000e+07 1.338610652500000037e+07
1.343581200000000000e+07 1.302814800000000000e+07 1.336721996499999985e+07
1.343581200000000000e+07 1.293488400000000000e+07 1.332373948499999940e+07
1.343581200000000000e+07 1.319649700000000000e+07 1.340877328999999911e+07
1.345821500000000000e+07 1.312448700000000000e+07 1.341752544999999925e+07
1.345821500000000000e+07 1.285101600000000000e+07 1.336859130000000075e+07
1.345821500000000000e+07 1.295484900000000000e+07 1.335145837500000000e+07
1.345821500000000000e+07 1.307166500000000000e+07 1.338945891499999911e+07
1.345821500000000000e+07 1.307304700000000000e+07 1.334895627999999933e+07
1.345821500000000000e+07 1.302221700000000000e+07 1.334844891499999911e+07
1.345821500000000000e+07 1.307962600000000000e+07 1.341045674499999918e+07
1.345821500000000000e+07 1.299195800000000000e+07 1.336979894999999925e+07
1.345821500000000000e+07 1.310115800000000000e+07 1.337784212500000000e+07
1.345821500000000000e+07 1.288097500000000000e+07 1.336543503500000015e+07
1.345821500000000000e+07 1.307528600000000000e+07 1.336046326500000060e+07
1.345821500000000000e+07 1.303434400000000000e+07 1.338536740499999933e+07
1.345821500000000000e+07 1.285489400000000000e+07 1.328478690000000037e+07
1.345821500000000000e+07 1.305195600000000000e+07 1.336595108500000089e+07
1.345821500000000000e+07 1.307037000000000000e+07 1.343672533999999985e+07
1.345821500000000000e+07 1.315871200000000000e+07 1.342452448499999940e+07
1.345821500000000000e+07 1.325489400000000000e+07 1.343425806499999948e+07
1.345821500000000000e+07 1.307037000000000000e+07 1.342942688000000082e+07
1.345821500000000000e+07 1.309464500000000000e+07 1.343993788499999978e+07
1.345821500000000000e+07 1.308938400000000000e+07 1.342038756499999948e+07
1.345821500000000000e+07 1.330783200000000000e+07 1.344993603999999911e+07
1.346903400000000000e+07 1.308847200000000000e+07 1.345001155000000075e+07
1.346903400000000000e+07 1.325451100000000000e+07 1.346509434999999963e+07
1.346903400000000000e+07 1.330457800000000000e+07 1.345996350999999978e+07
1.346903400000000000e+07 1.308527500000000000e+07 1.346175539499999955e+07
1.346903400000000000e+07 1.337864100000000000e+07 1.346858203500000015e+07
1.346903400000000000e+07 1.307774800000000000e+07 1.344128792999999970e+07
1.346903400000000000e+07 1.311548600000000000e+07 1.346078152500000037e+07
1.346903400000000000e+07 1.336082000000000000e+07 1.346415600000000000e+07
1.346903400000000000e+07 1.323532000000000000e+07 1.346256319999999925e+07
1.346903400000000000e+07 1.316022600000000000e+07 1.345390804499999993e+07
1.346903400000000000e+07 1.320579800000000000e+07 1.346316228500000015e+07
1.346903400000000000e+07 1.309979100000000000e+07 1.345556449000000022e+07
1.346903400000000000e+07 1.329409600000000000e+07 1.345200575500000082e+07
1.346903400000000000e+07 1.316677300000000000e+07 1.346136015000000037e+07
1.346903400000000000e+07 1.310020300000000000e+07 1.345752498499999940e+07
1.346903400000000000e+07 1.340330300000000000e+07 1.346566185999999940e+07
1.346903400000000000e+07 1.319719900000000000e+07 1.345680262500000000e+07
1.346903400000000000e+07 1.340330300000000000e+07 1.346870534500000067e+07
1.346903400000000000e+07 1.315195000000000000e+07 1.345531758999999985e+07
1.346903400000000000e+07 1.282100500000000000e+07 1.336646425500000082e+07
1.346903400000000000e+07 1.309977300000000000e+07 1.344752145500000007e+07
1.346903400000000000e+07 1.324304700000000000e+07 1.346232190499999933e+07
1.346903400000000000e+07 1.342695000000000000e+07 1.346861316000000015e+07
1.346903400000000000e+07 1.311020000000000000e+07 1.344688364499999955e+07
1.346903400000000000e+07 1.316953100000000000e+07 1.345836096000000089e+07
1.346903400000000000e+07 1.326490000000000000e+07 1.346420802999999933e+07
1.346903400000000000e+07 1.307850500000000000e+07 1.346450582499999925e+07
1.346903400000000000e+07 1.318824500000000000e+07 1.344842293500000052e+07
1.346903400000000000e+07 1.303404200000000000e+07 1.342261689000000060e+07
1.346903400000000000e+07 1.325957500000000000e+07 1.346687781000000052e+07
1.346903400000000000e+07 1.336941200000000000e+07 1.346820723499999940e+07
1.346903400000000000e+07 1.317823400000000000e+07 1.344727660999999940e+07
1.346903400000000000e+07 1.307389800000000000e+07 1.346011267999999970e+07
1.346903400000000000e+07 1.340330300000000000e+07 1.346640475999999978e+07
1.346903400000000000e+07 1.325281200000000000e+07 1.346558781000000052e+07
1.346903400000000000e+07 1.311548600000000000e+07 1.346062122000000067e+07
1.346903400000000000e+07 1.306985300000000000e+07 1.346315671000000089e+07
1.351739900000000000e+07 1.346903400000000000e+07 1.349297467500000075e+07
1.354909400000000000e+07 1.346903400000000000e+07 1.352594130000000075e+07
1.354909400000000000e+07 1.320142900000000000e+07 1.354228447499999963e+07
1.354909400000000000e+07 1.325765200000000000e+07 1.354194008000000007e+07
1.354909400000000000e+07 1.297840100000000000e+07 1.351443980499999970e+07
1.354909400000000000e+07 1.304413200000000000e+07 1.352810428500000015e+07
1.354909400000000000e+07 1.297185100000000000e+07 1.350353156000000052e+07
1.354909400000000000e+07 1.345166800000000000e+07 1.354860686999999918e+07
1.354909400000000000e+07 1.312914200000000000e+07 1.352278957499999925e+07
1.354909400000000000e+07 1.316124900000000000e+07 1.353453658500000089e+07
1.354909400000000000e+07 1.319372400000000000e+07 1.353655475000000000e+07
1.354909400000000000e+07 1.323240900000000000e+07 1.353674485999999940e+07
1.354909400000000000e+07 1.312450900000000000e+07 1.353446409999999963e+07
1.354909400000000000e+07 1.339886700000000000e+07 1.354061988499999978e+07
1.354909400000000000e+07 1.334496000000000000e+07 1.354342965000000037e+07
