1.330399500000000000e+07 1.254620400000000000e+07 1.308063940499999933e+07
1.330399500000000000e+07 1.230212500000000000e+07 1.310020724499999918e+07
1.330399500000000000e+07 1.226542800000000000e+07 1.315508746499999985e+07
1.330399500000000000e+07 1.270301300000000000e+07 1.316279776500000060e+07
1.330399500000000000e+07 1.258349800000000000e+07 1.309665527999999933e+07
1.330399500000000000e+07 1.274655600000000000e+07 1.313010762500000000e+07
1.330399500000000000e+07 1.261137500000000000e+07 1.315357901500000060e+07
1.330399500000000000e+07 1.264017700000000000e+07 1.310771192999999970e+07
1.330399500000000000e+07 1.274950600000000000e+07 1.317083233999999985e+07
1.330399500000000000e+07 1.267382500000000000e+07 1.311956569500000030e+07
1.330399500000000000e+07 1.280171800000000000e+07 1.320267699000000022e+07
1.330399500000000000e+07 1.292768900000000000e+07 1.320781353500000015e+07
1.330399500000000000e+07 1.286699200000000000e+07 1.322033611999999918e+07
1.330399500000000000e+07 1.248240800000000000e+07 1.315797869999999925e+07
1.330399500000000000e+07 1.267441900000000000e+07 1.323769085500000045e+07
1.330399500000000000e+07 1.265233300000000000e+07 1.311298335500000045e+07
1.330399500000000000e+07 1.294540100000000000e+07 1.322208834500000067e+07
1.330399500000000000e+07 1.251630600000000000e+07 1.301660539499999955e+07
1.330399500000000000e+07 1.264947900000000000e+07 1.314302207499999925e+07
1.336856800000000000e+07 1.297664400000000000e+07 1.326931600500000082e+07
1.336856800000000000e+07 1.267016400000000000e+07 1.327239199499999918e+07
1.341335400000000000e+07 1.301099200000000000e+07 1.336727956000000052e+07
1.341335400000000000e+07 1.306200700000000000e+07 1.339792591499999911e+07
1.341335400000000000e+07 1.304246900000000000e+07 1.339719669500000030e+07
1.347783800000000000e+07 1.318584100000000000e+07 1.343708832499999925e+07
1.347783800000000000e+07 1.302512800000000000e+07 1.344234560999999940e+07
1.347783800000000000e+07 1.290059500000000000e+07 1.341860325500000082e+07
1.347783800000000000e+07 1.307283300000000000e+07 1.345334481499999948e+07
1.347783800000000000e+07 1.302994700000000000e+07 1.343670494500000030e+07
1.347783800000000000e+07 1.309310900000000000e+07 1.341475067999999970e+07
1.347783800000000000e+07 1.304374800000000000e+07 1.332519905499999970e+07
1.347783800000000000e+07 1.301542700000000000e+07 1.337107393500000052e+07
1.347783800000000000e+07 1.313445800000000000e+07 1.341864067500000075e+07
1.347783800000000000e+07 1.256284700000000000e+07 1.339769858000000007e+07
1.347783800000000000e+07 1.307177400000000000e+07 1.338769571499999985e+07
1.347783800000000000e+07 1.318276000000000000e+07 1.345204824499999918e+07
1.347783800000000000e+07 1.294289700000000000e+07 1.335810792999999970e+07
1.347783800000000000e+07 1.301115100000000000e+07 1.339692484999999963e+07
1.347783800000000000e+07 1.285535700000000000e+07 1.338376079499999993e+07
1.347783800000000000e+07 1.291584900000000000e+07 1.332218798499999940e+07
1.347783800000000000e+07 1.299256700000000000e+07 1.343729614000000060e+07
1.347783800000000000e+07 1.331253900000000000e+07 1.347612951999999955e+07
1.347783800000000000e+07 1.307888300000000000e+07 1.345436374000000022e+07
1.347783800000000000e+07 1.320458900000000000e+07 1.345875064000000060e+07
1.347783800000000000e+07 1.331253900000000000e+07 1.347323441499999911e+07
1.347783800000000000e+07 1.310857700000000000e+07 1.347281630000000075e+07
1.347783800000000000e+07 1.323632700000000000e+07 1.344535068500000052e+07
1.347783800000000000e+07 1.323632700000000000e+07 1.347183427999999933e+07
1.347783800000000000e+07 1.327451700000000000e+07 1.346506830000000075e+07
1.347783800000000000e+07 1.340817200000000000e+07 1.347748966999999993e+07
1.347783800000000000e+07 1.338041200000000000e+07 1.347700253999999911e+07
1.347783800000000000e+07 1.328079000000000000e+07 1.346561794500000030e+07
1.347783800000000000e+07 1.308692800000000000e+07 1.346538338000000082e+07
1.347783800000000000e+07 1.327429100000000000e+07 1.346235093999999948e+07
1.347783800000000000e+07 1.337821600000000000e+07 1.347504290499999933e+07
1.347783800000000000e+07 1.340241200000000000e+07 1.347734282000000030e+07
1.347783800000000000e+07 1.346791400000000000e+07 1.347760227999999933e+07
1.347783800000000000e+07 1.333119000000000000e+07 1.346847256000000052e+07
1.347783800000000000e+07 1.326715400000000000e+07 1.347254552999999933e+07
1.347783800000000000e+07 1.313576300000000000e+07 1.346316291499999911e+07
1.347783800000000000e+07 1.337821600000000000e+07 1.347733989000000060e+07
1.347783800000000000e+07 1.305104200000000000e+07 1.345972677999999933e+07
1.347783800000000000e+07 1.338041200000000000e+07 1.347326182000000030e+07
1.347783800000000000e+07 1.337821600000000000e+07 1.347112138000000082e+07
1.347783800000000000e+07 1.331074600000000000e+07 1.347022492500000075e+07
1.347783800000000000e+07 1.322888400000000000e+07 1.346546142500000075e+07
1.347783800000000000e+07 1.299256700000000000e+07 1.346325132000000030e+07
1.347783800000000000e+07 1.340817200000000000e+07 1.347533441000000015e+07
1.347783800000000000e+07 1.301158100000000000e+07 1.343780443999999948e+07
1.347783800000000000e+07 1.317557700000000000e+07 1.346114791000000015e+07
1.347783800000000000e+07 1.314817100000000000e+07 1.345891467500000075e+07
1.347783800000000000e+07 1.295268200000000000e+07 1.344059907000000030e+07
1.347783800000000000e+07 1.322823700000000000e+07 1.344074863000000082e+07
1.347783800000000000e+07 1.338309600000000000e+07 1.347492733999999985e+07
1.347783800000000000e+07 1.317430800000000000e+07 1.347130986500000022e+07
1.347783800000000000e+07 1.334440800000000000e+07 1.347580703999999911e+07
1.347783800000000000e+07 1.302129400000000000e+07 1.345972242500000075e+07
1.347783800000000000e+07 1.305098800000000000e+07 1.344166450999999978e+07
1.347783800000000000e+07 1.321328500000000000e+07 1.347094095500000007e+07
1.347783800000000000e+07 1.314584500000000000e+07 1.346959461500000022e+07
1.347783800000000000e+07 1.335015500000000000e+07 1.347605557000000030e+07
1.347783800000000000e+07 1.300764600000000000e+07 1.347172657499999925e+07
1.347783800000000000e+07 1.326503300000000000e+07 1.344294279499999993e+07
1.347783800000000000e+07 1.301158100000000000e+07 1.344430705000000075e+07
1.347783800000000000e+07 1.325008000000000000e+07 1.345837010999999940e+07
1.347783800000000000e+07 1.306795500000000000e+07 1.345305564000000060e+07
1.347783800000000000e+07 1.310759300000000000e+07 1.342373294999999925e+07
1.347783800000000000e+07 1.335015500000000000e+07 1.346083949499999918e+07
1.347783800000000000e+07 1.325993200000000000e+07 1.347630708999999985e+07
1.347783800000000000e+07 1.311136000000000000e+07 1.347088033500000089e+07
1.347783800000000000e+07 1.326715400000000000e+07 1.346075478500000015e+07
1.347783800000000000e+07 1.328048900000000000e+07 1.346816692999999970e+07
1.347783800000000000e+07 1.340817200000000000e+07 1.347644467999999970e+07
1.347783800000000000e+07 1.347783800000000000e+07 1.347783800000000000e+07
1.347783800000000000e+07 1.309930800000000000e+07 1.346859428999999911e+07
1.347783800000000000e+07 1.338041200000000000e+07 1.347422583500000089e+07
1.347783800000000000e+07 1.325453500000000000e+07 1.347413105000000075e+07
1.347783800000000000e+07 1.316730400000000000e+07 1.347058221499999985e+07
1.347783800000000000e+07 1.324821100000000000e+07 1.347267247000000067e+07
1.347783800000000000e+07 1.328124200000000000e+07 1.347612525500000082e+07
