1.303531300000000000e+07 1.266876000000000000e+07 1.299312233500000089e+07
1.303531300000000000e+07 1.261789900000000000e+07 1.297682121499999985e+07
1.321210400000000000e+07 1.283082500000000000e+07 1.315109883000000007e+07
1.321210400000000000e+07 1.271090600000000000e+07 1.311591807000000030e+07
1.321210400000000000e+07 1.260960300000000000e+07 1.306247726500000060e+07
1.321210400000000000e+07 1.249548700000000000e+07 1.305870235999999940e+07
1.321210400000000000e+07 1.270697800000000000e+07 1.311746539499999955e+07
1.323840700000000000e+07 1.260214200000000000e+07 1.312391059500000067e+07
1.323840700000000000e+07 1.271997600000000000e+07 1.310717061500000022e+07
1.323840700000000000e+07 1.238632300000000000e+07 1.311053219500000030e+07
1.323840700000000000e+07 1.269272600000000000e+07 1.308908407499999925e+07
1.323840700000000000e+07 1.267709800000000000e+07 1.317052531499999948e+07
1.332550700000000000e+07 1.277883600000000000e+07 1.323496431000000052e+07
1.332550700000000000e+07 1.273483400000000000e+07 1.320476628500000015e+07
1.332550700000000000e+07 1.295848100000000000e+07 1.325800689000000060e+07
1.332550700000000000e+07 1.297624400000000000e+07 1.322437196499999985e+07
1.332550700000000000e+07 1.274513900000000000e+07 1.315992365000000037e+07
1.332550700000000000e+07 1.292572600000000000e+07 1.322211492500000075e+07
1.332550700000000000e+07 1.297077600000000000e+07 1.318479906000000052e+07
1.332550700000000000e+07 1.278048400000000000e+07 1.325181851500000060e+07
1.332550700000000000e+07 1.280725100000000000e+07 1.322202042999999970e+07
1.332550700000000000e+07 1.281735000000000000e+07 1.325577628999999911e+07
1.332550700000000000e+07 1.286126500000000000e+07 1.322098555499999970e+07
1.332550700000000000e+07 1.292891600000000000e+07 1.327673050500000082e+07
1.332550700000000000e+07 1.301674300000000000e+07 1.322465476999999955e+07
1.332593700000000000e+07 1.302762900000000000e+07 1.331583762500000000e+07
1.332593700000000000e+07 1.293885500000000000e+07 1.327620699000000022e+07
1.332593700000000000e+07 1.300909100000000000e+07 1.327113834999999963e+07
1.332593700000000000e+07 1.280344700000000000e+07 1.323784038499999978e+07
1.332593700000000000e+07 1.291100400000000000e+07 1.322112215499999933e+07
1.332593700000000000e+07 1.300910000000000000e+07 1.323064858000000007e+07
1.332593700000000000e+07 1.273831300000000000e+07 1.324819241000000015e+07
1.332593700000000000e+07 1.302782500000000000e+07 1.327369567999999970e+07
1.332593700000000000e+07 1.308658600000000000e+07 1.327717697499999963e+07
1.332593700000000000e+07 1.302370300000000000e+07 1.329767866499999911e+07
1.332593700000000000e+07 1.278236900000000000e+07 1.325050171000000089e+07
1.339377600000000000e+07 1.278309400000000000e+07 1.329819559500000067e+07
1.339377600000000000e+07 1.322988100000000000e+07 1.335834508500000089e+07
1.339377600000000000e+07 1.321112400000000000e+07 1.336363985500000045e+07
1.339377600000000000e+07 1.303672800000000000e+07 1.334511803500000015e+07
1.339377600000000000e+07 1.315382100000000000e+07 1.338638433999999985e+07
1.339646000000000000e+07 1.338731200000000000e+07 1.339587746000000089e+07
1.339646000000000000e+07 1.322801000000000000e+07 1.337700907499999925e+07
1.339646000000000000e+07 1.314929200000000000e+07 1.335404097000000067e+07
1.339646000000000000e+07 1.323136500000000000e+07 1.338201202500000037e+07
1.339646000000000000e+07 1.332411000000000000e+07 1.339476231000000052e+07
1.341983900000000000e+07 1.306874100000000000e+07 1.337727567500000075e+07
1.341983900000000000e+07 1.319347100000000000e+07 1.341042399000000022e+07
1.341983900000000000e+07 1.331804800000000000e+07 1.341752988000000082e+07
1.341983900000000000e+07 1.335017300000000000e+07 1.341949066999999993e+07
1.341983900000000000e+07 1.313032700000000000e+07 1.339921481499999948e+07
1.341983900000000000e+07 1.327089200000000000e+07 1.341871962500000000e+07
1.341983900000000000e+07 1.319385200000000000e+07 1.341870906499999948e+07
1.341983900000000000e+07 1.305328000000000000e+07 1.339679216999999993e+07
1.341983900000000000e+07 1.310043600000000000e+07 1.339147638499999978e+07
1.341983900000000000e+07 1.339646000000000000e+07 1.341972210500000045e+07
1.341983900000000000e+07 1.315453200000000000e+07 1.341671981000000052e+07
1.341983900000000000e+07 1.338082400000000000e+07 1.341909816499999911e+07
1.341983900000000000e+07 1.338082400000000000e+07 1.341964392500000075e+07
1.341983900000000000e+07 1.332241300000000000e+07 1.341914337500000000e+07
1.341983900000000000e+07 1.299015000000000000e+07 1.340070550000000000e+07
1.341983900000000000e+07 1.319232600000000000e+07 1.341014133999999985e+07
1.341983900000000000e+07 1.320371700000000000e+07 1.340645351500000060e+07
1.341983900000000000e+07 1.317727700000000000e+07 1.341743768999999948e+07
1.341983900000000000e+07 1.335017300000000000e+07 1.341931533999999985e+07
1.341983900000000000e+07 1.320460700000000000e+07 1.341783438000000082e+07
1.341983900000000000e+07 1.322634900000000000e+07 1.341036558500000089e+07
1.341983900000000000e+07 1.317235200000000000e+07 1.341329472499999963e+07
1.341983900000000000e+07 1.307196000000000000e+07 1.340854356499999948e+07
1.348288600000000000e+07 1.319232600000000000e+07 1.344455260999999940e+07
1.348288600000000000e+07 1.301662900000000000e+07 1.343181038499999978e+07
1.348288600000000000e+07 1.311362500000000000e+07 1.339837761500000022e+07
1.348288600000000000e+07 1.299429000000000000e+07 1.344175677999999933e+07
1.348288600000000000e+07 1.340907900000000000e+07 1.347966886500000022e+07
1.348288600000000000e+07 1.307461000000000000e+07 1.347105322499999963e+07
1.348288600000000000e+07 1.341322000000000000e+07 1.348218933999999985e+07
1.348288600000000000e+07 1.319507800000000000e+07 1.347421635999999940e+07
1.348288600000000000e+07 1.302402100000000000e+07 1.346565171000000089e+07
1.348288600000000000e+07 1.332256700000000000e+07 1.347640351500000060e+07
1.348288600000000000e+07 1.311362500000000000e+07 1.346459483000000007e+07
1.348288600000000000e+07 1.341715500000000000e+07 1.348112893999999948e+07
1.348288600000000000e+07 1.310082600000000000e+07 1.345036826500000060e+07
1.348288600000000000e+07 1.310735400000000000e+07 1.347503829499999993e+07
1.348288600000000000e+07 1.339048100000000000e+07 1.348176666499999911e+07
1.348288600000000000e+07 1.337751700000000000e+07 1.348100518500000052e+07
1.348288600000000000e+07 1.338546000000000000e+07 1.348194211500000022e+07
1.348288600000000000e+07 1.332852400000000000e+07 1.347559290499999933e+07
1.348288600000000000e+07 1.310597800000000000e+07 1.347405574000000022e+07
1.348288600000000000e+07 1.310873800000000000e+07 1.347480465499999933e+07
1.348288600000000000e+07 1.326934800000000000e+07 1.348098284999999963e+07
1.348288600000000000e+07 1.322026200000000000e+07 1.347321796000000089e+07
1.348288600000000000e+07 1.328483500000000000e+07 1.347887453500000015e+07
1.348288600000000000e+07 1.317564400000000000e+07 1.347498391999999993e+07
1.348288600000000000e+07 1.311362500000000000e+07 1.346280207000000030e+07
1.348288600000000000e+07 1.338546000000000000e+07 1.347745263499999978e+07
1.348288600000000000e+07 1.311632700000000000e+07 1.346459552500000037e+07
1.348288600000000000e+07 1.324256400000000000e+07 1.346971464000000060e+07
1.348288600000000000e+07 1.319370800000000000e+07 1.346589888000000082e+07
1.348288600000000000e+07 1.341715500000000000e+07 1.348201981499999948e+07
1.348288600000000000e+07 1.332241300000000000e+07 1.347677050500000082e+07
