1.316754200000000000e+07 1.248647600000000000e+07 1.298092783000000007e+07
1.316754200000000000e+07 1.257582200000000000e+07 1.305316783500000089e+07
1.322584000000000000e+07 1.255807300000000000e+07 1.312734050000000000e+07
1.322584000000000000e+07 1.248553900000000000e+07 1.293466022000000067e+07
1.322584000000000000e+07 1.247609300000000000e+07 1.301852844500000030e+07
1.322584000000000000e+07 1.257987300000000000e+07 1.304356587500000000e+07
1.322584000000000000e+07 1.237894500000000000e+07 1.302183486500000022e+07
1.322584000000000000e+07 1.269799100000000000e+07 1.307701449499999918e+07
1.322584000000000000e+07 1.248324700000000000e+07 1.305611850999999978e+07
1.322584000000000000e+07 1.257737200000000000e+07 1.310379825999999978e+07
1.322584000000000000e+07 1.253025000000000000e+07 1.304665833500000089e+07
1.325418600000000000e+07 1.270718000000000000e+07 1.314404066499999911e+07
1.333685900000000000e+07 1.275933100000000000e+07 1.323734592500000075e+07
1.333685900000000000e+07 1.280006500000000000e+07 1.315461208500000089e+07
1.333685900000000000e+07 1.263216200000000000e+07 1.318469312500000000e+07
1.333685900000000000e+07 1.274717900000000000e+07 1.315773931499999948e+07
1.333685900000000000e+07 1.256524300000000000e+07 1.318964351999999955e+07
1.333685900000000000e+07 1.297086600000000000e+07 1.325881374499999918e+07
1.333685900000000000e+07 1.261821000000000000e+07 1.319700977500000037e+07
1.333685900000000000e+07 1.291006100000000000e+07 1.322629774000000022e+07
1.333685900000000000e+07 1.263454400000000000e+07 1.318587499499999918e+07
1.333685900000000000e+07 1.273728400000000000e+07 1.325693661999999918e+07
1.333685900000000000e+07 1.297371400000000000e+07 1.325278552999999933e+07
1.333685900000000000e+07 1.273869500000000000e+07 1.322907863499999978e+07
1.341344600000000000e+07 1.294271600000000000e+07 1.327554185500000045e+07
1.341344600000000000e+07 1.290535600000000000e+07 1.335838626999999955e+07
1.341344600000000000e+07 1.295987000000000000e+07 1.329166276500000060e+07
1.349674800000000000e+07 1.304418500000000000e+07 1.340032828999999911e+07
1.349674800000000000e+07 1.319684300000000000e+07 1.346767416499999911e+07
1.349674800000000000e+07 1.293757900000000000e+07 1.340253018999999948e+07
1.349674800000000000e+07 1.311619600000000000e+07 1.343772510500000045e+07
1.349674800000000000e+07 1.301555800000000000e+07 1.344640792500000075e+07
1.349674800000000000e+07 1.329008200000000000e+07 1.348393231000000052e+07
1.349674800000000000e+07 1.308283700000000000e+07 1.345790309500000067e+07
1.349674800000000000e+07 1.300977000000000000e+07 1.346020031499999948e+07
1.349674800000000000e+07 1.286531300000000000e+07 1.341898840499999933e+07
1.349674800000000000e+07 1.315358900000000000e+07 1.344017036999999918e+07
1.349674800000000000e+07 1.309163300000000000e+07 1.340561571000000089e+07
1.349674800000000000e+07 1.314781300000000000e+07 1.341468225999999978e+07
1.349674800000000000e+07 1.279098100000000000e+07 1.347334449000000022e+07
1.349674800000000000e+07 1.303847800000000000e+07 1.341549621000000089e+07
1.349674800000000000e+07 1.295912300000000000e+07 1.343718684500000067e+07
1.349674800000000000e+07 1.334801600000000000e+07 1.349298833000000007e+07
1.349674800000000000e+07 1.309494600000000000e+07 1.348550223000000045e+07
1.349674800000000000e+07 1.318788400000000000e+07 1.348553951999999955e+07
1.349674800000000000e+07 1.312791700000000000e+07 1.347994058000000007e+07
1.349674800000000000e+07 1.318950600000000000e+07 1.348363240000000037e+07
1.349674800000000000e+07 1.342708200000000000e+07 1.349334340000000037e+07
1.349674800000000000e+07 1.322561100000000000e+07 1.348873064499999955e+07
1.349674800000000000e+07 1.335404800000000000e+07 1.349502260500000045e+07
1.349674800000000000e+07 1.349674800000000000e+07 1.349674800000000000e+07
1.349674800000000000e+07 1.328321000000000000e+07 1.347241130499999970e+07
1.349674800000000000e+07 1.336135100000000000e+07 1.347066038499999978e+07
1.349674800000000000e+07 1.314915600000000000e+07 1.349303810999999940e+07
1.349674800000000000e+07 1.312748700000000000e+07 1.349038373000000045e+07
1.349674800000000000e+07 1.333520900000000000e+07 1.348122541000000015e+07
1.351739900000000000e+07 1.306218600000000000e+07 1.350388879499999993e+07
1.354909400000000000e+07 1.322391500000000000e+07 1.352398593999999948e+07
1.354909400000000000e+07 1.339886700000000000e+07 1.353463243999999948e+07
1.354909400000000000e+07 1.298283900000000000e+07 1.353048021000000089e+07
1.354909400000000000e+07 1.328676700000000000e+07 1.353189186999999918e+07
1.354909400000000000e+07 1.321957900000000000e+07 1.353922665499999933e+07
1.354909400000000000e+07 1.324949900000000000e+07 1.354506653999999911e+07
1.354909400000000000e+07 1.303587700000000000e+07 1.349923801999999955e+07
1.354909400000000000e+07 1.322907200000000000e+07 1.352829662500000000e+07
1.354909400000000000e+07 1.331523000000000000e+07 1.353496608999999985e+07
1.354909400000000000e+07 1.306629000000000000e+07 1.352932258000000007e+07
1.354909400000000000e+07 1.327136900000000000e+07 1.351915917999999970e+07
1.354909400000000000e+07 1.316193800000000000e+07 1.353134147499999963e+07
1.354909400000000000e+07 1.337538800000000000e+07 1.353476497499999963e+07
1.354909400000000000e+07 1.313745700000000000e+07 1.353908417500000075e+07
1.354909400000000000e+07 1.322415500000000000e+07 1.354687891999999993e+07
1.354909400000000000e+07 1.332579100000000000e+07 1.353287259999999963e+07
1.354909400000000000e+07 1.345922100000000000e+07 1.354819526999999955e+07
1.354909400000000000e+07 1.322836500000000000e+07 1.353458783000000007e+07
1.354909400000000000e+07 1.299296400000000000e+07 1.352707858500000089e+07
1.354909400000000000e+07 1.317983300000000000e+07 1.350241243500000052e+07
1.354909400000000000e+07 1.345166800000000000e+07 1.354562878500000015e+07
1.354909400000000000e+07 1.330758300000000000e+07 1.354788644500000030e+07
1.354909400000000000e+07 1.323662400000000000e+07 1.352081509999999963e+07
1.354909400000000000e+07 1.323394800000000000e+07 1.353694958500000089e+07
1.354909400000000000e+07 1.317983300000000000e+07 1.350866700999999978e+07
1.354909400000000000e+07 1.337469900000000000e+07 1.353744105499999970e+07
1.354909400000000000e+07 1.328719100000000000e+07 1.354034142999999970e+07
1.354909400000000000e+07 1.306387200000000000e+07 1.350818572499999963e+07
1.354909400000000000e+07 1.304129100000000000e+07 1.350235334500000067e+07
1.354909400000000000e+07 1.272350000000000000e+07 1.349905056000000052e+07
1.354909400000000000e+07 1.319774700000000000e+07 1.352751276999999955e+07
1.354909400000000000e+07 1.332312200000000000e+07 1.354012261500000022e+07
1.354909400000000000e+07 1.330751600000000000e+07 1.354615236999999918e+07
1.354909400000000000e+07 1.308689500000000000e+07 1.344980733000000007e+07
1.354909400000000000e+07 1.315035700000000000e+07 1.344971753500000015e+07
1.354909400000000000e+07 1.306382300000000000e+07 1.348088286999999918e+07
1.354909400000000000e+07 1.303758200000000000e+07 1.352075076999999955e+07
1.354909400000000000e+07 1.331526600000000000e+07 1.353912789000000060e+07
1.354909400000000000e+07 1.317983300000000000e+07 1.353087983000000007e+07
1.354909400000000000e+07 1.308371800000000000e+07 1.351430100500000082e+07
1.354909400000000000e+07 1.299627600000000000e+07 1.346953426999999955e+07
1.354909400000000000e+07 1.325937300000000000e+07 1.353798421499999985e+07
1.354909400000000000e+07 1.317983300000000000e+07 1.353989755499999970e+07
