1.309989400000000000e+07 1.268064200000000000e+07 1.305236404499999993e+07
1.309989400000000000e+07 1.260977500000000000e+07 1.296327348499999940e+07
1.317568700000000000e+07 1.261771100000000000e+07 1.308522425500000082e+07
1.323871900000000000e+07 1.259454700000000000e+07 1.311770049000000022e+07
1.325039200000000000e+07 1.257219900000000000e+07 1.312762056000000052e+07
1.325039200000000000e+07 1.257841700000000000e+07 1.311848952999999933e+07
1.325039200000000000e+07 1.288459400000000000e+07 1.318204542500000075e+07
1.325039200000000000e+07 1.253709300000000000e+07 1.309773576500000060e+07
1.325039200000000000e+07 1.269486100000000000e+07 1.305163298499999940e+07
1.325039200000000000e+07 1.246366400000000000e+07 1.307599330499999970e+07
1.325039200000000000e+07 1.259579400000000000e+07 1.313084732000000030e+07
1.325039200000000000e+07 1.268841700000000000e+07 1.317935952500000037e+07
1.325039200000000000e+07 1.285084800000000000e+07 1.319877516999999993e+07
1.325526100000000000e+07 1.273940100000000000e+07 1.318855108500000089e+07
1.325526100000000000e+07 1.248308100000000000e+07 1.313634069999999925e+07
1.325526100000000000e+07 1.261228700000000000e+07 1.299972582499999925e+07
1.325526100000000000e+07 1.280661000000000000e+07 1.318547658000000007e+07
1.325526100000000000e+07 1.277232700000000000e+07 1.315242708500000089e+07
1.325526100000000000e+07 1.270649700000000000e+07 1.315305095500000007e+07
1.340477300000000000e+07 1.277197700000000000e+07 1.327176661500000022e+07
1.340477300000000000e+07 1.301462000000000000e+07 1.325572313499999978e+07
1.340477300000000000e+07 1.284910000000000000e+07 1.330932031000000052e+07
1.340477300000000000e+07 1.314388900000000000e+07 1.338635925000000000e+07
1.340477300000000000e+07 1.255111800000000000e+07 1.327792965499999933e+07
1.340477300000000000e+07 1.291282200000000000e+07 1.333665875999999978e+07
1.340477300000000000e+07 1.286839600000000000e+07 1.333570480499999970e+07
1.340477300000000000e+07 1.291180000000000000e+07 1.332283782499999925e+07
1.345922100000000000e+07 1.294815000000000000e+07 1.333636623499999940e+07
1.345922100000000000e+07 1.301080900000000000e+07 1.337143158999999985e+07
1.345922100000000000e+07 1.303355300000000000e+07 1.340607425500000082e+07
1.345922100000000000e+07 1.280140300000000000e+07 1.335062226500000060e+07
1.345922100000000000e+07 1.300864100000000000e+07 1.339380183999999985e+07
1.345922100000000000e+07 1.301783500000000000e+07 1.341500454499999993e+07
1.345922100000000000e+07 1.313358100000000000e+07 1.344847150500000082e+07
1.345922100000000000e+07 1.315962600000000000e+07 1.342276640000000037e+07
1.345922100000000000e+07 1.316818900000000000e+07 1.344084370500000007e+07
1.345922100000000000e+07 1.308127300000000000e+07 1.336865510500000045e+07
1.345922100000000000e+07 1.281053200000000000e+07 1.334501539000000060e+07
1.345922100000000000e+07 1.299296400000000000e+07 1.338915985999999940e+07
1.345991900000000000e+07 1.300983800000000000e+07 1.341362536999999918e+07
1.345991900000000000e+07 1.289294500000000000e+07 1.342237259999999963e+07
1.345991900000000000e+07 1.317410900000000000e+07 1.343556185999999940e+07
1.345991900000000000e+07 1.299059700000000000e+07 1.341005373499999940e+07
1.345991900000000000e+07 1.313474000000000000e+07 1.343707255000000075e+07
1.345991900000000000e+07 1.310006200000000000e+07 1.343853105000000075e+07
1.345991900000000000e+07 1.319748800000000000e+07 1.344860177500000037e+07
1.345991900000000000e+07 1.322959400000000000e+07 1.342898676999999955e+07
1.345991900000000000e+07 1.318808400000000000e+07 1.345545852500000037e+07
1.345991900000000000e+07 1.318808400000000000e+07 1.345854586500000022e+07
1.345991900000000000e+07 1.309065800000000000e+07 1.342524632000000030e+07
1.345991900000000000e+07 1.308474100000000000e+07 1.343010344999999925e+07
1.345991900000000000e+07 1.318993200000000000e+07 1.345055898000000045e+07
1.345991900000000000e+07 1.345991900000000000e+07 1.345991900000000000e+07
1.345991900000000000e+07 1.317125200000000000e+07 1.344167545500000007e+07
1.345991900000000000e+07 1.323355100000000000e+07 1.345359946499999985e+07
1.345991900000000000e+07 1.318808400000000000e+07 1.345465226500000060e+07
1.345991900000000000e+07 1.315816400000000000e+07 1.345323350999999978e+07
1.345991900000000000e+07 1.311946400000000000e+07 1.343986070500000007e+07
1.345991900000000000e+07 1.309065800000000000e+07 1.334045553500000015e+07
1.345991900000000000e+07 1.329417600000000000e+07 1.345498632000000030e+07
1.345991900000000000e+07 1.321840800000000000e+07 1.345561483500000089e+07
1.345991900000000000e+07 1.289665300000000000e+07 1.340759841999999993e+07
1.345991900000000000e+07 1.311993700000000000e+07 1.342776025000000000e+07
1.345991900000000000e+07 1.345991900000000000e+07 1.345991900000000000e+07
1.345991900000000000e+07 1.309494800000000000e+07 1.344690546499999985e+07
1.345991900000000000e+07 1.309065800000000000e+07 1.340651680499999970e+07
1.345991900000000000e+07 1.317249900000000000e+07 1.344287693500000052e+07
1.345991900000000000e+07 1.310750400000000000e+07 1.344301546499999985e+07
1.345991900000000000e+07 1.321380800000000000e+07 1.344646602500000037e+07
1.346097300000000000e+07 1.324088500000000000e+07 1.345776385999999940e+07
1.346097300000000000e+07 1.313844000000000000e+07 1.345132555000000075e+07
1.346097300000000000e+07 1.321946200000000000e+07 1.345726672000000067e+07
1.346097300000000000e+07 1.307061100000000000e+07 1.344853911500000022e+07
1.346097300000000000e+07 1.320991800000000000e+07 1.345846244999999925e+07
1.346097300000000000e+07 1.323889600000000000e+07 1.345531202999999933e+07
1.346097300000000000e+07 1.314373400000000000e+07 1.344614352500000037e+07
1.346097300000000000e+07 1.303274800000000000e+07 1.345500083000000007e+07
1.346097300000000000e+07 1.310118900000000000e+07 1.345917408000000007e+07
1.346097300000000000e+07 1.316748900000000000e+07 1.342597462500000000e+07
1.346097300000000000e+07 1.321009000000000000e+07 1.345591227500000037e+07
1.346097300000000000e+07 1.286534400000000000e+07 1.339445629499999993e+07
1.346097300000000000e+07 1.336534000000000000e+07 1.344480739000000060e+07
1.346097300000000000e+07 1.309171200000000000e+07 1.335498786999999918e+07
1.346097300000000000e+07 1.313483300000000000e+07 1.342317859500000067e+07
1.352133400000000000e+07 1.321117800000000000e+07 1.347827768500000052e+07
1.352133400000000000e+07 1.316416100000000000e+07 1.346500738000000082e+07
1.352133400000000000e+07 1.328774600000000000e+07 1.350720615000000037e+07
1.352133400000000000e+07 1.318306300000000000e+07 1.351769963499999978e+07
1.354909400000000000e+07 1.329496600000000000e+07 1.352656053500000015e+07
1.354909400000000000e+07 1.329803100000000000e+07 1.353934878999999911e+07
1.354909400000000000e+07 1.319774700000000000e+07 1.351216653500000015e+07
1.354909400000000000e+07 1.338379500000000000e+07 1.354392319999999925e+07
1.354909400000000000e+07 1.351739900000000000e+07 1.354893552500000037e+07
1.354909400000000000e+07 1.317983300000000000e+07 1.353505891499999911e+07
1.354909400000000000e+07 1.308283700000000000e+07 1.352173403500000015e+07
1.354909400000000000e+07 1.342691400000000000e+07 1.354787219999999925e+07
1.354909400000000000e+07 1.314856800000000000e+07 1.352728656499999948e+07
1.354909400000000000e+07 1.321818200000000000e+07 1.354468683999999985e+07
1.354909400000000000e+07 1.318815400000000000e+07 1.354286500500000082e+07
1.354909400000000000e+07 1.331920100000000000e+07 1.353748697499999963e+07
