1.346097300000000000e+07 1.269080800000000000e+07 1.321138176500000060e+07
1.346097300000000000e+07 1.247346500000000000e+07 1.318746927500000037e+07
1.346097300000000000e+07 1.265850000000000000e+07 1.322252711500000022e+07
1.346097300000000000e+07 1.271350100000000000e+07 1.318591889000000060e+07
1.346097300000000000e+07 1.272914500000000000e+07 1.317453439499999955e+07
1.346097300000000000e+07 1.251152400000000000e+07 1.313662153999999911e+07
1.346097300000000000e+07 1.252361900000000000e+07 1.310735270500000007e+07
1.346097300000000000e+07 1.281429900000000000e+07 1.323713873000000045e+07
1.346097300000000000e+07 1.273842600000000000e+07 1.316582608500000089e+07
1.346097300000000000e+07 1.254145900000000000e+07 1.313670167999999970e+07
1.346097300000000000e+07 1.256283700000000000e+07 1.317304724000000022e+07
1.346097300000000000e+07 1.276196500000000000e+07 1.327219101500000060e+07
1.346097300000000000e+07 1.288450700000000000e+07 1.337974143999999948e+07
1.346097300000000000e+07 1.299345800000000000e+07 1.326737452500000037e+07
1.346097300000000000e+07 1.294881800000000000e+07 1.333758650000000000e+07
1.346097300000000000e+07 1.284077100000000000e+07 1.328014803999999911e+07
1.346097300000000000e+07 1.273463000000000000e+07 1.334985325999999978e+07
1.346097300000000000e+07 1.261833900000000000e+07 1.328876761500000022e+07
1.346097300000000000e+07 1.284560600000000000e+07 1.327745494999999925e+07
1.346097300000000000e+07 1.270053600000000000e+07 1.326715227500000037e+07
1.346097300000000000e+07 1.268260700000000000e+07 1.324382658000000007e+07
1.346097300000000000e+07 1.270237900000000000e+07 1.330211958999999985e+07
1.346097300000000000e+07 1.295604900000000000e+07 1.337906080499999970e+07
1.350587800000000000e+07 1.278410800000000000e+07 1.342383943999999948e+07
1.350587800000000000e+07 1.318936300000000000e+07 1.345973936500000022e+07
1.350587800000000000e+07 1.297096200000000000e+07 1.344491929499999993e+07
1.350587800000000000e+07 1.287039600000000000e+07 1.344680380000000075e+07
1.350587800000000000e+07 1.304789400000000000e+07 1.346612788000000082e+07
1.350587800000000000e+07 1.305188900000000000e+07 1.341102390499999933e+07
1.350587800000000000e+07 1.314196900000000000e+07 1.346921701999999955e+07
1.350587800000000000e+07 1.318046400000000000e+07 1.347258339000000060e+07
1.350587800000000000e+07 1.310492200000000000e+07 1.340918864000000060e+07
1.350587800000000000e+07 1.291024900000000000e+07 1.343860007499999925e+07
1.350587800000000000e+07 1.306127300000000000e+07 1.342548689000000060e+07
1.350587800000000000e+07 1.323816300000000000e+07 1.348825111500000022e+07
1.350587800000000000e+07 1.290911300000000000e+07 1.339507566499999911e+07
1.350587800000000000e+07 1.289820900000000000e+07 1.344044812500000000e+07
1.350587800000000000e+07 1.303854700000000000e+07 1.338878017999999970e+07
1.350587800000000000e+07 1.306179200000000000e+07 1.342974867999999970e+07
1.350587800000000000e+07 1.302942600000000000e+07 1.337353017500000075e+07
1.350587800000000000e+07 1.292774500000000000e+07 1.334924907000000030e+07
1.350587800000000000e+07 1.326287200000000000e+07 1.347007394500000030e+07
1.350587800000000000e+07 1.313632900000000000e+07 1.349183197000000067e+07
1.350587800000000000e+07 1.320631900000000000e+07 1.349846661500000022e+07
1.350587800000000000e+07 1.292863500000000000e+07 1.349014986999999918e+07
1.350587800000000000e+07 1.317242800000000000e+07 1.350080633000000007e+07
1.350587800000000000e+07 1.332475300000000000e+07 1.349870969999999925e+07
1.350587800000000000e+07 1.305710500000000000e+07 1.347790976999999955e+07
1.350587800000000000e+07 1.313661700000000000e+07 1.350212654499999993e+07
1.350587800000000000e+07 1.323303500000000000e+07 1.349230119500000030e+07
1.350587800000000000e+07 1.321175200000000000e+07 1.350440736999999918e+07
1.350587800000000000e+07 1.331011600000000000e+07 1.349725921000000089e+07
1.350587800000000000e+07 1.336386700000000000e+07 1.350501581499999948e+07
1.350587800000000000e+07 1.318863900000000000e+07 1.348522323499999940e+07
1.350587800000000000e+07 1.331822900000000000e+07 1.349683682000000030e+07
1.350587800000000000e+07 1.317986600000000000e+07 1.349923303500000015e+07
1.350587800000000000e+07 1.315475700000000000e+07 1.348474971499999985e+07
1.350587800000000000e+07 1.308743000000000000e+07 1.348097038499999978e+07
1.350587800000000000e+07 1.325272900000000000e+07 1.349895401999999955e+07
1.350587800000000000e+07 1.332903900000000000e+07 1.348605668500000052e+07
1.350587800000000000e+07 1.320209600000000000e+07 1.349934596000000089e+07
1.350587800000000000e+07 1.321254800000000000e+07 1.349776675999999978e+07
1.350587800000000000e+07 1.320325400000000000e+07 1.348371696000000089e+07
1.350587800000000000e+07 1.326331600000000000e+07 1.349895703500000015e+07
1.350587800000000000e+07 1.312264200000000000e+07 1.350029542500000075e+07
1.350587800000000000e+07 1.312097900000000000e+07 1.349031480000000075e+07
1.350587800000000000e+07 1.324879400000000000e+07 1.349184942500000075e+07
1.350587800000000000e+07 1.331335900000000000e+07 1.350362419500000030e+07
1.350587800000000000e+07 1.325345600000000000e+07 1.350156848000000045e+07
1.350587800000000000e+07 1.320234800000000000e+07 1.349069320500000007e+07
1.350587800000000000e+07 1.340845200000000000e+07 1.349425222499999963e+07
1.350587800000000000e+07 1.343621200000000000e+07 1.350502393999999948e+07
1.350587800000000000e+07 1.305336800000000000e+07 1.348852814000000060e+07
1.350587800000000000e+07 1.320234800000000000e+07 1.349808494999999925e+07
1.350587800000000000e+07 1.303962100000000000e+07 1.347667831499999948e+07
1.350587800000000000e+07 1.320325400000000000e+07 1.350436488000000082e+07
1.350587800000000000e+07 1.320234800000000000e+07 1.349841486999999918e+07
1.350587800000000000e+07 1.293655800000000000e+07 1.346373889000000060e+07
1.350587800000000000e+07 1.317652900000000000e+07 1.349267957000000030e+07
1.350587800000000000e+07 1.335015500000000000e+07 1.350102808000000007e+07
1.350587800000000000e+07 1.328317300000000000e+07 1.348317920500000007e+07
1.350587800000000000e+07 1.313661700000000000e+07 1.345828518999999948e+07
1.350587800000000000e+07 1.331560300000000000e+07 1.349655159500000067e+07
1.350587800000000000e+07 1.318208400000000000e+07 1.350258810999999940e+07
1.350587800000000000e+07 1.333878600000000000e+07 1.349835885999999940e+07
1.350587800000000000e+07 1.335283900000000000e+07 1.349174012500000000e+07
1.350587800000000000e+07 1.333878600000000000e+07 1.350352212500000000e+07
1.350587800000000000e+07 1.343621200000000000e+07 1.350518133999999985e+07
1.350587800000000000e+07 1.350587800000000000e+07 1.350587800000000000e+07
1.350587800000000000e+07 1.327290900000000000e+07 1.350276416999999993e+07
1.350587800000000000e+07 1.338176400000000000e+07 1.350199703999999911e+07
1.350587800000000000e+07 1.312048300000000000e+07 1.348110415499999933e+07
1.350587800000000000e+07 1.327951000000000000e+07 1.349713328999999911e+07
1.350587800000000000e+07 1.292863500000000000e+07 1.339186333999999985e+07
1.350587800000000000e+07 1.315919200000000000e+07 1.348913408500000089e+07
1.350587800000000000e+07 1.310639200000000000e+07 1.348762495500000007e+07
1.350587800000000000e+07 1.326574300000000000e+07 1.349114771499999985e+07
1.350587800000000000e+07 1.312685200000000000e+07 1.348740203500000015e+07
1.350587800000000000e+07 1.313661700000000000e+07 1.347413924000000022e+07
1.350587800000000000e+07 1.338326200000000000e+07 1.349652395500000007e+07
