1.328063100000000000e+07 1.274779800000000000e+07 1.310313841000000015e+07
1.328063100000000000e+07 1.236688800000000000e+07 1.305313375999999978e+07
1.328063100000000000e+07 1.271092200000000000e+07 1.312450083500000089e+07
1.328063100000000000e+07 1.255471400000000000e+07 1.300657344500000030e+07
1.328063100000000000e+07 1.263165600000000000e+07 1.306338175999999978e+07
1.328063100000000000e+07 1.257026100000000000e+07 1.311566583999999985e+07
1.332645700000000000e+07 1.256304000000000000e+07 1.321436426999999955e+07
1.332645700000000000e+07 1.251225900000000000e+07 1.313111000000000000e+07
1.332645700000000000e+07 1.265661300000000000e+07 1.311135967500000075e+07
1.332645700000000000e+07 1.260930600000000000e+07 1.308613085999999940e+07
1.332645700000000000e+07 1.269514900000000000e+07 1.318129021499999985e+07
1.332645700000000000e+07 1.273024900000000000e+07 1.317929769999999925e+07
1.332645700000000000e+07 1.274450400000000000e+07 1.317916134500000067e+07
1.332645700000000000e+07 1.254954000000000000e+07 1.319059919999999925e+07
1.332645700000000000e+07 1.287917100000000000e+07 1.325599522000000067e+07
1.332645700000000000e+07 1.269584100000000000e+07 1.323215611500000022e+07
1.332645700000000000e+07 1.270893500000000000e+07 1.322487257000000030e+07
1.332645700000000000e+07 1.269283300000000000e+07 1.317368942999999970e+07
1.332645700000000000e+07 1.298163000000000000e+07 1.323329591999999993e+07
1.343581200000000000e+07 1.280691800000000000e+07 1.332542752500000037e+07
1.343581200000000000e+07 1.259603500000000000e+07 1.322915749000000022e+07
1.343581200000000000e+07 1.285146000000000000e+07 1.335581448000000045e+07
1.343581200000000000e+07 1.295595200000000000e+07 1.332925582000000030e+07
1.346728200000000000e+07 1.289988900000000000e+07 1.341844963000000082e+07
1.346728200000000000e+07 1.312253800000000000e+07 1.341936562500000000e+07
1.346728200000000000e+07 1.322698000000000000e+07 1.344028573000000045e+07
1.346728200000000000e+07 1.286368300000000000e+07 1.338695919999999925e+07
1.346728200000000000e+07 1.308404600000000000e+07 1.345359780000000075e+07
1.346728200000000000e+07 1.317165800000000000e+07 1.339292201500000060e+07
1.346728200000000000e+07 1.311366400000000000e+07 1.337753499000000022e+07
1.346728200000000000e+07 1.295150600000000000e+07 1.335856713499999978e+07
1.346728200000000000e+07 1.300216400000000000e+07 1.341778490000000037e+07
1.346728200000000000e+07 1.315283700000000000e+07 1.340789947000000067e+07
1.347121700000000000e+07 1.317861500000000000e+07 1.344667129499999993e+07
1.347121700000000000e+07 1.307069100000000000e+07 1.345313602500000037e+07
1.347121700000000000e+07 1.328347400000000000e+07 1.346478177500000037e+07
1.347121700000000000e+07 1.290654400000000000e+07 1.340954928999999911e+07
1.347121700000000000e+07 1.301426500000000000e+07 1.345576649499999918e+07
1.347121700000000000e+07 1.301453400000000000e+07 1.334258744999999925e+07
1.347121700000000000e+07 1.305694600000000000e+07 1.332286714499999955e+07
1.347121700000000000e+07 1.286861000000000000e+07 1.340827466000000015e+07
1.347121700000000000e+07 1.304397500000000000e+07 1.343365919999999925e+07
1.347121700000000000e+07 1.314603800000000000e+07 1.344182175500000082e+07
1.347121700000000000e+07 1.334259900000000000e+07 1.347053456000000052e+07
1.347121700000000000e+07 1.280090200000000000e+07 1.344934484500000067e+07
1.347121700000000000e+07 1.340155100000000000e+07 1.347058208500000089e+07
1.347121700000000000e+07 1.323108200000000000e+07 1.346954090000000037e+07
1.347121700000000000e+07 1.317188400000000000e+07 1.345932596499999985e+07
1.347121700000000000e+07 1.334890400000000000e+07 1.347015432000000030e+07
1.347121700000000000e+07 1.330767000000000000e+07 1.346844161500000022e+07
1.347121700000000000e+07 1.310774500000000000e+07 1.345218453999999911e+07
1.347121700000000000e+07 1.320152600000000000e+07 1.346010713000000082e+07
1.347121700000000000e+07 1.334439000000000000e+07 1.347018085500000045e+07
1.347121700000000000e+07 1.293453000000000000e+07 1.346735204499999993e+07
1.347121700000000000e+07 1.297461000000000000e+07 1.337331688000000082e+07
1.347121700000000000e+07 1.316772300000000000e+07 1.345826525999999978e+07
1.347121700000000000e+07 1.312064300000000000e+07 1.346476841999999993e+07
1.347121700000000000e+07 1.346728200000000000e+07 1.347113830000000075e+07
1.347121700000000000e+07 1.311422200000000000e+07 1.346676983999999985e+07
1.347121700000000000e+07 1.310195600000000000e+07 1.329408457000000030e+07
1.347121700000000000e+07 1.318113600000000000e+07 1.345852805499999970e+07
1.347121700000000000e+07 1.318560100000000000e+07 1.346629463000000082e+07
1.347121700000000000e+07 1.299653600000000000e+07 1.343632402999999933e+07
1.347121700000000000e+07 1.301465200000000000e+07 1.346073283500000089e+07
1.347121700000000000e+07 1.289397400000000000e+07 1.346611374499999918e+07
1.347121700000000000e+07 1.331123400000000000e+07 1.346758244999999925e+07
1.347121700000000000e+07 1.326983800000000000e+07 1.346551077999999933e+07
1.347121700000000000e+07 1.326708300000000000e+07 1.347019633000000007e+07
1.347121700000000000e+07 1.317165800000000000e+07 1.346890147000000067e+07
1.347121700000000000e+07 1.300496000000000000e+07 1.344182103999999911e+07
1.347121700000000000e+07 1.302670500000000000e+07 1.343483674000000022e+07
1.349486400000000000e+07 1.300371900000000000e+07 1.346239260999999940e+07
1.349486400000000000e+07 1.326767000000000000e+07 1.347385799499999918e+07
1.349486400000000000e+07 1.316541800000000000e+07 1.348511925999999978e+07
1.349486400000000000e+07 1.330712100000000000e+07 1.349288029499999993e+07
1.349486400000000000e+07 1.339743800000000000e+07 1.349333188000000082e+07
1.349486400000000000e+07 1.305987200000000000e+07 1.347775935500000045e+07
1.349486400000000000e+07 1.305593700000000000e+07 1.346005234500000067e+07
1.349486400000000000e+07 1.327193700000000000e+07 1.349046385500000045e+07
1.349486400000000000e+07 1.312560300000000000e+07 1.349058204499999993e+07
1.349486400000000000e+07 1.331151400000000000e+07 1.348696495500000007e+07
1.349486400000000000e+07 1.312560300000000000e+07 1.345990011999999918e+07
1.349486400000000000e+07 1.322373000000000000e+07 1.348757704499999993e+07
1.349486400000000000e+07 1.334822900000000000e+07 1.349147735999999940e+07
1.349486400000000000e+07 1.342913300000000000e+07 1.349387803500000015e+07
1.349486400000000000e+07 1.340454700000000000e+07 1.349379457499999925e+07
1.349486400000000000e+07 1.339967800000000000e+07 1.349257784500000067e+07
1.349486400000000000e+07 1.320476500000000000e+07 1.348807538000000082e+07
1.349486400000000000e+07 1.323092000000000000e+07 1.348526198499999940e+07
1.349486400000000000e+07 1.309252400000000000e+07 1.348733058500000089e+07
1.349486400000000000e+07 1.325335300000000000e+07 1.349120908999999985e+07
1.349486400000000000e+07 1.311162800000000000e+07 1.348646905000000075e+07
1.349486400000000000e+07 1.322458600000000000e+07 1.348786894500000030e+07
1.349486400000000000e+07 1.332912100000000000e+07 1.349070938499999978e+07
1.349486400000000000e+07 1.343446700000000000e+07 1.349426002999999933e+07
1.349486400000000000e+07 1.320619700000000000e+07 1.344953497000000067e+07
1.349486400000000000e+07 1.327111700000000000e+07 1.348792487500000000e+07
1.349486400000000000e+07 1.339743800000000000e+07 1.348233296000000089e+07
1.349486400000000000e+07 1.342519800000000000e+07 1.349143972499999963e+07
1.349486400000000000e+07 1.314478100000000000e+07 1.346745468999999948e+07
