-4796.3740 -5745.1561 -5480.3579
-4796.3740 -5565.7440 -5312.6005
-4651.1063 -5335.3184 -5135.4383
-4651.1063 -5192.9415 -4990.9428
-4651.1063 -5042.7353 -4837.7851
-4651.1063 -4836.9194 -4777.2381
-4636.3357 -4796.8534 -4745.5760
-4607.3245 -4761.4399 -4699.7461
-4597.1873 -4705.9716 -4661.2917
-4487.8411 -4670.5168 -4634.2992
-4462.4096 -4646.3876 -4611.9660
-4462.4096 -4624.7530 -4581.8730
-4462.3774 -4602.8058 -4552.7481
-4415.3383 -4579.3688 -4522.5380
-4415.3383 -4529.4151 -4489.3018
-4398.5169 -4496.0922 -4460.4995
-4388.5900 -4468.7656 -4439.0821
-4360.6640 -4451.5369 -4421.4730
-4332.1959 -4431.9717 -4406.1923
-4332.1959 -4412.5718 -4388.2458
-4307.1831 -4401.5765 -4373.9123
-4293.6009 -4388.1672 -4356.3938
-4293.6009 -4367.5072 -4341.7038
-4260.8713 -4349.5194 -4322.0782
-4188.6640 -4329.7079 -4296.8740
-4127.5657 -4308.3658 -4276.7763
-4127.5657 -4293.1438 -4253.7287
-4068.2813 -4274.3843 -4228.1631
-4056.2874 -4254.4132 -4196.1980
-4036.8096 -4209.0389 -4162.7379
-4030.5153 -4184.0155 -4130.2387
-4030.5153 -4146.8628 -4097.7095
-3987.6881 -4115.8006 -4070.9802
-3984.1054 -4077.0998 -4045.1378
-3924.9621 -4056.1458 -4024.1119
-3919.3273 -4040.5911 -4003.2436
-3879.7545 -4018.6379 -3980.8085
-3879.7545 -3989.9489 -3959.9075
-3848.3253 -3977.8820 -3938.7640
-3826.0973 -3949.8611 -3913.6775
-3797.9988 -3928.2352 -3886.6105
-3733.7538 -3906.2590 -3865.9233
-3733.7538 -3884.8636 -3850.4274
-3712.0703 -3867.2268 -3826.1610
-3673.5189 -3852.3649 -3805.4121
-3673.5189 -3827.0673 -3770.0458
-3607.5095 -3797.9988 -3738.7407
-3607.5095 -3758.5567 -3714.9583
-3607.5095 -3729.4689 -3696.1477
-3607.5095 -3716.6976 -3673.9699
-3597.5552 -3688.8200 -3654.6052
-3597.5552 -3670.1708 -3638.9691
-3538.7725 -3654.1550 -3623.0146
-3538.7725 -3642.4791 -3611.2547
-3537.8203 -3630.1671 -3603.0972
-3537.8203 -3613.9086 -3590.7763
-3537.8203 -3607.6544 -3581.0937
-3537.8203 -3593.8667 -3567.4876
-3506.3291 -3580.8901 -3553.6190
-3459.5765 -3568.5446 -3538.8058
-3459.5765 -3546.7246 -3525.2830
-3459.5765 -3537.8515 -3517.3104
-3363.1308 -3531.8276 -3504.2091
-3363.1308 -3517.4874 -3490.2081
-3346.2328 -3508.0795 -3470.9523
-3329.5909 -3496.1738 -3449.5812
-3329.5909 -3480.0158 -3427.4556
-3317.3276 -3448.5506 -3400.7729
-3275.9020 -3417.5720 -3370.9461
-3275.9020 -3390.2431 -3346.5562
-3275.9020 -3363.4203 -3334.9370
-3275.9020 -3346.2328 -3322.9765
-3261.8658 -3334.7693 -3311.9341
-3261.8658 -3329.0691 -3304.1809
-3241.9660 -3321.2828 -3294.2647
-3241.9660 -3308.5099 -3280.4340
-3235.3859 -3294.6044 -3271.0628
-3235.3859 -3288.3201 -3268.3871
-3205.8121 -3277.1896 -3258.9922
-3166.8446 -3268.0774 -3245.4962
-3166.8446 -3257.4586 -3234.0801
-3166.8446 -3245.6910 -3224.8784
-3120.0417 -3238.1609 -3209.8271
-3120.0417 -3223.0026 -3191.8845
-3095.3232 -3207.9335 -3178.9350
-3091.4165 -3196.9395 -3167.6179
-3079.2196 -3185.6352 -3152.9390
-3053.5257 -3173.0057 -3138.4420
-3053.5257 -3159.4685 -3125.3488
-3053.5257 -3148.5077 -3115.3239
-3053.5257 -3131.1181 -3101.1247
-3046.8794 -3120.0417 -3092.7152
-3046.8794 -3108.5512 -3080.2227
-3045.6861 -3095.3232 -3071.7124
-3029.9956 -3085.8983 -3062.3344
-3014.5869 -3071.2425 -3052.6000
-2994.5868 -3063.2600 -3044.9541
-2994.5868 -3053.5257 -3038.1157
-2911.9098 -3047.4952 -3029.7648
-2911.9098 -3043.3155 -3020.6466
-2911.9098 -3038.9423 -3010.3197
-2911.9098 -3029.6062 -2998.9917
-2911.9098 -3018.3394 -2986.8337
-2911.9098 -3011.7316 -2975.6513
-2910.9173 -3003.1529 -2965.0367
-2910.9173 -2990.1396 -2952.0879
-2910.9173 -2966.6227 -2936.4328
-2890.5894 -2955.0002 -2927.6711
-2890.5894 -2939.5792 -2917.8480
-2871.6852 -2924.8083 -2909.5342
-2843.7651 -2914.3401 -2901.0451
-2843.7651 -2911.9098 -2893.2939
-2828.1630 -2910.9173 -2884.3707
-2780.1098 -2899.1923 -2871.3816
-2780.1098 -2895.0476 -2864.2255
-2780.1098 -2883.5571 -2852.2035
-2780.1098 -2871.9809 -2843.3383
-2780.1098 -2859.8206 -2832.3622
-2780.1098 -2850.4058 -2822.9924
-2777.1222 -2841.0588 -2812.1413
-2777.1222 -2832.4397 -2803.2995
-2755.7729 -2820.2928 -2790.9373
-2755.7729 -2801.8864 -2783.0109
-2755.7729 -2795.5490 -2778.2229
-2721.4312 -2787.1394 -2773.2342
-2721.4312 -2783.4833 -2769.7225
-2721.4312 -2780.1745 -2766.7557
-2721.4312 -2777.1222 -2760.6765
-2719.3393 -2773.0306 -2755.6327
-2719.3393 -2765.8369 -2750.2310
-2688.6768 -2760.9555 -2742.8468
-2688.6768 -2756.0912 -2734.3999
-2688.6768 -2748.8384 -2729.0561
-2666.7272 -2743.6844 -2723.4746
-2666.7272 -2732.2778 -2716.4510
-2666.7272 -2724.2113 -2706.4809
-2661.1230 -2720.9398 -2698.6173
-2657.9215 -2716.0831 -2692.3145
-2631.1589 -2706.8673 -2682.7004
-2630.2558 -2692.8410 -2674.5812
-2572.6101 -2686.1364 -2665.1022
-2572.6101 -2683.9144 -2659.3489
-2572.6101 -2671.8716 -2651.6532
-2572.6101 -2666.7272 -2644.4155
-2572.6101 -2662.4015 -2636.8710
-2553.7768 -2655.9292 -2624.3197
-2553.7768 -2649.3897 -2610.1826
-2553.7768 -2632.9603 -2598.3486
-2508.5844 -2619.8401 -2586.4090
-2508.5844 -2599.2747 -2578.0856
-2491.6678 -2591.7368 -2569.5164
-2491.6678 -2582.7213 -2559.3793
-2491.6678 -2574.9304 -2550.6552
-2479.4284 -2571.5568 -2539.9239
-2479.4284 -2561.8949 -2533.7079
-2479.4284 -2555.2765 -2529.0709
-2479.4284 -2547.9809 -2516.7907
-2449.0094 -2529.8114 -2505.7884
-2449.0094 -2520.8296 -2496.8275
-2449.0094 -2511.9757 -2489.6373
-2449.0094 -2508.5844 -2486.3046
-2445.5690 -2503.8678 -2479.8498
-2430.8150 -2491.6678 -2472.7665
-2430.8150 -2487.0075 -2469.0497
-2430.8150 -2479.8516 -2463.2464
-2416.0688 -2478.6046 -2458.1057
-2416.0688 -2470.5247 -2452.8771
-2416.0688 -2466.6339 -2450.3145
-2409.3566 -2461.0020 -2443.6709
-2409.3566 -2454.5628 -2438.3333
-2399.1522 -2449.1095 -2434.0442
-2399.1522 -2447.0958 -2431.6348
-2399.1522 -2442.7914 -2429.8818
-2399.1522 -2442.3021 -2426.7222
-2392.2185 -2438.8325 -2421.9863
-2382.2565 -2435.0107 -2416.4541
-2382.2565 -2430.8150 -2413.0493
-2379.1455 -2425.9265 -2408.4074
-2379.1455 -2422.6564 -2404.3197
-2369.5055 -2416.0688 -2399.9670
-2354.8584 -2411.6462 -2394.8027
-2349.7795 -2405.2745 -2388.8606
-2349.7795 -2401.2174 -2384.6443
-2349.7795 -2398.9991 -2379.1096
-2345.5811 -2392.6474 -2375.6227
-2314.6751 -2389.5085 -2371.1766
-2310.4876 -2382.2565 -2362.5003
-2310.4876 -2374.0662 -2354.6535
-2310.4876 -2369.4202 -2349.7962
-2310.4876 -2364.4391 -2343.8226
-2308.0455 -2354.9260 -2333.6105
-2295.0306 -2349.0365 -2326.9243
-2277.1785 -2343.4539 -2321.1833
-2277.1785 -2331.3725 -2314.3603
-2277.1785 -2326.4656 -2310.6503
-2266.9941 -2320.9394 -2304.7935
-2266.9941 -2314.6751 -2301.8223
-2237.9652 -2310.4876 -2294.4494
-2237.9652 -2308.0455 -2289.7019
-2237.9652 -2305.0535 -2285.4576
-2237.9652 -2299.8059 -2280.1112
-2237.9652 -2298.0991 -2276.6347
-2237.9652 -2292.8263 -2271.6025
-2221.1411 -2282.6342 -2263.6151
-2221.1411 -2277.1785 -2258.2708
-2208.0803 -2272.1524 -2247.9853
-2191.2196 -2264.2667 -2240.3302
-2189.6596 -2255.1678 -2232.5728
-2189.6596 -2246.5309 -2226.1084
-2185.9271 -2238.0915 -2219.2592
-2170.9802 -2237.1351 -2212.0381
-2170.9802 -2233.5485 -2208.1234
-2169.6042 -2221.1411 -2200.9618
-2169.6042 -2216.5906 -2195.4967
-2169.6042 -2209.6594 -2192.2337
-2126.0426 -2204.4783 -2185.1914
-2126.0426 -2195.5573 -2180.7561
-2126.0426 -2191.2196 -2177.0219
-2126.0426 -2189.6596 -2171.9584
-2126.0426 -2187.9579 -2168.4779
-2114.2791 -2180.4000 -2161.0725
-2114.2791 -2171.7725 -2155.0437
-2114.2791 -2170.1680 -2150.6341
-2114.2791 -2168.3830 -2145.9998
-2114.2791 -2165.1454 -2142.0073
-2100.7502 -2159.0295 -2134.8885
-2100.7502 -2148.0458 -2129.6560
-2100.7502 -2140.5288 -2125.4289
-2100.7502 -2135.3558 -2122.4204
-2100.7502 -2131.0256 -2119.5210
-2098.0312 -2126.0426 -2116.5393
-2098.0312 -2126.0426 -2114.1306
-2093.3205 -2123.8028 -2110.5513
-2093.3205 -2119.7694 -2108.6921
-2093.3205 -2116.6095 -2107.3146
-2079.9526 -2114.2791 -2104.8168
-2076.7619 -2113.3606 -2102.4421
-2056.3198 -2111.0798 -2098.3810
-2056.3198 -2108.0201 -2095.3698
-2056.3198 -2104.4116 -2092.8105
-2036.0745 -2101.6840 -2088.5569
-2035.9103 -2099.6575 -2084.0141
-2026.0352 -2097.4118 -2077.8738
-2026.0352 -2094.0117 -2073.1270
-2026.0352 -2089.3986 -2065.8594
-2018.8809 -2084.0753 -2059.0144
-2018.8809 -2077.5097 -2053.0558
-2018.8809 -2068.7718 -2043.4694
-2018.8809 -2059.8203 -2040.4818
-2018.8809 -2055.0215 -2038.0643
-2018.8809 -2051.4543 -2035.7070
-2018.8809 -2048.1724 -2033.3656
-2018.8809 -2044.3998 -2031.5030
-1984.6165 -2037.8824 -2028.4240
-1984.6165 -2035.9863 -2024.2688
-1984.6165 -2034.7161 -2021.6594
-1984.6165 -2031.4055 -2018.4216
-1984.6165 -2029.9268 -2016.4977
-1983.7386 -2026.0352 -2011.3561
-1983.7386 -2025.3269 -2008.9580
-1983.7386 -2019.8320 -2004.8455
-1977.3140 -2018.3758 -1999.5920
-1971.5102 -2012.7552 -1994.8981
-1971.5102 -2007.8773 -1992.4263
-1948.3343 -2001.9078 -1988.5779
-1948.3343 -1999.1139 -1983.6954
-1948.3343 -1993.5718 -1980.2946
-1934.0131 -1986.4662 -1975.9698
-1934.0131 -1985.5986 -1974.4852
-1932.4531 -1984.6165 -1971.0997
-1931.1827 -1981.6563 -1966.7518
-1912.8328 -1978.3692 -1962.2541
-1902.5424 -1976.5034 -1957.4170
-1902.5424 -1973.7939 -1951.9214
-1902.5424 -1971.3938 -1944.2238
-1892.6962 -1956.5753 -1933.7145
-1892.6962 -1948.3343 -1926.2016
-1892.6962 -1939.0611 -1921.5740
-1885.8913 -1932.5862 -1916.5614
-1885.8913 -1931.1827 -1913.3995
-1876.9812 -1929.3614 -1910.6575
-1876.9812 -1925.2797 -1907.0445
-1863.1772 -1918.5309 -1902.5366
-1863.1772 -1912.8328 -1897.2667
-1863.1772 -1907.8695 -1894.5112
-1863.1772 -1905.5793 -1892.4584
-1863.1772 -1903.5541 -1888.8613
-1863.0588 -1902.5424 -1886.1506
-1863.0588 -1901.3140 -1882.4327
-1861.7745 -1898.5781 -1879.5552
-1859.7368 -1894.4530 -1876.7870
-1859.7368 -1892.6962 -1875.1219
-1856.1082 -1889.9243 -1871.9604
-1856.1082 -1885.8913 -1869.0160
-1853.7906 -1882.3047 -1866.7318
-1853.7906 -1877.4710 -1865.4327
-1853.7906 -1875.1513 -1864.2431
-1840.3675 -1869.6487 -1861.8653
-1840.3675 -1868.7675 -1860.3657
-1840.3675 -1866.2478 -1858.5893
-1840.3675 -1863.1772 -1856.1932
-1836.1654 -1863.1772 -1855.1968
-1836.1654 -1863.0588 -1853.9064
-1836.1654 -1862.4218 -1852.4299
-1832.6951 -1860.8655 -1850.4928
-1799.7651 -1857.3720 -1846.7355
-1799.7651 -1856.0758 -1843.2317
-1799.7651 -1854.7188 -1841.1323
-1799.7651 -1853.7906 -1838.1629
-1799.7651 -1851.4421 -1835.3916
-1799.7651 -1849.0607 -1833.1979
-1794.0935 -1845.0802 -1826.9950
-1794.0935 -1840.3675 -1823.4958
-1794.0935 -1836.1654 -1818.8410
-1794.0935 -1834.7000 -1815.7813
-1791.3535 -1830.5799 -1812.9120
-1791.3535 -1825.0283 -1810.6547
-1777.7815 -1823.1037 -1808.0424
-1777.7815 -1819.7910 -1805.3397
-1777.7815 -1817.3438 -1802.0090
-1777.7815 -1815.6825 -1799.3071
-1775.9866 -1808.7521 -1795.7557
-1773.8660 -1807.5701 -1794.4043
-1773.8660 -1803.6503 -1792.8107
-1773.8660 -1801.9440 -1790.8334
-1773.8660 -1799.7651 -1788.8708
-1773.8660 -1799.0895 -1786.8263
-1748.6243 -1795.6173 -1784.3015
-1748.6243 -1794.0935 -1782.5806
-1728.7462 -1791.3535 -1778.6255
-1728.7462 -1790.3831 -1776.8786
-1728.7462 -1788.1751 -1773.9654
-1728.7462 -1785.5903 -1770.9856
-1728.7462 -1782.4572 -1768.6276
-1728.7462 -1781.6456 -1765.9823
-1728.6967 -1777.7815 -1761.7203
-1728.6967 -1775.9866 -1757.7408
-1728.6967 -1773.8660 -1754.5292
-1728.6967 -1772.6003 -1751.1751
-1704.1456 -1769.3719 -1746.9171
-1704.1456 -1765.5680 -1743.7532
-1704.1456 -1757.7681 -1739.2748
-1704.1456 -1751.0748 -1734.3071
-1704.1456 -1748.6952 -1731.7761
-1704.1456 -1745.2008 -1727.5319
-1704.1456 -1740.9274 -1724.9781
-1704.1456 -1737.8890 -1722.4410
-1704.1456 -1733.1966 -1720.4860
-1694.0053 -1728.7462 -1717.5908
-1694.0053 -1728.7060 -1714.9860
-1694.0053 -1728.6967 -1712.5918
-1682.0419 -1725.9216 -1710.0847
-1682.0419 -1720.3138 -1707.9548
-1682.0419 -1717.8176 -1704.5302
-1682.0419 -1715.8191 -1702.1499
-1682.0419 -1709.4181 -1699.6268
-1676.4530 -1706.7006 -1697.4772
-1676.4530 -1705.8426 -1696.6846
-1660.1096 -1704.1456 -1693.3645
-1660.1096 -1703.3209 -1691.2316
-1660.1096 -1702.8839 -1689.6433
-1660.1096 -1700.4050 -1685.9819
-1660.1096 -1695.1898 -1682.9239
-1660.1096 -1694.0053 -1680.6285
-1660.1096 -1691.9272 -1678.4649
-1630.7646 -1687.6999 -1675.2516
-1630.7646 -1685.2517 -1672.3703
-1630.7646 -1682.1710 -1670.5385
-1624.9621 -1680.5049 -1665.3535
-1624.9621 -1677.9316 -1662.6979
-1624.9621 -1676.4530 -1659.6286
-1624.9621 -1673.2794 -1655.1665
-1624.9621 -1671.6999 -1652.0136
-1624.9621 -1669.7693 -1648.9961
-1624.3230 -1660.9242 -1644.9687
-1624.3230 -1660.1096 -1643.4709
-1624.3230 -1659.4154 -1641.2562
-1624.2818 -1655.5186 -1637.0081
-1602.9851 -1649.3661 -1632.2068
-1602.9851 -1645.9573 -1629.8490
-1602.9851 -1640.6374 -1627.2647
-1602.9851 -1638.8416 -1625.3770
-1602.9851 -1635.9542 -1623.2454
-1602.9851 -1630.7646 -1620.4508
-1593.9280 -1630.6659 -1618.6154
-1593.9280 -1626.5197 -1617.0562
-1593.9280 -1625.3369 -1615.4494
-1593.9280 -1624.9621 -1614.1399
-1593.9280 -1624.7965 -1612.5924
-1593.9280 -1624.3230 -1610.3198
-1587.5074 -1620.3634 -1607.1392
-1587.5074 -1616.6636 -1603.4566
-1587.5074 -1613.9235 -1602.3898
-1569.9436 -1610.1666 -1599.8513
-1563.4792 -1609.4320 -1597.4074
-1563.4792 -1605.0675 -1593.9063
-1563.4792 -1602.9851 -1592.1136
-1563.4792 -1602.2778 -1589.9217
-1563.4792 -1600.3670 -1587.2314
-1563.4792 -1597.9608 -1585.0656
-1563.4792 -1593.9280 -1582.4709
-1546.0649 -1593.7365 -1579.3337
-1546.0649 -1591.0948 -1575.6925
-1534.1273 -1587.5074 -1571.6976
-1534.1273 -1586.4705 -1568.7073
-1534.1273 -1585.4934 -1566.4785
-1525.8401 -1581.5465 -1562.1583
-1525.8401 -1572.2375 -1558.3595
-1525.8401 -1569.0134 -1556.5607
-1522.9936 -1564.9099 -1553.1625
-1522.9936 -1563.4792 -1550.2933
-1517.6090 -1563.4792 -1546.6306
-1503.3670 -1562.2809 -1542.3452
-1503.3670 -1558.4744 -1537.8904
-1503.3670 -1554.5617 -1533.3274
-1503.3670 -1550.1889 -1531.5213
-1503.3670 -1545.4199 -1528.6474
-1501.9239 -1541.5257 -1525.4217
-1501.9239 -1537.7120 -1523.2100
-1501.9239 -1534.1273 -1519.8786
-1501.9239 -1533.2226 -1518.3583
-1501.9239 -1529.3768 -1516.0411
-1501.9239 -1526.5843 -1514.4510
-1501.9239 -1525.8401 -1513.2242
-1501.9239 -1524.8300 -1512.1124
-1501.9239 -1522.9936 -1510.5569
-1501.9239 -1521.3075 -1508.6743
-1487.6283 -1517.6090 -1506.7513
-1487.6283 -1516.7900 -1504.9172
-1487.5916 -1513.5022 -1502.8479
-1487.5916 -1513.2866 -1502.2878
-1483.1487 -1508.6108 -1499.3408
-1483.1487 -1503.3670 -1498.6695
-1480.3167 -1503.3670 -1496.7249
-1480.3167 -1503.3670 -1496.1176
-1480.3167 -1503.2014 -1495.2021
-1478.0711 -1502.6029 -1494.2301
-1478.0711 -1501.9239 -1492.9495
-1478.0711 -1501.9239 -1492.1935
-1478.0711 -1501.9239 -1490.6853
-1473.0342 -1501.3440 -1488.5088
-1462.5370 -1497.8345 -1486.2435
-1462.5370 -1495.7342 -1483.7201
-1462.5370 -1493.2260 -1481.3059
-1462.5370 -1487.9789 -1479.6149
-1462.5370 -1487.6283 -1478.3753
-1459.1452 -1487.5916 -1476.6247
-1459.1452 -1483.2892 -1474.5975
-1459.1452 -1483.1487 -1474.0369
-1459.1452 -1480.8572 -1472.5488
-1444.3739 -1480.3167 -1470.8592
-1444.3739 -1480.1694 -1469.5585
-1444.3739 -1478.0711 -1467.3471
-1444.3739 -1478.0711 -1465.7395
-1444.3739 -1476.1317 -1463.5610
-1439.8333 -1474.9592 -1461.8175
-1439.8333 -1471.1982 -1460.0932
-1439.8333 -1470.4080 -1459.0028
-1439.8333 -1466.9720 -1457.6683
-1426.7642 -1463.5857 -1455.0995
-1426.7642 -1462.5370 -1453.4529
-1425.4472 -1462.0626 -1451.7254
-1425.4472 -1461.5003 -1450.1051
-1425.4472 -1460.0309 -1447.8649
-1425.4472 -1459.1452 -1447.0181
-1425.4472 -1459.1452 -1445.1682
-1425.4472 -1457.9813 -1443.0691
-1425.4472 -1454.3767 -1441.0715
-1419.4905 -1451.8874 -1438.4511
-1419.4905 -1447.5580 -1436.5315
-1419.4905 -1446.5978 -1435.5935
-1409.2705 -1445.4264 -1433.3027
-1409.2705 -1444.3739 -1431.7653
-1409.2705 -1443.0424 -1430.2417
-1409.2705 -1439.8333 -1427.1706
-1409.2705 -1439.8333 -1426.2865
-1409.2705 -1435.8110 -1422.8398
-1409.2705 -1431.9087 -1421.4183
-1409.2705 -1430.4861 -1420.2965
-1409.2705 -1426.7642 -1419.1381
-1409.2705 -1425.4472 -1417.4983
-1409.2705 -1425.4472 -1416.8950
-1402.0087 -1424.9948 -1414.6687
-1402.0087 -1424.9083 -1413.8344
-1402.0087 -1423.6419 -1413.1664
-1402.0087 -1421.5205 -1412.4214
-1402.0087 -1420.1540 -1411.3493
-1402.0087 -1419.4905 -1410.4701
-1402.0087 -1417.2386 -1409.5277
-1398.5095 -1415.9545 -1408.3996
-1388.8327 -1413.6719 -1407.1235
-1388.8327 -1411.6242 -1406.2810
-1388.8327 -1411.3199 -1405.3011
-1388.8327 -1409.7193 -1404.5411
-1388.8327 -1409.2705 -1403.9234
-1388.8327 -1409.2705 -1401.7432
-1388.8327 -1408.5385 -1399.7803
-1378.4243 -1406.3127 -1398.3091
-1378.4243 -1406.2595 -1397.2291
-1378.4243 -1402.9997 -1395.5427
-1378.4243 -1402.0087 -1393.8894
-1378.4243 -1402.0087 -1392.4340
-1378.4243 -1400.3403 -1390.9958
-1378.4243 -1397.8561 -1388.6373
-1375.5489 -1395.3842 -1387.3925
-1375.5489 -1395.0377 -1386.5808
-1375.5489 -1394.4177 -1386.0783
-1373.9353 -1393.9844 -1385.1401
-1373.9353 -1390.8067 -1383.9369
-1373.9353 -1389.2172 -1382.8923
-1373.9353 -1388.8403 -1382.1142
-1364.2970 -1388.8327 -1379.9871
-1364.2970 -1386.6981 -1378.6841
-1362.9621 -1385.5519 -1377.5730
-1362.9621 -1383.6280 -1376.2771
-1359.1588 -1381.8561 -1374.2828
-1359.1588 -1381.2159 -1373.5401
-1359.1588 -1378.4243 -1372.1424
-1359.1588 -1378.4243 -1371.1553
-1359.1588 -1377.1505 -1370.2104
-1359.1588 -1376.5599 -1369.6616
-1359.1588 -1375.5489 -1368.8177
-1345.3322 -1375.5489 -1367.8077
-1345.3322 -1374.4360 -1366.2018
-1344.6345 -1373.9353 -1364.3135
-1344.6345 -1372.2254 -1362.7298
-1344.0420 -1370.8270 -1361.4753
-1344.0420 -1369.9345 -1360.6364
-1344.0420 -1367.9632 -1359.4586
-1344.0420 -1366.3306 -1358.2841
-1342.5683 -1364.5647 -1356.4393
-1342.5683 -1364.2970 -1355.1335
-1342.5683 -1364.0928 -1354.3658
-1342.5683 -1362.9621 -1353.5558
-1340.2807 -1360.2407 -1351.7120
-1340.2807 -1359.3423 -1350.1018
-1340.2807 -1359.1588 -1348.9750
-1337.2404 -1359.1588 -1347.6029
-1329.7358 -1355.6227 -1345.6320
-1329.7358 -1351.8166 -1344.1318
-1329.7358 -1350.0615 -1343.0480
-1329.7358 -1349.6804 -1342.4182
-1329.7358 -1349.2080 -1342.0063
-1329.7358 -1347.4281 -1340.9372
-1325.0036 -1345.3322 -1339.1594
-1325.0036 -1344.6345 -1338.3851
-1325.0036 -1344.0420 -1337.5828
-1325.0036 -1344.0420 -1336.5532
-1325.0036 -1342.5683 -1335.4016
-1325.0036 -1342.5683 -1334.7814
-1325.0036 -1342.3929 -1334.0419
-1325.0036 -1341.5595 -1333.6517
-1325.0036 -1340.4359 -1332.7584
-1325.0036 -1340.2807 -1331.8700
-1323.9426 -1339.0499 -1330.8026
-1321.7940 -1337.2404 -1329.7526
-1291.9112 -1336.2780 -1328.0959
-1291.9112 -1334.4499 -1326.7975
-1291.9112 -1333.3793 -1324.9489
-1291.9112 -1330.8114 -1323.2266
-1291.9112 -1329.7358 -1322.2393
-1291.9112 -1329.7358 -1320.6056
-1277.1371 -1329.7358 -1318.7559
-1277.1371 -1329.7358 -1317.0513
-1277.1371 -1328.9651 -1314.9525
-1277.1371 -1325.5202 -1311.0053
-1277.1371 -1325.0036 -1306.8003
-1277.1371 -1325.0036 -1302.2354
-1277.1371 -1322.7986 -1298.6544
-1277.1371 -1319.8213 -1296.7056
-1263.8392 -1312.5797 -1292.6979
-1263.8392 -1309.5436 -1290.3180
-1263.8392 -1305.5293 -1288.3245
-1263.8392 -1303.5999 -1286.6253
-1263.8392 -1301.3199 -1285.4633
-1263.8392 -1298.9916 -1283.4109
-1263.8392 -1297.8217 -1282.2224
-1263.8392 -1291.9112 -1279.8315
-1263.8392 -1291.9112 -1278.9165
-1263.8392 -1291.2607 -1276.8503
-1263.8392 -1288.2934 -1275.0164
-1263.8392 -1284.2175 -1273.3334
-1263.8392 -1283.1226 -1272.4770
-1261.5740 -1278.7093 -1271.2478
-1261.5740 -1277.1371 -1270.7390
-1256.5643 -1277.1371 -1269.7161
-1256.5643 -1277.1371 -1269.1628
-1256.5643 -1277.1371 -1268.0583
-1256.5643 -1275.6249 -1267.2428
-1256.5643 -1275.0779 -1266.7925
-1249.7821 -1274.9486 -1265.8765
-1249.7821 -1273.3042 -1264.7329
-1237.5742 -1271.8837 -1262.9219
-1237.5742 -1270.9141 -1261.8324
-1237.5742 -1270.5423 -1260.9534
-1237.5742 -1267.4343 -1259.6606
-1231.5173 -1266.9379 -1258.3453
-1231.5173 -1263.8392 -1257.2676
-1231.5173 -1263.8392 -1256.6212
-1231.5173 -1263.8392 -1255.8811
-1217.9433 -1263.8392 -1254.0889
-1217.9433 -1263.8392 -1252.9402
-1217.9433 -1263.8392 -1251.6216
-1217.9433 -1263.8392 -1249.4205
-1217.9433 -1261.5740 -1247.3308
-1217.9433 -1260.9656 -1244.5456
-1217.9433 -1259.9615 -1241.4809
-1217.9433 -1256.5781 -1239.4998
-1217.9433 -1256.5643 -1237.9494
-1217.9433 -1254.9995 -1236.3811
-1217.9433 -1250.4724 -1233.3131
-1216.5731 -1247.3681 -1230.6045
-1216.5731 -1244.0042 -1228.8371
-1208.6646 -1241.5614 -1227.2746
-1208.6646 -1237.5742 -1225.1297
-1208.6646 -1234.6360 -1223.3725
-1208.6646 -1232.1823 -1221.7598
-1208.6646 -1231.5173 -1220.8158
-1208.6646 -1230.8343 -1219.7976
-1208.6646 -1227.0937 -1219.0255
-1208.6646 -1225.3481 -1218.5278
-1207.1061 -1224.7624 -1217.4569
-1207.1061 -1224.0574 -1216.7916
-1203.1989 -1223.5995 -1215.5388
-1203.1989 -1221.2618 -1214.1203
-1203.1989 -1219.9382 -1213.4694
-1203.1989 -1218.3789 -1212.9872
-1203.1989 -1217.9433 -1212.5929
-1203.1989 -1217.9433 -1212.0050
-1203.1989 -1217.9433 -1211.1591
-1203.1989 -1217.9433 -1210.5266
-1201.5527 -1217.7219 -1209.7154
-1201.5527 -1217.5571 -1208.9077
-1201.5527 -1216.5731 -1208.0006
-1200.0072 -1214.3037 -1207.1668
-1200.0072 -1213.2288 -1206.5013
-1200.0072 -1212.5735 -1206.1209
-1200.0072 -1210.2954 -1205.4504
-1199.1517 -1208.6646 -1204.9155
-1199.1517 -1208.6646 -1204.6021
-1199.1517 -1208.6646 -1204.0147
-1199.1517 -1208.6646 -1203.7285
-1191.5102 -1208.0933 -1202.7780
-1191.5102 -1207.1061 -1202.3104
-1191.5102 -1206.7885 -1201.7641
-1191.5102 -1204.1974 -1200.9656
-1191.5102 -1203.3015 -1200.5598
-1176.8723 -1203.1989 -1199.7974
-1176.8723 -1203.1989 -1199.0309
-1176.8723 -1203.1989 -1198.5044
-1176.8723 -1203.1989 -1197.6005
-1176.8723 -1203.1989 -1197.0687
-1176.8723 -1203.0778 -1196.4200
-1176.8723 -1202.9336 -1195.8340
-1171.0098 -1202.6010 -1194.5393
-1171.0098 -1201.5527 -1193.5234
-1171.0098 -1200.9039 -1191.8724
-1171.0098 -1200.0072 -1189.8272
-1170.5281 -1199.7882 -1187.8563
-1170.5281 -1199.6680 -1187.1009
-1170.5281 -1199.1517 -1186.2942
-1170.5281 -1199.1306 -1184.5863
-1155.0110 -1198.4137 -1182.3114
-1155.0110 -1196.4206 -1180.2404
-1155.0110 -1191.5102 -1177.9212
-1143.5233 -1190.7361 -1175.3901
-1143.5233 -1189.3147 -1174.0447
-1143.5233 -1186.9267 -1172.8949
-1143.5233 -1185.4112 -1171.0625
-1143.5233 -1180.5442 -1168.9391
-1143.5233 -1176.8723 -1166.6160
-1143.5233 -1176.8723 -1165.1210
-1143.5233 -1176.8723 -1163.7447
-1143.5233 -1175.5396 -1161.6697
-1143.5233 -1173.5771 -1159.4134
-1143.5233 -1171.0098 -1157.8153
-1143.5233 -1171.0098 -1157.1746
-1143.5233 -1170.5281 -1156.5818
-1138.8127 -1168.8605 -1154.3504
-1138.8127 -1166.8054 -1152.4478
-1130.2192 -1163.7314 -1149.7075
-1130.2192 -1158.5268 -1148.0245
-1130.2192 -1155.9653 -1146.2874
-1130.2192 -1155.3865 -1145.3943
-1130.2192 -1154.8640 -1143.5276
-1130.2192 -1152.7447 -1142.1345
-1130.2192 -1152.2011 -1141.4926
-1130.2192 -1149.0576 -1140.1631
-1130.2192 -1148.4751 -1139.6652
-1130.2192 -1147.8491 -1139.0919
-1130.2192 -1145.7798 -1138.3370
-1130.2192 -1143.5233 -1137.5740
-1130.2192 -1143.5233 -1136.9623
-1130.2192 -1143.5233 -1136.6341
-1129.1460 -1143.5233 -1135.9136
-1129.1460 -1143.0724 -1135.3982
-1129.1460 -1140.8970 -1134.8645
-1129.1460 -1140.4172 -1134.4400
-1125.5336 -1138.8383 -1133.7214
-1125.5336 -1138.8127 -1133.4553
-1125.5336 -1138.6702 -1132.8241
-1125.5336 -1138.1934 -1132.5331
-1125.5336 -1137.4866 -1131.8596
-1125.5336 -1136.8174 -1131.5328
-1125.5336 -1136.7285 -1131.1376
-1119.2256 -1135.6150 -1130.4272
-1119.2256 -1135.1801 -1129.9075
-1119.2256 -1134.8660 -1129.4472
-1119.2256 -1134.7144 -1128.9505
-1119.2256 -1133.0422 -1128.4471
-1119.2256 -1132.7398 -1128.1004
-1119.2256 -1132.6517 -1127.8301
-1119.2256 -1132.3954 -1127.2931
-1119.2256 -1130.2192 -1126.8331
-1119.2256 -1130.2192 -1126.2539
-1118.1972 -1130.2192 -1125.3877
-1118.1972 -1130.2192 -1125.1473
-1118.1972 -1130.2192 -1124.8131
-1117.8668 -1130.2192 -1124.2541
-1117.8668 -1129.6480 -1123.9945
-1117.8668 -1129.1460 -1123.6720
-1117.8668 -1129.1460 -1123.3035
-1114.0936 -1128.9431 -1122.3474
-1114.0936 -1127.5894 -1121.6243
-1114.0936 -1125.7560 -1120.7134
-1114.0936 -1125.5336 -1120.0321
-1114.0936 -1125.5336 -1119.6772
-1114.0936 -1125.5336 -1119.2304
-1114.0936 -1125.5336 -1119.0016
-1114.0936 -1124.4670 -1118.2360
-1114.0936 -1120.7250 -1117.6841
-1114.0936 -1120.4579 -1117.4773
-1114.0936 -1120.4579 -1117.3500
-1114.0936 -1119.2256 -1117.0392
-1114.0936 -1119.2256 -1116.7438
-1114.0936 -1119.2256 -1116.4345
-1114.0936 -1119.2256 -1116.2292
-1114.0936 -1119.2256 -1116.1266
-1114.0936 -1119.1566 -1115.9661
-1114.0936 -1118.1972 -1115.8172
-1114.0936 -1118.1972 -1115.6530
-1114.0936 -1118.1972 -1115.5710
-1113.7236 -1118.1972 -1115.3994
-1113.7236 -1117.8668 -1115.0703
-1113.7236 -1117.8668 -1114.9120
-1113.7236 -1117.8668 -1114.6855
-1113.7236 -1117.8668 -1114.5272
-1113.7236 -1117.0160 -1114.3225
-1113.7236 -1116.3500 -1114.2567
-1108.3545 -1115.3067 -1113.9250
-1108.3545 -1115.2909 -1113.7074
-1108.3545 -1114.0936 -1113.5467
-1108.3545 -1114.0936 -1113.3503
-1108.3545 -1114.0936 -1113.2324
-1108.3545 -1114.0936 -1113.0566
-1108.3545 -1114.0936 -1112.8270
-1108.3545 -1114.0936 -1112.6158
-1094.2600 -1114.0936 -1112.1043
-1094.2600 -1114.0936 -1111.5243
-1094.2600 -1114.0936 -1111.1245
-1094.2600 -1114.0936 -1110.3214
-1094.2600 -1114.0936 -1109.5456
-1094.2600 -1114.0936 -1109.0967
-1094.2600 -1114.0936 -1108.7000
-1094.2600 -1114.0936 -1108.0827
-1094.2600 -1113.9394 -1107.6079
-1094.2600 -1113.7236 -1107.0959
-1094.2600 -1113.7236 -1106.6219
-1094.2600 -1112.8211 -1105.7271
-1094.2600 -1112.7889 -1105.0077
-1094.2600 -1112.2850 -1104.1439
-1092.5560 -1111.0400 -1102.4072
-1081.1789 -1109.5529 -1101.0448
-1081.1789 -1108.3545 -1100.1371
-1081.1789 -1108.3545 -1099.4791
-1081.1789 -1108.3545 -1098.7935
-1081.1789 -1108.3545 -1098.2500
-1081.1789 -1108.1044 -1096.9711
-1081.1789 -1106.2633 -1095.7884
-1081.1789 -1105.3412 -1095.0035
-1081.1789 -1104.8686 -1094.2560
-1081.1789 -1104.3270 -1093.3133
-1081.1789 -1102.6329 -1092.0659
-1081.1789 -1100.9974 -1090.6254
-1081.1789 -1099.4494 -1089.7454
-1081.1789 -1095.0828 -1089.1936
-1081.1789 -1094.2600 -1088.5933
-1081.1789 -1094.2600 -1088.2412
-1081.1789 -1094.2600 -1087.5173
-1081.1789 -1094.2600 -1086.8288
-1081.1789 -1094.2600 -1086.5261
-1081.1789 -1094.2600 -1086.0835
-1081.1789 -1093.2212 -1085.2872
-1081.1789 -1092.8086 -1084.5727
-1080.5811 -1092.5560 -1083.8133
-1080.5811 -1091.2327 -1083.2060
-1080.0917 -1088.9723 -1082.6025
-1077.6930 -1087.8903 -1081.7107
-1076.6416 -1085.2041 -1081.2455
-1069.7720 -1084.2194 -1080.7538
-1069.7720 -1082.3344 -1080.0246
-1069.7720 -1081.3094 -1079.4707
-1069.7720 -1081.1789 -1079.2400
-1066.1425 -1081.1789 -1078.6403
-1066.1425 -1081.1789 -1078.0943
-1066.1425 -1081.1789 -1077.7935
-1066.1425 -1081.1789 -1077.0267
-1066.1425 -1081.1789 -1076.4296
-1066.1425 -1081.1789 -1076.0511
-1065.9989 -1081.1789 -1075.4259
-1065.9989 -1081.1789 -1074.6965
-1065.9989 -1081.1789 -1073.5779
-1065.9989 -1081.1789 -1072.6974
-1065.9989 -1080.5811 -1071.9870
-1065.9989 -1080.1382 -1071.6954
-1065.9989 -1080.0917 -1071.4018
-1065.9989 -1079.1905 -1070.6115
-1065.9989 -1077.6930 -1069.9683
-1065.9989 -1077.2916 -1069.1818
-1060.4203 -1076.3964 -1068.1581
-1060.4203 -1076.1220 -1067.6852
-1060.4203 -1072.8466 -1067.2342
-1060.4203 -1071.4635 -1066.9857
-1059.0402 -1070.8184 -1066.5041
-1059.0402 -1069.7720 -1066.1466
-1059.0402 -1069.7720 -1065.7589
-1056.3571 -1068.7004 -1064.6196
-1056.3571 -1067.7242 -1064.0099
-1056.3571 -1066.1425 -1063.5527
-1056.3571 -1066.1425 -1062.9873
-1056.3571 -1066.1425 -1062.4793
-1056.3571 -1065.9989 -1062.0655
-1056.3571 -1065.9989 -1061.8726
-1050.9909 -1065.9989 -1061.3796
-1050.9909 -1065.9989 -1060.7472
-1050.9909 -1065.9989 -1060.2509
-1048.4475 -1065.9989 -1059.0784
-1048.4475 -1065.9989 -1058.4526
-1046.1483 -1065.3076 -1057.3257
-1046.1483 -1060.4203 -1056.4975
-1046.1483 -1060.4203 -1056.1444
-1046.1483 -1060.4203 -1055.8417
-1046.1483 -1060.4203 -1055.1896
-1046.1483 -1059.8697 -1054.7155
-1046.1483 -1059.5597 -1054.4322
-1046.1483 -1059.1156 -1053.3940
-1046.1483 -1059.0402 -1052.6859
-1036.3818 -1058.3382 -1051.8378
-1036.3818 -1057.5642 -1050.9304
-1036.3818 -1056.7449 -1050.0037
-1036.3818 -1056.3571 -1049.2313
-1036.3818 -1056.3571 -1048.5342
-1036.3818 -1056.3571 -1047.8900
-1036.3818 -1053.5148 -1046.3554
-1036.3818 -1051.9652 -1045.3661
-1036.3818 -1051.0984 -1044.6474
-1036.3818 -1050.9909 -1044.2730
-1034.6778 -1049.4962 -1043.4339
-1034.6778 -1049.4751 -1042.8753
-1034.6778 -1048.4475 -1042.3549
-1034.6778 -1046.7946 -1041.6578
-1034.6778 -1046.1483 -1041.2259
-1034.6778 -1046.1483 -1040.7745
-1028.2843 -1046.1483 -1039.8281
-1028.2843 -1046.1483 -1039.4708
-1028.2843 -1046.1483 -1039.0074
-1028.2843 -1045.8003 -1037.9720
-1028.2843 -1044.9373 -1037.5324
-1027.2110 -1044.9373 -1036.8448
-1027.2110 -1044.2992 -1036.4269
-1022.9145 -1042.5188 -1035.1468
-1022.9145 -1042.4328 -1034.7547
-1022.9145 -1041.1771 -1034.2493
-1022.9145 -1040.8438 -1033.6873
-1022.9145 -1039.8470 -1033.0863
-1022.9145 -1038.6816 -1032.7427
-1022.9145 -1036.3818 -1032.2958
-1022.9145 -1036.3818 -1031.5902
-1022.9145 -1036.3818 -1030.9802
-1022.9145 -1036.3818 -1030.5274
-1022.9145 -1036.3818 -1030.0621
-1022.9145 -1036.3818 -1029.5581
-1022.9145 -1036.3818 -1029.2109
-1022.9145 -1035.8006 -1028.3956
-1022.9145 -1035.2551 -1028.1379
-1010.0551 -1034.6778 -1026.6961
-1010.0551 -1034.6778 -1026.0625
-1010.0551 -1032.4894 -1025.2005
-1010.0551 -1030.3592 -1024.3966
-1010.0551 -1029.7850 -1023.6148
-1010.0551 -1028.2843 -1022.8314
-1010.0551 -1028.2843 -1021.5519
-1010.0551 -1027.2110 -1021.1256
-1010.0551 -1027.0906 -1020.2948
-1008.7505 -1025.6576 -1018.9542
-1008.7505 -1024.3328 -1018.1624
-994.1126 -1022.9145 -1017.2095
-994.1126 -1022.9145 -1016.6335
-994.1126 -1022.9145 -1015.5864
-994.1126 -1022.9145 -1014.4090
-994.1126 -1022.9145 -1012.3122
-994.1126 -1022.9145 -1011.4411
-994.1126 -1021.6099 -1010.5305
-994.1126 -1020.6930 -1009.4736
-994.1126 -1020.0531 -1008.8156
-994.1126 -1017.5503 -1007.5948
-994.1126 -1014.8587 -1006.0359
-994.1126 -1013.7342 -1004.6905
-994.1126 -1013.5938 -1004.2544
-994.1126 -1012.7258 -1003.8648
-994.1126 -1010.9798 -1003.0297
-994.1126 -1010.0551 -1002.5390
-994.1126 -1010.0551 -1002.2201
-994.1126 -1010.0551 -1001.8789
-994.1126 -1010.0551 -1001.5147
-994.1126 -1010.0551 -1000.2952
-994.1126 -1009.8208 -999.5569
-994.1126 -1008.9352 -998.9207
-994.1126 -1007.7861 -997.8580
-994.1126 -1006.7067 -997.1000
-987.2030 -1003.3794 -995.5991
-987.2030 -1003.1667 -995.2756
-987.2030 -1002.6623 -994.6750
-984.1772 -999.4107 -993.6652
-984.1772 -995.3933 -993.0346
-984.1772 -994.1126 -992.7679
-984.1772 -994.1126 -992.5692
-984.1772 -994.1126 -992.3705
-981.1264 -994.1126 -991.9121
-981.1264 -994.1126 -991.5422
-981.1264 -994.1126 -991.0838
-981.1264 -994.1126 -990.5294
-981.1264 -994.1126 -990.2697
-981.1264 -994.1126 -990.0100
-981.1264 -994.1126 -989.5018
-981.1264 -994.1126 -989.0121
-980.8160 -994.1126 -988.1582
-980.8160 -994.1126 -987.7499
-980.8160 -994.1126 -987.3458
-980.8160 -994.1126 -986.8201
-980.8160 -994.1126 -986.1539
-979.1257 -994.1126 -985.2320
-978.0227 -993.5326 -984.4310
-978.0227 -989.0479 -983.7826
-978.0227 -988.5976 -983.4932
-978.0227 -987.2030 -982.8800
-978.0227 -987.0841 -982.3238
-978.0227 -986.9965 -981.9631
-978.0227 -986.9885 -981.6657
-975.3726 -985.1592 -980.9847
-973.0123 -984.1772 -980.4431
-973.0123 -984.1772 -979.9393
-973.0123 -984.1772 -979.7160
-973.0123 -983.9200 -979.3000
-973.0123 -981.6174 -978.9836
-973.0123 -981.1264 -978.7447
-973.0123 -981.1264 -978.5491
-973.0123 -981.1264 -978.3868
-973.0123 -981.1264 -978.1094
-973.0123 -981.1264 -977.8880
-973.0123 -981.1264 -977.5572
-973.0123 -981.1264 -977.3313
-964.7769 -980.8160 -976.4280
-964.7769 -980.8160 -975.9810
-964.7769 -980.8160 -975.6602
-964.7769 -980.3754 -975.2277
-964.7769 -980.1745 -974.8724
-955.4827 -978.3447 -973.9238
-955.4827 -978.1532 -973.3305
-955.4827 -978.0227 -972.8437
-955.4827 -978.0227 -971.2469
-955.4827 -978.0227 -970.5957
-955.4827 -978.0227 -970.0831
-952.4456 -975.8993 -968.4975
-952.4456 -975.3726 -967.5709
-952.4456 -974.8135 -966.9713
-952.4456 -973.5147 -965.9455
-952.4456 -973.0123 -964.6254
-952.4456 -973.0123 -964.0050
-952.4456 -973.0123 -962.3261
-952.4456 -973.0123 -961.5133
-952.4456 -972.9663 -960.4898
-952.4456 -972.8948 -959.3552
-952.4456 -967.9097 -957.9070
-952.4456 -964.9074 -957.0011
-952.4456 -964.7769 -956.5075
-952.4456 -964.7769 -956.0718
-952.4456 -964.7769 -955.6663
-952.4456 -964.4230 -955.0187
-951.2678 -962.9954 -954.5408
-951.2678 -962.3383 -954.3019
-951.2678 -957.1865 -953.7288
-949.3063 -956.2311 -953.4719
-946.9467 -956.0052 -953.1477
-946.9467 -955.4827 -952.9058
-946.9467 -955.4827 -952.6386
-946.9467 -955.4827 -952.4386
-946.9467 -955.4827 -952.1432
-944.8394 -955.3233 -951.7628
-944.8394 -954.0196 -951.3612
-944.8394 -953.8151 -951.1162
-944.8394 -953.4944 -950.7529
-944.8394 -952.9739 -950.5798
-944.8394 -952.5253 -950.1296
-944.8394 -952.4456 -949.7596
-944.8394 -952.4456 -949.6075
-944.8394 -952.4456 -949.4553
-944.8394 -952.4456 -949.3032
-941.5756 -952.4456 -948.8278
-941.5756 -952.4456 -948.6104
-941.5756 -952.4456 -947.9612
-941.5756 -952.4456 -947.5699
-941.5756 -952.4456 -947.3525
-941.5756 -951.2678 -946.7706
-941.5756 -951.2678 -946.1372
-941.5756 -951.2346 -945.9433
-941.5756 -951.0524 -945.7501
-941.5756 -949.3063 -945.2187
-941.5756 -948.3611 -944.7322
-941.5756 -948.3589 -944.5965
-941.5756 -946.9467 -944.3534
-941.5756 -946.9467 -944.0354
-937.9716 -946.9467 -943.6410
-937.9716 -946.9467 -943.4194
-937.9716 -946.9467 -943.0604
-937.9716 -946.9467 -942.7155
-937.9716 -946.7462 -942.4286
-937.9716 -945.3539 -942.2531
-937.9716 -945.3539 -942.1054
-937.9716 -944.8394 -941.6889
-928.7913 -944.8394 -941.1653
-928.7913 -944.8394 -940.5240
-928.7913 -944.8394 -940.1609
-928.7913 -943.8958 -939.5145
-928.7913 -941.8121 -938.9670
-928.7913 -941.7855 -938.5347
-928.7913 -941.5756 -938.1773
-928.7913 -941.5756 -937.7802
-928.7913 -941.5756 -937.2964
-927.8461 -941.5756 -936.7662
-918.9349 -941.5756 -936.0387
-918.9349 -941.5756 -934.8182
-918.9349 -941.5756 -934.3654
-918.9349 -941.1851 -933.2907
-918.9349 -939.4064 -932.5065
-917.4962 -938.2240 -931.5571
-917.4962 -937.9716 -930.9939
-917.4962 -937.9716 -930.3616
-917.4962 -937.9716 -929.5902
-917.4962 -937.9716 -929.1807
-917.4962 -936.7931 -927.1990
-917.4962 -934.8952 -926.1405
-917.4962 -932.1093 -925.0323
-917.4962 -932.1093 -924.6736
-915.7997 -930.6786 -923.8285
-915.7997 -929.4376 -923.5309
-915.7997 -928.7913 -922.8301
-915.7997 -928.7913 -922.3731
-915.7997 -928.7913 -921.6331
-915.7997 -928.7913 -921.3399
-915.7997 -928.7913 -920.8133
-915.7997 -928.3134 -919.9039
-915.7997 -927.1253 -919.4673
-915.7997 -926.7697 -918.9120
-915.7997 -925.6637 -918.2959
-915.7997 -923.9788 -917.8017
-915.7997 -919.6386 -917.4847
-907.2168 -918.9349 -917.1484
-907.2168 -918.9349 -916.8127
-907.2168 -918.9349 -916.5715
-907.2168 -918.9349 -916.3371
-907.2168 -918.9349 -915.8338
-907.2168 -918.9349 -915.5994
-907.2168 -918.8491 -915.3024
-907.2168 -918.5933 -915.0514
-906.6289 -917.4962 -914.4866
-906.6289 -917.4962 -914.2693
-906.6289 -917.4962 -914.0519
-906.6289 -917.4962 -913.8006
-906.6289 -917.4962 -913.5494
-906.6289 -917.4962 -913.0502
-906.6289 -917.4962 -912.8329
-906.6289 -917.4962 -912.4321
-906.6289 -917.0743 -912.0604
-906.6289 -915.7997 -911.7359
-906.6289 -915.7997 -911.4304
-906.6289 -915.7997 -911.1214
-903.4339 -915.7997 -910.6444
-903.4339 -915.7997 -910.3535
-903.4339 -915.7997 -909.9165
-903.4339 -915.7997 -909.4951
-903.4339 -915.7997 -909.0526
-903.4339 -915.6800 -908.4299
-903.4339 -913.6222 -907.6027
-903.4339 -912.0926 -907.0853
-903.4339 -911.3931 -906.9121
-903.4339 -911.2464 -906.7529
-903.4339 -910.0200 -906.5251
-903.4339 -910.0200 -906.2945
-901.8911 -909.6952 -906.0017
-901.8911 -907.2168 -905.6490
-901.8911 -907.2168 -905.4668
-901.8911 -907.2168 -905.2533
-901.8911 -907.2168 -905.1468
-901.8911 -907.2168 -904.9327
-901.8911 -907.2168 -904.8261
-901.8911 -907.2168 -904.7196
-901.8911 -907.1897 -904.5380
-901.8911 -906.6289 -904.3470
-897.4895 -906.6289 -903.9048
-897.4895 -906.6289 -903.6226
-897.4895 -906.6289 -903.3642
-897.4895 -906.6289 -903.1814
-897.4895 -906.3268 -902.9253
-897.4895 -906.0419 -902.5530
-897.4895 -906.0419 -902.2508
-897.4895 -905.2550 -902.0440
-897.4895 -904.6317 -901.8340
-896.8873 -903.5877 -901.5560
-896.8873 -903.4339 -901.4220
-896.8873 -903.4339 -901.1722
-896.8873 -903.4339 -900.8142
-893.3083 -903.4339 -900.4808
-888.9066 -903.4339 -899.8525
-888.9066 -903.4339 -899.5619
-888.9066 -903.4339 -899.2714
-888.9066 -903.4339 -898.8620
-888.9066 -903.4339 -898.5390
-888.9066 -902.8470 -898.0596
-888.9066 -901.8911 -897.0631
-888.9066 -901.8911 -896.6432
-888.9066 -901.8911 -896.1954
-888.9066 -901.8911 -895.7879
-888.9066 -901.8040 -895.3319
-888.9066 -899.4824 -894.5579
-888.9066 -898.0272 -893.9599
-888.9066 -897.4946 -893.7775
-879.7328 -897.4895 -893.0669
-879.7328 -897.4895 -892.4424
-879.7328 -897.4895 -892.0873
-879.7328 -897.4895 -891.2118
-879.7328 -897.1446 -890.8433
-879.7328 -896.8873 -889.7587
-879.7328 -896.4022 -888.9986
-879.7328 -896.4022 -888.6652
-879.7328 -896.3762 -888.3318
-879.7328 -895.2946 -887.6498
-879.7328 -894.1344 -887.3161
-879.7328 -893.3083 -887.0280
-879.7328 -893.3083 -886.7181
-879.7328 -892.4351 -886.2767
-879.7328 -891.5967 -886.0065
-879.7328 -890.2113 -885.4339
-879.7328 -889.9554 -885.1319
-879.7328 -888.9066 -884.9274
-879.7328 -888.9066 -884.4308
-879.7328 -888.9066 -884.0544
-879.7328 -888.9066 -883.8709
-879.7328 -888.9066 -883.3205
-879.7328 -888.9066 -882.9662
-879.7328 -888.9066 -882.7827
-879.7328 -888.9066 -882.3867
-879.7328 -888.9066 -882.1480
-878.0823 -888.3964 -881.3876
-871.0584 -886.8393 -880.8183
-871.0584 -886.1478 -880.4908
-871.0584 -885.6027 -879.6968
-871.0584 -885.2888 -879.0624
-867.4016 -881.3287 -878.4774
-867.4016 -879.7328 -878.1654
-867.4016 -879.7328 -877.9034
-867.4016 -879.7328 -877.5016
-867.4016 -879.7328 -877.2549
-867.4016 -879.7328 -876.9824
-867.4016 -879.7328 -876.5505
-867.4016 -879.7328 -876.3039
-867.4016 -879.7328 -876.0455
-867.4016 -879.7328 -875.6254
-867.4016 -879.7328 -875.1989
-867.4016 -879.7328 -874.9522
-867.4016 -879.7328 -874.7056
-867.4016 -879.7328 -874.4590
-867.4016 -879.7328 -873.6559
-867.4016 -879.7328 -873.2014
-867.4016 -879.7328 -872.4615
-867.4016 -879.7328 -872.1816
-867.4016 -879.5476 -871.7253
-867.4016 -879.1458 -871.2389
-867.4016 -878.7876 -870.5318
-867.4016 -878.7213 -870.3041
-867.4016 -878.0823 -869.6156
-867.4016 -878.0721 -869.2492
-867.4016 -873.6005 -868.4364
-867.4016 -871.0584 -868.2312
-867.4016 -871.0584 -868.1581
-865.9463 -871.0584 -867.9096
-865.9463 -871.0584 -867.8073
-865.9463 -870.4420 -867.4929
-865.9463 -870.1446 -867.4029
-865.9463 -868.1053 -867.2803
-865.9463 -867.5497 -867.2329
-865.9463 -867.4016 -867.1978
-865.9463 -867.4016 -867.1687
-865.9463 -867.4016 -867.1396
-861.8866 -867.4016 -867.0002
-861.8866 -867.4016 -866.8608
-861.8866 -867.4016 -866.7214
-861.8866 -867.4016 -866.6111
-861.8866 -867.4016 -866.5008
-861.8866 -867.4016 -866.3614
-861.8866 -867.4016 -866.2124
-861.8866 -867.4016 -866.0730
-861.8866 -867.4016 -865.9627
-861.8866 -867.4016 -865.8524
-861.8866 -867.4016 -865.7421
-861.8866 -867.4016 -865.6277
-861.8866 -867.4016 -865.5174
-861.8866 -867.4016 -865.2677
-861.8866 -867.4016 -865.1574
-861.8866 -867.4016 -864.9677
-861.8866 -867.4016 -864.8283
-861.8866 -867.4016 -864.7180
-861.8866 -867.4016 -864.6077
-861.8866 -867.4016 -864.3871
-861.8866 -867.4016 -864.2477
-861.8866 -867.4016 -863.9980
-860.4313 -867.1973 -863.6601
-860.4313 -865.9463 -863.3168
-860.4313 -865.9463 -863.0441
-860.4313 -865.9463 -862.9247
-860.4313 -865.9463 -862.7295
-860.4313 -865.9463 -862.6192
-860.4313 -865.9463 -862.4393
-860.4313 -865.4905 -862.0945
-860.4313 -864.6297 -861.9217
-860.4313 -864.3111 -861.8098
-860.4313 -864.1915 -861.7322
-860.4313 -863.4293 -861.5609
-860.4313 -861.8866 -861.4754
-860.4313 -861.8866 -861.4463
-860.4313 -861.8866 -861.4172
-860.4313 -861.8866 -861.3881
-860.4313 -861.8866 -861.3590
-860.4313 -861.8866 -861.3299
-860.4313 -861.8866 -861.3008
-860.4313 -861.8866 -861.2717
-860.4313 -861.8866 -861.1789
-856.4798 -861.8866 -861.0325
-856.4798 -861.8866 -860.9244
-856.4798 -861.8866 -860.8163
-856.4798 -861.8866 -860.6534
-856.4798 -861.8866 -860.5453
-856.4798 -861.8866 -860.4371
-856.4798 -861.8866 -860.3290
-856.4798 -861.8866 -860.1086
-856.4798 -861.8866 -859.8573
-856.4798 -861.8866 -859.7200
-856.4798 -861.8866 -859.5828
-856.4798 -861.7015 -859.3945
-856.4798 -861.6143 -859.1874
-856.4798 -860.4313 -859.0616
-856.0348 -860.4313 -858.8947
-856.0348 -860.4313 -858.8067
-856.0348 -860.4313 -858.7188
-856.0348 -860.4313 -858.6309
-856.0348 -860.4313 -858.5429
-856.0348 -860.4313 -858.4550
-856.0348 -860.4313 -858.3236
-856.0348 -860.4313 -858.2356
-856.0348 -860.4313 -857.9719
-856.0348 -860.4313 -857.8839
-856.0348 -860.4313 -857.6606
-856.0348 -860.4313 -857.5406
-856.0348 -860.4313 -857.2511
-856.0348 -860.4313 -856.9959
-856.0348 -860.4313 -856.7410
-856.0348 -859.1668 -856.6531
-856.0348 -858.9935 -856.4889
-856.0348 -858.2570 -856.3739
-856.0348 -857.7308 -856.3294
-856.0348 -857.1919 -856.2478
-853.6958 -856.4798 -856.1512
-853.6958 -856.4798 -856.0866
-853.6958 -856.4798 -856.0309
-853.6958 -856.4798 -855.9752
-853.6958 -856.4798 -855.9196
-853.6958 -856.4798 -855.8639
-853.6687 -856.4798 -855.7431
-853.6687 -856.4798 -855.6780
-853.6687 -856.4798 -855.5660
-853.6687 -856.4798 -855.4920
-853.6687 -856.4798 -855.4358
-853.6687 -856.1829 -855.3796
-853.6687 -856.0348 -855.3293
-853.6687 -856.0348 -855.2346
-853.6687 -856.0348 -855.1873
-853.6687 -856.0348 -855.1400
-853.6687 -856.0348 -855.0927
-853.6687 -856.0348 -854.9980
-853.6687 -856.0348 -854.9039
-853.6687 -856.0348 -854.8566
-853.6687 -856.0348 -854.7620
-853.6687 -856.0348 -854.6673
-853.6687 -856.0348 -854.5732
-853.6687 -856.0348 -854.5259
-853.6687 -856.0348 -854.4555
-853.6687 -856.0348 -854.3608
-852.2820 -856.0348 -854.1911
-852.2820 -856.0348 -854.0937
-852.2820 -856.0348 -853.9714
-852.2820 -856.0348 -853.7277
-852.2820 -856.0348 -853.6526
-852.2820 -854.8788 -853.5234
-852.2820 -853.6958 -853.4709
-852.2820 -853.6958 -853.4144
-852.2820 -853.6958 -853.3567
-852.2820 -853.6958 -853.3279
-852.2820 -853.6958 -853.2991
-852.2820 -853.6687 -853.2708
-852.2820 -853.6687 -853.2431
-852.2820 -853.6687 -853.2154
-852.2820 -853.6687 -853.1599
-852.2820 -853.6687 -853.1322
-852.2820 -853.6687 -853.1044
-852.2820 -853.6687 -853.0767
-852.2820 -853.6687 -853.0212
-852.2820 -853.6687 -852.9935
-852.2820 -853.6687 -852.9658
-852.2549 -853.6687 -852.9097
-852.2549 -853.6687 -852.8537
-852.2549 -853.6687 -852.8255
-852.2549 -853.6687 -852.7931
-852.2549 -853.6687 -852.7371
-852.2549 -853.6687 -852.7017
-851.8527 -853.6687 -852.6365
-851.8527 -853.6687 -852.6002
-851.8527 -853.6687 -852.5361
-851.8527 -853.6687 -852.4619
-851.8527 -853.6687 -852.4256
-851.8527 -853.6687 -852.3893
-851.8527 -853.6687 -852.3530
-851.8527 -853.4649 -852.2896
-851.8527 -853.1906 -852.2367
-851.8527 -852.2820 -852.1912
-851.8527 -852.2820 -852.1827
-851.8527 -852.2820 -852.1741
-851.8527 -852.2820 -852.1655
-851.8527 -852.2820 -852.1483
-851.8527 -852.2820 -852.1392
-851.8527 -852.2820 -852.1301
-851.8527 -852.2820 -852.1215
-851.8527 -852.2820 -852.1129
-851.8527 -852.2820 -852.1038
-851.8527 -852.2820 -852.0952
-851.8527 -852.2820 -852.0866
-850.4100 -852.2820 -852.0400
-850.4100 -852.2820 -852.0020
-850.4100 -852.2820 -851.9560
-850.4100 -852.2820 -851.9095
-850.4100 -852.2820 -851.8575
-850.4100 -852.2820 -851.8115
-849.4384 -852.2549 -851.6776
-849.4384 -852.2549 -851.6212
-849.4384 -852.2549 -851.5421
-849.4384 -852.2549 -851.4588
-849.4384 -852.2549 -851.3944
-844.4350 -852.2549 -851.0756
-844.4350 -852.2549 -850.9192
-842.0207 -851.8527 -850.5366
-842.0207 -851.8527 -850.2917
-842.0207 -851.8527 -850.0950
-842.0207 -851.8527 -849.8638
-842.0207 -851.8527 -849.5188
-842.0207 -851.8527 -849.3054
-842.0207 -851.8527 -849.0604
-842.0207 -851.8527 -848.7503
-842.0207 -851.8527 -848.3889
-842.0207 -851.8527 -848.1083
-842.0207 -851.8527 -847.8463
-842.0207 -851.8527 -847.4530
-842.0207 -851.8527 -846.8631
-842.0207 -851.0308 -846.4615
-842.0207 -850.9075 -845.9119
-842.0207 -850.4100 -845.3792
-842.0207 -850.4100 -845.0919
-842.0207 -850.4100 -844.7723
-839.8460 -850.2482 -844.3933
-839.8460 -849.4384 -844.0180
-839.8460 -849.4384 -843.8261
-839.8460 -849.4384 -843.4424
-839.8460 -849.4384 -843.0504
-839.8460 -848.4688 -842.6936
-839.8460 -846.9501 -842.2816
-839.8460 -844.4350 -842.0498
-839.8460 -844.4350 -841.8801
-839.8460 -844.4350 -841.7884
-839.8460 -844.4350 -841.6294
-837.8876 -842.2636 -841.2962
-837.8876 -842.0207 -841.1126
-837.8876 -842.0207 -841.0300
-837.8876 -842.0207 -840.9473
-837.8876 -842.0207 -840.8647
-837.8876 -842.0207 -840.7820
-837.8876 -842.0207 -840.6993
-837.8876 -842.0207 -840.5340
-837.8876 -842.0207 -840.4513
-837.8876 -842.0207 -840.3687
-837.8876 -842.0207 -840.2860
-837.8876 -842.0207 -840.0772
-837.8876 -842.0207 -839.9945
-837.8876 -842.0207 -839.9119
-837.8876 -842.0207 -839.8292
-837.8876 -842.0207 -839.7466
-827.2409 -842.0207 -839.3683
-827.2409 -842.0207 -838.9900
-827.2409 -842.0207 -838.6944
-827.2409 -842.0207 -838.2889
-827.2409 -842.0207 -837.6977
-827.2409 -841.0755 -837.3271
-827.2409 -839.9942 -836.9866
-827.2409 -839.8460 -836.7314
-827.2409 -839.8460 -836.3522
-827.2409 -839.8460 -836.0151
-827.2409 -839.8460 -835.4246
-827.2409 -839.8460 -834.9506
-827.2409 -839.8460 -834.6985
-827.2409 -839.8460 -834.2990
-827.2409 -838.6957 -833.8425
-827.2409 -837.8876 -833.2832
-827.2409 -837.8876 -832.8573
-827.2409 -837.8876 -832.3994
-823.1936 -837.8876 -831.4733
-823.1936 -837.8876 -830.7536
-823.1936 -837.8876 -830.3424
-823.1936 -837.8876 -829.5417
-823.1936 -837.8876 -828.9733
-823.1936 -835.5976 -828.3601
-823.1936 -835.4495 -828.1120
-823.1936 -833.7188 -827.6607
-823.1936 -832.0233 -827.3113
-823.1936 -832.0233 -826.9581
-823.1936 -832.0051 -826.7815
-823.1936 -831.1924 -826.4189
-823.1936 -830.3512 -826.1657
-823.1936 -829.9115 -826.0226
-823.1936 -827.2409 -825.8358
-823.1936 -827.2409 -825.7548
-823.1936 -827.2409 -825.5929
-823.1936 -827.2409 -825.4310
-823.1936 -827.2409 -825.3501
-823.1936 -827.2409 -825.2684
-823.1936 -827.2409 -825.1867
-823.1936 -827.2409 -825.0248
-823.1936 -827.2409 -824.9439
-823.1936 -827.2409 -824.7820
-823.1936 -827.2409 -824.6201
-823.1936 -827.2409 -824.4582
-823.1936 -827.2409 -824.3773
-823.1936 -827.2409 -824.2963
-823.1936 -827.2409 -824.0931
-823.1936 -827.2409 -824.0121
-823.1936 -827.2409 -823.9312
-823.1936 -827.2042 -823.6747
-823.1936 -827.2042 -823.5143
-823.1936 -826.5575 -823.4341
-823.1936 -826.5333 -823.3668
-823.1936 -823.8974 -823.2077
-823.1936 -823.1936 -823.1936
-823.1936 -823.1936 -823.1936
-823.1936 -823.1936 -823.1936
-823.1936 -823.1936 -823.1936
-823.1936 -823.1936 -823.1936
-823.1936 -823.1936 -823.1936
-823.1936 -823.1936 -823.1936
-823.1936 -823.1936 -823.1936
-823.1936 -823.1936 -823.1936
-822.7644 -823.1936 -823.1850
-822.7644 -823.1936 -823.1764
-822.7644 -823.1936 -823.1679
-822.7644 -823.1936 -823.1593
-822.7644 -823.1936 -823.1507
-822.7644 -823.1936 -823.1421
-822.7644 -823.1936 -823.1335
-822.7644 -823.1936 -823.1249
-822.7644 -823.1936 -823.1078
-822.7644 -823.1936 -823.0992
-822.7644 -823.1936 -823.0820
-822.7644 -823.1936 -823.0648
-822.7644 -823.1936 -823.0563
-822.7277 -823.1936 -823.0384
-822.7277 -823.1936 -823.0119
-822.7277 -823.1936 -822.9854
-822.7277 -823.1936 -822.9675
-822.7277 -823.1936 -822.9582
-822.7277 -823.1936 -822.9488
-822.7277 -823.1936 -822.9302
-822.7277 -823.1936 -822.9123
-822.7277 -823.1936 -822.8937
-822.7277 -823.1936 -822.8657
-822.7277 -823.1936 -822.8564
