-5081.6888 -5753.9173 -5509.9595
-5081.6888 -5566.4554 -5369.9005
-5077.4554 -5376.3476 -5275.4044
-4959.7716 -5306.0483 -5198.0043
-4959.7716 -5210.0832 -5130.7389
-4959.7716 -5144.7040 -5084.1901
-4862.2312 -5103.1004 -5045.0676
-4821.5159 -5063.8081 -5004.4128
-4821.5159 -5020.0208 -4968.8278
-4821.3294 -4988.6615 -4926.9112
-4804.4205 -4952.0655 -4888.7292
-4804.4205 -4906.5470 -4858.6947
-4750.6263 -4865.5789 -4830.9229
-4715.6559 -4838.9639 -4803.4047
-4642.4635 -4812.8401 -4777.2717
-4604.2368 -4789.4605 -4746.3434
-4604.2368 -4764.5802 -4722.1308
-4586.3854 -4748.4846 -4694.1358
-4568.4883 -4711.1301 -4658.8190
-4568.4883 -4680.3933 -4633.0935
-4526.3526 -4642.4635 -4605.4634
-4496.1579 -4617.3766 -4584.9612
-4496.1579 -4595.3146 -4562.0782
-4426.6367 -4574.7793 -4538.9230
-4426.6367 -4551.8549 -4514.9944
-4426.6367 -4526.3526 -4494.7423
-4422.8791 -4500.4532 -4476.3596
-4362.9428 -4482.9851 -4458.7344
-4362.9428 -4467.9261 -4440.3725
-4354.3497 -4455.2879 -4417.9897
-4326.9823 -4426.6367 -4396.6939
-4300.5098 -4410.2850 -4370.2427
-4285.9493 -4383.5307 -4346.9749
-4264.4282 -4358.2422 -4329.0161
-4245.3143 -4333.7931 -4308.4343
-4217.5848 -4317.9218 -4293.5637
-4205.3319 -4302.2526 -4269.2023
-4129.3988 -4286.9812 -4248.5739
-4129.3988 -4267.6991 -4229.5396
-4118.2400 -4240.3298 -4208.0642
-4106.7030 -4224.6095 -4191.1782
-4081.6346 -4210.1422 -4167.9741
-4081.6346 -4184.8847 -4145.6836
-4047.1390 -4156.4330 -4127.3450
-4047.1390 -4138.6398 -4110.8986
-4047.1390 -4126.7817 -4101.1044
-3972.0044 -4112.8338 -4076.6812
-3922.0589 -4085.6299 -4054.8610
-3922.0589 -4064.5337 -4033.0830
-3922.0589 -4047.1390 -4012.9982
-3922.0589 -4035.3289 -3994.6595
-3920.2150 -4015.0167 -3974.5173
-3895.9328 -3981.4506 -3949.5896
-3871.5706 -3956.5787 -3929.8723
-3867.6857 -3939.9975 -3915.5330
-3849.9614 -3924.7063 -3903.4708
-3836.4627 -3915.9252 -3890.5889
-3817.1477 -3900.7686 -3873.5772
-3791.2482 -3883.6576 -3858.4904
-3753.2566 -3868.8798 -3846.8139
-3753.2566 -3860.7382 -3834.4309
-3753.2566 -3849.9614 -3821.0748
-3742.1206 -3839.3357 -3805.1347
-3736.0713 -3822.0874 -3786.3156
-3693.7066 -3800.1890 -3767.6267
-3693.7066 -3785.2599 -3755.6025
-3693.7066 -3770.4714 -3742.0742
-3672.0651 -3749.5759 -3727.4645
-3672.0651 -3736.0713 -3715.5274
-3586.2272 -3728.2057 -3700.9808
-3575.2128 -3717.5293 -3686.8257
-3529.7278 -3699.6213 -3669.5353
-3527.0011 -3689.1943 -3648.5934
-3513.8468 -3677.6857 -3626.6896
-3513.8468 -3657.5438 -3598.1894
-3487.0355 -3625.8316 -3573.8654
-3487.0355 -3589.1783 -3551.8970
-3452.0351 -3575.2128 -3534.4055
-3452.0351 -3553.4958 -3519.7119
-3441.7144 -3535.6558 -3508.1994
-3380.1275 -3525.0654 -3494.2398
-3380.1275 -3512.5386 -3478.7756
-3380.1275 -3497.7364 -3461.7686
-3341.3112 -3482.3789 -3443.7273
-3341.3112 -3465.3053 -3426.7905
-3341.3112 -3450.6480 -3409.8123
-3337.3692 -3426.7497 -3393.7426
-3332.3791 -3413.8725 -3378.8112
-3332.3791 -3392.2779 -3367.4425
-3319.8941 -3380.1275 -3356.1032
-3304.5179 -3371.1694 -3347.3634
-3301.0529 -3360.2336 -3338.5866
-3287.4118 -3350.8759 -3330.7455
-3258.7361 -3341.3112 -3321.3749
-3258.7361 -3336.4851 -3311.0956
-3258.7361 -3327.9987 -3302.9455
-3231.2746 -3318.2189 -3296.1382
-3231.2746 -3309.9663 -3288.5763
-3216.2100 -3297.0257 -3276.2745
-3210.7716 -3287.2663 -3263.5576
-3195.3750 -3278.5653 -3251.9479
-3195.3750 -3268.6450 -3243.3500
-3149.3148 -3258.7361 -3234.1174
-3149.3148 -3249.5776 -3225.1423
-3148.3662 -3233.8242 -3212.5632
-3148.3662 -3230.7448 -3205.8711
-3111.6971 -3220.6380 -3192.6255
-3111.6971 -3210.7716 -3180.6665
-3081.7612 -3195.3750 -3162.2488
-3081.7612 -3181.2688 -3148.0819
-3081.7612 -3165.4477 -3130.9966
-3069.5157 -3148.3662 -3121.8520
-3069.5157 -3137.3508 -3113.4671
-3054.1956 -3129.7214 -3105.7199
-3054.1956 -3120.3993 -3097.6553
-3050.3717 -3111.6971 -3086.8591
-3049.2828 -3090.8972 -3073.5560
-2998.1406 -3081.6701 -3066.0363
-2998.1406 -3074.5065 -3058.7164
-2998.1406 -3069.5157 -3051.9925
-2952.9377 -3066.3734 -3044.9829
-2952.9377 -3054.1956 -3028.5775
-2952.9377 -3048.1208 -3014.8671
-2944.2127 -3034.2802 -3002.1163
-2944.2127 -3020.2636 -2990.0085
-2941.1705 -3010.5518 -2982.9397
-2907.5908 -2999.0957 -2973.3423
-2907.5908 -2990.0745 -2960.3377
-2881.2604 -2978.6960 -2950.0862
-2881.2604 -2964.6035 -2941.1446
-2881.2604 -2954.5444 -2932.4120
-2881.2604 -2945.4249 -2925.6341
-2881.2604 -2941.9945 -2919.2430
-2840.9856 -2933.5777 -2906.4733
-2840.9856 -2921.9428 -2896.6329
-2829.0838 -2907.6007 -2884.6117
-2806.8695 -2900.0324 -2873.3368
-2806.8695 -2885.4321 -2864.1873
-2806.8695 -2881.2604 -2856.7983
-2806.8695 -2873.9683 -2850.7153
-2806.8695 -2863.8811 -2843.6058
-2752.5654 -2856.7249 -2835.8866
-2752.5654 -2848.7234 -2826.9124
-2742.5985 -2842.4637 -2819.1131
-2717.7681 -2835.2716 -2807.5084
-2717.7681 -2826.1290 -2798.8374
-2716.6925 -2818.5341 -2785.8433
-2696.2905 -2806.8695 -2768.4648
-2692.8905 -2793.8661 -2754.8874
-2692.8905 -2790.4952 -2744.9805
-2652.5942 -2764.6154 -2733.3816
-2652.5942 -2752.5654 -2723.5662
-2642.5745 -2737.4959 -2710.2063
-2642.5745 -2720.8015 -2700.3508
-2630.2185 -2715.1359 -2689.9711
-2621.8195 -2710.3152 -2680.5434
-2615.3323 -2698.8847 -2669.2844
-2615.3323 -2688.8064 -2656.9360
-2615.3323 -2672.3703 -2650.6231
-2612.9181 -2663.1209 -2643.8373
-2586.6683 -2656.5660 -2635.3606
-2576.4784 -2648.9278 -2626.0608
-2576.4784 -2638.6164 -2616.2726
-2576.4784 -2630.2185 -2609.1221
-2576.4784 -2621.8195 -2602.8520
-2571.9666 -2615.3323 -2600.2067
-2517.9235 -2611.4874 -2593.5277
-2517.9235 -2605.6812 -2587.9749
-2517.9235 -2598.6640 -2578.8903
-2467.4880 -2592.1134 -2568.6998
-2467.4880 -2586.6683 -2559.8728
-2467.4880 -2579.1275 -2550.5344
-2467.4880 -2575.5554 -2539.7630
-2453.5308 -2566.1826 -2530.7043
-2453.5308 -2549.6274 -2517.9754
-2453.5308 -2540.1663 -2506.0093
-2453.5308 -2524.6959 -2492.6578
-2453.5308 -2506.5638 -2484.5644
-2447.9190 -2498.9303 -2479.1537
-2436.9011 -2494.4790 -2472.8876
-2436.9011 -2486.2291 -2467.1040
-2434.1357 -2477.7013 -2462.0978
-2396.6194 -2473.5535 -2458.0189
-2396.6194 -2467.8366 -2452.7636
-2396.6194 -2467.2425 -2448.2032
-2390.1280 -2463.0047 -2440.1048
-2383.9433 -2455.6552 -2433.6355
-2383.9433 -2447.9923 -2425.4620
-2369.7979 -2443.7596 -2418.8494
-2349.3587 -2433.7858 -2409.4058
-2349.3587 -2422.9434 -2398.2369
-2349.3587 -2419.8060 -2391.8335
-2317.2009 -2411.6327 -2386.0771
-2317.2009 -2403.0179 -2377.0116
-2317.2009 -2391.5272 -2367.9012
-2317.2009 -2384.4943 -2360.7065
-2317.2009 -2380.7664 -2356.5937
-2315.1481 -2371.5996 -2351.5015
-2310.2904 -2363.0849 -2344.3310
-2285.4639 -2358.4633 -2338.5124
-2285.4639 -2352.7150 -2333.8767
-2285.4639 -2349.3587 -2328.6445
-2285.4639 -2346.0736 -2325.5273
-2285.4639 -2343.6149 -2320.3655
-2268.6132 -2333.6790 -2315.0628
-2235.1762 -2327.9432 -2305.8028
-2228.3102 -2320.5022 -2298.0942
-2228.3102 -2317.2009 -2290.7659
-2228.3102 -2314.5824 -2283.5706
-2225.6942 -2302.9252 -2274.2356
-2225.6942 -2287.4845 -2265.6709
-2209.2239 -2282.8706 -2258.7663
-2209.2239 -2274.9103 -2251.0162
-2209.2239 -2266.6324 -2243.4913
-2201.3359 -2258.5616 -2236.8424
-2193.3354 -2253.1756 -2231.6307
-2193.3354 -2246.7508 -2228.2340
-2176.0993 -2241.9846 -2220.7385
-2176.0993 -2235.1762 -2216.6882
-2176.0993 -2231.9042 -2212.4015
-2176.0993 -2228.3102 -2208.6159
-2176.0993 -2226.4502 -2205.7677
-2176.0993 -2221.3259 -2202.1727
-2176.0993 -2213.0431 -2197.5776
-2175.2382 -2209.2239 -2193.6098
-2175.1274 -2206.0116 -2189.8242
-2175.1274 -2201.3359 -2187.6669
-2156.1525 -2196.0134 -2183.0324
-2142.3028 -2192.5897 -2179.5037
-2142.3028 -2189.4761 -2175.9229
-2142.3028 -2186.0529 -2173.7104
-2142.3028 -2180.1749 -2170.2971
-2142.3028 -2178.1506 -2168.4937
-2142.3028 -2176.0993 -2165.8890
-2142.3028 -2175.9554 -2164.2220
-2116.9198 -2174.9440 -2161.1341
-2116.9198 -2173.3093 -2157.3926
-2116.9198 -2172.1863 -2155.2728
-2104.3984 -2168.0519 -2150.9345
-2098.0756 -2165.1541 -2145.5221
-2098.0756 -2159.0745 -2139.6250
-2098.0756 -2152.2126 -2133.2527
-2077.4449 -2147.6050 -2129.3527
-2077.4449 -2144.8710 -2125.5968
-2077.4449 -2142.3028 -2120.4911
-2077.4449 -2138.0395 -2114.4420
-2077.4449 -2130.2360 -2109.6710
-2069.2731 -2125.4185 -2104.7887
-2069.2731 -2117.3292 -2100.0636
-2069.2731 -2116.2129 -2097.8230
-2069.2731 -2112.3882 -2092.9181
-2051.9615 -2104.3984 -2087.0198
-2043.6944 -2100.1998 -2083.1685
-2043.6944 -2098.0756 -2080.0288
-2043.6944 -2096.1391 -2076.2344
-2020.9750 -2090.2471 -2072.2395
-2020.9750 -2084.3842 -2067.7359
-2020.9750 -2081.2137 -2064.8422
-2020.9750 -2077.4449 -2061.0553
-2020.9750 -2074.0341 -2053.9720
-1997.9184 -2069.2731 -2048.6543
-1997.9184 -2065.5178 -2042.8361
-1997.9184 -2059.1099 -2038.2717
-1997.9184 -2055.1794 -2035.7954
-1997.9184 -2048.4208 -2031.8143
-1991.0649 -2043.6944 -2027.2190
-1989.9004 -2042.3773 -2024.1859
-1984.0251 -2039.5272 -2020.6310
-1971.2027 -2034.2921 -2013.8784
-1971.2027 -2030.8818 -2008.5004
-1971.2027 -2024.3869 -2003.3073
-1971.2027 -2023.6690 -2000.6565
-1971.2027 -2020.9750 -1997.5053
-1965.6612 -2015.1102 -1991.5032
-1965.6612 -2003.3585 -1985.9735
-1965.6612 -1997.9184 -1983.9484
-1959.0466 -1993.4045 -1980.6552
-1959.0466 -1991.2457 -1978.7266
-1959.0466 -1990.8066 -1976.7331
-1937.4523 -1987.1921 -1972.5861
-1937.4523 -1983.2050 -1969.2708
-1937.4523 -1976.1932 -1966.8062
-1937.4523 -1973.4631 -1964.8587
-1937.4523 -1971.2027 -1962.3500
-1926.0521 -1971.2027 -1959.7904
-1926.0521 -1969.4648 -1958.0261
-1926.0521 -1967.7544 -1954.6217
-1926.0521 -1966.3909 -1952.7772
-1923.4692 -1964.6703 -1948.6993
-1923.4692 -1961.6469 -1946.2990
-1920.1183 -1959.0466 -1941.1681
-1909.5895 -1956.6177 -1936.9611
-1909.5895 -1952.0426 -1933.6628
-1909.5895 -1940.7626 -1929.8783
-1909.5895 -1937.5922 -1928.8087
-1909.5895 -1937.4523 -1927.5541
-1909.5895 -1936.6425 -1926.0826
-1909.5895 -1934.9918 -1924.0467
-1888.6346 -1929.4414 -1920.0200
-1888.6346 -1926.8410 -1917.1677
-1888.6346 -1926.0521 -1913.8168
-1888.6346 -1923.4692 -1910.2183
-1888.6346 -1920.2871 -1907.4432
-1888.6346 -1916.1920 -1903.6428
-1888.6346 -1912.5612 -1901.8557
-1888.6346 -1909.6554 -1900.1010
-1881.9230 -1909.5895 -1898.5483
-1881.9230 -1909.3923 -1896.8108
-1862.2517 -1904.8553 -1894.1430
-1862.2517 -1902.3726 -1891.9801
-1835.8406 -1898.5696 -1887.6399
-1835.8406 -1896.9932 -1885.6681
-1835.8406 -1895.1920 -1882.6465
-1835.8406 -1892.2725 -1880.0700
-1835.8406 -1889.9560 -1876.0422
-1835.8406 -1888.6346 -1874.1580
-1835.0593 -1888.6346 -1870.3476
-1835.0593 -1884.9429 -1867.5420
-1829.3360 -1883.2197 -1863.4552
-1829.3360 -1881.4058 -1860.7115
-1829.3360 -1878.0766 -1856.8843
-1829.3360 -1873.9162 -1854.1723
-1829.3360 -1872.5088 -1851.1900
-1803.8977 -1865.3255 -1845.7626
-1803.8977 -1860.9378 -1842.4715
-1803.8977 -1856.6063 -1839.1179
-1778.2046 -1852.3924 -1833.7033
-1778.2046 -1848.7329 -1831.3647
-1778.2046 -1845.6633 -1827.7289
-1778.2046 -1839.8524 -1823.8234
-1770.6660 -1835.8406 -1818.5784
-1770.6660 -1835.0593 -1812.1123
-1770.6660 -1830.1576 -1807.5253
-1770.6660 -1829.3360 -1801.0007
-1725.4205 -1819.3092 -1793.2155
-1725.4205 -1818.3580 -1790.1013
-1725.4205 -1807.8435 -1783.8349
-1725.4205 -1799.4485 -1778.1222
-1725.4205 -1794.3337 -1774.8719
-1725.4205 -1791.4363 -1770.4535
-1725.4205 -1785.2793 -1765.1685
-1724.4280 -1780.5435 -1762.2624
-1724.4280 -1778.2046 -1757.4004
-1724.4280 -1774.2972 -1752.7958
-1724.4280 -1770.6660 -1747.8568
-1724.4280 -1769.3266 -1744.3637
-1720.6747 -1765.9912 -1740.4767
-1713.5317 -1754.4268 -1734.3669
-1713.5317 -1749.3652 -1731.2596
-1713.5317 -1746.0080 -1728.7024
-1713.5317 -1737.4881 -1726.7180
-1713.5317 -1736.5447 -1726.0706
-1713.5317 -1731.4952 -1724.7829
-1710.4449 -1729.5260 -1723.3025
-1710.4449 -1729.3095 -1722.7199
-1710.4449 -1729.0145 -1722.1059
-1694.4834 -1727.0132 -1720.4145
-1694.4834 -1726.7864 -1719.0097
-1685.8334 -1725.4205 -1716.7827
-1685.8334 -1725.4205 -1715.1219
-1685.8334 -1724.4280 -1713.0404
-1679.3010 -1721.3602 -1710.5210
-1679.3010 -1720.6747 -1709.5575
-1679.3010 -1719.6289 -1707.3306
-1679.3010 -1715.3951 -1703.9180
-1659.5277 -1713.5317 -1700.3131
-1659.5277 -1712.9608 -1697.9828
-1659.5277 -1710.4449 -1692.5126
-1659.5277 -1709.4144 -1689.9453
-1659.5277 -1706.0142 -1685.7274
-1659.5277 -1699.8120 -1683.3173
-1659.5277 -1694.9534 -1681.7160
-1659.5277 -1694.2678 -1679.4913
-1659.5277 -1691.1171 -1677.8087
-1659.5277 -1688.8748 -1676.1815
-1659.5277 -1686.7310 -1674.7948
-1659.5277 -1685.8334 -1673.4560
-1659.5277 -1684.5477 -1671.6970
-1651.4012 -1682.8104 -1669.6810
-1651.4012 -1679.3010 -1667.6524
-1651.4012 -1678.1634 -1665.2041
-1651.4012 -1677.1103 -1663.6877
-1651.4012 -1674.5140 -1662.5048
-1641.5650 -1671.2431 -1659.8248
-1641.5650 -1667.9259 -1658.0134
-1633.8702 -1663.1469 -1656.2980
-1633.8702 -1662.1740 -1655.1562
-1633.8702 -1659.8180 -1654.0908
-1633.8702 -1659.5277 -1653.3787
-1633.8702 -1659.5277 -1652.0757
-1602.6052 -1659.5277 -1649.5530
-1602.6052 -1659.5277 -1646.7785
-1602.6052 -1658.7727 -1644.2510
-1602.6052 -1656.0143 -1641.8776
-1601.4958 -1654.1952 -1637.8618
-1585.3027 -1651.5562 -1632.8436
-1585.3027 -1649.7961 -1628.9487
-1585.3027 -1643.7598 -1626.0061
-1582.7527 -1640.5349 -1619.8813
-1572.8102 -1636.9358 -1613.6678
-1572.8102 -1633.8702 -1608.6226
-1572.8102 -1626.1544 -1603.4997
-1572.5293 -1618.2349 -1598.5333
-1572.5293 -1614.4809 -1595.8839
-1572.5293 -1610.0700 -1593.4811
-1563.1671 -1602.9954 -1590.2020
-1563.1671 -1602.7113 -1589.0542
-1563.1671 -1602.6052 -1587.3329
-1563.1671 -1600.4411 -1583.9845
-1563.1671 -1597.8060 -1582.5229
-1563.1671 -1596.4664 -1580.8565
-1563.1671 -1593.2863 -1579.1265
-1560.6085 -1590.8650 -1575.9928
-1560.6085 -1585.3027 -1574.0328
-1560.6085 -1583.8184 -1572.3948
-1560.6085 -1581.7449 -1571.1496
-1560.6085 -1580.7334 -1570.2457
-1560.6085 -1577.7081 -1569.1407
-1560.6085 -1576.2177 -1568.3684
-1534.3889 -1575.8074 -1566.5676
-1534.3889 -1573.9144 -1564.8424
-1534.3889 -1572.8102 -1563.7228
-1534.3889 -1571.5065 -1561.5397
-1534.3889 -1568.9277 -1559.6271
-1534.3889 -1567.6989 -1558.5577
-1534.3889 -1567.2850 -1557.3421
-1534.3889 -1564.1632 -1554.7639
-1523.6716 -1563.1671 -1552.3668
-1523.6716 -1562.3021 -1549.1611
-1523.6716 -1560.6085 -1546.2362
-1516.1611 -1560.1506 -1542.2503
-1516.1611 -1555.9393 -1538.9633
-1516.1611 -1551.2096 -1535.6821
-1516.1611 -1548.0286 -1533.5264
-1516.1611 -1542.7520 -1530.7619
-1516.1611 -1541.3829 -1530.2301
-1516.1611 -1537.9367 -1529.2205
-1499.2998 -1537.4193 -1527.9572
-1477.3056 -1534.3889 -1524.6913
-1477.3056 -1534.3889 -1523.3831
-1477.3056 -1534.3889 -1521.9281
-1474.4847 -1534.3889 -1518.1754
-1474.4847 -1529.0656 -1514.9114
-1474.4847 -1527.3798 -1511.6202
-1474.4847 -1525.3349 -1509.4386
-1474.4847 -1523.6716 -1506.9988
-1471.5082 -1523.6716 -1503.5716
-1471.5082 -1521.3007 -1501.6010
-1471.5082 -1516.1611 -1497.6794
-1471.5082 -1515.7716 -1494.6698
-1469.3617 -1510.4405 -1490.2179
-1469.3617 -1506.7238 -1487.5778
-1463.8593 -1501.8139 -1484.3249
-1463.8593 -1498.3020 -1479.4464
-1463.8593 -1493.7418 -1477.3516
-1463.8593 -1490.7382 -1476.3184
-1449.9757 -1485.6541 -1473.5974
-1449.9757 -1482.0354 -1472.2125
-1449.9757 -1479.6249 -1471.3328
-1449.9757 -1477.3056 -1469.6365
-1449.9757 -1477.3056 -1469.0493
-1449.9757 -1474.9404 -1467.6181
-1449.9757 -1474.4847 -1466.4425
-1449.9757 -1474.4847 -1465.8907
-1449.9757 -1473.8510 -1464.0778
-1449.9757 -1472.9955 -1463.3909
-1449.9757 -1471.6415 -1461.8043
-1449.9757 -1470.5091 -1460.4597
-1449.9757 -1469.3617 -1458.9237
-1445.8195 -1468.6586 -1457.3409
-1433.5848 -1466.5692 -1455.3177
-1433.5848 -1465.3060 -1453.7925
-1433.5848 -1463.3094 -1451.9987
-1433.5848 -1462.3393 -1450.7910
-1433.0736 -1461.5366 -1449.6094
-1433.0736 -1458.8611 -1448.1650
-1433.0736 -1456.1952 -1447.2934
-1433.0736 -1453.8173 -1446.7119
-1430.8919 -1451.7865 -1445.1912
-1430.8919 -1449.9757 -1443.5260
-1430.8919 -1449.9757 -1442.8430
-1430.8919 -1449.9757 -1441.4682
-1430.8919 -1449.9757 -1440.1122
-1430.8919 -1449.9757 -1438.2779
-1428.2745 -1448.5530 -1436.1785
-1428.2745 -1446.5158 -1434.7876
-1427.2620 -1442.2420 -1433.4591
-1424.4732 -1438.6996 -1432.1097
-1421.8670 -1435.8598 -1431.2715
-1420.6919 -1433.5945 -1430.6407
-1420.6919 -1433.5848 -1429.9042
-1420.6919 -1433.4188 -1429.4320
-1420.6919 -1433.0736 -1429.0168
-1420.6919 -1433.0736 -1428.4068
-1420.6919 -1433.0736 -1427.9651
-1416.5840 -1431.7607 -1427.2404
-1416.5840 -1431.2547 -1426.4804
-1416.5840 -1430.8919 -1425.8331
-1416.5840 -1430.8919 -1425.4917
-1414.3195 -1430.8919 -1424.3045
-1414.3195 -1430.1159 -1423.1542
-1414.3195 -1428.2745 -1422.7505
-1414.3195 -1428.2745 -1422.4714
-1414.3195 -1428.2745 -1422.0571
-1402.7007 -1427.2620 -1420.7355
-1402.7007 -1426.7595 -1419.5869
-1402.7007 -1424.4732 -1418.3311
-1402.2489 -1422.0645 -1416.8877
-1400.2481 -1421.8670 -1415.9369
-1400.2481 -1421.1095 -1414.9990
-1400.2481 -1420.6919 -1414.5058
-1394.2858 -1420.2591 -1412.5951
-1394.2858 -1419.6912 -1411.8547
-1394.2858 -1418.5019 -1410.6225
-1394.2858 -1418.1599 -1409.5177
-1394.2858 -1416.9059 -1408.3556
-1394.2858 -1416.5840 -1407.7016
-1389.4630 -1416.5840 -1406.3865
-1389.4630 -1415.9934 -1404.7636
-1381.6762 -1414.3195 -1402.1333
-1381.6762 -1412.3090 -1400.6836
-1381.6762 -1409.5460 -1399.0921
-1381.6762 -1407.0132 -1397.9348
-1381.6762 -1405.6430 -1396.7431
-1381.6762 -1404.1778 -1396.0014
-1381.6762 -1403.4306 -1395.4809
-1381.6762 -1402.7007 -1394.7010
-1378.7597 -1402.2489 -1393.3491
-1378.7597 -1400.3394 -1392.2989
-1378.7597 -1400.2481 -1391.2547
-1378.7597 -1399.1489 -1390.5543
-1378.7597 -1395.4571 -1389.0640
-1377.6335 -1394.5091 -1388.0688
-1372.3064 -1394.2858 -1386.9851
-1372.3064 -1394.2858 -1385.9576
-1372.3064 -1394.2858 -1384.8229
-1372.3064 -1394.2030 -1383.8559
-1372.3064 -1392.3716 -1382.9878
-1365.5503 -1391.5540 -1381.9571
-1365.5503 -1390.8801 -1380.7003
-1365.5503 -1389.4630 -1379.5931
-1365.5503 -1384.7833 -1377.9770
-1365.5503 -1383.8968 -1377.3749
-1365.5503 -1381.8353 -1376.5561
-1357.7177 -1381.6762 -1375.5903
-1357.7177 -1381.6762 -1374.1142
-1357.7177 -1380.4163 -1372.1838
-1342.7168 -1378.7597 -1370.7241
-1342.7168 -1378.7597 -1369.5815
-1342.7168 -1377.6335 -1367.3276
-1342.7168 -1376.5447 -1365.1263
-1342.7168 -1375.5959 -1363.8273
-1338.1954 -1373.2613 -1362.2147
-1338.1954 -1372.3064 -1361.3487
-1338.1954 -1372.2841 -1359.4100
-1338.1954 -1368.0418 -1356.8839
-1338.1954 -1365.5503 -1355.5314
-1338.1954 -1365.5503 -1353.0275
-1338.1954 -1365.1813 -1351.8071
-1338.1954 -1364.1496 -1350.3183
-1332.1003 -1360.7249 -1347.4555
-1332.1003 -1357.7177 -1345.8670
-1332.1003 -1356.7297 -1344.3385
-1332.1003 -1355.3453 -1343.6129
-1332.1003 -1352.0316 -1342.1347
-1332.1003 -1350.8357 -1341.5536
-1314.7887 -1349.4322 -1340.2076
-1314.7887 -1347.8874 -1338.3218
-1308.4155 -1344.0078 -1335.8338
-1308.4155 -1342.7168 -1335.0490
-1308.4155 -1342.7168 -1332.6003
-1308.4155 -1342.1723 -1331.5958
-1308.4155 -1339.8438 -1329.8073
-1308.4155 -1338.1954 -1327.4698
-1308.4155 -1338.1954 -1325.2966
-1308.4155 -1338.1954 -1324.3728
-1296.4991 -1336.4815 -1322.0719
-1296.4991 -1333.4074 -1320.7406
-1296.4991 -1332.2497 -1318.5319
-1296.4991 -1332.1003 -1316.4581
-1296.4991 -1331.4990 -1314.8274
-1296.4991 -1329.1426 -1312.5206
-1296.4991 -1324.1292 -1310.9191
-1296.4991 -1320.5993 -1309.7898
-1296.4991 -1318.2720 -1308.9113
-1296.4991 -1315.1896 -1307.9740
-1296.4991 -1314.2568 -1306.4087
-1290.7172 -1313.2960 -1305.2359
-1290.7172 -1312.8033 -1304.3620
-1290.7172 -1311.2635 -1302.7110
-1275.0450 -1308.6829 -1301.3309
-1275.0450 -1308.4155 -1300.4994
-1275.0450 -1308.4155 -1299.2851
-1275.0450 -1308.4155 -1298.4265
-1275.0450 -1308.4155 -1297.2275
-1275.0450 -1308.4155 -1295.4962
-1275.0450 -1304.4929 -1292.8238
-1275.0450 -1300.4777 -1291.0475
-1275.0450 -1299.2363 -1290.2272
-1275.0228 -1297.7915 -1289.1097
-1275.0228 -1296.5931 -1288.4245
-1275.0228 -1296.4991 -1287.5883
-1275.0228 -1296.4991 -1285.9747
-1262.2343 -1296.4991 -1284.0836
-1262.2343 -1292.3663 -1281.8484
-1262.2343 -1290.7172 -1280.2582
-1262.2343 -1290.7172 -1279.2256
-1262.2343 -1289.9394 -1278.1684
-1262.2343 -1288.4217 -1276.9029
-1262.2343 -1287.1161 -1275.7049
-1262.2343 -1285.0876 -1274.4994
-1262.2343 -1282.3637 -1273.0178
-1262.2343 -1277.9876 -1271.9981
-1252.5028 -1275.0450 -1270.9300
-1252.5028 -1275.0450 -1270.1126
-1244.2532 -1275.0450 -1269.0043
-1244.2532 -1275.0450 -1268.1173
-1244.2532 -1275.0450 -1267.0974
-1244.2532 -1275.0450 -1266.1856
-1244.2532 -1275.0228 -1264.4897
-1244.2532 -1274.9436 -1263.4205
-1244.2532 -1273.4959 -1261.4611
-1244.2532 -1271.8832 -1260.6764
-1244.2532 -1270.1029 -1259.4505
-1243.7087 -1268.0452 -1258.2186
-1243.4696 -1265.2777 -1256.1714
-1238.7483 -1262.3322 -1254.9120
-1238.7483 -1262.2343 -1253.7370
-1238.7483 -1262.2343 -1252.9795
-1238.7483 -1262.2343 -1252.1371
-1238.7483 -1262.2343 -1250.9886
-1238.7483 -1262.2343 -1250.0678
-1238.7483 -1259.7994 -1248.6686
-1238.7483 -1259.3190 -1247.4954
-1218.3555 -1256.7456 -1245.3695
-1218.3555 -1254.4528 -1243.9823
-1218.3555 -1252.5028 -1242.8089
-1218.3555 -1249.7227 -1240.2873
-1218.3555 -1248.4334 -1239.2642
-1218.3555 -1244.4763 -1238.4927
-1218.3555 -1244.2532 -1237.9547
-1218.3555 -1244.2532 -1236.9493
-1218.3555 -1244.2532 -1236.2583
-1218.3555 -1244.2532 -1235.1340
-1218.3555 -1243.7087 -1233.5802
-1218.3555 -1243.4696 -1231.3219
-1218.3555 -1239.9858 -1229.1696
-1218.3555 -1238.9505 -1228.4876
-1218.3555 -1238.7483 -1227.0557
-1218.3555 -1238.7483 -1226.3696
-1216.6947 -1237.3988 -1225.3437
-1216.6947 -1236.3884 -1223.9979
-1216.6947 -1235.0840 -1223.2163
-1216.6947 -1233.1623 -1222.0933
-1213.5991 -1228.9375 -1220.4293
-1213.5991 -1228.0739 -1219.9282
-1213.5991 -1227.4385 -1219.4428
-1213.5991 -1223.8180 -1218.7884
-1213.5991 -1222.3646 -1218.3399
-1213.5991 -1222.2307 -1218.1646
-1213.5991 -1221.9262 -1217.7461
-1211.7959 -1220.8111 -1217.3546
-1211.7959 -1219.8146 -1217.0362
-1211.7959 -1219.0424 -1216.8621
-1203.8676 -1218.3555 -1216.1485
-1198.6895 -1218.3555 -1215.3703
-1198.6895 -1218.3555 -1214.8067
-1198.6895 -1218.3555 -1213.9250
-1198.6895 -1218.3555 -1213.5316
-1194.7875 -1218.3555 -1212.3137
-1194.7875 -1218.3555 -1211.5501
-1194.7875 -1217.7946 -1209.9392
-1194.7875 -1217.7533 -1209.2662
-1194.7875 -1216.6947 -1208.3909
-1194.7875 -1216.6947 -1207.8547
-1194.7875 -1216.6947 -1206.5765
-1194.7875 -1214.5331 -1205.4126
-1194.7875 -1213.5991 -1203.9345
-1194.7875 -1213.5991 -1202.6375
-1194.7875 -1212.8717 -1202.1192
-1194.7875 -1211.7959 -1201.2807
-1194.7875 -1211.7959 -1200.7474
-1194.7875 -1209.8452 -1200.1627
-1194.7875 -1207.1071 -1199.0096
-1193.9528 -1203.8676 -1197.7795
-1182.3937 -1203.4096 -1196.8366
-1182.3937 -1202.2231 -1196.2826
-1182.3937 -1202.1394 -1195.7206
-1182.3937 -1199.7227 -1194.7076
-1182.3937 -1198.6895 -1194.1980
-1182.3937 -1198.6627 -1193.6195
-1182.3937 -1197.8947 -1193.2261
-1182.3937 -1197.4525 -1192.8573
-1182.3937 -1195.9193 -1192.3495
-1182.3937 -1194.7875 -1191.8989
-1182.3937 -1194.7875 -1191.6511
-1182.3937 -1194.7875 -1191.2160
-1182.3937 -1194.7875 -1190.6556
-1182.3937 -1194.7875 -1190.1218
-1182.3937 -1194.7875 -1189.1762
-1181.5590 -1194.7875 -1188.6638
-1181.1241 -1194.7875 -1187.5186
-1181.1241 -1194.7875 -1186.9974
-1181.1241 -1194.6367 -1186.5678
-1181.1241 -1194.5667 -1185.9603
-1181.1241 -1193.9528 -1185.0083
-1181.1241 -1192.6294 -1184.6955
-1161.4189 -1191.2532 -1183.6633
-1161.4189 -1190.8270 -1182.8439
-1161.4189 -1190.6140 -1182.2177
-1158.4612 -1189.1077 -1180.8566
-1158.4612 -1188.0093 -1179.5142
-1158.4612 -1185.4277 -1178.7916
-1158.4612 -1183.7695 -1178.1013
-1158.4612 -1182.3937 -1177.5422
-1158.4612 -1182.3937 -1176.5800
-1158.4612 -1182.3937 -1175.3903
-1158.4612 -1182.3937 -1174.4197
-1158.4612 -1182.3937 -1173.5352
-1158.4612 -1182.3937 -1172.7274
-1158.4612 -1182.2268 -1171.4152
-1156.5001 -1181.5590 -1169.7534
-1156.5001 -1181.1241 -1168.1340
-1156.5001 -1181.1241 -1166.1779
-1156.5001 -1178.6790 -1165.0874
-1156.5001 -1177.8184 -1164.5536
-1156.1929 -1175.8028 -1163.2629
-1156.1929 -1174.3511 -1162.0544
-1156.1929 -1173.0208 -1161.1524
-1156.1929 -1168.3176 -1160.4956
-1156.1929 -1167.8571 -1160.1391
-1156.1929 -1167.7328 -1159.9058
-1156.1929 -1165.1707 -1159.3300
-1156.1929 -1163.2917 -1158.9240
-1156.1929 -1162.6698 -1158.6522
-1156.1929 -1162.0972 -1158.2834
-1152.4793 -1161.4189 -1157.7788
-1136.2794 -1161.4189 -1157.0972
-1136.2794 -1160.3137 -1156.4118
-1136.2794 -1159.8805 -1155.9312
-1136.2794 -1158.4612 -1155.0968
-1136.2794 -1158.4612 -1154.4439
-1136.2794 -1158.4612 -1153.8150
-1136.2794 -1158.4612 -1153.3254
-1136.2794 -1158.4612 -1152.7445
-1136.2794 -1158.4612 -1151.8572
-1136.2794 -1158.4612 -1151.4136
-1136.2794 -1158.4612 -1150.5212
-1132.7194 -1156.6423 -1148.8236
-1132.7194 -1156.5001 -1147.5923
-1132.7194 -1156.5001 -1146.5483
-1132.7194 -1156.2930 -1145.4605
-1132.7194 -1156.1929 -1144.2046
-1130.4805 -1156.1929 -1142.4696
-1130.4805 -1156.1929 -1141.7170
-1130.4805 -1153.8203 -1140.3036
-1130.4805 -1152.3420 -1138.9914
-1130.4805 -1150.0797 -1137.8827
-1130.4805 -1146.3581 -1136.8880
-1116.2812 -1143.0982 -1135.5260
-1116.2812 -1142.7567 -1134.8830
-1116.2812 -1140.4426 -1133.8614
-1116.2812 -1139.9908 -1133.0689
-1116.2812 -1138.6080 -1132.4686
-1116.2812 -1136.4581 -1131.7809
-1116.2812 -1136.2794 -1130.7066
-1116.2812 -1136.2794 -1130.2178
-1116.2812 -1136.2794 -1129.5088
-1116.2812 -1136.2794 -1128.8262
-1116.2812 -1135.3844 -1128.4146
-1116.2812 -1135.2143 -1127.9701
-1116.2812 -1135.0779 -1127.5672
-1116.2812 -1132.8816 -1126.5837
-1113.4129 -1132.7194 -1125.8194
-1113.4129 -1132.7194 -1124.4959
-1113.4129 -1132.7194 -1124.0035
-1113.4129 -1132.0830 -1122.9160
-1089.7564 -1130.9208 -1121.3171
-1089.7564 -1130.7456 -1120.4425
-1089.7564 -1130.4805 -1119.2212
-1089.7564 -1130.4805 -1118.1891
-1089.7564 -1130.4805 -1116.9294
-1089.7564 -1128.3290 -1115.3347
-1087.4392 -1125.7049 -1113.1104
-1087.4392 -1124.9849 -1112.2251
-1087.4392 -1123.1783 -1111.2328
-1087.4392 -1119.3563 -1110.1812
-1087.4392 -1119.3454 -1109.4815
-1081.7209 -1116.6278 -1107.0343
-1081.7209 -1116.2812 -1105.8643
-1081.7209 -1116.2812 -1105.1406
-1081.7209 -1116.2812 -1103.3142
-1081.7209 -1116.2812 -1101.7334
-1081.7209 -1115.8949 -1100.8756
-1081.7209 -1115.2865 -1099.1682
-1081.7209 -1114.7887 -1098.4643
-1081.7209 -1113.4129 -1096.5739
-1081.7209 -1113.4129 -1094.3551
-1081.7209 -1111.8871 -1093.0252
-1081.7209 -1105.8170 -1091.3731
-1081.7209 -1104.5111 -1090.3888
-1080.0519 -1100.5764 -1088.1444
-1080.0519 -1099.8698 -1087.0629
-1080.0519 -1093.2617 -1086.1245
-1080.0519 -1092.1066 -1085.6749
-1078.0701 -1090.3213 -1085.0800
-1078.0701 -1090.0722 -1084.8091
-1078.0701 -1089.7564 -1084.3977
-1078.0701 -1089.7564 -1084.1640
-1078.0701 -1089.7564 -1083.5407
-1074.3190 -1087.4392 -1082.4249
-1074.3190 -1087.4392 -1082.1625
-1074.3190 -1087.4392 -1081.8262
-1074.3190 -1087.4392 -1081.4494
-1074.3190 -1087.4392 -1081.1274
-1074.3190 -1086.9076 -1080.6776
-1074.3190 -1086.7523 -1080.4259
-1074.3190 -1085.8053 -1080.0672
-1074.3190 -1084.2742 -1079.7412
-1074.3190 -1084.2742 -1079.5421
-1074.3190 -1082.2185 -1079.1731
-1073.4585 -1081.7209 -1078.6386
-1073.4585 -1081.7209 -1078.4053
-1073.4585 -1081.7209 -1078.2401
-1073.0817 -1081.7209 -1077.9020
-1073.0817 -1081.7209 -1077.6562
-1073.0817 -1081.7209 -1077.2652
-1073.0817 -1081.7209 -1077.0590
-1073.0817 -1081.2165 -1076.6954
-1073.0817 -1080.7491 -1076.5174
-1073.0817 -1080.0519 -1076.3486
-1073.0817 -1080.0519 -1076.1299
-1073.0817 -1080.0519 -1075.8687
-1073.0817 -1080.0519 -1075.7292
-1073.0817 -1080.0519 -1075.5109
-1066.9373 -1079.2873 -1075.0491
-1066.9373 -1078.0701 -1074.4096
-1066.9373 -1078.0701 -1074.1869
-1066.9373 -1078.0701 -1073.5720
-1066.9373 -1076.8723 -1073.2646
-1058.5776 -1076.1044 -1072.6767
-1058.5776 -1074.3190 -1072.0532
-1058.5776 -1074.3190 -1071.7384
-1058.5776 -1074.3190 -1071.2101
-1057.9727 -1074.3190 -1070.0572
-1057.9727 -1074.3190 -1069.7138
-1057.9727 -1074.3190 -1069.1805
-1057.9727 -1074.3190 -1068.7059
-1057.9727 -1073.8389 -1068.0820
-1057.9727 -1073.4946 -1067.7646
-1057.9727 -1073.4585 -1067.1154
-1057.9727 -1073.4585 -1066.6460
-1057.9727 -1073.0817 -1065.6041
-1057.9727 -1073.0817 -1065.0073
-1057.9727 -1073.0817 -1064.3249
-1057.9727 -1073.0817 -1063.5400
-1057.9727 -1071.1040 -1062.6814
-1057.9727 -1070.8962 -1062.4188
-1057.9727 -1066.9373 -1061.5541
-1057.9727 -1066.9373 -1060.9377
-1057.9727 -1066.5714 -1060.6780
-1057.9727 -1066.2099 -1060.5060
-1057.9727 -1065.4728 -1060.1967
-1057.9727 -1064.6378 -1059.8992
-1055.0371 -1064.5038 -1059.4656
-1055.0371 -1064.5038 -1059.1547
-1055.0371 -1062.5932 -1058.6918
-1055.0371 -1062.5580 -1058.5407
-1055.0371 -1062.0357 -1058.2776
-1055.0371 -1061.1453 -1057.9919
-1055.0371 -1060.4301 -1057.8604
-1055.0371 -1060.0986 -1057.6906
-1055.0371 -1058.6474 -1057.5797
-1053.1796 -1058.5776 -1057.3385
-1038.0399 -1058.5776 -1056.8076
-1038.0399 -1058.5776 -1056.3969
-1038.0399 -1058.5776 -1055.6877
-1038.0399 -1058.4268 -1054.9054
-1038.0399 -1057.9727 -1053.9697
-1038.0399 -1057.9727 -1053.4029
-1038.0399 -1057.9727 -1052.9553
-1038.0399 -1057.9727 -1052.1739
-1028.4092 -1057.9727 -1050.2767
-1028.4092 -1057.9727 -1049.4797
-1028.4092 -1057.6214 -1048.0172
-1028.4092 -1055.5244 -1046.2976
-1028.4092 -1055.5244 -1045.7553
-1028.4092 -1055.0371 -1044.6397
-1028.4092 -1055.0371 -1043.7672
-1028.4092 -1055.0371 -1042.5267
-1023.8239 -1055.0371 -1041.3668
-1023.8239 -1053.1796 -1039.0145
-1018.6624 -1050.7125 -1037.2337
-1018.6624 -1049.3339 -1036.2700
-1018.6624 -1047.5506 -1035.6566
-1018.6624 -1047.0574 -1034.5847
-1018.6624 -1044.4090 -1033.5331
-1018.6624 -1041.2679 -1032.0573
-1017.1681 -1040.9755 -1030.9403
-1017.1681 -1040.1615 -1029.9106
-1017.1681 -1038.0399 -1029.1547
-1017.1681 -1038.0399 -1027.9532
-1014.0199 -1038.0399 -1026.7740
-1014.0199 -1037.9880 -1025.6109
-1014.0199 -1035.3806 -1024.8087
-1014.0199 -1033.3583 -1024.0658
-1014.0199 -1029.8305 -1023.5379
-1010.8809 -1029.6601 -1022.4932
-1010.8809 -1029.5595 -1022.1176
-1010.8809 -1028.9815 -1021.4952
-1010.8809 -1028.4092 -1021.0665
-1010.8809 -1028.4092 -1020.7159
-1010.8809 -1028.4092 -1019.9335
-1010.8809 -1028.4092 -1019.2807
-1010.2364 -1026.9413 -1018.0839
-1010.2364 -1023.9717 -1017.4896
-1010.2364 -1023.8239 -1016.8153
-1010.2364 -1022.7850 -1016.1321
-1010.1447 -1022.1894 -1015.6355
-1010.1447 -1021.2600 -1015.2450
-1010.1447 -1018.6624 -1014.7943
-1010.1447 -1018.6624 -1014.5727
-1010.1447 -1018.6624 -1014.2700
-1010.1447 -1018.6624 -1013.7156
-1010.1447 -1017.1681 -1012.9190
-1010.1447 -1017.1681 -1012.6854
-1010.1447 -1017.1681 -1012.4062
-1010.1447 -1016.0993 -1011.8323
-1010.1447 -1016.0675 -1011.7132
-1009.9443 -1014.0199 -1011.5126
-1009.9443 -1014.0199 -1011.3683
-1009.9443 -1014.0199 -1011.2637
-1006.9816 -1014.0199 -1010.8628
-1006.9816 -1014.0199 -1010.5818
-1006.9816 -1012.7486 -1010.3575
-1006.9816 -1012.3930 -1010.1316
-1006.9816 -1012.3930 -1010.0234
-1006.9816 -1010.8809 -1009.8314
-1006.9816 -1010.8809 -1009.7534
-1006.8308 -1010.8809 -1009.5134
-1006.8308 -1010.8809 -1009.4324
-999.7842 -1010.2364 -1008.9602
-999.7842 -1010.2364 -1008.7512
-999.7842 -1010.2364 -1008.5421
-999.7842 -1010.2364 -1008.3312
-999.7842 -1010.2364 -1008.0390
-999.7842 -1010.2364 -1007.8300
-999.7842 -1010.1447 -1007.6191
-999.7842 -1010.1447 -1007.2047
-999.7842 -1010.1447 -1006.9975
-999.7842 -1010.1447 -1006.7903
-999.7842 -1010.1447 -1006.3759
-999.7842 -1010.1447 -1006.1248
-999.7842 -1010.1447 -1005.9176
-999.7842 -1010.1447 -1005.7104
-996.7938 -1010.1447 -1005.2362
-996.7938 -1010.1447 -1004.8722
-996.7938 -1010.1447 -1004.1908
-996.7938 -1010.1447 -1003.9237
-996.7938 -1009.9443 -1003.4826
-996.6360 -1008.0007 -1002.6224
-996.6360 -1006.9816 -1002.0540
-994.1231 -1006.9816 -1001.1027
-994.1231 -1006.8308 -1000.4113
-994.1231 -1006.8308 -1000.0943
-994.1231 -1006.5555 -999.5654
-994.1231 -1005.8113 -999.1269
-994.1231 -1003.3152 -998.4296
-994.1231 -1000.7047 -998.1470
-994.1231 -1000.0056 -998.0154
-994.1231 -999.7842 -997.7801
-994.1231 -999.7842 -997.6669
-992.1493 -999.7842 -997.0043
-992.1493 -999.7842 -996.7384
-992.1493 -999.7842 -996.4181
-992.1493 -999.7842 -996.1377
-992.1493 -999.7842 -995.9386
-992.1493 -999.7842 -995.6863
-992.1493 -999.7842 -995.3288
-992.1493 -999.7842 -995.1761
-992.1493 -999.3098 -994.9626
-992.1493 -998.0007 -994.8194
-992.1493 -996.7938 -994.4869
-990.0173 -996.7938 -994.2553
-990.0173 -996.7938 -994.1198
-990.0173 -996.6360 -993.8066
-986.0988 -996.6360 -993.2527
-986.0988 -996.1780 -992.8479
-986.0988 -994.5334 -992.5716
-986.0988 -994.1231 -992.2424
-986.0988 -994.1231 -992.0705
-986.0988 -994.1231 -991.8396
-980.2727 -994.1231 -991.4021
-980.2727 -994.1231 -991.0904
-980.2727 -994.1231 -990.3962
-980.2727 -994.1231 -990.0371
-980.2727 -994.1231 -989.6684
-980.2727 -993.5547 -989.3685
-980.2727 -993.4641 -989.0485
-980.2727 -992.5596 -988.4867
-980.2727 -992.2085 -988.0718
-980.2727 -992.1493 -987.6073
-980.2727 -992.1493 -987.3698
-980.2727 -992.1493 -986.8096
-980.2727 -992.1493 -986.3310
-980.2727 -992.1493 -985.9462
-980.2727 -991.6430 -985.2099
-980.2727 -991.3258 -984.8930
-980.2727 -990.5979 -984.5700
-980.2727 -990.0173 -984.2664
-980.2727 -990.0173 -984.0715
-980.2727 -990.0173 -983.8767
-980.2727 -990.0173 -983.5871
-980.2727 -990.0173 -983.3922
-980.2727 -989.2025 -983.1379
-980.2727 -987.1277 -982.7897
-980.2727 -987.0460 -982.6526
-980.2727 -986.7697 -982.3857
-980.2727 -986.0988 -982.2557
-980.2727 -986.0988 -982.0227
-980.2727 -986.0988 -981.8452
-978.7236 -986.0988 -981.4647
-978.7236 -984.7046 -980.9072
-978.7236 -984.2593 -980.7876
-978.2989 -983.2589 -980.3780
-978.2989 -983.2422 -980.2788
-978.2989 -983.2422 -980.1799
-978.2989 -983.1410 -980.0157
-978.2989 -980.2727 -979.9144
-978.2989 -980.2727 -979.8439
-978.2989 -980.2727 -979.7650
-978.2989 -980.2727 -979.7255
-978.2989 -980.2727 -979.6860
-978.2989 -980.2727 -979.6466
-978.2989 -980.2727 -979.6071
-978.2989 -980.2727 -979.5676
-978.2989 -980.2727 -979.5277
-978.2989 -980.2727 -979.4882
-978.2989 -980.2727 -979.4093
-978.2989 -980.2727 -979.3303
-978.2989 -980.2727 -979.1809
-978.2989 -980.2727 -979.1414
-978.2989 -980.2727 -979.1019
-978.2989 -980.2727 -979.0625
-978.2989 -980.2727 -978.9525
-978.2989 -980.2727 -978.8821
-978.2989 -980.2727 -978.7431
-978.2989 -980.2727 -978.6247
-978.2989 -980.2727 -978.5457
-978.2989 -980.2727 -978.5063
-977.5602 -978.7236 -978.3606
-977.5602 -978.7236 -978.3288
-977.5602 -978.7236 -978.2800
-977.5602 -978.2989 -978.2398
-977.5602 -978.2989 -978.2250
-977.5602 -978.2989 -978.2102
-977.5602 -978.2989 -978.1955
-977.5602 -978.2989 -978.1807
-977.5602 -978.2989 -978.1659
-977.5602 -978.2989 -978.1511
-977.5602 -978.2989 -978.1216
-977.5602 -978.2989 -978.1068
-967.2844 -978.2989 -977.8013
-967.2844 -978.2989 -977.5514
-967.2844 -978.2989 -977.3312
-967.2844 -978.2989 -976.8876
-967.2844 -978.2989 -976.4470
-967.2844 -978.2989 -976.0064
-967.2844 -978.2989 -975.7861
-967.2844 -978.2989 -975.3455
-967.2844 -978.2989 -975.0927
-967.2844 -978.2989 -974.7684
-967.2844 -978.2989 -974.2443
-967.2844 -978.2989 -973.7744
-967.2844 -978.2989 -973.5245
-967.2844 -978.2989 -973.1446
-965.7353 -977.8681 -972.3927
-965.7353 -977.5602 -971.9444
-965.7353 -977.5602 -971.6082
-962.0469 -977.5602 -970.4449
-962.0469 -977.5602 -969.4651
-962.0469 -976.6721 -968.8619
-962.0469 -976.6237 -968.5694
-962.0469 -976.0391 -968.0911
-962.0469 -976.0219 -967.6361
-962.0469 -973.7280 -967.0208
-962.0469 -973.5277 -966.5331
-962.0469 -970.9205 -966.1175
-962.0469 -967.9395 -965.9400
-962.0469 -967.2844 -965.8222
-962.0469 -967.2844 -965.6127
-962.0469 -967.2844 -965.4032
-962.0469 -967.2844 -965.2984
-962.0469 -967.2844 -965.0929
-962.0469 -967.2844 -964.8835
-962.0469 -967.2844 -964.6740
-962.0469 -967.2844 -964.3062
-962.0469 -967.2844 -964.2015
-962.0469 -967.2844 -964.0967
-962.0469 -967.2844 -963.7120
-962.0469 -967.2844 -963.3977
-962.0469 -967.2844 -963.1564
-962.0469 -966.0936 -963.0052
-962.0469 -965.7353 -962.9243
-959.6993 -965.7353 -962.7298
-959.6993 -965.7353 -962.4495
-959.6993 -964.9290 -962.2587
-957.6681 -964.9290 -962.0089
-957.6681 -964.5993 -961.7381
-957.6681 -963.7593 -961.5995
-957.6681 -962.0469 -961.4255
-957.6681 -962.0469 -961.3020
-957.6681 -962.0469 -961.2144
-957.6681 -962.0469 -961.1268
-956.7230 -962.0469 -960.9328
-956.7230 -962.0469 -960.8263
-956.7230 -962.0469 -960.7198
-956.7230 -962.0469 -960.5664
-956.7230 -962.0469 -960.4599
-956.7230 -962.0469 -960.3534
-956.7230 -962.0469 -960.2469
-956.7230 -962.0469 -959.9464
-956.7230 -962.0469 -959.8399
-955.5988 -962.0469 -959.5106
-955.5988 -962.0469 -959.0748
-955.5988 -962.0469 -958.9458
-955.5988 -962.0469 -958.7293
-955.5988 -962.0469 -958.6003
-955.5988 -962.0469 -958.4527
-955.5988 -962.0469 -958.2815
-955.5988 -962.0469 -958.1526
-955.5988 -961.1126 -957.8118
-955.5988 -961.0751 -957.7015
-955.5988 -961.0741 -957.5920
-955.5988 -959.9398 -957.3784
-955.5988 -959.6993 -957.1220
-955.5988 -959.6993 -956.9994
-955.5988 -959.6993 -956.9174
-955.5988 -959.6993 -956.7079
-955.5988 -959.6993 -956.6259
-955.5988 -959.5485 -956.4844
-954.3365 -957.6681 -956.2596
-954.3365 -957.6681 -956.1740
-954.3365 -957.6681 -956.0672
-954.3365 -957.4267 -955.9544
-954.3365 -956.7230 -955.8926
-954.3365 -956.7230 -955.8448
-949.5614 -956.7230 -955.6314
-949.5614 -956.7230 -955.4657
-949.5614 -956.7230 -955.1315
-943.6470 -956.7230 -954.7267
-943.6470 -956.7230 -954.4652
-943.6470 -956.7230 -954.1403
-943.6470 -956.7230 -953.8788
-943.6470 -955.8859 -953.4600
-943.6470 -955.5988 -953.1887
-943.6470 -955.5988 -952.9497
-943.6470 -955.5988 -952.5231
-943.6470 -955.5988 -951.9462
-943.6470 -955.5988 -951.7071
-943.6470 -955.5988 -951.4681
-943.6470 -955.5988 -950.6051
-943.6470 -955.5988 -950.1271
-943.6470 -955.5988 -949.8880
-943.6470 -955.5988 -949.6490
-943.6470 -955.5988 -949.2894
-943.6470 -955.5988 -949.0503
-942.0979 -955.5988 -948.5160
-942.0979 -954.3904 -947.8339
-942.0979 -954.3365 -947.5881
-942.0979 -954.3365 -946.7775
-942.0979 -954.3365 -946.1014
-942.0979 -954.1479 -945.4675
-941.9471 -949.5771 -944.8455
-941.9471 -949.5614 -944.6071
-941.9471 -949.5614 -944.2994
-941.9471 -948.2316 -943.9421
-941.9471 -948.0231 -943.8164
-941.9471 -947.2403 -943.3983
-941.9471 -946.6166 -943.2925
-941.9471 -946.2184 -943.1991
-941.9471 -943.6470 -943.0622
-941.9471 -943.6470 -942.9663
-941.9471 -943.6470 -942.8673
-941.9471 -943.6470 -942.8333
-941.9471 -943.6470 -942.7683
-941.9471 -943.6470 -942.7033
-941.9471 -943.6470 -942.6693
-941.9471 -943.6470 -942.6353
-941.9471 -943.6470 -942.6013
-941.9471 -943.6470 -942.5363
-941.9471 -943.6470 -942.5023
-941.9471 -943.6470 -942.4683
-941.9471 -943.6470 -942.4034
-941.9471 -943.6470 -942.3354
-941.9471 -943.6470 -942.2364
-940.0360 -943.6470 -942.0962
-937.2554 -943.6470 -941.8651
-937.2554 -942.0979 -941.7343
-937.2554 -942.0979 -941.6314
-937.2554 -942.0979 -941.5346
-937.2554 -942.0979 -941.4347
-937.2554 -942.0979 -941.3348
-937.2554 -942.0979 -941.1937
-937.2554 -942.0979 -941.0969
-936.5280 -942.0979 -940.8811
-936.5280 -941.9471 -940.6728
-936.5280 -941.9471 -940.4902
-936.5280 -941.9471 -940.3818
-936.5280 -941.9471 -940.1796
-936.5280 -941.9471 -939.9925
-936.5280 -941.9471 -939.8796
-936.5280 -941.9471 -939.7666
-936.5280 -941.9471 -939.5785
-936.5280 -941.9471 -939.4701
-936.5280 -941.9471 -939.2533
-936.5280 -941.9471 -939.1449
-936.5280 -941.9471 -938.9427
-936.5280 -941.9471 -938.8298
-936.5280 -941.9471 -938.7214
-936.5280 -941.9471 -938.5192
-936.5280 -941.9471 -938.3442
-936.5280 -941.7203 -937.8138
-936.5280 -940.4515 -937.4071
-936.5280 -940.0360 -937.2510
-936.5280 -939.3963 -937.0343
-936.5280 -938.6157 -936.9579
-936.5280 -938.2362 -936.8282
-936.5280 -938.1952 -936.7941
-936.5280 -937.2554 -936.7462
-936.5280 -937.2554 -936.7025
-936.5280 -937.2554 -936.6734
-936.5280 -937.2554 -936.6589
-936.5280 -937.2554 -936.6443
-936.5280 -937.2554 -936.6153
-934.6168 -937.2554 -936.5188
-934.6168 -937.2554 -936.4661
-934.6168 -936.5280 -936.4133
-934.6168 -936.5280 -936.3369
-934.6168 -936.5280 -936.2986
-934.6168 -936.5280 -936.2604
-934.6168 -936.5280 -936.1840
-934.6168 -936.5280 -936.1457
-934.6168 -936.5280 -936.1075
-934.6168 -936.5280 -936.0693
-934.6168 -936.5280 -936.0311
-934.6168 -936.5280 -935.9929
-934.6168 -936.5280 -935.9348
-934.6168 -936.5280 -935.8584
-934.6168 -936.5280 -935.8202
-934.3901 -936.5280 -935.7392
-934.3901 -936.5280 -935.6964
-934.3901 -936.5280 -935.6154
-934.3901 -936.5280 -935.5727
-934.3901 -936.5280 -935.5299
-934.3901 -936.5280 -935.4872
-934.3901 -936.5280 -935.3820
-934.3901 -936.5280 -935.3393
-931.0660 -936.5280 -935.1873
-931.0660 -936.5280 -934.9971
-927.5974 -936.5280 -934.7092
-927.5974 -936.5280 -934.5306
-927.5974 -936.5280 -934.3474
-927.5974 -936.5280 -934.1688
-927.5974 -936.5280 -933.9520
-927.5974 -936.5280 -933.7734
-927.5974 -936.5280 -933.5948
-927.5974 -936.5280 -933.3506
-927.5974 -935.3206 -933.0954
-927.5974 -934.6168 -932.9409
-927.5974 -934.6168 -932.6602
-927.5974 -934.6168 -932.4493
-927.5974 -934.6168 -932.3089
-927.5974 -934.6168 -932.1685
-927.5974 -934.6168 -932.0281
-927.5974 -934.6168 -931.8877
-927.5974 -934.6168 -931.6140
-927.5974 -934.6168 -931.4736
-925.1170 -934.6168 -931.1432
-925.1170 -934.6168 -930.7251
-925.1170 -934.3901 -930.2247
-925.1170 -934.3901 -929.7330
-925.1170 -934.3901 -929.4676
-925.1170 -934.3901 -929.2821
-921.6946 -934.3901 -928.7624
-921.6946 -934.3901 -928.5085
-921.6946 -934.1953 -928.2384
-921.6946 -933.0398 -927.8581
-921.6946 -932.6807 -927.3711
-921.1493 -931.0660 -926.8812
-921.1493 -931.0660 -926.6828
-921.1493 -931.0660 -926.4151
-921.1493 -930.5670 -926.1073
-921.1493 -929.1933 -925.7415
-921.1493 -927.5974 -925.5508
-921.1493 -927.5974 -925.4153
-921.1493 -927.5974 -925.2368
-921.1493 -927.5974 -925.1048
-921.1493 -927.5974 -924.9758
-921.1493 -927.5974 -924.8469
-921.1493 -927.5974 -924.5889
-921.1493 -927.5974 -924.3411
-921.1493 -927.5974 -924.2122
-921.1493 -927.5974 -924.0832
-921.1493 -927.5974 -923.9543
-921.1493 -927.5974 -923.7757
-921.1493 -927.5974 -923.6467
-921.1493 -927.5974 -923.4444
-921.1493 -927.5974 -923.2939
-921.1493 -927.5577 -922.9631
-921.1493 -926.9755 -922.7650
-921.1493 -926.5791 -922.5489
-921.1493 -926.3572 -922.4403
-919.6727 -925.1170 -922.1744
-919.6727 -925.1170 -921.9967
-919.6727 -925.1170 -921.8878
-919.6727 -925.1170 -921.6596
-919.6727 -924.3887 -921.4823
-919.6727 -923.9510 -921.3286
-919.6727 -923.9510 -921.2430
-919.6727 -923.8002 -921.1565
-919.6727 -923.6905 -921.0740
-919.6727 -922.6764 -920.9936
-919.6727 -921.6946 -920.8822
-919.6727 -921.6946 -920.8158
-917.8253 -921.6946 -920.6576
-917.8253 -921.6946 -920.5385
-917.8253 -921.1493 -920.4611
-917.8253 -921.1493 -920.3946
-917.8253 -921.1493 -920.2679
-917.8253 -921.1493 -920.1719
-917.8253 -921.1493 -920.0758
-917.8253 -921.1493 -919.9798
-914.8976 -921.1493 -919.7883
-914.8976 -921.1493 -919.6338
-914.8976 -921.1493 -919.4792
-914.8976 -921.1493 -919.3238
-914.8976 -921.1493 -919.1439
-914.8976 -921.1493 -918.9524
-914.8976 -921.1493 -918.7023
-914.8976 -921.1493 -918.5477
-914.8976 -921.1493 -918.4227
-914.8976 -920.3991 -918.2539
-914.8976 -920.3991 -918.1439
-914.8976 -919.6727 -917.9203
-914.8976 -919.6727 -917.8248
-914.8976 -919.6727 -917.6338
-914.8976 -919.6727 -917.4428
-914.8976 -919.6727 -917.3091
-914.8976 -919.6727 -917.1767
-914.8976 -919.6727 -917.0812
-914.8976 -919.6727 -916.9215
-914.8976 -919.6727 -916.7710
-914.8976 -919.6727 -916.5300
-914.8976 -919.6109 -916.2891
-914.8976 -919.0205 -916.1949
-914.8976 -918.7705 -916.0350
-914.8976 -918.3140 -915.8874
-914.8976 -917.8253 -915.7605
-914.8976 -917.8253 -915.7020
-914.8976 -917.8253 -915.5354
-914.8976 -917.8253 -915.4183
-914.8976 -917.8253 -915.1255
-914.8976 -917.8253 -915.0516
-914.8976 -917.0549 -914.9499
-914.8976 -915.3532 -914.9067
-914.8976 -914.8976 -914.8976
-914.8976 -914.8976 -914.8976
-914.8976 -914.8976 -914.8976
-914.8976 -914.8976 -914.8976
-914.8976 -914.8976 -914.8976
-914.8976 -914.8976 -914.8976
-914.8976 -914.8976 -914.8976
-914.8976 -914.8976 -914.8976
-914.8976 -914.8976 -914.8976
-914.8976 -914.8976 -914.8976
-914.8976 -914.8976 -914.8976
-914.8976 -914.8976 -914.8976
-914.8579 -914.8976 -914.8968
-914.8579 -914.8976 -914.8960
-914.8579 -914.8976 -914.8952
-914.8579 -914.8976 -914.8945
-914.8579 -914.8976 -914.8937
-914.8579 -914.8976 -914.8929
-914.8579 -914.8976 -914.8921
-914.8579 -914.8976 -914.8913
-914.8579 -914.8976 -914.8905
-914.8579 -914.8976 -914.8889
-914.8579 -914.8976 -914.8881
-914.8579 -914.8976 -914.8865
-914.8579 -914.8976 -914.8857
-914.8579 -914.8976 -914.8849
-914.8579 -914.8976 -914.8841
-914.8579 -914.8976 -914.8833
-914.8579 -914.8976 -914.8825
-914.8579 -914.8976 -914.8818
-914.8579 -914.8976 -914.8802
-914.8579 -914.8976 -914.8794
-914.8579 -914.8976 -914.8786
-914.8579 -914.8976 -914.8778
-914.8579 -914.8976 -914.8762
-914.8579 -914.8976 -914.8754
-914.8579 -914.8976 -914.8746
-914.8579 -914.8976 -914.8738
-914.8579 -914.8976 -914.8730
-914.8579 -914.8976 -914.8722
-914.8579 -914.8976 -914.8714
-914.8579 -914.8976 -914.8698
-914.8579 -914.8976 -914.8691
-914.8579 -914.8976 -914.8675
-914.8579 -914.8976 -914.8667
-914.8579 -914.8976 -914.8659
-914.8579 -914.8976 -914.8643
-914.8579 -914.8976 -914.8627
-914.8579 -914.8976 -914.8603
-914.8579 -914.8976 -914.8587
-914.8579 -914.8579 -914.8579
-914.8579 -914.8579 -914.8579
-914.8579 -914.8579 -914.8579
-914.8579 -914.8579 -914.8579
-914.8579 -914.8579 -914.8579
-914.8579 -914.8579 -914.8579
-913.3196 -914.8579 -914.8272
-913.3196 -914.8579 -914.7964
-913.2012 -914.8579 -914.7325
-913.2012 -914.8579 -914.6994
-913.2012 -914.8579 -914.6662
-913.2012 -914.8579 -914.6331
-913.2012 -914.8579 -914.6000
-913.2012 -914.8579 -914.5668
-913.2012 -914.8579 -914.5337
-913.2012 -914.8579 -914.5006
-913.2012 -914.8579 -914.4488
-913.2012 -914.8579 -914.3849
-913.2012 -914.8579 -914.3518
-913.2012 -914.8579 -914.3187
-913.2012 -914.8579 -914.2855
-913.2012 -914.8579 -914.2524
-913.2012 -914.8579 -914.2193
-913.2012 -914.8579 -914.1206
-913.2012 -914.8579 -914.0875
-913.2012 -914.8579 -914.0543
-913.2012 -914.8579 -913.9225
-913.2012 -914.8579 -913.8894
-913.2012 -914.8579 -913.8255
-913.2012 -914.8579 -913.7592
-913.2012 -914.8579 -913.7261
-913.2012 -914.8579 -913.6929
-913.2012 -914.8579 -913.6598
-913.2012 -914.8579 -913.6267
-913.2012 -914.8579 -913.5935
-913.2012 -914.8579 -913.5273
-913.2012 -914.8579 -913.4941
-913.2012 -914.8579 -913.4610
-913.2012 -914.8579 -913.4279
-913.2012 -914.8579 -913.3947
-913.2012 -914.8579 -913.3308
-913.2012 -914.8579 -913.2646
-913.2012 -913.3196 -913.2169
-910.7208 -913.3196 -913.1625
-910.7208 -913.2012 -913.0990
-910.7208 -913.2012 -913.0494
-910.7208 -913.2012 -912.9997
-910.7208 -913.2012 -912.9471
-910.7208 -913.2012 -912.8975
-910.7208 -913.2012 -912.8479
-910.7208 -913.2012 -912.7983
-910.7208 -913.2012 -912.7487
-910.7208 -913.2012 -912.6495
-910.7208 -913.2012 -912.5503
-910.7208 -913.2012 -912.5006
-910.7208 -913.2012 -912.4510
-910.7208 -913.2012 -912.4014
-910.7208 -913.2012 -912.3518
-910.7208 -913.2012 -912.3022
-910.7208 -913.2012 -912.2526
-910.7208 -913.2012 -912.2030
-910.7208 -913.2012 -912.1534
-910.7208 -913.2012 -912.1038
-910.7208 -913.2012 -912.0542
-910.7208 -913.2012 -912.0046
-910.7208 -913.2012 -911.9549
-910.7208 -913.2012 -911.9053
-910.7208 -913.2012 -911.8557
-910.7208 -913.2012 -911.7565
-910.7208 -913.2012 -911.7069
-910.7208 -913.2012 -911.6573
-910.7208 -913.2012 -911.5581
-910.7208 -913.2012 -911.4589
-910.7208 -913.2012 -911.4048
-910.7208 -913.2012 -911.3552
-910.7208 -913.2012 -911.3056
-910.7208 -913.2012 -911.2063
-910.7208 -913.2012 -911.0575
-907.1956 -913.2012 -910.8382
-907.1956 -913.0504 -910.7181
-907.1956 -913.0504 -910.6010
-907.1956 -910.7208 -910.3682
-907.1956 -910.7208 -910.2272
-907.1956 -910.7208 -910.1567
