-5243.1011 -5765.1227 -5542.3603
-5243.1011 -5542.8172 -5434.5698
-5227.8848 -5457.0736 -5354.3658
-5179.7583 -5378.0560 -5291.3878
-5170.5458 -5292.8075 -5247.2881
-5155.4361 -5253.8774 -5220.1364
-5087.5182 -5232.6798 -5198.0653
-5084.3769 -5205.8396 -5166.1491
-5016.0145 -5170.5458 -5128.1760
-4952.3913 -5137.1484 -5094.5524
-4952.3913 -5096.0250 -5059.0182
-4939.3603 -5069.0588 -5028.4004
-4935.5070 -5039.5032 -4996.9686
-4901.2502 -5008.6183 -4962.9953
-4827.2095 -4968.0371 -4938.2622
-4774.5638 -4946.7702 -4913.5423
-4774.5638 -4921.0622 -4885.0110
-4708.5358 -4894.0215 -4851.6459
-4708.5358 -4872.3156 -4829.4005
-4708.5358 -4844.1120 -4803.7141
-4703.3641 -4813.8238 -4770.7877
-4636.4969 -4782.9651 -4741.3871
-4616.2809 -4756.6046 -4713.3080
-4616.2809 -4729.0996 -4686.1630
-4576.8877 -4703.3641 -4656.6040
-4526.7905 -4659.4681 -4623.9229
-4526.7905 -4634.9593 -4601.7873
-4468.6475 -4616.2809 -4578.5570
-4457.7589 -4592.5344 -4555.2543
-4457.7589 -4571.8472 -4533.4437
-4457.7589 -4539.8529 -4507.5927
-4441.8621 -4519.6141 -4491.2441
-4335.3834 -4499.6940 -4470.4814
-4335.3834 -4479.2395 -4449.1339
-4335.3834 -4459.2550 -4426.7384
-4335.3834 -4443.5813 -4409.6556
-4258.5629 -4425.8824 -4385.1659
-4258.5629 -4408.0188 -4364.8310
-4252.6476 -4386.5078 -4339.9336
-4231.8343 -4359.1427 -4314.5840
-4202.2212 -4329.1259 -4280.6002
-4168.9883 -4293.9345 -4252.5298
-4067.2717 -4260.5446 -4229.3786
-4067.2717 -4245.5707 -4207.8716
-4067.2717 -4231.8343 -4189.0056
-3984.8253 -4210.9795 -4157.2197
-3984.8253 -4183.4270 -4127.3609
-3968.1207 -4159.7367 -4086.8375
-3968.1207 -4102.8582 -4054.7798
-3949.6065 -4077.8035 -4036.8332
-3949.6065 -4052.6491 -4017.9779
-3933.3585 -4029.6524 -3997.9328
-3896.7609 -4016.1200 -3977.5062
-3896.7609 -3983.0261 -3957.9872
-3836.4126 -3973.3811 -3942.8158
-3836.4126 -3953.7924 -3923.0221
-3836.4126 -3937.6531 -3904.7159
-3814.2772 -3914.9196 -3883.5407
-3781.4316 -3897.1869 -3866.4199
-3781.4316 -3886.4716 -3853.2165
-3778.6717 -3865.6856 -3832.4244
-3744.6866 -3847.2421 -3813.1717
-3693.7611 -3829.3701 -3798.0686
-3693.7611 -3806.3654 -3779.9749
-3693.7611 -3793.7408 -3767.6527
-3658.0568 -3781.4316 -3752.0231
-3613.0570 -3768.1875 -3732.9870
-3613.0570 -3754.0047 -3707.7234
-3503.1855 -3732.4074 -3684.8075
-3503.1855 -3699.9386 -3660.9116
-3503.1855 -3683.2387 -3636.8972
-3502.3030 -3658.0568 -3613.4111
-3494.0293 -3641.8157 -3591.4458
-3483.5150 -3613.0570 -3564.6715
-3447.5893 -3596.2829 -3533.3376
-3447.5893 -3550.1128 -3505.5573
-3447.5893 -3514.2884 -3492.8518
-3419.5633 -3503.1855 -3479.5569
-3410.9785 -3493.3570 -3467.2403
-3403.7340 -3482.7610 -3453.8164
-3357.8602 -3470.7213 -3436.3488
-3329.8317 -3453.0002 -3425.3102
-3329.8317 -3437.7391 -3410.6042
-3329.8317 -3427.2994 -3399.3916
-3251.3239 -3415.8477 -3382.6958
-3251.3239 -3405.9237 -3361.8639
-3251.3239 -3385.6560 -3343.5035
-3251.3239 -3358.9829 -3327.9906
-3251.3239 -3347.5263 -3315.1536
-3210.9197 -3334.2907 -3302.1319
-3210.9197 -3319.0447 -3279.3912
-3178.2830 -3293.4655 -3260.9639
-3178.2830 -3279.5955 -3250.9697
-3178.2830 -3264.9386 -3237.7885
-3176.7574 -3251.3239 -3225.6858
-3155.7857 -3236.6674 -3211.3619
-3155.7857 -3225.5311 -3203.1793
-3117.6423 -3221.6937 -3192.4230
-3108.5982 -3207.4788 -3178.4528
-3107.4804 -3193.1303 -3160.3259
-3092.7951 -3178.9012 -3150.9699
-3092.7951 -3164.0176 -3137.4607
-3049.4965 -3152.2685 -3125.8137
-3049.4965 -3140.4357 -3118.3553
-3049.4965 -3128.0937 -3109.6325
-3049.4965 -3120.9573 -3099.1770
-3047.8501 -3113.9358 -3093.0254
-3026.3986 -3104.4164 -3078.6102
-3015.5940 -3096.9238 -3068.4451
-3015.5940 -3090.6179 -3062.2353
-3015.5940 -3078.3109 -3052.6450
-2967.5734 -3066.2882 -3042.4615
-2967.5734 -3059.0648 -3035.9858
-2967.5734 -3050.8470 -3027.2484
-2964.1167 -3047.1054 -3017.9803
-2952.6644 -3030.5193 -3006.3342
-2952.6644 -3018.9436 -2997.8132
-2947.0231 -3012.4223 -2985.9842
-2891.9407 -2998.9820 -2975.1463
-2891.9407 -2991.7878 -2969.1446
-2891.9407 -2984.3037 -2963.1176
-2891.9407 -2978.1807 -2955.7858
-2886.1763 -2971.1327 -2945.3612
-2886.1763 -2964.0057 -2935.1816
-2871.4154 -2953.5264 -2925.5696
-2844.4709 -2942.5192 -2911.0250
-2844.4709 -2932.0472 -2901.6015
-2844.4709 -2921.7202 -2893.2331
-2844.4709 -2907.9863 -2884.1925
-2799.0430 -2897.8294 -2875.3618
-2797.0851 -2888.0596 -2866.6098
-2797.0851 -2879.7234 -2855.2044
-2788.5726 -2874.3897 -2847.6702
-2785.8188 -2866.4733 -2836.0947
-2740.1962 -2853.4267 -2824.2117
-2740.1962 -2840.6494 -2811.6974
-2740.1962 -2829.6969 -2801.5694
-2720.2096 -2811.1493 -2789.3854
-2720.2096 -2800.3878 -2781.5265
-2720.2096 -2797.0851 -2774.8325
-2720.2096 -2790.2835 -2767.0993
-2720.2096 -2785.8188 -2760.4665
-2718.7650 -2782.4238 -2752.1462
-2704.3861 -2772.4263 -2742.8268
-2704.3861 -2760.7597 -2735.4625
-2699.9872 -2746.6755 -2726.7821
-2680.1003 -2736.3365 -2719.0621
-2665.2168 -2729.5206 -2710.7040
-2665.2168 -2722.0371 -2705.5295
-2660.0505 -2718.1884 -2697.0067
-2614.9776 -2709.3861 -2688.4294
-2614.9776 -2700.8314 -2680.5574
-2614.9776 -2696.8754 -2673.1090
-2614.9776 -2691.3520 -2662.7310
-2611.2712 -2678.2252 -2653.7921
-2611.2712 -2672.7339 -2647.5965
-2611.2712 -2661.3543 -2639.5448
-2585.3779 -2653.7063 -2632.1052
-2580.3805 -2646.0189 -2624.8958
-2578.4103 -2638.1669 -2618.3147
-2578.4103 -2628.7970 -2610.7089
-2560.6149 -2623.5352 -2604.7604
-2560.6149 -2616.4851 -2597.5999
-2550.5939 -2613.5100 -2592.4101
-2535.3499 -2609.9503 -2587.4197
-2535.3499 -2601.5973 -2580.0368
-2524.9079 -2593.7365 -2572.7393
-2524.9079 -2587.6992 -2567.1073
-2524.9079 -2581.3383 -2562.9086
-2522.1077 -2577.1753 -2559.1357
-2514.7087 -2572.2138 -2553.2234
-2511.4587 -2568.6639 -2548.7448
-2505.4042 -2561.3900 -2541.5444
-2483.0573 -2556.5760 -2535.2258
-2483.0573 -2552.1443 -2531.1462
-2483.0573 -2546.3130 -2523.3921
-2470.0910 -2538.2994 -2516.6015
-2470.0910 -2530.2815 -2508.4947
-2470.0910 -2522.0211 -2500.5171
-2470.0910 -2514.7087 -2495.5505
-2451.8106 -2509.9145 -2489.8279
-2451.8106 -2505.7680 -2485.2081
-2451.8106 -2502.3623 -2480.9704
-2451.8106 -2492.0089 -2476.4828
-2446.8175 -2485.0084 -2471.7279
-2446.8175 -2482.7366 -2468.7370
-2417.8966 -2477.1236 -2461.5051
-2417.8966 -2474.8091 -2458.6029
-2417.8966 -2470.0910 -2454.4454
-2417.8966 -2467.6423 -2449.2977
-2417.8966 -2461.2757 -2443.9925
-2415.1317 -2455.8003 -2439.1702
-2408.0439 -2451.8106 -2435.3604
-2401.6541 -2448.9903 -2431.5940
-2401.6541 -2446.8175 -2426.9364
-2401.6541 -2441.7477 -2422.6019
-2387.7782 -2431.6782 -2416.2191
-2383.1580 -2426.9239 -2413.3282
-2378.0525 -2423.1490 -2409.9069
-2365.8440 -2417.8966 -2405.4978
-2365.8440 -2416.6743 -2401.8645
-2365.8440 -2414.2155 -2398.8848
-2359.0217 -2411.3037 -2394.3989
-2359.0217 -2407.0146 -2388.0729
-2353.3417 -2401.6541 -2382.9382
-2347.6685 -2393.5158 -2377.3319
-2347.6685 -2385.5778 -2371.9050
-2347.6685 -2379.9097 -2367.8392
-2347.6685 -2378.2903 -2365.9845
-2326.1625 -2375.8769 -2362.0730
-2325.9512 -2371.0213 -2357.0970
-2322.7874 -2365.8440 -2351.2029
-2321.6359 -2361.9175 -2347.4146
-2321.6359 -2356.1526 -2343.1983
-2301.6766 -2351.6752 -2337.7770
-2258.6349 -2347.6685 -2332.6879
-2258.6349 -2343.2080 -2324.5250
-2258.6349 -2337.9395 -2320.8919
-2258.6349 -2336.5368 -2316.4061
-2243.2199 -2329.6333 -2308.1673
-2243.2199 -2322.2734 -2298.3504
-2243.2199 -2318.6721 -2290.3416
-2243.2199 -2311.1586 -2283.0007
-2243.2199 -2301.5811 -2274.3941
-2238.8293 -2293.7013 -2268.3379
-2238.8293 -2286.3407 -2261.2501
-2226.6843 -2276.4847 -2254.5380
-2222.9792 -2265.5624 -2249.7653
-2222.9792 -2258.9031 -2246.2681
-2220.0186 -2258.6349 -2244.0668
-2198.9906 -2253.2408 -2240.1439
-2198.9906 -2248.9594 -2237.2745
-2198.9906 -2246.4198 -2234.4798
-2198.9906 -2243.7023 -2232.4205
-2198.9906 -2243.2199 -2228.6775
-2198.9906 -2241.9883 -2226.2564
-2180.1410 -2238.8293 -2221.4165
-2180.1410 -2237.4133 -2217.2234
-2164.4084 -2229.0646 -2210.9630
-2164.4084 -2225.2894 -2206.7541
-2164.4084 -2221.1021 -2201.6506
-2164.4084 -2214.9278 -2196.8589
-2152.9437 -2209.8031 -2190.7789
-2152.9437 -2204.8751 -2187.5178
-2152.9437 -2199.8001 -2183.5752
-2152.9437 -2198.9906 -2180.6938
-2152.9437 -2196.9322 -2177.9637
-2147.1517 -2192.6002 -2174.3243
-2136.2217 -2185.3146 -2168.0576
-2136.2217 -2181.8189 -2163.8324
-2100.6140 -2173.7931 -2157.8996
-2100.6140 -2169.5326 -2153.0896
-2100.6140 -2166.9730 -2149.8242
-2100.6140 -2164.4084 -2146.9759
-2100.6140 -2162.3490 -2143.2739
-2060.8175 -2157.4169 -2137.3970
-2060.8175 -2152.9437 -2132.6613
-2060.8175 -2147.4991 -2127.7671
-2060.8175 -2145.4333 -2121.9533
-2060.8175 -2140.7278 -2111.9198
-2060.8175 -2136.2217 -2106.2846
-2060.8175 -2125.7951 -2098.3394
-2060.8175 -2118.3791 -2094.6616
-2057.4076 -2112.8579 -2087.8901
-2057.4076 -2105.7114 -2081.8250
-2049.5692 -2100.6140 -2077.3931
-2049.5692 -2096.0128 -2074.4014
-2035.8745 -2087.2758 -2069.1024
-2004.4336 -2083.9095 -2063.3151
-2004.2051 -2073.8359 -2057.2195
-2004.2051 -2068.3392 -2052.1784
-2004.2051 -2062.9691 -2048.1498
-1995.3329 -2060.8175 -2042.5030
-1995.3329 -2057.8450 -2037.2874
-1995.3329 -2052.2592 -2032.8334
-1992.7355 -2049.2704 -2026.9632
-1992.7355 -2045.6676 -2023.2989
-1992.7355 -2041.4029 -2020.3773
-1992.7355 -2035.8745 -2016.3497
-1986.6135 -2030.3394 -2010.7039
-1984.9070 -2024.3120 -2005.9446
-1984.9070 -2021.6020 -2003.0512
-1984.9070 -2015.9288 -2000.3317
-1984.9070 -2010.0675 -1998.5337
-1984.9070 -2009.2868 -1997.2975
-1974.7706 -2004.3138 -1994.6570
-1974.7706 -2003.7534 -1993.0297
-1974.7706 -1998.2905 -1989.8423
-1974.7706 -1996.6879 -1988.7373
-1956.8707 -1995.3329 -1986.1329
-1955.4548 -1994.6599 -1984.2665
-1955.4548 -1992.7355 -1981.8831
-1955.4548 -1989.0586 -1979.5788
-1955.4548 -1988.1877 -1977.0656
-1947.5699 -1986.6135 -1974.6730
-1947.5699 -1984.9070 -1972.2545
-1939.0159 -1980.9615 -1966.2673
-1939.0159 -1977.5154 -1962.8090
-1939.0159 -1974.7706 -1959.2318
-1933.7241 -1974.7706 -1956.7954
-1933.7241 -1968.1334 -1954.1890
-1933.7241 -1963.1777 -1951.5837
-1912.0600 -1958.1415 -1948.2702
-1912.0600 -1956.4100 -1946.4255
-1912.0600 -1955.4548 -1943.7753
-1895.2699 -1954.0937 -1938.8665
-1891.7900 -1949.6592 -1934.9725
-1891.7900 -1947.5234 -1929.9383
-1891.7900 -1943.6689 -1924.5754
-1891.7900 -1939.0159 -1919.4690
-1891.7900 -1933.7241 -1916.1111
-1891.7900 -1930.5209 -1913.4580
-1891.7900 -1926.1478 -1911.2131
-1880.6359 -1921.7220 -1907.8900
-1880.6359 -1918.3720 -1904.7693
-1880.6359 -1916.7450 -1902.5472
-1869.4190 -1914.0039 -1898.3049
-1869.4190 -1909.8522 -1894.4369
-1869.4190 -1904.3357 -1891.0601
-1869.4190 -1900.1883 -1888.5750
-1869.4190 -1897.9185 -1886.6618
-1869.4190 -1897.5263 -1885.9003
-1864.5197 -1894.5554 -1884.1013
-1864.5197 -1891.7900 -1881.0748
-1864.5197 -1890.7691 -1879.4279
-1864.0904 -1888.2255 -1877.1097
-1863.5202 -1884.0566 -1873.9438
-1852.3524 -1880.6359 -1871.1959
-1852.3524 -1879.0898 -1869.8002
-1840.2638 -1875.8622 -1866.8874
-1840.2638 -1871.9091 -1863.9315
-1840.2638 -1871.0627 -1862.6202
-1840.2638 -1869.4190 -1859.6452
-1840.2638 -1867.5834 -1858.7619
-1837.3569 -1866.1410 -1856.3844
-1837.3569 -1864.5197 -1853.8093
-1837.3569 -1863.8540 -1851.5977
-1832.2161 -1862.5120 -1849.2930
-1822.7320 -1860.8083 -1845.6335
-1822.7320 -1857.8929 -1843.5077
-1822.7320 -1854.2081 -1841.3320
-1822.7320 -1850.5445 -1838.6312
-1822.7320 -1847.1078 -1837.1056
-1822.7320 -1846.2159 -1836.3299
-1822.7320 -1843.2112 -1834.7438
-1794.0337 -1840.4569 -1832.4022
-1794.0337 -1840.0106 -1829.9418
-1782.6144 -1839.3008 -1826.8979
-1782.6144 -1837.3569 -1823.8289
-1782.6144 -1833.7474 -1820.5188
-1782.6144 -1830.7514 -1815.7002
-1782.6144 -1829.2368 -1813.8834
-1782.6144 -1826.7715 -1810.7731
-1774.3165 -1825.6573 -1807.4957
-1774.3165 -1822.7320 -1802.2713
-1774.3165 -1820.4233 -1797.5860
-1774.3165 -1818.4013 -1795.6111
-1766.3084 -1814.6090 -1792.2174
-1766.3084 -1803.7732 -1787.4407
-1744.6629 -1796.7983 -1782.7795
-1744.6629 -1795.1283 -1780.8588
-1744.6629 -1793.2732 -1778.9329
-1744.6629 -1788.4708 -1775.3743
-1744.6629 -1786.1953 -1773.3606
-1735.4622 -1782.6144 -1770.3124
-1725.0363 -1782.2920 -1766.3183
-1725.0363 -1779.0445 -1763.1124
-1725.0363 -1776.6240 -1759.0193
-1725.0363 -1773.8400 -1754.7931
-1725.0363 -1767.3285 -1750.8672
-1725.0363 -1765.1873 -1746.5585
-1725.0363 -1762.1525 -1743.6366
-1725.0363 -1758.2239 -1741.8730
-1725.0363 -1750.5292 -1739.0212
-1718.6633 -1746.7121 -1736.0521
-1718.6633 -1745.9569 -1735.1478
-1718.6633 -1744.6629 -1733.4672
-1718.6633 -1744.3056 -1731.5662
-1702.3818 -1740.2455 -1729.1285
-1702.3818 -1735.8374 -1725.5991
-1702.3818 -1735.4622 -1723.0910
-1702.3818 -1734.0317 -1721.9935
-1694.0475 -1730.5168 -1718.8597
-1694.0475 -1725.8077 -1716.9647
-1694.0475 -1725.0363 -1715.5696
-1688.0622 -1724.9866 -1713.4271
-1688.0622 -1722.4978 -1711.3954
-1688.0622 -1719.6562 -1708.5577
-1688.0622 -1718.6633 -1706.7599
-1688.0622 -1718.6633 -1705.7660
-1688.0622 -1717.3517 -1704.2568
-1687.7929 -1713.3499 -1701.7724
-1684.6439 -1709.6513 -1699.7848
-1670.9464 -1708.6581 -1698.1122
-1670.9464 -1708.1330 -1696.6019
-1670.9464 -1707.1643 -1694.7733
-1670.9464 -1703.6200 -1692.2630
-1670.9464 -1702.3818 -1690.5209
-1670.9464 -1702.3818 -1689.5986
-1668.8633 -1699.5074 -1687.2510
-1668.4561 -1694.4699 -1684.7084
-1668.4561 -1694.0475 -1683.7177
-1662.3690 -1692.1301 -1682.2810
-1662.3690 -1690.1782 -1680.4459
-1662.3690 -1688.6193 -1679.3832
-1649.3165 -1688.0622 -1676.5182
-1649.3165 -1687.8761 -1674.9620
-1649.3165 -1684.7076 -1672.7917
-1649.3165 -1684.2018 -1670.6436
-1649.3165 -1680.2377 -1669.2610
-1649.3165 -1679.3131 -1667.1412
-1649.3165 -1676.5065 -1665.4902
-1649.3165 -1673.9065 -1663.8613
-1649.3165 -1671.9069 -1662.7377
-1649.3165 -1670.9464 -1662.0787
-1631.2257 -1668.8633 -1659.1250
-1631.0324 -1667.6660 -1655.6653
-1631.0324 -1666.2528 -1654.5424
-1631.0324 -1663.4410 -1652.1608
-1628.6032 -1662.3690 -1649.1462
-1628.6032 -1660.3315 -1647.6702
-1628.6032 -1658.1209 -1646.5043
-1625.4909 -1654.1111 -1643.4359
-1625.4909 -1651.7823 -1642.3655
-1625.4909 -1649.9695 -1641.2701
-1622.5958 -1649.3165 -1639.0422
-1617.6545 -1649.3165 -1637.2791
-1617.6545 -1646.7360 -1634.7578
-1614.1405 -1645.9233 -1632.7195
-1614.1405 -1644.0031 -1630.2983
-1614.1405 -1641.6355 -1628.5678
-1610.5117 -1636.0602 -1625.8691
-1610.5117 -1632.7609 -1624.7114
-1610.5117 -1631.0324 -1623.0000
-1602.6790 -1630.3326 -1621.1975
-1602.6790 -1628.8270 -1620.2159
-1602.6790 -1626.8020 -1617.8386
-1602.6790 -1625.4909 -1615.6647
-1592.1290 -1624.4132 -1614.2507
-1592.1290 -1621.5394 -1612.0223
-1584.0298 -1619.3964 -1610.4201
-1575.3970 -1617.6545 -1608.1075
-1575.3970 -1617.0222 -1606.4637
-1575.3970 -1614.1405 -1603.9246
-1575.3970 -1614.1405 -1602.8632
-1575.3970 -1612.6748 -1600.8250
-1575.3970 -1610.5117 -1597.7641
-1573.9832 -1609.0999 -1595.0900
-1573.9832 -1605.7242 -1592.8291
-1553.1989 -1603.8559 -1590.9212
-1553.1989 -1602.6790 -1587.8765
-1553.1989 -1602.1705 -1585.7352
-1553.1989 -1600.3850 -1583.7922
-1544.9447 -1597.6304 -1580.5703
-1544.9447 -1592.1290 -1575.7894
-1544.9447 -1591.7297 -1572.5245
-1542.9940 -1585.1471 -1569.3889
-1542.9940 -1581.6101 -1565.6364
-1538.1100 -1577.0430 -1561.7562
-1538.1100 -1575.3970 -1559.7376
-1537.2803 -1573.0233 -1556.3333
-1537.2803 -1567.4600 -1553.7915
-1536.5940 -1566.6915 -1552.0692
-1536.5940 -1564.8308 -1549.3685
-1536.5940 -1557.1885 -1546.5679
-1536.5940 -1555.7733 -1545.9389
-1532.0899 -1553.1989 -1544.0415
-1532.0899 -1551.5436 -1542.2754
-1532.0899 -1547.6480 -1540.8070
-1494.2975 -1545.2026 -1538.2555
-1494.2975 -1544.9447 -1536.4713
-1494.2975 -1543.2409 -1535.0890
-1494.2975 -1541.8472 -1532.5399
-1494.2975 -1539.9510 -1531.1300
-1492.9466 -1538.3240 -1528.1763
-1489.7129 -1538.1100 -1526.0486
-1489.7129 -1537.3290 -1524.2229
-1489.7129 -1536.5940 -1520.4707
-1487.0762 -1534.0379 -1516.3390
-1487.0762 -1532.3605 -1513.4126
-1487.0762 -1530.8509 -1509.6481
-1487.0762 -1529.5961 -1507.3876
-1487.0762 -1525.6602 -1501.3669
-1481.3970 -1510.1818 -1495.5499
-1481.3970 -1504.1258 -1494.1143
-1481.3970 -1503.2088 -1493.2027
-1481.3970 -1501.0564 -1492.1373
-1481.3970 -1497.6285 -1490.5066
-1468.7524 -1496.1984 -1489.1861
-1468.7524 -1495.2091 -1488.0846
-1468.7524 -1494.2975 -1487.0037
-1468.7524 -1494.2975 -1485.9548
-1468.7524 -1492.9466 -1485.3577
-1463.4959 -1492.0919 -1483.6278
-1463.4959 -1489.9764 -1482.7165
-1459.0365 -1489.4049 -1480.4719
-1459.0365 -1488.0527 -1479.0200
-1459.0365 -1487.0762 -1477.9731
-1459.0365 -1487.0762 -1476.8871
-1459.0365 -1486.4988 -1475.5913
-1459.0365 -1483.3102 -1474.3349
-1459.0365 -1482.7654 -1472.9821
-1459.0365 -1481.3970 -1471.8297
-1459.0365 -1481.3970 -1470.9928
-1442.1446 -1480.2922 -1469.0158
-1442.1446 -1477.0107 -1466.7831
-1432.5761 -1475.6196 -1464.0811
-1432.5761 -1472.6096 -1460.8192
-1432.5761 -1469.9733 -1459.1771
-1432.5761 -1469.1201 -1458.2577
-1432.5761 -1468.7524 -1456.4573
-1432.5761 -1468.6096 -1455.6287
-1427.9323 -1465.0383 -1453.5947
-1427.9323 -1464.5431 -1452.2648
-1427.9323 -1463.4959 -1451.0124
-1427.5321 -1460.4919 -1448.3131
-1427.5321 -1459.8713 -1447.2456
-1427.5321 -1459.4515 -1446.5988
-1427.5321 -1459.0365 -1444.9730
-1427.5321 -1458.0075 -1441.4974
-1427.5321 -1454.2569 -1439.9616
-1427.5321 -1452.9769 -1438.7810
-1427.5321 -1448.7073 -1436.7018
-1427.5321 -1446.8811 -1435.2578
-1423.7325 -1444.3867 -1433.4086
-1414.6894 -1442.1446 -1431.9014
-1414.4089 -1440.4488 -1430.5762
-1414.4089 -1439.3701 -1429.7353
-1414.4089 -1437.4007 -1428.5906
-1414.4089 -1434.6883 -1427.4446
-1414.4089 -1433.2366 -1426.7355
-1414.4089 -1432.6580 -1426.0752
-1412.8031 -1432.5761 -1425.1342
-1411.0646 -1430.1702 -1423.4132
-1409.8724 -1429.6333 -1422.5598
-1409.8724 -1427.9323 -1421.7512
-1409.8724 -1427.5321 -1420.3119
-1409.8724 -1427.5321 -1419.4462
-1409.8724 -1427.5321 -1418.3923
-1395.0694 -1427.3726 -1417.3262
-1395.0694 -1425.1578 -1415.1685
-1395.0694 -1423.2177 -1412.7959
-1395.0694 -1421.0243 -1411.8787
-1395.0694 -1418.8053 -1410.2110
-1395.0694 -1418.1856 -1409.1716
-1395.0694 -1414.6894 -1407.9360
-1384.7386 -1414.4089 -1406.0695
-1384.7386 -1413.3185 -1404.4141
-1384.7386 -1412.8031 -1403.2761
-1384.7386 -1412.3837 -1402.5465
-1384.7386 -1411.3407 -1401.2518
-1384.7386 -1409.8724 -1400.0366
-1384.7386 -1409.8724 -1398.8011
-1384.7386 -1408.3141 -1397.3325
-1384.7386 -1406.0470 -1394.9334
-1384.7386 -1400.9322 -1392.7423
-1378.7041 -1399.0477 -1391.8480
-1378.7041 -1397.7284 -1390.8494
-1378.7041 -1396.2800 -1389.6619
-1378.7041 -1396.2631 -1389.0587
-1378.7041 -1395.8513 -1388.6682
-1366.5928 -1395.0694 -1387.7557
-1366.5928 -1395.0694 -1386.4151
-1366.5928 -1395.0694 -1385.0381
-1366.5928 -1393.7941 -1383.4077
-1366.5928 -1391.2088 -1381.9859
-1366.5928 -1389.5073 -1380.0870
-1366.5928 -1386.7570 -1378.8847
-1366.5928 -1386.4920 -1378.4101
-1366.5928 -1384.7386 -1377.7362
-1366.5928 -1384.7386 -1377.1086
-1366.5928 -1384.7386 -1376.4675
-1366.5928 -1384.7386 -1375.9520
-1352.9374 -1383.0265 -1374.7051
-1352.9374 -1380.8506 -1373.6863
-1352.9374 -1380.7582 -1372.9744
-1352.9374 -1378.7041 -1371.5109
-1352.9374 -1378.7041 -1370.8411
-1352.9374 -1378.7041 -1369.9474
-1352.9374 -1378.5525 -1368.9477
-1352.9374 -1377.7733 -1367.5889
-1352.9374 -1375.8070 -1366.2264
-1352.9374 -1374.2936 -1364.9687
-1352.9374 -1372.1770 -1363.9849
-1352.9374 -1370.9803 -1362.6881
-1340.7541 -1369.0601 -1360.2293
-1340.7541 -1366.9987 -1359.3309
-1340.7541 -1366.5928 -1357.7293
-1340.7541 -1366.5928 -1356.4811
-1340.7541 -1366.5928 -1355.3951
-1340.7541 -1366.1131 -1354.3273
-1340.7541 -1364.5955 -1353.7278
-1340.7541 -1363.1974 -1352.7736
-1320.5407 -1361.2168 -1350.8073
-1320.5407 -1357.5466 -1349.3676
-1320.5407 -1355.7068 -1348.2627
-1320.5407 -1355.2746 -1347.2622
-1320.5407 -1354.2068 -1346.2864
-1320.5407 -1353.7897 -1344.8617
-1320.5407 -1352.9374 -1343.7902
-1320.5407 -1352.9374 -1341.9622
-1320.5407 -1352.9374 -1339.4001
-1320.5407 -1352.1809 -1338.2502
-1308.4599 -1352.1286 -1335.6731
-1304.3521 -1346.0899 -1331.5486
-1304.3521 -1343.2492 -1328.0407
-1304.3521 -1340.7541 -1326.5215
-1304.3521 -1340.7541 -1324.8265
-1304.3521 -1339.6319 -1322.6423
-1277.2290 -1333.9619 -1317.6328
-1277.2290 -1330.6419 -1315.0824
-1277.2290 -1326.1350 -1312.8527
-1277.2290 -1320.5407 -1309.8812
-1277.2290 -1320.5407 -1306.8827
-1277.2290 -1320.1489 -1304.8273
-1277.2290 -1318.5948 -1303.4184
-1277.2290 -1318.0960 -1301.3150
-1277.2290 -1313.6310 -1299.2937
-1277.2290 -1309.0707 -1297.5669
-1277.2290 -1308.9091 -1295.7074
-1277.2290 -1305.8475 -1292.9602
-1277.2290 -1305.7928 -1291.8154
-1277.2290 -1304.3521 -1290.9162
-1277.2290 -1304.3521 -1289.8003
-1272.4465 -1302.4352 -1287.9229
-1272.4465 -1300.2115 -1285.5034
-1272.4465 -1296.8186 -1283.3653
-1272.4465 -1293.1792 -1282.1192
-1272.4465 -1292.2628 -1281.4789
-1272.4465 -1291.2938 -1280.6875
-1272.4465 -1291.1267 -1279.7612
-1265.2450 -1289.4321 -1278.1073
-1265.2450 -1285.9155 -1277.0461
-1265.2450 -1285.0791 -1276.4334
-1265.2450 -1281.8375 -1275.3760
-1251.1679 -1281.1404 -1274.4434
-1251.1679 -1277.6241 -1273.6492
-1251.1679 -1277.2290 -1273.0151
-1251.1679 -1277.2290 -1272.4019
-1251.1679 -1277.2290 -1271.6834
-1251.1679 -1277.2290 -1270.8505
-1251.1679 -1277.2290 -1270.0552
-1251.1679 -1277.2290 -1268.8420
-1239.8870 -1275.6944 -1266.5400
-1239.8870 -1275.6024 -1265.3134
-1239.8870 -1274.5459 -1264.0624
-1239.8870 -1273.0341 -1262.6391
-1239.8870 -1272.4465 -1260.3974
-1239.8870 -1272.4465 -1258.5836
-1239.8870 -1271.0441 -1256.8128
-1239.8870 -1270.1714 -1256.0787
-1239.8870 -1268.4898 -1255.0080
-1239.8870 -1265.9669 -1253.5017
-1239.8870 -1265.2450 -1251.8938
-1236.4293 -1263.5178 -1250.2490
-1236.4293 -1261.6516 -1248.6475
-1236.4293 -1260.2853 -1247.4558
-1236.4293 -1259.8019 -1246.3847
-1230.5596 -1256.4230 -1244.3956
-1230.5596 -1251.1679 -1243.2437
-1230.5596 -1251.1679 -1242.0217
-1230.5596 -1251.1679 -1240.7098
-1217.6398 -1250.4786 -1239.2988
-1217.6398 -1243.3781 -1237.7416
-1217.6398 -1243.3436 -1237.0053
-1217.6398 -1242.1496 -1236.3390
-1217.6398 -1239.8870 -1235.3852
-1217.6398 -1239.8870 -1234.9403
-1217.6398 -1239.8870 -1233.4207
-1217.6398 -1239.8870 -1232.5308
-1217.6398 -1239.8870 -1231.3195
-1217.6398 -1239.8870 -1230.4590
-1217.6398 -1239.8870 -1229.6390
-1217.6398 -1237.0996 -1227.4897
-1214.4609 -1236.4293 -1225.4303
-1214.4609 -1236.3234 -1224.5077
-1211.8803 -1234.6659 -1222.8880
-1211.1212 -1233.1684 -1221.4846
-1211.1212 -1230.5596 -1220.7630
-1211.1212 -1230.5596 -1219.9850
-1211.1212 -1228.4420 -1218.8487
-1210.4683 -1225.2439 -1217.6808
-1210.4683 -1223.1232 -1216.8263
-1210.4683 -1221.0963 -1216.3292
-1210.4683 -1219.9723 -1215.9372
-1210.4683 -1219.9167 -1215.7016
-1210.4683 -1218.5571 -1215.4689
-1210.4683 -1218.0773 -1215.1594
-1210.4683 -1217.8827 -1214.9388
-1182.0975 -1217.6398 -1213.3445
-1182.0975 -1217.6398 -1212.6337
-1182.0975 -1217.6398 -1211.9136
-1182.0975 -1217.6398 -1211.0412
-1182.0975 -1217.6398 -1209.6268
-1182.0975 -1217.6398 -1208.7220
-1182.0975 -1217.4571 -1207.7194
-1182.0975 -1217.1789 -1206.8177
-1182.0975 -1214.7470 -1205.6997
-1182.0975 -1214.4609 -1204.7852
-1182.0975 -1214.3690 -1203.7874
-1181.5055 -1212.9399 -1201.3354
-1181.5055 -1211.8969 -1200.2511
-1181.5055 -1211.6714 -1199.3022
-1181.5055 -1211.1212 -1197.8583
-1181.5055 -1210.4683 -1196.3357
-1181.5055 -1210.4683 -1194.6500
-1181.5055 -1210.1488 -1193.6156
-1181.5055 -1208.5163 -1191.8402
-1181.5055 -1204.7567 -1190.2572
-1181.5055 -1202.9087 -1189.3246
-1181.5055 -1201.1941 -1188.4471
-1181.5055 -1199.5847 -1187.4599
-1181.5055 -1198.8903 -1186.2584
-1176.2448 -1197.2175 -1185.4400
-1176.2448 -1195.9769 -1184.6997
-1173.8519 -1194.1633 -1183.4891
-1173.8519 -1192.9586 -1183.0521
-1173.8519 -1190.0951 -1182.4774
-1173.8519 -1189.6499 -1181.5718
-1164.9810 -1187.6450 -1180.6401
-1164.9810 -1184.5952 -1179.9684
-1164.9810 -1182.0975 -1179.3919
-1164.9810 -1182.0975 -1178.9352
-1164.9810 -1182.0975 -1178.2898
-1164.9810 -1182.0975 -1177.9475
-1159.4811 -1182.0975 -1176.6865
-1159.4811 -1181.5055 -1175.6389
-1159.4811 -1181.5055 -1174.8590
-1150.6006 -1181.5055 -1173.7819
-1150.6006 -1181.5055 -1172.6810
-1150.6006 -1181.5055 -1171.7072
-1150.6006 -1181.5055 -1170.8892
-1150.6006 -1178.0180 -1168.7729
-1150.6006 -1176.4441 -1167.9071
-1137.4052 -1175.9932 -1165.9475
-1137.4052 -1175.8172 -1164.8489
-1137.4052 -1174.8136 -1163.5650
-1137.4052 -1173.8519 -1161.2654
-1136.3565 -1171.7535 -1159.0007
-1136.3565 -1171.2068 -1157.5461
-1136.3565 -1167.9204 -1155.4740
-1136.3565 -1167.7241 -1154.4033
-1136.3565 -1164.9810 -1152.2317
-1136.3565 -1164.9810 -1151.3299
-1136.3565 -1164.9810 -1150.4590
-1136.3565 -1163.8611 -1149.5177
-1136.3565 -1162.8775 -1148.0246
-1136.3565 -1161.3704 -1147.0829
-1136.3565 -1159.4811 -1146.4537
-1136.3565 -1153.1271 -1144.5060
-1136.3565 -1151.4003 -1143.9023
-1136.3565 -1150.6006 -1143.3187
-1136.3565 -1150.6006 -1142.8143
-1136.3565 -1150.6006 -1142.3764
-1136.3565 -1150.6006 -1141.8551
-1127.4761 -1150.0847 -1140.4131
-1127.4761 -1148.8050 -1139.4297
-1127.4761 -1147.6253 -1138.3276
-1127.4761 -1146.5380 -1137.6822
-1127.4761 -1145.4029 -1136.7209
-1127.4761 -1141.7240 -1135.9922
-1127.4761 -1140.8955 -1135.3424
-1115.0982 -1138.3225 -1134.4968
-1115.0982 -1137.4052 -1133.7726
-1115.0982 -1137.4052 -1133.0483
-1115.0982 -1137.4052 -1132.5521
-1115.0982 -1137.4052 -1132.0541
-1115.0982 -1136.3565 -1131.1675
-1115.0982 -1136.3565 -1130.4594
-1115.0982 -1136.3565 -1129.0921
-1115.0982 -1136.3565 -1128.6669
-1115.0982 -1136.3565 -1127.7550
-1115.0982 -1136.3565 -1126.2538
-1115.0982 -1136.3565 -1125.1160
-1115.0982 -1135.6205 -1123.7996
-1115.0982 -1134.7573 -1123.2941
-1115.0982 -1133.0562 -1122.3928
-1115.0982 -1129.8158 -1121.4938
-1115.0982 -1127.4761 -1121.1918
-1115.0982 -1127.4761 -1120.6845
-1115.0982 -1127.4761 -1120.4370
-1113.6659 -1127.4761 -1119.8412
-1113.6659 -1127.4313 -1119.5465
-1113.6659 -1126.4763 -1118.4698
-1113.6659 -1125.2742 -1117.8351
-1113.6659 -1124.4660 -1117.2936
-1108.5869 -1123.4836 -1116.2400
-1108.5869 -1122.4143 -1115.4904
-1108.0603 -1120.3352 -1114.8888
-1108.0603 -1120.0245 -1114.5431
-1097.2929 -1117.1201 -1113.7007
-1097.2929 -1116.0155 -1113.2792
-1097.2929 -1115.1357 -1112.6456
-1097.2929 -1115.0982 -1112.1605
-1097.2929 -1115.0982 -1111.8044
-1097.2929 -1115.0982 -1111.4483
-1097.2929 -1115.0982 -1111.0454
-1097.2929 -1115.0982 -1110.4333
-1097.2929 -1115.0982 -1110.0669
-1097.2929 -1115.0982 -1109.2751
-1097.2929 -1115.0982 -1108.7566
-1097.2929 -1115.0982 -1108.0865
-1097.2929 -1115.0982 -1107.2353
-1097.2929 -1115.0982 -1106.8692
-1097.2929 -1114.5978 -1106.1733
-1091.9795 -1113.6659 -1105.1966
-1091.9795 -1113.6659 -1104.1384
-1091.9795 -1113.6659 -1103.5814
-1091.9795 -1112.6628 -1102.7909
-1091.9795 -1109.3616 -1101.5628
-1091.9795 -1108.7729 -1100.7732
-1091.9795 -1108.5869 -1100.3895
-1091.9795 -1108.0603 -1099.7785
-1091.9795 -1108.0603 -1099.3599
-1091.9795 -1106.1969 -1098.6993
-1091.9795 -1106.1969 -1098.2912
-1091.9795 -1105.1494 -1097.9445
-1091.0273 -1103.2103 -1096.8975
-1091.0273 -1102.4414 -1096.5894
-1091.0273 -1102.3388 -1096.2309
-1088.7846 -1100.7244 -1095.2858
-1088.7846 -1100.0360 -1094.8841
-1087.9603 -1099.3113 -1094.4152
-1087.9603 -1097.2929 -1093.5210
-1083.4371 -1097.2929 -1092.9216
-1067.4987 -1097.2929 -1091.8101
-1067.4987 -1097.2929 -1090.7199
-1067.4987 -1097.2929 -1089.9884
-1066.6875 -1095.5295 -1088.4927
-1066.6875 -1093.3451 -1087.7608
-1066.6875 -1091.9795 -1087.1712
-1066.6875 -1091.9795 -1086.6654
-1066.6875 -1091.9795 -1085.1716
-1066.6875 -1091.9795 -1084.6658
-1066.6875 -1091.9795 -1083.7099
-1066.6875 -1091.9795 -1082.8244
-1066.6875 -1091.9795 -1081.6827
-1066.6875 -1091.7659 -1081.0036
-1066.6875 -1091.0273 -1080.4225
-1066.6875 -1091.0273 -1079.8733
-1063.6205 -1090.2611 -1077.3182
-1063.6205 -1089.3993 -1075.6322
-1063.6205 -1088.7846 -1074.7024
-1062.3552 -1087.9603 -1073.3238
-1062.3552 -1087.0543 -1072.5123
-1062.3552 -1086.4437 -1071.9718
-1062.3552 -1083.9129 -1070.9333
-1062.3552 -1083.4371 -1070.0837
-1062.3552 -1082.5018 -1068.9685
-1062.3552 -1076.6612 -1067.9289
-1062.3552 -1076.2826 -1067.5145
-1062.3552 -1074.5056 -1066.8445
-1062.3552 -1073.9172 -1066.2492
-1062.3552 -1071.7826 -1065.8914
-1062.3552 -1070.6885 -1065.6446
-1062.3552 -1068.5863 -1065.2880
-1062.3552 -1068.0871 -1065.1303
-1054.7400 -1067.4987 -1064.6944
-1054.7400 -1067.4987 -1064.3930
-1054.7400 -1067.4987 -1064.1378
-1054.7400 -1067.2851 -1063.8826
-1054.7400 -1066.6875 -1063.5986
-1054.7400 -1066.6875 -1062.9905
-1054.7400 -1066.6875 -1062.7515
-1054.7400 -1066.6875 -1062.5126
-1054.7400 -1066.6875 -1062.2736
-1054.7400 -1066.6875 -1061.9480
-1054.7400 -1066.6875 -1061.5838
-1054.7400 -1066.6875 -1061.1279
-1054.7400 -1066.6875 -1060.8890
-1054.7400 -1066.6875 -1060.5602
-1054.7400 -1066.5621 -1060.1026
-1054.7400 -1065.1848 -1059.7829
-1054.7400 -1064.0592 -1059.1727
-1054.7400 -1063.6205 -1058.8171
-1054.7400 -1063.6205 -1058.4354
-1054.7400 -1062.3552 -1058.0182
-1054.7400 -1062.3552 -1057.7136
-1054.7400 -1062.3552 -1057.5613
-1054.7400 -1062.3552 -1057.3665
-1054.7400 -1062.3552 -1056.6823
-1054.7400 -1062.3552 -1056.5039
-1054.7400 -1062.3552 -1056.1961
-1054.7400 -1062.1946 -1055.7220
-1049.8900 -1060.1762 -1055.1711
-1049.8900 -1058.9192 -1054.8762
-1049.8900 -1057.2063 -1054.6956
-1049.8900 -1056.1397 -1054.4713
-1049.8900 -1055.7572 -1054.1224
-1049.8900 -1054.7671 -1053.9847
-1049.8900 -1054.7400 -1053.8872
-1049.8900 -1054.7400 -1053.6932
-1048.0482 -1054.7400 -1053.3337
-1048.0482 -1054.7400 -1053.1637
-1048.0482 -1054.7400 -1053.0299
-1048.0482 -1054.7400 -1052.8702
-1039.0967 -1054.7400 -1052.3541
-1039.0967 -1054.7400 -1051.8342
-1039.0967 -1054.7400 -1051.4519
-1039.0967 -1054.7400 -1051.1287
-1024.5799 -1054.7400 -1049.8516
-1024.5799 -1054.7400 -1049.2484
-1024.5799 -1054.7400 -1048.6452
-1024.5799 -1054.7400 -1047.9725
-1024.5799 -1054.7400 -1047.0324
-1024.5799 -1054.7400 -1045.6262
-1024.5799 -1054.2241 -1044.4933
-1024.5799 -1053.4483 -1043.7064
-1024.5799 -1052.0961 -1043.0785
-1024.5799 -1050.8959 -1041.9500
-1020.9223 -1049.8900 -1040.5282
-1020.9223 -1049.8900 -1039.7465
-1020.9223 -1049.8900 -1039.0287
-1020.9223 -1049.3676 -1037.6332
-1020.9223 -1048.0482 -1036.4489
-1020.9223 -1048.0482 -1035.3639
-1020.9223 -1047.2417 -1032.9581
-1020.9223 -1044.2845 -1031.4825
-1020.9223 -1042.1637 -1029.7199
-1020.9223 -1041.5271 -1029.0639
-1020.9223 -1039.0967 -1028.1608
-1020.9223 -1039.0967 -1027.4338
-1020.9223 -1039.0967 -1026.6716
-1020.9223 -1037.2235 -1025.9033
-1020.9223 -1035.2012 -1024.8016
-1020.9223 -1033.4530 -1024.1665
-1020.9223 -1032.4083 -1023.5749
-1011.6746 -1027.9326 -1022.5135
-1011.6746 -1026.4144 -1022.0855
-1011.6746 -1024.8239 -1021.6584
-1011.6746 -1024.5799 -1021.3954
-1011.6746 -1024.5799 -1021.0091
-1011.6746 -1024.5799 -1020.5657
-1011.6746 -1024.5799 -1020.2790
-1011.6746 -1024.5799 -1019.7771
-1011.6746 -1024.0261 -1019.3448
-1011.6746 -1023.7015 -1018.8176
-1011.6746 -1023.3635 -1018.4515
-1011.6746 -1020.9223 -1018.0144
-1011.6746 -1020.9223 -1017.8165
-1011.6746 -1020.9223 -1017.5547
-1011.6746 -1020.9223 -1017.3697
-1009.1825 -1020.9223 -1016.2565
-1008.8982 -1020.9223 -1015.7448
-1008.8982 -1020.9223 -1015.4472
-1008.8982 -1020.9223 -1015.0981
-1008.8982 -1020.9223 -1014.8576
-1008.8982 -1020.9223 -1014.6172
-1008.8982 -1020.9223 -1013.3793
-1008.8982 -1020.2739 -1012.8519
-1008.8982 -1019.0995 -1012.5963
-1008.8982 -1017.7479 -1011.9840
-1006.0098 -1017.0825 -1011.4672
-1006.0098 -1017.0825 -1011.2457
-1006.0098 -1015.3168 -1010.9317
-1006.0098 -1012.8555 -1010.5194
-1006.0098 -1012.8119 -1010.3090
-1006.0098 -1012.4295 -1010.0860
-1006.0098 -1011.6746 -1009.8735
-1006.0098 -1011.6746 -1009.7047
-1006.0098 -1011.6746 -1009.4781
-1005.4633 -1011.6746 -1009.2406
-1005.4633 -1011.6746 -1008.9940
-1005.4633 -1011.6746 -1008.8143
-1005.4633 -1011.6746 -1008.6402
-1005.4633 -1011.6746 -1008.4605
-1005.4633 -1011.6746 -1008.3362
-1005.4633 -1011.6746 -1008.1576
-1004.8433 -1011.3768 -1007.7763
-1004.8433 -1011.1116 -1007.6456
-1004.8433 -1009.1825 -1007.1933
-1004.8433 -1009.1825 -1007.1065
-1004.8433 -1008.8982 -1006.9556
-1004.8433 -1008.8982 -1006.7406
-1004.8433 -1008.8982 -1006.5207
-1004.8433 -1008.8982 -1006.3818
-1004.8433 -1008.8982 -1006.2196
-1004.8433 -1008.8982 -1006.0698
-1003.6565 -1008.8982 -1005.8045
-996.7694 -1008.3621 -1005.4571
-996.7694 -1007.3217 -1004.9868
-996.7694 -1006.0098 -1004.7241
-996.7694 -1006.0098 -1004.5392
-996.7694 -1006.0098 -1004.3544
-996.7694 -1006.0098 -1004.1587
-996.7694 -1006.0098 -1003.7891
-996.7694 -1006.0098 -1003.5934
-996.7694 -1006.0098 -1003.4085
-996.7694 -1006.0098 -1003.1410
-996.7694 -1006.0098 -1002.9562
-996.7694 -1005.6388 -1002.7243
-996.7694 -1005.4633 -1002.2838
-996.7694 -1005.4633 -1002.0067
-996.7694 -1005.4633 -1001.7942
-996.7694 -1005.4633 -1001.6203
-996.7694 -1005.4633 -1001.3985
-996.7694 -1005.4633 -1001.0127
-996.7694 -1004.8433 -1000.7793
-996.7694 -1004.8433 -1000.6179
-996.7694 -1004.8433 -1000.4537
-996.7694 -1004.8433 -1000.2710
-996.7694 -1004.8433 -1000.1095
-996.7694 -1004.8433 -999.6677
-996.7694 -1004.8433 -999.0401
-996.7694 -1004.7106 -998.5608
-996.7694 -1004.1766 -998.2431
-996.7694 -1003.6565 -997.9377
-996.7694 -1003.0699 -997.5036
-996.7694 -1001.8711 -997.2756
-994.4265 -999.5318 -996.9003
-994.4265 -998.6547 -996.7556
-994.4265 -997.6868 -996.6710
-994.4265 -997.1220 -996.6036
-994.4265 -997.0123 -996.5449
-994.4265 -997.0123 -996.4931
-994.1106 -996.7694 -996.3882
-994.1106 -996.7694 -996.3351
-994.1106 -996.7694 -996.2563
-994.1106 -996.7694 -996.2031
-994.1106 -996.7694 -996.1500
-994.1106 -996.7694 -996.0925
-994.1106 -996.7694 -996.0393
-994.1106 -996.7694 -995.9862
-994.1106 -996.7694 -995.9330
-994.1106 -996.7694 -995.8798
-977.4180 -996.7694 -995.4396
-977.4180 -996.7694 -995.0526
-977.4180 -996.7694 -994.6124
-977.4180 -996.7694 -994.1785
-977.4180 -996.7694 -993.4694
-977.4180 -996.7694 -993.0824
-977.4180 -996.7694 -992.6202
-977.4180 -996.7694 -992.1234
-977.4180 -996.7694 -991.6832
-977.4180 -996.7694 -990.9744
-977.4180 -996.7694 -990.5405
-977.4180 -996.7694 -989.8435
-977.4180 -996.5558 -989.1771
-977.4180 -996.3732 -988.7943
-977.4180 -994.7399 -987.9448
-977.4180 -994.4265 -987.2582
-977.4180 -994.4265 -986.3727
-977.4180 -994.4265 -985.8987
-977.4180 -994.4265 -985.5523
-977.4180 -994.1106 -985.1083
-977.4180 -994.1106 -984.6702
-977.4180 -994.1106 -984.3363
-977.4180 -994.1106 -984.0025
-975.9153 -994.1106 -983.2559
-975.9153 -994.1106 -982.1213
-975.9153 -992.5000 -980.8235
-975.9153 -991.6696 -980.2256
-975.9153 -991.5582 -979.6277
-975.9153 -988.5718 -978.8192
-969.5895 -985.4157 -977.9290
-969.5895 -983.9394 -977.3495
-968.3556 -981.2728 -976.5982
-968.3556 -980.9091 -976.3399
-968.3556 -978.9408 -976.0888
-968.3556 -978.6618 -975.8560
-968.3556 -977.4180 -975.6461
-963.0783 -977.4180 -974.9667
-963.0783 -977.4180 -974.5157
-963.0783 -977.4180 -974.1986
-963.0783 -977.4180 -973.9118
-963.0783 -977.4180 -973.6250
-963.0783 -977.4180 -973.3080
-963.0783 -977.4180 -972.8370
-963.0783 -977.4180 -972.5502
-963.0783 -977.4180 -972.2196
-963.0783 -977.4180 -971.8729
-963.0783 -977.4180 -971.2692
-959.8189 -977.4180 -970.6305
-959.8189 -976.6771 -969.7645
-959.8189 -976.6653 -969.4273
-959.8189 -976.1841 -969.0808
-959.8189 -975.9153 -968.3713
-959.8189 -975.9153 -967.7812
-959.8189 -975.9153 -967.1665
-959.8189 -975.9153 -966.3468
-958.3162 -975.3427 -965.6611
-958.3162 -974.1125 -964.8006
-958.3162 -969.5895 -964.0509
-958.3162 -968.4027 -963.6122
-958.3162 -968.3556 -963.1052
-958.3162 -968.3556 -962.6211
-958.3162 -968.2091 -962.1736
-958.3162 -965.5567 -961.8068
-958.3162 -964.2591 -961.2880
-958.3162 -963.0783 -961.0723
-953.8874 -963.0783 -960.6491
-953.8874 -963.0783 -960.4001
-949.2762 -963.0783 -959.9402
-949.2762 -963.0783 -959.3812
-949.2762 -963.0783 -958.8291
-949.2762 -963.0783 -958.5530
-949.2762 -963.0783 -958.2118
-949.2762 -962.9340 -957.5979
-949.2762 -962.7710 -957.3247
-949.2762 -961.6560 -956.9662
-949.2762 -961.0221 -956.6519
-949.2762 -959.8189 -956.4169
-949.2762 -959.8189 -956.2061
-949.2762 -959.8189 -955.9952
-949.2762 -959.8189 -955.5372
-949.2762 -959.8189 -954.8447
-949.2762 -959.8189 -954.6338
-949.2762 -959.8189 -954.2796
-949.2762 -959.8189 -953.8579
-949.2762 -959.6434 -953.6169
-949.2762 -958.6321 -953.3606
-949.2762 -958.3162 -953.1495
-949.2762 -958.3162 -952.7879
-949.2762 -958.3162 -952.5246
-939.4071 -958.3162 -951.7848
-939.4071 -958.3162 -951.1149
-939.4071 -958.3162 -950.3751
-939.4071 -957.1171 -949.3620
-939.4071 -953.1105 -948.7026
-939.4071 -952.7673 -948.2391
-939.4071 -952.7006 -947.9719
-939.4071 -949.2762 -947.5774
-939.4071 -949.2762 -947.3801
-939.4071 -949.2762 -947.1827
-939.4071 -949.2762 -946.6432
-939.4071 -949.2762 -946.4458
-939.4071 -949.2762 -946.1699
-939.4071 -949.2762 -945.9726
-939.4071 -949.2762 -945.7752
-939.4071 -949.2762 -945.2607
-939.4071 -949.2762 -944.6877
-939.4071 -949.2762 -944.3393
-939.4071 -949.2762 -944.0173
-939.4071 -949.2762 -943.8199
-930.3364 -949.2762 -943.1155
-930.3364 -949.2762 -942.6173
-930.3364 -949.2762 -942.0411
-930.3364 -949.2762 -941.6016
-930.3364 -949.2762 -941.0254
-930.3364 -949.2762 -940.3592
-930.3364 -948.1949 -939.3623
-930.3364 -945.2040 -938.5031
-930.3364 -943.8665 -937.9989
-930.3364 -941.7284 -937.2202
-917.9960 -939.4071 -936.5214
-917.9960 -939.4071 -936.0932
-917.9960 -939.4071 -935.0235
-917.9960 -939.4071 -934.5953
-917.9960 -939.4071 -934.1671
-917.9960 -939.4071 -933.7389
-917.9960 -939.4071 -933.1292
-917.9960 -939.4071 -932.4573
-917.9960 -939.4071 -931.9661
-917.9960 -939.4071 -930.9282
-917.9960 -939.4071 -930.1081
-917.9960 -939.4071 -929.6798
-917.9960 -939.4071 -928.9432
-917.9025 -939.4071 -927.8048
-917.9025 -936.9314 -926.6247
-917.9025 -935.3146 -925.5079
-917.9025 -930.3974 -925.1342
-917.9025 -930.3364 -924.8843
-917.9025 -930.3364 -924.4890
-917.9025 -930.3364 -924.0933
-914.7367 -930.3364 -923.1111
-914.7367 -930.3364 -922.7992
-914.7367 -930.3364 -922.4758
-914.7367 -930.3364 -921.6702
-914.7367 -930.3364 -921.0381
-914.7367 -929.1926 -920.1543
-914.7367 -927.5490 -919.1523
-914.7367 -926.5745 -918.2041
-914.7367 -922.5190 -917.6510
-909.5734 -920.7725 -917.1359
-909.5734 -918.3119 -916.8771
-906.3141 -917.9960 -916.3909
-906.3141 -917.9960 -916.1572
-906.3141 -917.9960 -915.9236
-906.3141 -917.9960 -915.5737
-906.3141 -917.9960 -915.2998
-906.3141 -917.9960 -914.7796
-906.3141 -917.9960 -914.4807
-906.3141 -917.9960 -914.1999
-906.3141 -917.9960 -913.7978
-906.3141 -917.9960 -913.4521
-906.3141 -917.9960 -913.2077
-906.3141 -917.9025 -912.9709
-906.3141 -917.9025 -912.5074
-906.3141 -917.9025 -912.0438
-906.3141 -917.9025 -911.7687
-906.3141 -917.9025 -911.3052
-906.3141 -917.5532 -910.9258
-905.7981 -915.7362 -910.1243
-905.7981 -914.7367 -909.4546
-905.7981 -914.7367 -909.1654
-905.7981 -914.7367 -908.7443
-905.7981 -914.7367 -908.3518
-905.7981 -914.4585 -907.9013
-902.7733 -912.3899 -907.1540
-902.7733 -911.0262 -906.9333
-902.7733 -909.9041 -906.5386
-902.7733 -909.5734 -906.3138
-902.7733 -909.5734 -906.0371
-902.7733 -909.5734 -905.7672
-902.7733 -906.3141 -905.5749
-902.7733 -906.3141 -905.5040
-893.8802 -906.3141 -905.1742
-893.8802 -906.3141 -904.9256
-893.8802 -906.3141 -904.6061
-893.8802 -906.3141 -904.0904
-893.8802 -906.3141 -903.8418
-893.8802 -906.3141 -903.3624
-893.8802 -906.3141 -903.1137
-893.8802 -906.3141 -902.7870
-893.8802 -906.3141 -902.2896
-893.8802 -906.3141 -901.9104
-893.8802 -906.3141 -901.3443
-893.8802 -906.3141 -900.9406
-893.8802 -905.7981 -900.6751
-893.8802 -905.7981 -900.2164
-893.8802 -905.7981 -899.5877
-893.1275 -905.7981 -899.0959
-893.1275 -905.7981 -898.8425
-893.1275 -905.7981 -898.5045
-893.1275 -905.4751 -897.7248
-893.1275 -902.9268 -897.2584
-893.1275 -902.8792 -896.8730
-893.1275 -902.7733 -896.4631
-893.1275 -902.7733 -895.8650
-893.1275 -902.7733 -895.4278
-893.1275 -901.3210 -894.7206
-893.1275 -900.3000 -894.4677
-893.1275 -898.2008 -894.0578
-893.1275 -895.7350 -893.8376
-893.1275 -895.7350 -893.7855
-893.1275 -894.7809 -893.6889
-890.6852 -894.7809 -893.5228
-890.6852 -894.0690 -893.4409
-890.6852 -893.8802 -893.3289
-890.6852 -893.8802 -893.2650
-890.6852 -893.8802 -893.1860
-890.6852 -893.8802 -893.0920
-889.5867 -893.8802 -892.8600
-889.5867 -893.8802 -892.7741
-889.5867 -893.8802 -892.6883
-889.5867 -893.8802 -892.5385
-889.5867 -893.8802 -892.4526
-887.1986 -893.8802 -892.2331
-881.4978 -893.8802 -891.8368
-881.4978 -893.8802 -891.5595
-881.4978 -893.1703 -891.1632
-881.4978 -893.1275 -890.9297
-881.4978 -893.1275 -890.6971
-881.4978 -893.1275 -890.2525
-881.4978 -893.1275 -889.9904
-881.4978 -893.1275 -889.7578
-881.4978 -893.1275 -889.0737
-881.4978 -893.1275 -888.6852
-881.4978 -893.1275 -888.2200
-881.4978 -893.1275 -887.4857
-881.4978 -893.1275 -887.1653
-881.4978 -892.3979 -886.4473
-881.4978 -890.6852 -885.8760
-881.4978 -890.6852 -885.4951
-881.4978 -890.6852 -885.1961
-881.4978 -890.6852 -884.9964
-878.0629 -889.8910 -884.4118
-878.0629 -889.5867 -884.0335
-878.0629 -889.5867 -883.7064
-878.0629 -889.5867 -883.2454
-878.0629 -889.5867 -882.7310
-878.0629 -887.1986 -882.0866
-878.0629 -886.0207 -881.6308
-878.0629 -885.3321 -881.4717
-878.0629 -885.3321 -881.3108
-875.2322 -884.8375 -880.8916
-875.2322 -884.3464 -880.6301
-875.2322 -883.1646 -880.4478
-875.2322 -883.0205 -880.2892
-875.2322 -882.5250 -879.9203
-875.2322 -881.4978 -879.7057
-875.2322 -881.4978 -879.3864
-875.2322 -881.4978 -879.1838
-875.2322 -881.4978 -879.0585
-875.2322 -881.4978 -878.9332
-875.2322 -881.4978 -878.7239
-875.2322 -881.4978 -878.5986
-869.3033 -881.4978 -878.2017
-869.3033 -881.4978 -877.9578
-869.3033 -881.4978 -877.7139
-869.3033 -881.4978 -877.3651
-869.3033 -881.4978 -877.0851
-869.3033 -881.4978 -876.8412
-869.3033 -881.4978 -876.0795
-869.3033 -881.0676 -875.8356
-869.3033 -881.0676 -875.5091
-869.3033 -879.6889 -875.0490
-869.3033 -878.0629 -874.6064
-869.3033 -878.0629 -874.4312
-869.3033 -878.0629 -874.1994
-869.3033 -878.0629 -873.8802
-869.3033 -878.0629 -873.7050
-868.1399 -878.0629 -873.2181
-868.1399 -878.0629 -872.8599
-868.1399 -877.2988 -872.5542
-868.1399 -877.2988 -872.2111
-868.1399 -876.9905 -872.0279
-868.1399 -876.5037 -871.8509
-868.1399 -875.2322 -871.6836
-868.1399 -875.2322 -871.5418
-868.1399 -875.2322 -871.2813
-868.1399 -875.2322 -871.0877
-868.1399 -875.2322 -870.7087
-868.1399 -875.2322 -870.5669
-868.1399 -875.2322 -870.3064
-868.1399 -875.2322 -870.0460
-868.1399 -875.2322 -869.7856
-868.1399 -874.6890 -869.4035
-868.1399 -874.0688 -869.2725
-868.1399 -871.9296 -868.9930
-868.1399 -870.8416 -868.8687
-868.1399 -869.3033 -868.8147
-866.1083 -869.3033 -868.7275
-866.1083 -869.3033 -868.6636
-866.1083 -869.3033 -868.5997
-866.1083 -869.3033 -868.5358
-866.1083 -869.3033 -868.4486
-866.1083 -869.3033 -868.3516
-866.1083 -869.3033 -868.2412
-866.1083 -869.3033 -868.1689
-866.1083 -869.3033 -868.1021
-866.1083 -869.3033 -868.0382
-866.1083 -869.3033 -867.9743
-864.7050 -869.3033 -867.8184
-864.7050 -869.3033 -867.7264
-864.7050 -869.3033 -867.6345
-864.7050 -869.3033 -867.4786
-859.0466 -869.3033 -867.1582
-859.0466 -869.1568 -866.8892
-859.0466 -868.8848 -866.6870
-859.0466 -868.1399 -866.4902
-859.0466 -868.1399 -866.1041
-859.0466 -868.1399 -865.6899
-859.0466 -868.1399 -865.3604
-859.0466 -868.1399 -865.0334
-859.0466 -868.1399 -864.8416
-859.0466 -868.1399 -864.5528
-859.0466 -868.1399 -864.3709
-854.6562 -868.1399 -863.7297
-854.6562 -868.1399 -863.4600
-854.6562 -868.1399 -863.1497
-854.6562 -867.6467 -862.8257
-854.6562 -867.6467 -862.5659
-854.6562 -866.1083 -861.9412
-853.4929 -866.1083 -861.0361
-850.1231 -866.1083 -860.4641
-850.1231 -866.1083 -860.0634
-850.1231 -866.1083 -859.7354
-850.1231 -865.6946 -859.1333
-850.1231 -865.1632 -858.5684
-850.1231 -864.7050 -858.0269
-850.1231 -864.7050 -857.6221
-850.1231 -863.9628 -856.8379
-850.1231 -862.7889 -856.5611
-850.1231 -859.3991 -856.1581
-850.1231 -859.0466 -855.9237
-850.1231 -859.0466 -855.5668
-850.1231 -859.0466 -855.2595
-850.1231 -859.0466 -855.0810
-850.1231 -859.0466 -854.8472
-850.1231 -859.0466 -854.6187
-850.1231 -859.0466 -853.9048
-850.1231 -859.0466 -853.4544
-850.1231 -859.0466 -853.1139
-850.1231 -859.0466 -852.8244
-850.1231 -859.0466 -852.3386
-850.1231 -857.0829 -851.9884
-849.9521 -856.2820 -851.4645
-849.9521 -856.2820 -851.3379
-849.9521 -854.6562 -851.1207
-849.9521 -854.6562 -850.9855
-849.9521 -854.6562 -850.8915
-849.9521 -854.6562 -850.6468
-849.9521 -853.7131 -850.5527
-849.9521 -853.4929 -850.4356
-849.9521 -852.6040 -850.3283
-849.9521 -851.6614 -850.1418
-849.9521 -850.1231 -850.0820
-849.9521 -850.1231 -850.0786
-849.9521 -850.1231 -850.0718
-849.9521 -850.1231 -850.0684
-849.9521 -850.1231 -850.0649
-849.9521 -850.1231 -850.0615
-849.9521 -850.1231 -850.0547
-849.9521 -850.1231 -850.0513
-849.9521 -850.1231 -850.0410
-849.9521 -850.1231 -850.0376
-849.9521 -850.1231 -850.0342
-849.9521 -850.1231 -850.0278
-849.9521 -850.1231 -850.0244
-849.9521 -850.1231 -850.0176
-849.9521 -850.1231 -850.0141
-849.9521 -850.1231 -850.0107
-849.9521 -850.1231 -850.0039
-849.9521 -850.1231 -849.9971
-849.8346 -850.1231 -849.9879
-849.8346 -850.1231 -849.9787
-849.8346 -850.1231 -849.9729
-849.8346 -850.1231 -849.9603
-849.8346 -850.1231 -849.9511
-849.8056 -849.9766 -849.9356
-849.8056 -849.9521 -849.9322
-849.4362 -849.9521 -849.9189
-849.4362 -849.9521 -849.9086
-849.4362 -849.9521 -849.8953
-849.4362 -849.9521 -849.8850
-849.4362 -849.9521 -849.8747
-849.4362 -849.9521 -849.8644
-849.4362 -849.9521 -849.8511
-849.4362 -849.9521 -849.8408
-849.4362 -849.9521 -849.8305
-849.4362 -849.9521 -849.8202
-849.4362 -849.9521 -849.8099
-849.4362 -849.9521 -849.7995
-847.5120 -849.9521 -849.7404
-847.5120 -849.9521 -849.6916
-847.5120 -849.9521 -849.6428
-847.5120 -849.9521 -849.5887
-847.5120 -849.9521 -849.5376
-847.5120 -849.9521 -849.4888
-847.5120 -849.9521 -849.4400
-847.5120 -849.9521 -849.3888
-847.5120 -849.9521 -849.3400
-847.5120 -849.9521 -849.2780
-847.5120 -849.9521 -849.2184
-847.5120 -849.9521 -849.1179
-847.5120 -849.9521 -849.0662
-847.5120 -849.9521 -849.0144
-847.5120 -849.8346 -848.9602
-847.5120 -849.8346 -848.9137
-847.5120 -849.8346 -848.8129
-847.5120 -849.8346 -848.7200
-847.5120 -849.8056 -848.6276
-847.5120 -849.8056 -848.5744
-847.5120 -849.8056 -848.5285
-843.8974 -849.8056 -848.2983
-843.8974 -849.6881 -848.1343
-843.8974 -849.5626 -848.0160
-843.8974 -849.4362 -847.8642
-843.8974 -849.4362 -847.7149
-843.8974 -849.4362 -847.6041
-843.8974 -849.4362 -847.4934
-843.8974 -849.4362 -847.3826
-843.8974 -849.4362 -847.2184
-843.8974 -849.4362 -846.8861
-843.8974 -849.4362 -846.7368
-843.8974 -848.7927 -846.5726
-843.8974 -848.6904 -846.4512
-843.8974 -847.5120 -846.3553
-843.8974 -847.5120 -846.2107
-843.8974 -847.5120 -846.0661
-843.8974 -847.5120 -845.9215
-843.8974 -847.5120 -845.8493
-843.8974 -847.5120 -845.7770
-843.8974 -847.5120 -845.6324
-843.8974 -847.5120 -845.5601
-843.8974 -847.5120 -845.4878
-843.8974 -847.5120 -845.3432
-843.8974 -847.5120 -845.1986
-843.8974 -847.5120 -845.0721
-843.8974 -847.5120 -844.9363
-843.8974 -847.5120 -844.7283
-843.8974 -847.5120 -844.6560
-843.8974 -847.5120 -844.5837
-843.8974 -847.5120 -844.5114
-843.8974 -847.5120 -844.3668
-843.8974 -847.5120 -844.2946
-843.8974 -847.5120 -844.2223
-843.8974 -847.5120 -844.1500
-843.8974 -847.5120 -844.0777
-843.8974 -844.7981 -843.9331
-843.8974 -844.3403 -843.9151
-843.8974 -843.8974 -843.8974
-843.8974 -843.8974 -843.8974
-843.8974 -843.8974 -843.8974
-843.8974 -843.8974 -843.8974
-843.8974 -843.8974 -843.8974
-843.8974 -843.8974 -843.8974
-843.8974 -843.8974 -843.8974
-843.8974 -843.8974 -843.8974
-843.8974 -843.8974 -843.8974
-843.8974 -843.8974 -843.8974
-843.8974 -843.8974 -843.8974
-843.8974 -843.8974 -843.8974
-843.8974 -843.8974 -843.8974
-843.8974 -843.8974 -843.8974
-843.8974 -843.8974 -843.8974
-843.8974 -843.8974 -843.8974
-843.8974 -843.8974 -843.8974
-843.8974 -843.8974 -843.8974
