-5213.7370 -5762.3295 -5579.9093
-5213.7370 -5624.6889 -5463.0312
-5213.6780 -5506.6775 -5367.8100
-5209.7017 -5367.8972 -5312.6171
-5139.7479 -5327.9587 -5270.2656
-5139.7479 -5280.7283 -5229.3863
-5122.5026 -5238.1127 -5195.8213
-5122.5026 -5209.7017 -5170.9770
-5062.2834 -5174.6953 -5145.6417
-5054.8369 -5151.9840 -5119.6194
-5024.1014 -5127.1829 -5091.6506
-5024.1014 -5105.2838 -5074.4170
-4952.7983 -5077.5711 -5050.9897
-4922.1748 -5061.7198 -5030.2661
-4892.8102 -5046.5303 -5004.3426
-4871.1258 -5021.8937 -4973.6934
-4871.1258 -4990.0119 -4943.7639
-4852.3441 -4952.7983 -4912.7054
-4783.6641 -4922.1852 -4888.4751
-4758.7489 -4900.4086 -4867.1413
-4758.7489 -4877.7449 -4841.7484
-4674.1197 -4851.4176 -4811.1748
-4674.1197 -4821.5560 -4782.3980
-4606.0256 -4789.9680 -4755.1722
-4606.0256 -4771.9048 -4732.8303
-4606.0256 -4749.2987 -4706.9035
-4593.0512 -4722.1543 -4673.6171
-4485.1830 -4683.5368 -4640.6209
-4485.1830 -4655.5162 -4616.8913
-4451.6315 -4626.5953 -4595.8186
-4425.9476 -4612.3390 -4567.9696
-4374.9718 -4593.0512 -4528.0944
-4374.9718 -4548.5779 -4491.1128
-4374.9718 -4507.1672 -4462.3069
-4374.9718 -4477.4233 -4439.3540
-4326.6733 -4455.4228 -4420.8236
-4292.8265 -4425.9476 -4390.4887
-4292.8265 -4406.7973 -4367.9675
-4291.9006 -4377.1980 -4347.0128
-4284.3261 -4360.4949 -4327.5954
-4281.8295 -4336.6165 -4310.0155
-4235.1457 -4316.3215 -4296.2515
-4225.4653 -4301.9092 -4285.0593
-4182.4992 -4292.8265 -4270.3640
-4182.4992 -4284.3004 -4252.5669
-4180.7980 -4265.1807 -4234.3578
-4160.3936 -4246.4068 -4214.3928
-4094.3145 -4225.4653 -4194.4406
-4065.9339 -4204.1639 -4173.5949
-4065.9339 -4182.4992 -4157.2749
-4052.4981 -4172.9920 -4142.3577
-4030.4736 -4156.4473 -4118.1373
-4030.4736 -4133.1713 -4097.6423
-4022.1021 -4114.4134 -4080.2394
-3988.7780 -4091.4011 -4061.6324
-3988.7780 -4069.7049 -4046.5287
-3988.7780 -4059.9123 -4032.3413
-3935.7470 -4040.8938 -4015.3427
-3935.7470 -4028.8598 -4001.1127
-3920.0284 -4013.2479 -3984.8585
-3912.6225 -3994.8302 -3964.7951
-3912.6225 -3979.3153 -3949.4803
-3867.8462 -3959.2797 -3937.3226
-3867.8462 -3947.7315 -3925.8837
-3798.0439 -3938.0240 -3916.7248
-3798.0439 -3927.9186 -3903.0578
-3798.0439 -3914.7461 -3884.7940
-3798.0439 -3901.3310 -3862.1085
-3769.7746 -3880.4966 -3843.8145
-3762.6797 -3863.8543 -3826.5309
-3762.6797 -3840.5870 -3810.5658
-3762.6797 -3821.5906 -3798.9311
-3748.6948 -3811.5991 -3791.0231
-3748.6948 -3799.0356 -3782.4143
-3728.2659 -3791.9693 -3766.7182
-3728.2659 -3775.5848 -3757.7106
-3678.9264 -3765.5931 -3747.5245
-3658.9045 -3759.6822 -3732.9135
-3658.9045 -3747.6714 -3719.3850
-3642.3980 -3734.8623 -3704.2763
-3630.6542 -3724.3784 -3691.2175
-3610.5201 -3705.8661 -3671.9367
-3603.8377 -3688.0289 -3658.4707
-3547.9120 -3673.7537 -3644.8691
-3534.4050 -3663.9093 -3628.4055
-3534.4050 -3653.3596 -3611.8381
-3449.5534 -3630.6542 -3590.5331
-3449.5534 -3605.6186 -3569.6539
-3449.5534 -3588.4941 -3547.8680
-3449.5534 -3566.9062 -3532.9279
-3449.5534 -3550.5605 -3520.7449
-3438.6348 -3541.2272 -3507.6861
-3438.6348 -3529.4280 -3491.9668
-3438.6348 -3513.6996 -3475.6944
-3372.7474 -3491.7289 -3458.8526
-3372.7474 -3471.8663 -3446.6728
-3352.0147 -3455.7206 -3436.0763
-3352.0147 -3449.5534 -3420.9752
-3352.0147 -3442.3294 -3410.2708
-3320.5513 -3425.5284 -3390.0362
-3320.5513 -3407.2841 -3374.5983
-3269.2854 -3394.2446 -3366.0198
-3269.2854 -3379.3095 -3354.3882
-3269.2854 -3371.5515 -3346.2908
-3269.2854 -3359.7025 -3334.5311
-3269.2854 -3350.9223 -3320.4276
-3232.6905 -3334.2635 -3303.8941
-3195.2008 -3320.8122 -3289.0653
-3195.2008 -3304.5113 -3274.5832
-3181.6485 -3286.5259 -3260.7239
-3181.6485 -3279.4065 -3251.4027
-3181.6485 -3269.2854 -3237.9711
-3172.2948 -3257.4278 -3223.2219
-3150.5743 -3239.7705 -3208.4352
-3150.5743 -3232.6905 -3198.0890
-3150.5743 -3207.6993 -3187.3391
-3150.5743 -3197.3581 -3179.3385
-3107.7867 -3189.4362 -3172.5723
-3107.7867 -3183.5401 -3167.1029
-3092.9417 -3177.2141 -3156.7909
-3024.7775 -3169.9160 -3145.1787
-3024.7775 -3160.5703 -3135.8526
-3024.7775 -3156.0936 -3121.7749
-3024.7775 -3148.1053 -3107.2416
-3020.4676 -3122.6060 -3086.2345
-3020.4676 -3103.8815 -3070.2819
-2991.7096 -3091.8102 -3055.4251
-2991.7096 -3074.4037 -3040.8091
-2991.7096 -3053.6504 -3029.9953
-2934.2403 -3039.7200 -3014.3664
-2934.2403 -3024.7775 -3007.7249
-2934.2403 -3021.4089 -2998.8555
-2934.2403 -3014.8904 -2992.6049
-2934.2403 -3009.7166 -2988.1042
-2930.2540 -3006.6820 -2980.8059
-2917.4552 -2997.4007 -2968.6728
-2874.2613 -2986.6238 -2954.0633
-2874.2613 -2970.6583 -2943.4030
-2874.2613 -2960.6308 -2934.2662
-2874.2613 -2951.2966 -2923.7840
-2823.6193 -2939.9696 -2911.6635
-2823.6193 -2931.8989 -2901.4794
-2823.6193 -2921.1310 -2886.6280
-2823.6193 -2909.9296 -2875.2923
-2823.6193 -2894.6689 -2866.8810
-2823.6193 -2884.0616 -2861.0090
-2789.1659 -2874.2613 -2853.4729
-2789.1659 -2869.1196 -2843.2012
-2783.1498 -2860.2896 -2831.4979
-2783.1498 -2846.8435 -2824.1790
-2783.1498 -2840.5712 -2818.9686
-2782.6069 -2829.4758 -2811.8573
-2752.3172 -2823.6193 -2803.7923
-2726.8221 -2818.6910 -2793.4606
-2726.8221 -2809.8633 -2785.3098
-2698.2860 -2796.0471 -2773.4729
-2698.2860 -2788.2955 -2765.0895
-2698.2860 -2783.1498 -2758.0959
-2695.3957 -2778.9016 -2749.4289
-2688.6088 -2769.4988 -2738.4238
-2663.5771 -2755.3634 -2727.7752
-2644.7111 -2752.2319 -2721.4150
-2642.7439 -2738.0398 -2708.7578
-2642.7439 -2731.3060 -2701.9253
-2642.7439 -2721.4578 -2690.3356
-2605.4547 -2702.4978 -2678.1142
-2605.4547 -2696.6197 -2669.5339
-2605.4547 -2686.8537 -2659.5485
-2605.4547 -2676.7512 -2653.0124
-2603.4097 -2670.9052 -2647.4547
-2574.9776 -2663.7003 -2635.5479
-2574.9776 -2656.1313 -2627.2754
-2574.9776 -2642.7439 -2618.9049
-2556.6050 -2636.0841 -2609.2183
-2555.3421 -2620.5208 -2598.4541
-2527.3496 -2613.0092 -2591.2397
-2527.3496 -2605.4547 -2583.0735
-2527.3496 -2603.4097 -2577.9200
-2527.3496 -2595.2921 -2572.2747
-2527.3496 -2587.7786 -2565.8363
-2527.3496 -2579.9823 -2559.1069
-2527.3496 -2574.9776 -2554.3955
-2525.3758 -2565.0274 -2549.1964
-2483.7245 -2561.0921 -2544.1435
-2483.7245 -2555.3421 -2536.6692
-2483.5585 -2551.4122 -2531.0334
-2483.5585 -2543.1716 -2525.2114
-2483.5585 -2538.9013 -2519.9430
-2472.1858 -2535.4031 -2515.9057
-2472.1858 -2529.7028 -2512.4216
-2462.0929 -2526.5773 -2503.3687
-2462.0929 -2519.5942 -2495.4884
-2462.0929 -2511.6813 -2490.4691
-2439.4854 -2505.0084 -2484.0018
-2439.4854 -2496.3314 -2477.3847
-2429.7895 -2489.9296 -2472.0680
-2429.7895 -2483.5585 -2466.3197
-2429.7895 -2479.1930 -2462.3621
-2429.7895 -2473.3621 -2458.1631
-2426.8224 -2468.2762 -2452.8192
-2375.5665 -2465.0667 -2448.0337
-2375.5665 -2462.0929 -2443.1634
-2368.7490 -2458.5453 -2434.2514
-2368.7490 -2453.2532 -2425.9553
-2368.7490 -2444.4621 -2419.2608
-2368.7490 -2439.6266 -2410.5079
-2329.8400 -2434.3404 -2400.5542
-2329.8400 -2427.2816 -2391.3702
-2329.8400 -2413.5588 -2380.0320
-2329.8400 -2398.7333 -2373.3584
-2329.8400 -2386.9921 -2366.7657
-2314.4891 -2381.1166 -2362.2731
-2301.0822 -2375.5665 -2355.2575
-2301.0822 -2370.5476 -2347.7117
-2301.0822 -2368.7490 -2343.7441
-2301.0822 -2363.7732 -2337.8551
-2301.0822 -2354.1603 -2330.4439
-2301.0822 -2346.5168 -2327.0099
-2290.5213 -2338.9800 -2320.9618
-2290.5213 -2329.8400 -2316.7387
-2281.1740 -2327.3308 -2311.0261
-2281.1740 -2321.3507 -2304.9696
-2246.7659 -2316.7044 -2301.5405
-2246.7659 -2313.7461 -2298.8578
-2243.0234 -2310.7379 -2292.7395
-2243.0234 -2304.8055 -2286.2750
-2243.0234 -2301.0822 -2282.6742
-2242.0557 -2296.5036 -2275.2297
-2242.0557 -2291.8859 -2270.6356
-2217.1075 -2284.9433 -2263.1591
-2217.1075 -2277.9916 -2255.3691
-2217.1075 -2267.0099 -2248.4339
-2202.8335 -2261.7170 -2242.9380
-2202.8335 -2253.5023 -2236.6236
-2202.8335 -2246.7659 -2233.3764
-2198.5061 -2244.0186 -2230.2071
-2196.0097 -2242.6363 -2224.8331
-2196.0097 -2239.0814 -2221.8641
-2196.0097 -2234.5438 -2217.7972
-2194.1722 -2230.4970 -2213.7918
-2194.0027 -2224.3818 -2210.4410
-2193.3439 -2222.3102 -2207.8042
-2175.7022 -2217.1075 -2203.1662
-2175.7022 -2213.0286 -2201.1714
-2175.7022 -2211.4650 -2197.6908
-2175.7022 -2207.4493 -2195.9671
-2166.5894 -2205.2004 -2193.5611
-2160.3514 -2200.9816 -2189.0944
-2160.3514 -2196.9835 -2186.4077
-2160.3514 -2194.0027 -2182.8444
-2146.8310 -2193.4725 -2179.9061
-2121.1831 -2189.9286 -2173.2113
-2121.1831 -2185.5791 -2168.9070
-2119.3939 -2183.0717 -2163.9099
-2119.3939 -2177.0734 -2160.0864
-2119.3939 -2171.7337 -2154.9354
-2119.3939 -2169.5793 -2152.7710
-2119.3939 -2164.6279 -2146.4196
-2115.4974 -2160.3514 -2141.1933
-2114.8968 -2157.1433 -2135.8500
-2086.3242 -2147.6254 -2129.5275
-2066.2653 -2143.7430 -2124.3023
-2066.2653 -2136.2272 -2117.9706
-2066.2653 -2127.4168 -2111.9377
-2066.2653 -2121.7177 -2107.3237
-2066.2653 -2119.9868 -2101.6796
-2065.1009 -2115.8262 -2095.4216
-2065.1009 -2114.8968 -2092.2249
-2061.2220 -2109.6870 -2086.0741
-2028.8636 -2100.3178 -2079.7472
-2028.8636 -2093.0838 -2074.5766
-2028.8636 -2086.4164 -2070.1321
-2028.8636 -2085.4200 -2067.2953
-2014.4039 -2080.7981 -2062.5775
-2014.4039 -2075.1725 -2059.4808
-2014.4039 -2071.7661 -2056.3955
-2008.9311 -2069.2673 -2052.9504
-2008.9311 -2066.9139 -2050.0344
-1985.7727 -2061.2220 -2041.7689
-1985.7727 -2061.0464 -2037.9615
-1985.7727 -2056.8225 -2034.0135
-1985.7727 -2051.5225 -2029.0343
-1985.7727 -2041.2713 -2021.5363
-1978.0909 -2037.1810 -2016.9114
-1978.0909 -2033.8516 -2012.3841
-1978.0909 -2027.3457 -2008.0826
-1975.9028 -2024.4693 -2003.8179
-1975.9028 -2019.7346 -2000.6919
-1942.7131 -2014.4039 -1996.7058
-1942.7131 -2011.5592 -1991.8820
-1942.7131 -2007.4386 -1987.6599
-1942.7131 -2003.1270 -1983.8547
-1942.7131 -1995.1570 -1980.3681
-1942.7131 -1990.3356 -1976.6990
-1926.0153 -1988.8611 -1973.3435
-1918.3089 -1985.7727 -1966.8646
-1918.3089 -1984.6836 -1962.3940
-1918.3089 -1979.0364 -1957.3601
-1916.3263 -1977.5704 -1953.4475
-1916.3263 -1970.7287 -1947.1781
-1915.2553 -1960.8321 -1941.9904
-1911.2966 -1956.3023 -1937.8683
-1900.9732 -1952.5122 -1933.5132
-1900.9732 -1946.8364 -1930.0437
-1900.9732 -1943.7614 -1928.0557
-1900.9732 -1942.7131 -1924.4841
-1900.6360 -1939.1532 -1919.9859
-1835.9768 -1932.0596 -1915.1511
-1835.9768 -1927.6283 -1911.3813
-1829.9687 -1923.0142 -1906.6272
-1829.9687 -1921.6432 -1903.6105
-1829.9687 -1919.4878 -1900.2868
-1829.9687 -1916.3263 -1893.8562
-1829.9687 -1913.3660 -1888.3306
-1829.9687 -1910.8723 -1883.3745
-1829.9687 -1904.0468 -1877.3415
-1829.9687 -1900.6360 -1871.8386
-1829.9687 -1898.5080 -1868.5997
-1812.7509 -1891.2272 -1861.1298
-1812.7509 -1881.0601 -1852.0408
-1812.7509 -1870.7089 -1844.6320
-1812.7509 -1864.5941 -1840.2468
-1809.1120 -1856.1935 -1834.1430
-1809.1120 -1848.1289 -1831.2600
-1809.1120 -1843.0119 -1827.5363
-1804.3008 -1835.9768 -1824.6815
-1804.3008 -1834.2943 -1823.0451
-1799.1747 -1829.9687 -1820.6906
-1799.1747 -1829.9687 -1818.8706
-1799.1747 -1829.4455 -1816.3516
-1799.1747 -1825.4675 -1814.2196
-1799.1747 -1823.0945 -1812.6657
-1784.6932 -1820.5672 -1810.5096
-1784.6932 -1819.5213 -1809.0051
-1784.6932 -1816.4119 -1806.9635
-1784.6932 -1815.8830 -1806.0278
-1784.6932 -1813.0438 -1803.9661
-1780.5370 -1812.7509 -1801.4914
-1780.5370 -1810.0938 -1799.5181
-1780.5370 -1807.0042 -1796.7451
-1780.5370 -1804.6253 -1794.8702
-1779.6511 -1803.1394 -1792.3710
-1770.5486 -1799.1747 -1789.4231
-1770.5486 -1799.1747 -1788.1576
-1770.5486 -1798.8563 -1786.4470
-1758.8003 -1795.0241 -1783.4260
-1757.4228 -1790.9959 -1780.4657
-1753.1668 -1786.7588 -1778.3220
-1736.0389 -1784.6932 -1776.1917
-1736.0389 -1784.0817 -1774.2248
-1736.0389 -1782.3272 -1770.9585
-1736.0389 -1780.9550 -1768.0358
-1736.0389 -1780.5370 -1765.0122
-1736.0389 -1779.6511 -1763.4024
-1725.3319 -1778.1018 -1759.5530
-1725.3319 -1775.4608 -1757.1725
-1725.3319 -1773.6303 -1755.1702
-1722.0788 -1770.5486 -1750.7300
-1722.0788 -1766.3916 -1747.9773
-1722.0788 -1761.6039 -1745.8217
-1722.0788 -1759.6836 -1743.9397
-1713.4830 -1758.2935 -1742.0548
-1713.4830 -1755.6601 -1739.4156
-1713.4830 -1751.3049 -1735.2574
-1709.0667 -1747.0346 -1730.4722
-1709.0667 -1740.9645 -1727.8728
-1705.0781 -1737.0065 -1725.3364
-1705.0781 -1735.9863 -1721.4028
-1705.0781 -1733.6688 -1719.9556
-1704.1194 -1729.2255 -1717.8771
-1704.1194 -1725.3319 -1716.9064
-1683.2991 -1723.5139 -1714.7933
-1683.2991 -1722.0788 -1712.0214
-1676.7795 -1722.0788 -1709.9556
-1676.7795 -1720.8278 -1708.5220
-1669.2025 -1717.6049 -1704.9178
-1669.2025 -1715.3435 -1702.5699
-1663.9247 -1713.4830 -1699.2028
-1663.9247 -1712.8506 -1697.3824
-1663.9247 -1709.6899 -1694.5336
-1663.9247 -1709.0667 -1692.7346
-1663.8532 -1706.5767 -1689.4224
-1648.8313 -1705.0781 -1686.5307
-1648.8313 -1704.1194 -1683.9760
-1648.8313 -1701.0982 -1680.6809
-1648.8313 -1698.2865 -1678.9076
-1648.8313 -1695.7655 -1676.1979
-1648.8313 -1691.6733 -1673.8892
-1646.6840 -1689.0144 -1670.1181
-1646.6840 -1683.2991 -1667.8977
-1646.6840 -1681.7147 -1665.4936
-1646.6840 -1680.1863 -1664.7044
-1608.4447 -1678.1004 -1661.1527
-1608.4447 -1675.6170 -1657.8595
-1608.4447 -1670.6055 -1655.1284
-1608.4447 -1668.7493 -1652.3586
-1599.5315 -1666.6202 -1648.9698
-1599.5315 -1663.9247 -1645.5451
-1599.5315 -1662.3517 -1641.9200
-1599.5315 -1657.6393 -1638.9701
-1599.5315 -1654.6582 -1635.2862
-1599.5315 -1648.8513 -1631.7248
-1599.5315 -1648.8313 -1628.5805
-1599.5144 -1646.6840 -1624.9311
-1599.5144 -1646.6840 -1622.6259
-1599.5144 -1646.2618 -1619.3167
-1598.1309 -1637.3916 -1614.3732
-1580.0018 -1631.0095 -1609.8932
-1580.0018 -1626.7056 -1607.0758
-1580.0018 -1619.9816 -1605.2242
-1580.0018 -1614.9043 -1602.9099
-1580.0018 -1609.0331 -1600.3465
-1567.7374 -1608.4447 -1596.8602
-1567.7374 -1607.1375 -1594.6043
-1567.7374 -1604.7069 -1591.5360
-1567.7374 -1599.5315 -1588.8162
-1567.7374 -1599.5315 -1587.4395
-1567.7374 -1599.5144 -1585.4653
-1567.7374 -1599.0534 -1583.8227
-1567.7374 -1598.1309 -1582.4159
-1562.1875 -1594.8031 -1579.9773
-1542.2845 -1594.0861 -1578.0058
-1542.2845 -1590.6819 -1575.9020
-1542.2845 -1585.3276 -1573.1439
-1542.2845 -1582.6652 -1571.3344
-1542.2845 -1580.6485 -1569.6425
-1542.2845 -1580.0018 -1567.5793
-1542.2845 -1580.0018 -1565.8732
-1535.9600 -1577.5257 -1563.2489
-1534.6482 -1575.8839 -1560.3060
-1534.6482 -1573.4915 -1558.7263
-1534.6482 -1572.2175 -1557.0021
-1534.6482 -1569.8801 -1554.8991
-1534.6482 -1567.7374 -1552.6801
-1534.6482 -1566.6704 -1550.1741
-1533.8209 -1566.3267 -1547.8848
-1533.8209 -1562.1875 -1545.9240
-1528.3332 -1555.9971 -1542.9790
-1525.7838 -1550.1346 -1539.5448
-1525.7838 -1545.7995 -1537.4727
-1525.7838 -1544.4317 -1536.2753
-1525.7838 -1542.6014 -1535.3946
-1524.4429 -1542.2845 -1534.0119
-1522.5412 -1541.1890 -1532.2867
-1517.5828 -1538.0994 -1530.9763
-1517.5828 -1535.9600 -1530.4134
-1512.6640 -1535.6035 -1528.7255
-1512.6640 -1534.6482 -1527.5192
-1512.6640 -1534.6482 -1527.0070
-1501.8242 -1534.2310 -1525.3922
-1501.8242 -1533.3837 -1524.0615
-1501.8242 -1530.3911 -1522.4115
-1501.8242 -1529.7550 -1521.1664
-1500.3177 -1528.3332 -1519.4166
-1478.7906 -1526.4063 -1517.6582
-1478.7906 -1525.7838 -1516.0201
-1478.7906 -1524.7489 -1512.6300
-1478.7906 -1523.2314 -1510.8835
-1478.7906 -1521.6187 -1507.1943
-1478.7906 -1520.2647 -1504.7929
-1478.7906 -1517.5828 -1502.1623
-1478.7906 -1516.1199 -1499.3586
-1474.4605 -1512.6640 -1495.8274
-1474.4605 -1507.6585 -1493.0339
-1470.6957 -1503.6074 -1491.4466
-1470.6957 -1501.8242 -1489.8389
-1470.6957 -1501.8242 -1488.4994
-1464.0929 -1499.9040 -1485.9728
-1464.0929 -1499.2021 -1485.2236
-1458.0055 -1496.7577 -1482.9472
-1458.0055 -1495.4703 -1481.0589
-1458.0055 -1493.8959 -1479.0894
-1451.6810 -1489.7787 -1476.3152
-1451.6810 -1485.6426 -1473.3245
-1446.2543 -1483.6043 -1470.9114
-1446.2543 -1479.4052 -1469.5919
-1446.2543 -1478.7906 -1467.7471
-1446.2543 -1478.7906 -1464.3625
-1446.2543 -1474.4605 -1462.1968
-1438.0470 -1470.6957 -1458.8431
-1438.0470 -1470.6957 -1457.9174
-1438.0470 -1465.6521 -1455.6700
-1434.9071 -1464.0929 -1453.3768
-1434.9071 -1461.9446 -1451.1811
-1434.9071 -1459.8697 -1449.5153
-1434.9071 -1458.0055 -1448.3234
-1434.9071 -1457.7790 -1446.8322
-1428.1932 -1455.8500 -1444.5600
-1428.1932 -1453.8194 -1443.2277
-1428.1932 -1451.6810 -1441.9928
-1428.1932 -1451.3564 -1441.3204
-1428.1932 -1448.4555 -1440.2993
-1428.1932 -1447.3812 -1439.3490
-1428.1932 -1447.3812 -1438.9653
-1428.1932 -1446.6007 -1438.1651
-1414.8747 -1446.2543 -1436.2874
-1414.8747 -1445.5226 -1435.1564
-1414.8747 -1442.1206 -1434.0063
-1414.8747 -1440.1452 -1432.4770
-1414.8747 -1439.5884 -1431.7467
-1414.8747 -1438.0470 -1430.3323
-1401.5737 -1438.0295 -1428.7084
-1401.5737 -1436.8899 -1426.9346
-1401.5737 -1435.8311 -1425.7521
-1401.5737 -1434.9071 -1423.8819
-1401.5737 -1434.9071 -1422.4101
-1401.5737 -1430.0541 -1420.1897
-1401.5737 -1429.1849 -1419.2185
-1401.5737 -1428.1932 -1417.7303
-1401.5737 -1428.1932 -1417.0326
-1401.5737 -1428.1932 -1416.0954
-1401.5737 -1427.7428 -1414.6535
-1401.5737 -1423.9301 -1412.8979
-1401.5737 -1422.7571 -1411.9337
-1401.5737 -1419.3309 -1410.3031
-1373.7082 -1417.2374 -1408.3595
-1373.7082 -1415.9589 -1406.5368
-1373.7082 -1414.8747 -1404.3816
-1373.7082 -1414.8747 -1403.4048
-1373.7082 -1413.2194 -1401.6781
-1373.7082 -1410.0459 -1399.7380
-1373.7082 -1408.9883 -1397.9038
-1373.7082 -1408.6322 -1397.1935
-1373.7082 -1405.9703 -1394.8830
-1370.6546 -1402.2054 -1392.6610
-1370.6546 -1401.5737 -1391.7123
-1367.3977 -1401.5737 -1389.4065
-1367.3977 -1401.5737 -1387.4216
-1344.7571 -1401.5737 -1383.5493
-1344.7571 -1396.1688 -1379.9200
-1344.7571 -1392.1516 -1378.3073
-1344.7571 -1390.6450 -1375.7974
-1344.7571 -1390.4421 -1374.7664
-1344.7571 -1388.2924 -1372.8564
-1337.1875 -1383.7138 -1369.1332
-1337.1875 -1383.1010 -1367.4545
-1337.1875 -1380.0494 -1365.6785
-1337.1875 -1376.9697 -1363.5930
-1337.1875 -1373.7082 -1361.5867
-1337.1875 -1373.7082 -1360.0991
-1334.2881 -1372.7387 -1357.0442
-1334.2881 -1370.6546 -1354.2934
-1334.2881 -1370.6546 -1353.0971
-1334.2881 -1367.3977 -1349.9061
-1334.2881 -1364.2615 -1346.9401
-1324.6819 -1360.9094 -1344.9704
-1324.6819 -1360.2966 -1342.8980
-1324.6819 -1356.6980 -1341.4165
-1324.6819 -1349.3979 -1339.1326
-1324.6819 -1346.4406 -1337.9276
-1324.6819 -1344.7571 -1337.3369
-1324.6819 -1344.7571 -1336.5167
-1324.6819 -1343.8948 -1335.5858
-1324.0202 -1342.4970 -1334.4793
-1324.0202 -1340.7888 -1333.2716
-1324.0202 -1340.6031 -1332.6176
-1306.5856 -1337.1875 -1330.1308
-1306.5856 -1337.1875 -1329.1160
-1306.5856 -1337.1875 -1327.6107
-1306.5856 -1337.1647 -1325.4515
-1306.5856 -1334.2881 -1323.9716
-1306.5856 -1334.2881 -1322.6412
-1302.3812 -1329.5570 -1320.1158
-1302.3812 -1326.5050 -1319.1643
-1302.3812 -1324.6819 -1317.0294
-1301.2768 -1324.6819 -1315.8682
-1301.2768 -1324.6819 -1315.0991
-1301.2768 -1324.6819 -1314.1353
-1301.2768 -1324.0202 -1312.7831
-1301.2768 -1323.8785 -1311.4306
-1301.2768 -1322.9924 -1310.4992
-1301.2768 -1320.3379 -1309.3569
-1296.5898 -1318.9756 -1308.2722
-1296.5898 -1315.7654 -1307.3953
-1296.4872 -1314.4697 -1306.1715
-1296.4872 -1312.7024 -1304.9623
-1296.4872 -1311.4657 -1303.8828
-1296.4872 -1309.1270 -1303.2734
-1296.4872 -1308.4363 -1302.8758
-1296.4872 -1308.1347 -1302.5153
-1296.4872 -1307.2334 -1302.1142
-1296.4872 -1306.5856 -1301.8442
-1296.4872 -1306.5856 -1301.4317
-1296.4872 -1306.5856 -1301.2297
-1270.9728 -1306.1511 -1299.7126
-1270.9728 -1304.7214 -1298.3628
-1270.9728 -1303.8933 -1297.6281
-1270.9728 -1302.3812 -1296.4937
-1270.9728 -1302.3812 -1295.1798
-1270.9728 -1301.2768 -1293.7924
-1270.0907 -1301.2768 -1291.6792
-1270.0907 -1301.2768 -1290.3996
-1270.0907 -1301.1921 -1289.1998
-1270.0907 -1300.1814 -1287.4400
-1270.0907 -1298.5290 -1286.4494
-1217.9635 -1297.3666 -1283.4869
-1217.9635 -1296.5898 -1281.7091
-1217.9635 -1296.4872 -1278.3088
-1201.7868 -1294.1637 -1269.9981
-1201.7868 -1287.3938 -1264.1063
-1201.7868 -1281.9081 -1260.5323
-1201.7868 -1276.8901 -1257.6875
-1189.3002 -1273.9868 -1251.7300
-1189.3002 -1270.9728 -1247.0838
-1189.3002 -1270.4876 -1240.5061
-1189.3002 -1270.0907 -1235.2651
-1189.3002 -1260.0102 -1228.3350
-1189.3002 -1256.4173 -1224.7148
-1189.3002 -1246.4061 -1220.6083
-1189.3002 -1240.0546 -1213.7966
-1189.3002 -1231.0407 -1208.8150
-1187.5401 -1226.9430 -1205.9480
-1187.5401 -1223.0140 -1203.9084
-1187.5401 -1217.9635 -1202.1267
-1187.5401 -1216.8317 -1198.3917
-1187.5401 -1211.7467 -1196.9974
-1175.0534 -1203.6375 -1194.5312
-1175.0534 -1202.3123 -1193.2117
-1175.0534 -1201.7868 -1192.4996
-1175.0534 -1201.7868 -1190.9316
-1175.0534 -1201.4477 -1189.8904
-1175.0534 -1198.6757 -1188.8302
-1175.0534 -1194.2802 -1187.0321
-1175.0534 -1193.4420 -1186.5360
-1175.0534 -1193.4420 -1185.9491
-1175.0534 -1193.1519 -1185.5523
-1173.3639 -1190.6934 -1184.3893
-1171.2039 -1189.3002 -1183.5052
-1171.2039 -1189.3002 -1182.9446
-1166.2451 -1189.3002 -1181.2203
-1166.2451 -1189.3002 -1180.0607
-1166.2451 -1187.5401 -1178.9431
-1166.2451 -1187.5401 -1177.8817
-1166.2451 -1186.0799 -1177.1984
-1166.2451 -1185.2365 -1176.3747
-1166.2451 -1184.5125 -1175.6285
-1166.2451 -1183.0695 -1174.7235
-1163.3429 -1181.4816 -1173.8623
-1163.3429 -1180.7700 -1173.0681
-1163.3429 -1176.3307 -1171.8172
-1163.3429 -1176.3307 -1171.4520
-1163.3429 -1175.6763 -1170.8683
-1163.3429 -1175.5037 -1170.6216
-1163.3429 -1175.0534 -1170.1574
-1163.3429 -1175.0534 -1169.8889
-1158.1951 -1175.0534 -1168.7593
-1158.1951 -1175.0534 -1168.4221
-1158.1951 -1175.0534 -1168.0850
-1158.1951 -1174.8075 -1167.4721
-1158.1951 -1173.8817 -1166.8679
-1158.1951 -1173.3345 -1166.2640
-1156.3311 -1172.0968 -1165.2454
-1156.3311 -1171.2039 -1164.2833
-1156.3311 -1170.3412 -1163.6821
-1156.3311 -1168.8792 -1163.1185
-1156.3311 -1166.9674 -1162.7479
-1156.3311 -1166.2451 -1162.5127
-1156.3311 -1166.2451 -1162.1179
-1156.3311 -1166.2451 -1161.9051
-1156.3311 -1166.2451 -1161.4860
-1156.3311 -1166.0422 -1161.1802
-1156.3311 -1165.5179 -1160.8710
-1154.1187 -1164.2078 -1160.1800
-1154.1187 -1163.9209 -1159.8840
-1154.1187 -1163.3429 -1159.5529
-1154.1187 -1163.3429 -1159.1828
-1151.9411 -1163.3429 -1158.3746
-1151.9411 -1163.3429 -1158.1465
-1151.9411 -1162.5308 -1157.8505
-1151.9411 -1162.0963 -1157.6387
-1151.9411 -1162.0477 -1157.4108
-1151.9411 -1161.1910 -1157.0777
-1151.9411 -1161.0752 -1156.7242
-1151.9411 -1160.8292 -1156.4792
-1137.3793 -1160.4663 -1155.7644
-1137.3793 -1159.9816 -1155.2158
-1137.3793 -1159.1772 -1154.6721
-1137.3793 -1158.1951 -1153.7424
-1137.3793 -1158.1951 -1153.2515
-1137.3793 -1158.1951 -1152.4289
-1137.3793 -1157.7773 -1151.8938
-1137.3793 -1156.5742 -1151.3955
-1137.3793 -1156.3311 -1150.8292
-1137.3793 -1156.3311 -1149.9261
-1137.3793 -1156.3311 -1149.3275
-1137.3793 -1156.3311 -1148.9485
-1137.3793 -1156.3311 -1148.5554
-1134.3846 -1156.3311 -1147.5315
-1134.3846 -1155.3617 -1146.0858
-1134.3846 -1154.9756 -1145.5157
-1134.3846 -1154.1187 -1144.4702
-1134.3846 -1151.9411 -1143.2909
-1134.3846 -1151.9411 -1142.8749
-1134.3846 -1151.6183 -1141.3889
-1134.2640 -1149.7251 -1139.9784
-1134.2640 -1147.9051 -1138.6809
-1134.2640 -1147.4238 -1138.1464
-1119.1322 -1144.2805 -1137.1615
-1119.1322 -1144.2701 -1136.6585
-1119.1322 -1141.8594 -1135.6502
-1119.1322 -1139.3617 -1134.8742
-1119.1322 -1137.7979 -1134.2177
-1119.1322 -1137.3793 -1133.5293
-1119.1322 -1137.3793 -1133.1004
-1119.1322 -1137.3793 -1132.5511
-1119.0064 -1137.3793 -1131.3997
-1119.0064 -1137.3793 -1130.4177
-1119.0064 -1137.3793 -1129.8781
-1116.0786 -1137.1364 -1128.8199
-1116.0786 -1136.4425 -1128.2496
-1116.0786 -1134.9449 -1127.2667
-1116.0786 -1134.3846 -1126.8185
-1116.0786 -1134.3846 -1126.0678
-1116.0786 -1134.2640 -1125.0965
-1116.0786 -1134.1817 -1123.8433
-1109.8596 -1133.0698 -1122.6218
-1109.8596 -1131.1819 -1121.8115
-1109.8596 -1130.7526 -1120.7964
-1108.3371 -1129.0942 -1119.2136
-1108.3371 -1126.5641 -1118.6630
-1108.3371 -1126.3065 -1118.2985
-1108.3371 -1125.9614 -1117.9383
-1108.3371 -1124.3480 -1117.2924
-1108.3371 -1123.6577 -1116.6647
-1108.3371 -1121.8448 -1116.0636
-1108.3371 -1121.0638 -1115.7934
-1108.3371 -1119.7870 -1115.5113
-1108.3371 -1119.1322 -1115.1550
-1108.3371 -1119.1322 -1114.9177
-1108.3371 -1119.1322 -1114.5934
-1108.3371 -1119.1322 -1114.1464
-1101.1723 -1119.1322 -1113.5102
-1101.1723 -1119.0064 -1112.7849
-1101.1723 -1119.0064 -1112.0295
-1101.1723 -1119.0064 -1111.1968
-1101.1723 -1118.3720 -1110.5682
-1101.1723 -1116.6348 -1109.8569
-1101.1723 -1116.0786 -1109.2915
-1099.8575 -1116.0786 -1108.1213
-1099.8575 -1114.9970 -1107.1905
-1099.6361 -1113.2092 -1106.3003
-1099.6361 -1111.3402 -1105.7358
-1087.4495 -1109.8596 -1104.4820
-1087.4495 -1108.6984 -1103.8168
-1087.4495 -1108.3371 -1103.3021
-1085.0956 -1108.3371 -1102.4195
-1085.0956 -1108.3371 -1101.4750
-1085.0956 -1108.3371 -1100.0326
-1085.0956 -1108.3371 -1099.0618
-1085.0956 -1106.9374 -1098.2869
-1085.0956 -1106.2950 -1097.3499
-1085.0956 -1105.5596 -1096.9179
-1085.0956 -1103.8487 -1095.9678
-1085.0956 -1102.1397 -1095.5123
-1085.0956 -1101.2790 -1094.9343
-1085.0956 -1101.1723 -1094.3341
-1085.0956 -1101.1723 -1093.6604
-1085.0956 -1101.1723 -1092.5066
-1083.9895 -1101.1723 -1091.1072
-1081.5617 -1099.6404 -1089.7045
-1081.5617 -1099.6361 -1089.2505
-1077.6229 -1099.6361 -1087.9677
-1077.6229 -1095.0198 -1086.9384
-1077.6229 -1093.5710 -1085.9069
-1077.6229 -1092.2537 -1085.2674
-1077.6229 -1089.6380 -1084.5876
-1077.6229 -1087.4495 -1084.1998
-1077.6229 -1087.4495 -1083.7993
-1074.0296 -1086.5626 -1083.2615
-1074.0296 -1086.2220 -1083.0109
-1074.0296 -1086.1965 -1082.6134
-1074.0296 -1085.7730 -1082.3437
-1074.0296 -1085.0956 -1081.8028
-1074.0296 -1085.0956 -1081.4953
-1067.7989 -1085.0956 -1080.4900
-1067.7989 -1085.0956 -1079.8524
-1067.7989 -1085.0956 -1079.2249
-1067.7989 -1085.0956 -1078.7753
-1067.7989 -1085.0956 -1078.2170
-1067.7989 -1085.0956 -1077.7066
-1067.7989 -1083.9895 -1076.8277
-1067.7989 -1082.7344 -1076.2838
-1063.1770 -1081.5617 -1075.5273
-1063.1770 -1081.5617 -1075.1596
-1063.1770 -1081.2793 -1074.6037
-1063.1770 -1080.0298 -1073.8685
-1051.0219 -1079.2432 -1072.9537
-1051.0219 -1078.8285 -1072.2542
-1051.0219 -1077.6229 -1071.2794
-1051.0219 -1077.6229 -1069.9407
-1051.0219 -1077.6229 -1068.8144
-1051.0219 -1077.6229 -1068.2824
-1051.0219 -1076.7800 -1067.2783
-1047.2690 -1074.4806 -1065.4277
-1047.2690 -1074.0296 -1064.3121
-1038.4924 -1074.0296 -1062.8897
-1038.4924 -1074.0296 -1061.7697
-1038.4924 -1070.8873 -1059.6403
-1038.4924 -1069.0070 -1058.2310
-1038.4924 -1067.7989 -1056.4429
-1038.4924 -1067.7989 -1055.7244
-1038.4924 -1067.0245 -1054.9461
-1038.4924 -1064.0631 -1053.8023
-1038.4924 -1063.4089 -1052.9796
-1038.4924 -1063.1770 -1052.0806
-1038.4924 -1063.1770 -1051.3034
-1034.7566 -1062.4958 -1049.9766
-1034.7566 -1061.8131 -1049.1822
-1034.7566 -1057.7578 -1047.8212
-1034.7566 -1057.7200 -1047.3612
-1034.7566 -1055.4507 -1046.6757
-1034.7566 -1054.3173 -1045.9067
-1034.7566 -1054.1927 -1045.4699
-1034.7566 -1054.0440 -1045.0812
-1034.7566 -1053.5657 -1044.4057
-1034.7566 -1052.3651 -1043.9571
-1034.7566 -1051.3799 -1043.3684
-1034.7566 -1051.0219 -1042.6144
-1034.7566 -1051.0219 -1042.1187
-1034.7566 -1051.0219 -1041.4858
-1034.3379 -1050.7790 -1040.6543
-1033.5202 -1048.5981 -1039.3269
-1033.5202 -1047.2690 -1038.8310
-1033.5202 -1047.2690 -1038.1025
-1030.4943 -1046.0434 -1037.4733
-1030.4943 -1044.1321 -1036.9438
-1030.4943 -1043.0353 -1036.6710
-1030.4943 -1041.8156 -1036.1908
-1030.4943 -1038.8185 -1035.7800
-1030.4943 -1038.4924 -1035.5076
-1030.4943 -1038.4924 -1035.2482
-1030.4943 -1038.4924 -1035.0882
-1030.4943 -1038.4924 -1034.8760
-1030.4943 -1038.4924 -1034.6020
-1030.4943 -1038.4924 -1034.1881
-1030.4943 -1038.4924 -1033.8485
-1030.4943 -1038.3710 -1033.6242
-1030.4943 -1038.2105 -1033.3613
-1030.4943 -1035.1547 -1033.1319
-1027.3228 -1034.7566 -1032.7369
-1027.3228 -1034.7566 -1032.4625
-1027.3228 -1034.7566 -1032.1433
-1027.3228 -1034.7566 -1031.9947
-1027.3228 -1034.7566 -1031.7607
-1026.4237 -1034.7566 -1031.4454
-1026.4237 -1034.7566 -1031.2788
-1026.4237 -1034.7566 -1031.0269
-1026.4237 -1034.7566 -1030.5891
-1026.4237 -1034.3379 -1030.2737
-1026.4237 -1034.3379 -1030.1155
-1023.8337 -1033.5202 -1029.6949
-1023.8337 -1033.5202 -1029.3936
-1023.8337 -1031.1668 -1028.8063
-1023.8337 -1030.4943 -1028.4750
-1023.8337 -1030.4943 -1028.2789
-1023.8337 -1030.4943 -1028.0717
-1023.8337 -1030.4943 -1027.7764
-1023.8337 -1030.4943 -1027.5618
-1017.6147 -1030.4943 -1026.5353
-1017.6147 -1030.4943 -1026.1491
-1010.4733 -1029.9371 -1025.3026
-1010.4733 -1028.7117 -1024.6829
-1010.4733 -1028.4687 -1023.9530
-1010.4733 -1027.3521 -1023.5487
-1010.4733 -1027.3521 -1023.2111
-1010.4733 -1027.3228 -1022.4256
-1010.4733 -1027.3228 -1022.0536
-1010.4733 -1027.3228 -1021.4272
-1009.5188 -1026.4237 -1020.5469
-1009.5188 -1026.4237 -1019.8797
-1009.5188 -1025.2189 -1019.0044
-1009.5188 -1024.9865 -1018.5437
-1009.5188 -1024.2754 -1017.9257
-1009.5188 -1024.0806 -1017.6306
-1009.5188 -1023.8337 -1016.9434
-1009.5188 -1023.8337 -1016.5300
-1009.5188 -1023.8337 -1015.9765
-1009.0433 -1023.6340 -1015.2818
-1009.0433 -1022.4037 -1014.7825
-1009.0433 -1021.0913 -1014.1418
-1009.0433 -1021.0185 -1013.6815
-1009.0433 -1020.9940 -1013.3134
-1008.6559 -1019.1784 -1012.5687
-1008.6559 -1018.3360 -1012.3015
-1008.6559 -1018.0571 -1011.7454
-1006.3685 -1017.6147 -1010.9983
-1006.3685 -1017.1928 -1010.4346
-1006.3685 -1015.2027 -1009.8333
-1006.3685 -1011.3662 -1009.4186
-1006.3685 -1011.1996 -1009.2194
-1006.3685 -1010.4733 -1009.1187
-1006.3685 -1010.4733 -1009.0002
-1006.3685 -1010.4733 -1008.8511
-1006.3685 -1010.4733 -1008.6605
-1006.3685 -1010.4733 -1008.5307
-1005.9012 -1009.7051 -1008.3612
-1005.9012 -1009.5188 -1008.2851
-1005.9012 -1009.5188 -1008.2128
-1005.9012 -1009.5188 -1008.0773
-1005.9012 -1009.5188 -1007.9734
-1005.9012 -1009.5188 -1007.8838
-1005.9012 -1009.5188 -1007.7406
-1005.9011 -1009.5188 -1007.5843
-1001.8786 -1009.0433 -1007.3687
-1001.8786 -1009.0433 -1007.1889
-1001.8786 -1009.0433 -1006.9290
-1001.8786 -1008.9368 -1006.7074
-1001.8786 -1008.7698 -1006.5043
-1001.8786 -1008.6559 -1006.2139
-998.7391 -1008.6559 -1005.7445
-998.7391 -1008.6559 -1005.3571
-998.7391 -1008.6559 -1005.0613
-998.7391 -1007.9402 -1004.7061
-996.9655 -1007.5786 -1004.2555
-996.9655 -1007.2259 -1004.0139
-996.9655 -1006.4790 -1003.7019
-996.9655 -1006.3685 -1003.4942
-996.9655 -1006.3685 -1003.1181
-996.9655 -1006.3685 -1002.9301
-996.9655 -1006.3685 -1002.6809
-992.4756 -1006.3685 -1002.0708
-992.4756 -1005.9012 -1001.6861
-992.4756 -1005.9012 -1001.4176
-992.4756 -1005.9012 -1000.7427
-991.1593 -1005.9012 -999.8831
-991.1593 -1005.8446 -999.3291
-991.1593 -1005.4233 -998.7588
-991.1593 -1003.7803 -998.4735
-991.1593 -1003.7803 -998.2211
-991.1593 -1003.6156 -997.9286
-991.1593 -1003.1660 -997.5182
-991.1593 -1001.8786 -997.2780
-991.1593 -1001.8786 -996.8196
-991.1593 -1001.8786 -996.4946
-990.9450 -1001.8786 -995.9141
-990.7248 -1001.8786 -995.4724
-990.7248 -999.7198 -995.1530
-990.7248 -998.7635 -994.8358
-986.8970 -998.7391 -994.3446
-986.8970 -998.7391 -994.1078
-986.8970 -997.7033 -993.5286
-986.8970 -996.9655 -993.0855
-986.8970 -996.9655 -992.8841
-986.8970 -996.9655 -992.6828
-986.8970 -996.9655 -992.4756
-986.8970 -996.9655 -992.1844
-986.8970 -996.9655 -991.7817
-986.8970 -996.3482 -991.2507
-986.8970 -996.3482 -991.0616
-986.8970 -996.3482 -990.6836
-982.1536 -995.6849 -989.9887
-982.1536 -992.4756 -989.5159
-982.1536 -992.4756 -989.3095
-982.1536 -992.4756 -988.8799
-982.1536 -991.1593 -988.5136
-982.1536 -991.1593 -988.0311
-982.1536 -991.1593 -987.7657
-982.1536 -991.1593 -987.4884
-982.1536 -991.1593 -987.1544
-981.9880 -991.1593 -986.7908
-981.9880 -990.7248 -986.3760
-981.9880 -990.7248 -985.7054
-981.9880 -990.0306 -985.2826
-981.9880 -989.3760 -984.9134
-981.9880 -986.8970 -984.4602
-980.5581 -986.8970 -984.0943
-980.5581 -986.8970 -983.8040
-980.5581 -986.8970 -983.6772
-980.5581 -986.8970 -983.5504
-977.8913 -986.8970 -983.2435
-977.8913 -986.8970 -982.9685
-967.0196 -986.8970 -982.2960
-967.0196 -986.8970 -981.6027
-967.0196 -986.1709 -981.0492
-967.0196 -983.4619 -980.5478
-967.0196 -983.4619 -980.2189
-967.0196 -983.3599 -979.8285
-967.0196 -982.1536 -979.3763
-967.0196 -982.1536 -978.7584
-967.0196 -982.1536 -978.2047
-967.0196 -982.1536 -977.7417
-967.0196 -982.1536 -977.0960
-967.0196 -982.1536 -976.6227
-967.0196 -982.1536 -976.0942
-967.0196 -981.9880 -975.4178
-966.5527 -981.9880 -974.4911
-966.5527 -981.7737 -974.0036
-966.0744 -980.9259 -973.3783
-966.0744 -980.5581 -972.7575
-966.0744 -980.5581 -972.0838
-966.0744 -980.3438 -971.2027
-966.0744 -978.8325 -970.1625
-966.0744 -977.8913 -969.6150
-966.0744 -975.4499 -968.8606
-966.0744 -975.2268 -968.6731
-966.0744 -974.8963 -968.3176
-966.0744 -974.0606 -967.6610
-966.0744 -972.8165 -967.4608
-966.0744 -970.5509 -967.0762
-966.0744 -969.7123 -966.9212
-966.0744 -969.6023 -966.8484
-962.4078 -968.9969 -966.6219
-962.4078 -967.1993 -966.4592
-962.4078 -967.0196 -966.3634
-962.4078 -967.0196 -966.2712
-962.4078 -967.0196 -966.1789
-962.4078 -967.0196 -966.0867
-960.5653 -967.0196 -965.8372
-960.5653 -967.0196 -965.7081
-960.5653 -967.0196 -965.5351
-960.5653 -967.0196 -965.4061
-960.5653 -967.0196 -965.2770
-960.5653 -967.0196 -965.0388
-960.5653 -967.0196 -964.6610
-960.5653 -967.0196 -964.5261
-960.5653 -967.0196 -964.3877
-960.5653 -966.7294 -964.1354
-960.5653 -966.5527 -964.0003
-960.5653 -966.5527 -963.6683
-960.5653 -966.1508 -963.3133
-960.5653 -966.0744 -963.2016
-960.5653 -966.0744 -962.8224
-960.5653 -966.0744 -962.7122
-960.5653 -966.0744 -962.6021
-960.5653 -966.0744 -962.4374
-960.5653 -966.0744 -962.2171
-960.5653 -966.0744 -962.0441
-960.5653 -966.0744 -961.9339
-960.5653 -964.8277 -961.4787
-960.3224 -963.8104 -961.2254
-960.3224 -963.3531 -961.0441
-960.3224 -962.4078 -960.8993
-960.3224 -962.4078 -960.7838
-960.0985 -962.4078 -960.6591
-960.0985 -961.5634 -960.5551
-960.0985 -960.5653 -960.5033
-960.0985 -960.5653 -960.4939
-960.0985 -960.5653 -960.4846
-960.0985 -960.5653 -960.4753
-960.0985 -960.5653 -960.4659
-960.0985 -960.5653 -960.4566
-960.0985 -960.5653 -960.4473
-960.0985 -960.5653 -960.4379
-960.0985 -960.5653 -960.4286
-960.0985 -960.5653 -960.4193
-960.0985 -960.5653 -960.4099
-960.0985 -960.5653 -960.4006
-955.4636 -960.5653 -960.2799
-955.4636 -960.5653 -960.1685
-955.4636 -960.5653 -960.0571
-955.4636 -960.5653 -959.9458
-955.4636 -960.5653 -959.8344
-955.4636 -960.5653 -959.7324
-955.4636 -960.5653 -959.5459
-952.7717 -960.5653 -959.2880
-952.7717 -960.5653 -959.1322
-952.7717 -960.5653 -958.9763
-952.7717 -960.5653 -958.8156
-952.7717 -960.5653 -958.6597
-952.7717 -960.5653 -958.4896
-952.7717 -960.5653 -958.2345
-952.7717 -960.5653 -958.0786
-952.7717 -960.3224 -957.7169
-952.7717 -960.3224 -957.3191
-952.7717 -960.3224 -956.9120
-952.7717 -960.0985 -956.4877
-952.7717 -960.0985 -956.1946
-952.7717 -960.0985 -955.9554
-952.7717 -960.0985 -955.6623
-952.7717 -960.0985 -955.2650
-952.7717 -960.0985 -955.0435
-952.7717 -960.0985 -954.8969
-952.7717 -960.0985 -954.3108
-944.2753 -958.1082 -953.7582
-944.2753 -955.6021 -953.3677
-944.2753 -955.4636 -953.0874
-944.2753 -955.4636 -952.8636
-944.2753 -955.4636 -952.5866
-944.2753 -955.4636 -952.3629
-944.2753 -955.4636 -952.0853
-944.2753 -955.4305 -951.6873
-944.2753 -955.3545 -951.4642
-944.2753 -954.8877 -951.1909
-944.2753 -952.9515 -950.8977
-944.2753 -952.7717 -950.6937
-944.2753 -952.7717 -950.3800
-944.2753 -952.7717 -950.0302
-944.2753 -952.7717 -949.8603
-944.2753 -952.7717 -949.4275
-944.2753 -952.7717 -948.9249
-944.2753 -952.7717 -948.4151
-944.2753 -952.7717 -948.1187
-944.2753 -952.7717 -947.4390
-944.2753 -952.7717 -946.9776
-944.2753 -952.7717 -946.6377
-944.2753 -952.7717 -946.2979
-943.6409 -952.1374 -945.6097
-943.6409 -951.8590 -945.3515
-943.6409 -951.4593 -945.0865
-943.6409 -948.7554 -944.6616
-943.6409 -946.8190 -944.4806
-943.6409 -946.6951 -944.4171
-943.6409 -946.4472 -944.3125
-943.6409 -945.5836 -944.2564
-943.6409 -945.3615 -944.1930
-943.6409 -945.2178 -944.1585
-943.2064 -944.2753 -944.1056
-943.2064 -944.2753 -944.0758
-942.8453 -944.2753 -944.0004
-942.8453 -944.2753 -943.9591
-942.8453 -944.2753 -943.9179
-942.8453 -944.2753 -943.8893
-939.7011 -944.2753 -943.7618
-939.7011 -944.2753 -943.6417
-939.7011 -944.2753 -943.5216
-939.7011 -944.2753 -943.4301
-939.7011 -944.2753 -943.3386
-939.7011 -944.2753 -943.2345
-939.7011 -944.2753 -943.1144
-939.7011 -944.2753 -942.9334
-939.7011 -944.2753 -942.8419
-939.7011 -944.2753 -942.7091
-939.7011 -944.2753 -942.6176
-939.7011 -944.2753 -942.5262
-939.7011 -944.2753 -942.4220
-939.7011 -944.2753 -942.3178
-939.7011 -943.6409 -942.1055
-939.7011 -943.6409 -942.0267
-939.7011 -943.6409 -941.9479
-939.7011 -943.6409 -941.7861
-939.7011 -943.6409 -941.7073
-939.7011 -943.6409 -941.6126
-939.7011 -943.6409 -941.5338
-939.7011 -943.6409 -941.3762
-939.7011 -943.6409 -941.2509
-939.7011 -943.6409 -941.1562
-939.7011 -943.6409 -940.9538
-935.5963 -942.8453 -940.6203
-935.5963 -942.8453 -940.4211
-935.5963 -942.8453 -940.1502
-935.5963 -942.8453 -939.9375
-934.7483 -942.2448 -939.5689
-934.7483 -942.1209 -939.2908
-934.7483 -941.5436 -939.1063
-934.7483 -941.3988 -938.9357
-934.7483 -939.7998 -938.5888
-934.7483 -939.7011 -938.4878
-934.7483 -939.7011 -938.3887
-934.7483 -939.7011 -938.2897
-934.7483 -939.7011 -938.1906
-934.7483 -939.7011 -938.0915
-931.1341 -939.7011 -937.6968
-931.1341 -939.7011 -937.5254
-931.1341 -939.7011 -937.3541
-931.1341 -939.7011 -937.0612
-931.1341 -939.7011 -936.8899
-931.1341 -939.7011 -936.7185
-931.1341 -939.7011 -936.5472
-931.1341 -939.7011 -936.2768
-931.1341 -939.7011 -936.0719
-920.2053 -939.7011 -935.4698
-920.2053 -939.7011 -935.0799
-920.2053 -939.7011 -934.5469
-920.2053 -939.7011 -934.0244
-920.2053 -939.7011 -933.2445
-920.2053 -939.6931 -932.3986
-920.2053 -938.0216 -931.7082
-920.2053 -935.5963 -930.8751
-920.2053 -935.5963 -930.5673
-920.2053 -935.5963 -930.1140
-920.2053 -934.7483 -929.6386
-919.2601 -934.7483 -928.7759
-919.2601 -934.7483 -928.1665
-919.2601 -934.7483 -927.8568
-919.2601 -934.7483 -927.3117
-919.2601 -934.4073 -926.4350
-918.4220 -933.4821 -925.3206
-918.4220 -933.4821 -925.0194
-918.4220 -931.1341 -924.5815
-918.4220 -931.1341 -924.1206
-918.4220 -931.1341 -923.6300
-918.4220 -931.1341 -923.2798
-918.4220 -929.7555 -922.8043
-918.4220 -929.0857 -922.1914
-918.4220 -928.4057 -921.8580
-918.4220 -928.3231 -921.2738
-918.4220 -927.9736 -920.9668
-918.4220 -925.2568 -920.4308
-918.3913 -924.8096 -920.1650
-918.3913 -924.8096 -919.9933
-918.3913 -922.8744 -919.7177
-918.3913 -922.6410 -919.5430
-918.3913 -921.1026 -919.4044
-918.3913 -920.2053 -919.3096
-918.3913 -920.2053 -919.2377
-918.3913 -920.2053 -919.1825
-918.3913 -920.2053 -919.0916
-912.7210 -920.2053 -918.8700
-912.7210 -920.2053 -918.6846
-912.7210 -920.2053 -918.4630
-912.7210 -920.2053 -918.3133
-912.7210 -920.1590 -918.0917
-912.7210 -919.8544 -917.9094
-912.7210 -919.2601 -917.7667
-912.7210 -919.2601 -917.5052
-911.2572 -919.2601 -917.2143
-911.2572 -919.2601 -917.0543
-911.2572 -919.2601 -916.8768
-911.2572 -918.4220 -916.7000
-911.2572 -918.4220 -916.5567
-911.2572 -918.4220 -916.4128
-911.2572 -918.4220 -916.2205
-911.2572 -918.4220 -916.0685
-911.2572 -918.4220 -915.9252
-911.2572 -918.4220 -915.7819
-911.2572 -918.4220 -915.5322
-911.2572 -918.4220 -915.3883
-911.2572 -918.4220 -915.2450
-911.2572 -918.4220 -915.1017
-911.2572 -918.4220 -914.8444
-911.2572 -918.4220 -914.5795
-911.2572 -918.4220 -914.4362
-911.2572 -918.3913 -914.2929
-911.2572 -918.3913 -914.0146
-911.2572 -918.3913 -913.7755
-911.2572 -918.3913 -913.6328
-911.2572 -918.3913 -913.3767
-911.2572 -918.3913 -913.1568
-911.2572 -918.3913 -912.7798
-911.2572 -918.3913 -912.4944
-909.2494 -915.3735 -911.8545
-909.2494 -914.5305 -911.7320
-909.2494 -913.0997 -911.6264
-907.7519 -912.7210 -911.4500
-907.7519 -912.7210 -911.3506
-907.7519 -912.7210 -911.1634
-907.7519 -912.7210 -911.0347
-907.7519 -912.7210 -910.9260
-907.7519 -912.7210 -910.7974
-905.9541 -912.2542 -910.4853
-905.9541 -911.2572 -910.2645
-905.9541 -911.2572 -910.0946
-905.9541 -911.2572 -909.9784
-904.9088 -911.2572 -909.6289
-904.9088 -911.2572 -909.5019
-904.9088 -911.2572 -909.2089
-904.9088 -911.2572 -909.0819
-904.9088 -911.2572 -908.7428
-904.9088 -911.2572 -908.5098
-904.9088 -911.2572 -908.3828
-904.9088 -911.2572 -908.1857
-904.9088 -911.2572 -908.0588
-904.9088 -911.2572 -907.7882
-904.9088 -911.2572 -907.4533
-904.9088 -911.2572 -907.2430
-904.9088 -911.2572 -907.1160
-904.9088 -911.2191 -906.9890
-904.9088 -909.9230 -906.7240
-904.9088 -909.2494 -906.4474
-904.9088 -909.2494 -906.3606
-904.9088 -909.2494 -906.2738
-902.8378 -909.1863 -905.9732
-902.8378 -907.7519 -905.7636
-902.8378 -907.7519 -905.6653
-902.8378 -907.7519 -905.5670
-902.8378 -907.7519 -905.4119
-902.8378 -907.7519 -905.2777
-902.8378 -907.5603 -905.1225
-902.8378 -907.0860 -905.0262
-902.8378 -907.0860 -904.9412
-902.8378 -906.7704 -904.8171
-902.8378 -905.9541 -904.6626
-902.8378 -905.9541 -904.6003
-902.8378 -905.9541 -904.4547
-902.8378 -905.9541 -904.3924
-902.8378 -905.9541 -904.3092
-902.8378 -905.9541 -904.2469
-902.8378 -905.9541 -904.1427
-902.8378 -904.9088 -904.0804
-898.9670 -904.9088 -903.9201
-898.9670 -904.9088 -903.7599
-898.9670 -904.9088 -903.6411
-897.4708 -904.9088 -903.2906
-897.4708 -904.9088 -903.1004
-897.4708 -904.9088 -902.8037
-897.4708 -904.9088 -902.6549
-897.4708 -904.9088 -902.4915
-897.4708 -904.9088 -902.3428
-897.4708 -904.9088 -902.1463
-897.4708 -904.9088 -901.7997
-896.8211 -904.9088 -901.4328
-896.8211 -904.4743 -901.1895
-896.8211 -902.8378 -900.9034
-896.8211 -902.8378 -900.7831
-896.8211 -902.8378 -900.6627
-895.3999 -902.8378 -900.2089
-895.3999 -902.8378 -899.8988
-895.3999 -902.8378 -899.7500
-895.3999 -902.8378 -899.4678
-895.3999 -902.8378 -899.2117
-895.3999 -902.8378 -898.9426
-895.3999 -902.8378 -898.6746
-895.3999 -902.8378 -898.3515
-895.3999 -902.8378 -898.0683
-895.3999 -902.5223 -897.6852
-895.3999 -900.7440 -897.2583
-895.3999 -900.1369 -897.0981
-895.3999 -898.9670 -896.7972
-895.3999 -898.9670 -896.6545
-895.3999 -898.2946 -896.5268
-891.0099 -897.4708 -896.3302
-891.0099 -897.4708 -896.2010
-891.0099 -897.4708 -896.0718
-891.0099 -897.4708 -895.9425
-891.0099 -897.4708 -895.7719
-891.0099 -897.4708 -895.6427
-891.0099 -897.4708 -895.5135
-891.0099 -897.4708 -895.3428
-891.0099 -897.4708 -895.1722
-891.0099 -897.4708 -895.0300
-891.0099 -896.8211 -894.7586
-891.0099 -896.8211 -894.4099
-891.0099 -896.8211 -894.1490
-891.0099 -896.8211 -894.0044
-891.0099 -896.8211 -893.7151
-891.0099 -896.1173 -893.4826
-891.0099 -895.3999 -893.2982
-891.0099 -895.3999 -893.2104
-891.0099 -895.3999 -893.0348
-891.0099 -895.3999 -892.9470
-891.0099 -895.3999 -892.8592
-891.0099 -895.3999 -892.7621
-891.0099 -895.3999 -892.5865
-891.0099 -895.3999 -892.3231
-891.0099 -895.3999 -892.1475
-891.0099 -895.3999 -892.0597
-891.0099 -895.3999 -891.9719
-891.0099 -895.3999 -891.7882
-891.0099 -895.3999 -891.7004
-891.0099 -895.3999 -891.6126
-891.0099 -895.3999 -891.5248
-890.3061 -895.3999 -891.3351
-890.3061 -894.9330 -891.1536
-890.3061 -891.8945 -890.9854
-887.6692 -891.0099 -890.8727
-887.6692 -891.0099 -890.7519
-887.6692 -891.0099 -890.6851
-887.6692 -891.0099 -890.6182
-887.1391 -891.0099 -890.4072
-887.1391 -891.0099 -890.3298
-887.1391 -891.0099 -890.2524
-887.1391 -891.0099 -890.1750
-887.1391 -891.0099 -890.0975
-887.1391 -891.0099 -890.0201
-887.1391 -891.0099 -889.9427
-887.1391 -891.0099 -889.8653
-887.1391 -891.0099 -889.7879
-887.1391 -891.0099 -889.7105
-887.1391 -891.0099 -889.6330
-887.1391 -891.0099 -889.5556
-887.1391 -891.0099 -889.3950
-887.1391 -891.0099 -889.2507
-887.1391 -891.0099 -889.1733
-887.1391 -891.0099 -889.0725
-880.7467 -891.0099 -888.7124
-880.7467 -891.0099 -888.4297
-880.7467 -891.0099 -888.0683
-880.7467 -891.0099 -887.8630
-880.7467 -891.0099 -887.5803
-880.7467 -891.0099 -887.2003
-880.7467 -890.7180 -886.7898
-880.7467 -890.4123 -886.5047
-880.7467 -890.3061 -886.3114
-880.7467 -890.3061 -886.1202
-880.7467 -890.3061 -885.9290
-880.7467 -889.8393 -885.6481
-880.7467 -888.3219 -885.4663
-880.7467 -887.8057 -885.1635
-880.7467 -887.6692 -884.9494
-880.7467 -887.6692 -884.8003
-880.7467 -887.6692 -884.5128
-880.7467 -887.1391 -884.2796
-880.7467 -887.1391 -884.0239
-880.7467 -887.1391 -883.8961
-880.7467 -887.1391 -883.6404
-880.7467 -887.1391 -883.2568
-880.7467 -887.1391 -883.1200
-880.7467 -887.1391 -882.8425
-880.7467 -887.1391 -882.7146
-880.7467 -887.1391 -882.3311
-875.2820 -886.7081 -881.6712
-875.2820 -886.4353 -881.3130
-875.2820 -886.0454 -880.6928
-875.2820 -884.0200 -880.3715
-875.2820 -883.0183 -880.1866
-875.2820 -881.3357 -880.0319
-875.2820 -880.7467 -879.9108
-875.2820 -880.7467 -879.8015
-875.2820 -880.7467 -879.6922
-875.2820 -880.7467 -879.5829
-875.2820 -880.7467 -879.4736
-875.2820 -880.7467 -879.3643
-875.2820 -880.7467 -879.2550
-875.2820 -880.7467 -879.1457
-875.2820 -880.7467 -879.0107
-875.2820 -880.7467 -878.7921
-875.2820 -880.7467 -878.6828
-875.2820 -880.7467 -878.4642
-875.2820 -880.7467 -878.3549
-875.2820 -880.7467 -878.2456
-875.2820 -880.7467 -878.0362
-875.2820 -880.7467 -877.9083
-875.2820 -880.7467 -877.5546
-875.2820 -880.7467 -877.4146
-875.2820 -880.7467 -877.1960
-875.2820 -880.7467 -877.0780
-875.2820 -880.7467 -876.8594
-875.2820 -880.7467 -876.7501
-875.2820 -880.7467 -876.5058
-875.2820 -880.7467 -876.1521
-875.2820 -880.3122 -875.9336
-874.8151 -879.4596 -875.7330
-874.8151 -879.2082 -875.4011
-874.8151 -877.2031 -875.3132
-874.8151 -875.7399 -875.2500
-874.8151 -875.2820 -875.2315
-874.8151 -875.2820 -875.2128
-874.8151 -875.2820 -875.2035
-874.8151 -875.2820 -875.1942
-874.8151 -875.2820 -875.1755
-874.8151 -875.2820 -875.1662
-874.8151 -875.2820 -875.1475
-871.9139 -875.2820 -875.0708
-871.9139 -875.2820 -875.0034
-871.9139 -875.2820 -874.9361
-871.9139 -875.2820 -874.8687
-871.9139 -875.2820 -874.8013
-871.9139 -875.2820 -874.7246
-871.9139 -875.2820 -874.6573
-871.9139 -875.2820 -874.5899
-871.9139 -875.2820 -874.5226
-871.9139 -875.2820 -874.3785
-871.9139 -875.2820 -874.3111
-871.9139 -875.2820 -874.1764
-871.9139 -875.2820 -874.0323
-871.9139 -875.2820 -873.8883
-868.4085 -875.2820 -873.6741
-868.4085 -875.2820 -873.5273
-868.4085 -875.2820 -873.2364
-868.4085 -875.0936 -873.0896
-868.4085 -874.8151 -872.9298
-868.4085 -874.8151 -872.8017
-868.4085 -874.8151 -872.6736
-868.4085 -874.8151 -872.3133
-868.4085 -874.8151 -872.1852
-868.4085 -874.8151 -871.9289
-868.4085 -874.8151 -871.6582
-868.4085 -874.8151 -871.5301
-868.4085 -874.8151 -871.4019
-868.4085 -874.8151 -871.2158
-868.4085 -874.8151 -870.9136
-868.4085 -874.8151 -870.7854
-868.4085 -874.0911 -870.6573
-868.4085 -871.9139 -870.5117
-868.4085 -871.9139 -870.4416
-868.4085 -871.9139 -870.3715
-868.2202 -871.9139 -870.2275
-868.2202 -871.9139 -870.1537
-868.2202 -871.9139 -870.0798
-868.2202 -871.9139 -870.0059
-868.2202 -871.9139 -869.9320
-868.2202 -871.9139 -869.7881
-868.2202 -871.9139 -869.5831
-868.2202 -871.9139 -869.4392
-868.2202 -871.9139 -869.0811
-868.2202 -871.9139 -868.9343
-868.2202 -871.9139 -868.8604
-868.2202 -871.9139 -868.7865
-868.2202 -871.9090 -868.4948
-867.1278 -868.8665 -868.3280
-867.1278 -868.4085 -868.2895
-867.1278 -868.4085 -868.2601
-867.1278 -868.4085 -868.2345
-867.1278 -868.4085 -868.2051
-867.1278 -868.4085 -868.1795
-867.1278 -868.4085 -868.1539
-867.1278 -868.4085 -868.1245
-867.1278 -868.4085 -868.0914
-867.1278 -868.4085 -868.0620
-867.1278 -868.4085 -868.0364
-867.1278 -868.4085 -868.0070
-867.1278 -868.4085 -867.9814
-867.1278 -868.4085 -867.9558
-867.1278 -868.4085 -867.9301
-867.1278 -868.4085 -867.9008
-867.1278 -868.4085 -867.8714
-867.1278 -868.4085 -867.8202
-860.9689 -868.4085 -867.6457
-860.9689 -868.2202 -867.4713
-860.9689 -868.2202 -867.2826
