-5231.8027 -5759.6919 -5544.4804
-5231.8027 -5580.8400 -5401.3911
-5115.9386 -5396.4130 -5310.3629
-5083.9093 -5327.4503 -5260.6156
-5061.3537 -5270.9712 -5208.1273
-5028.6489 -5224.5028 -5161.6154
-5028.6489 -5175.9043 -5113.6785
-4963.1608 -5118.1605 -5073.2775
-4947.1495 -5072.8069 -5041.7882
-4890.1833 -5053.9109 -5015.9926
-4867.4109 -5033.8422 -4986.7404
-4867.4109 -4999.8740 -4946.5496
-4860.3413 -4956.1826 -4915.5199
-4832.2200 -4919.9506 -4888.3580
-4813.5823 -4892.4019 -4867.0697
-4764.6389 -4874.0936 -4849.6598
-4729.3616 -4859.5888 -4823.9637
-4715.2961 -4832.2200 -4795.5970
-4699.0290 -4808.9061 -4761.4608
-4660.6874 -4764.6389 -4730.6486
-4656.1500 -4737.7697 -4710.1861
-4614.9930 -4719.9353 -4691.1518
-4584.7036 -4700.7614 -4665.9997
-4569.4347 -4673.2173 -4642.9765
-4562.0128 -4656.1500 -4624.2180
-4492.9395 -4640.5177 -4600.6081
-4492.9395 -4611.4989 -4572.7811
-4492.9395 -4584.8344 -4554.7360
-4462.3746 -4569.4806 -4535.4352
-4428.4593 -4545.7742 -4508.3691
-4397.2460 -4521.9579 -4485.9233
-4339.7692 -4492.9395 -4456.8678
-4313.8518 -4469.6331 -4428.8409
-4309.8881 -4442.6096 -4392.5574
-4277.6753 -4402.2126 -4361.5978
-4277.6753 -4370.7549 -4335.3550
-4277.6753 -4345.2247 -4318.6969
-4223.6279 -4329.1927 -4305.9213
-4222.2060 -4313.8518 -4284.2075
-4193.8047 -4295.4376 -4262.6918
-4192.7427 -4278.0869 -4243.3186
-4172.9508 -4251.3972 -4226.0382
-4131.8262 -4233.6736 -4207.9922
-4131.8262 -4221.6671 -4192.4100
-4096.6160 -4208.7628 -4179.1099
-4064.3984 -4193.9313 -4159.8246
-4039.2759 -4172.9508 -4137.9105
-3985.5700 -4152.8716 -4115.9646
-3985.5700 -4131.8262 -4094.9960
-3985.5700 -4111.3983 -4067.6042
-3909.2282 -4088.2448 -4039.6961
-3909.2282 -4060.1904 -4018.7086
-3909.2282 -4039.0070 -3993.3152
-3826.9197 -4012.6045 -3961.9332
-3826.9197 -3981.5853 -3939.8097
-3826.9197 -3955.2420 -3915.1219
-3800.3953 -3933.4990 -3897.5096
-3800.3953 -3916.9957 -3876.8026
-3800.3953 -3888.3140 -3856.0985
-3774.8032 -3874.2738 -3836.6505
-3755.9944 -3852.8490 -3821.9555
-3710.4716 -3836.0544 -3807.3331
-3672.6146 -3826.3251 -3792.3788
-3672.6146 -3800.3953 -3773.0969
-3672.6146 -3788.6705 -3754.2559
-3659.9443 -3771.6850 -3735.7037
-3659.9443 -3754.4350 -3715.0443
-3595.1537 -3728.3840 -3690.0741
-3529.8919 -3707.9278 -3672.8718
-3529.8919 -3686.7505 -3652.9778
-3529.8919 -3677.1506 -3634.0013
-3529.8919 -3662.2857 -3606.7414
-3514.3807 -3628.6890 -3578.3408
-3489.4968 -3597.9519 -3556.2024
-3489.4968 -3580.5672 -3543.4491
-3447.0206 -3550.2330 -3524.4320
-3447.0206 -3539.4948 -3513.2063
-3432.7920 -3530.1635 -3501.9408
-3432.4362 -3514.3807 -3485.4292
-3398.5965 -3499.7056 -3475.4329
-3398.5965 -3490.8726 -3461.9353
-3398.5965 -3483.7518 -3448.0680
-3377.7283 -3460.1071 -3433.3556
-3377.7283 -3450.3361 -3423.2472
-3347.0977 -3434.7574 -3410.2517
-3316.9979 -3417.9006 -3394.0027
-3283.7905 -3405.6069 -3380.9562
-3283.7905 -3394.1966 -3370.4617
-3283.7905 -3385.8453 -3359.9542
-3283.7905 -3378.8937 -3348.7912
-3245.4337 -3360.9267 -3332.0581
-3245.4337 -3349.1486 -3321.5914
-3229.1598 -3340.4059 -3305.1612
-3177.3453 -3323.8923 -3281.7773
-3177.3453 -3310.3448 -3264.5641
-3177.3453 -3283.7905 -3244.0178
-3170.4845 -3266.3163 -3227.6538
-3154.5238 -3245.4337 -3210.8247
-3111.8668 -3229.9842 -3190.1878
-3107.4075 -3204.8684 -3172.3312
-3107.4075 -3189.5234 -3160.0179
-3098.3730 -3177.3453 -3150.2095
-3085.8591 -3167.8320 -3135.9857
-3081.6761 -3155.5847 -3123.2329
-3036.1733 -3139.3534 -3110.7281
-3036.1733 -3120.6243 -3097.8771
-3036.1733 -3111.8668 -3090.4722
-3036.1733 -3105.7847 -3083.1851
-3005.5743 -3098.3730 -3071.8563
-3005.5743 -3088.6211 -3060.7601
-3005.5743 -3073.5982 -3051.6432
-2986.9000 -3065.6953 -3042.8139
-2983.8456 -3056.4024 -3031.8262
-2983.8456 -3046.4448 -3026.0327
-2931.2463 -3038.3884 -3015.6982
-2931.2463 -3032.8059 -3006.7116
-2903.9371 -3025.2593 -2992.0344
-2903.9371 -3005.7928 -2976.5011
-2883.9615 -2999.9375 -2964.7979
-2882.1111 -2984.4022 -2952.2315
-2882.1111 -2970.1564 -2936.7208
-2830.9773 -2953.3762 -2920.5247
-2830.9773 -2940.3138 -2912.7483
-2830.9773 -2933.3537 -2904.6200
-2830.5663 -2923.7405 -2895.9138
-2801.4231 -2911.5453 -2882.2065
-2801.0828 -2900.3820 -2869.1740
-2801.0828 -2889.7040 -2858.4928
-2778.1089 -2882.6832 -2845.0631
-2732.5535 -2868.2793 -2830.0315
-2732.5535 -2855.3973 -2816.6824
-2732.5535 -2832.6106 -2806.4920
-2732.5535 -2828.0142 -2793.9445
-2688.5892 -2812.5906 -2781.1038
-2688.5892 -2801.0828 -2767.0199
-2688.5892 -2789.4057 -2754.7797
-2687.7734 -2777.0990 -2738.5246
-2655.8240 -2753.0732 -2725.7852
-2655.8240 -2742.9733 -2715.9297
-2655.8240 -2737.1885 -2708.5370
-2655.8240 -2732.5126 -2699.3968
-2655.8240 -2718.6738 -2690.0598
-2655.8240 -2704.4173 -2681.8393
-2635.8975 -2690.7103 -2675.2729
-2635.8975 -2687.7734 -2669.1428
-2607.2639 -2682.9591 -2662.3965
-2607.2639 -2676.9755 -2655.3561
-2607.2639 -2669.9269 -2649.2534
-2607.2639 -2658.0993 -2639.7610
-2607.2639 -2655.6379 -2634.3053
-2552.4179 -2648.0643 -2626.7351
-2552.4179 -2642.0848 -2619.4448
-2552.4179 -2635.8975 -2614.1835
-2552.4179 -2628.8726 -2605.5731
-2522.0780 -2622.8703 -2596.3186
-2522.0780 -2616.8165 -2585.5571
-2500.6048 -2608.6408 -2576.3708
-2498.4530 -2604.6113 -2565.1862
-2498.4530 -2587.1517 -2551.1764
-2487.9148 -2569.9230 -2537.0680
-2475.3144 -2555.7090 -2527.4137
-2475.3144 -2545.8387 -2519.6255
-2475.3144 -2539.1616 -2511.9266
-2475.3144 -2530.4388 -2504.9058
-2460.1339 -2522.0780 -2499.9441
-2406.4034 -2514.4652 -2489.7865
-2406.4034 -2503.3234 -2483.9920
-2406.4034 -2499.9968 -2476.8324
-2406.4034 -2489.5259 -2467.4278
-2406.4034 -2485.7471 -2460.4395
-2390.0780 -2477.3022 -2450.1387
-2388.2805 -2471.6691 -2439.5659
-2357.8547 -2459.9060 -2427.4040
-2357.8547 -2449.6735 -2418.6720
-2357.8547 -2432.7368 -2408.6133
-2338.9292 -2424.3585 -2401.5620
-2338.9292 -2416.5155 -2393.7712
-2334.2655 -2413.7292 -2386.9681
-2331.6474 -2406.4034 -2379.9569
-2331.6474 -2403.4577 -2373.4152
-2331.6474 -2393.7194 -2366.8999
-2331.6474 -2388.2805 -2360.0887
-2304.1862 -2380.0302 -2352.1352
-2304.1862 -2362.3786 -2344.5888
-2304.1862 -2357.8547 -2339.5758
-2304.1862 -2352.2314 -2335.6392
-2248.0034 -2345.1691 -2329.8779
-2248.0034 -2341.2378 -2325.4024
-2248.0034 -2338.9292 -2321.8781
-2248.0034 -2336.7240 -2315.1656
-2248.0034 -2331.6474 -2308.3431
-2231.0888 -2328.6285 -2302.5103
-2231.0888 -2321.2396 -2295.2005
-2231.0888 -2314.0927 -2285.1410
-2227.4899 -2306.2425 -2276.4903
-2227.4899 -2298.6889 -2267.4008
-2222.5037 -2285.8793 -2257.0863
-2222.5037 -2274.7270 -2251.8151
-2222.5037 -2269.9985 -2247.0695
-2203.6635 -2257.8645 -2239.9829
-2203.6635 -2249.8566 -2236.1892
-2192.2625 -2248.0034 -2231.9516
-2192.2625 -2244.6617 -2229.2957
-2192.2625 -2242.3917 -2226.8347
-2192.2625 -2238.7615 -2223.5031
-2192.2625 -2234.0949 -2218.8217
-2192.2625 -2231.0888 -2216.6112
-2159.6600 -2227.4899 -2212.3048
-2159.6600 -2225.3930 -2208.5268
-2159.6600 -2222.5037 -2203.7380
-2159.6600 -2219.1840 -2199.7778
-2159.6600 -2215.0410 -2197.1470
-2159.6600 -2208.8039 -2194.7630
-2159.6600 -2206.6324 -2192.6769
-2156.1849 -2203.6635 -2188.8682
-2156.1849 -2201.8654 -2185.0728
-2141.8820 -2198.4816 -2179.2725
-2141.8820 -2192.2625 -2174.0868
-2124.4645 -2189.8309 -2167.9908
-2124.4645 -2186.3499 -2165.3107
-2124.4645 -2180.6197 -2158.5902
-2124.4645 -2168.0214 -2152.2915
-2103.8453 -2160.9525 -2147.3866
-2103.8453 -2159.6600 -2142.8343
-2092.2265 -2155.7442 -2138.2140
-2092.2265 -2152.4033 -2133.4243
-2092.2265 -2148.4054 -2130.3033
-2073.2723 -2143.2034 -2125.1974
-2073.2723 -2141.0694 -2118.7349
-2073.2723 -2138.3150 -2115.1270
-2067.8194 -2127.8308 -2108.7519
-2067.8194 -2124.4645 -2104.3007
-2067.8194 -2119.5119 -2099.8865
-2057.0222 -2114.3718 -2094.5145
-2052.9378 -2107.5678 -2088.7996
-2036.4781 -2101.3814 -2083.7121
-2036.4781 -2095.3072 -2077.0309
-2030.0419 -2092.1669 -2071.9930
-2030.0419 -2090.3214 -2068.9396
-2029.6468 -2086.3825 -2063.1847
-2029.6468 -2077.5615 -2058.5394
-2029.6468 -2071.9799 -2054.7782
-2028.7619 -2068.4909 -2051.2610
-2016.4518 -2065.5624 -2047.9798
-2008.6674 -2063.7532 -2044.7872
-2002.7569 -2057.0222 -2039.2288
-2002.7569 -2052.9378 -2036.2340
-1997.5054 -2048.9565 -2029.2328
-1997.5054 -2042.3687 -2024.3139
-1997.5054 -2036.4781 -2020.2288
-1997.5054 -2031.7853 -2017.8555
-1997.5054 -2029.6468 -2013.9624
-1987.4632 -2027.9407 -2009.9694
-1987.4632 -2019.3850 -2006.2310
-1987.0104 -2015.7825 -2003.5376
-1987.0104 -2014.3303 -2002.8902
-1975.3104 -2011.8996 -1998.9147
-1975.3104 -2006.2684 -1995.6640
-1965.6401 -2002.7569 -1992.2485
-1965.6401 -2000.9599 -1989.5525
-1965.6401 -1997.5054 -1987.6979
-1965.6401 -1997.1647 -1985.0894
-1965.6401 -1995.0527 -1983.5358
-1963.1984 -1992.2502 -1981.0052
-1961.3487 -1988.4393 -1978.3379
-1961.3487 -1987.3233 -1975.5451
-1961.3487 -1987.0104 -1974.7139
-1938.7942 -1981.1749 -1970.5679
-1938.7942 -1978.8116 -1968.7771
-1936.2227 -1975.3104 -1965.0796
-1936.2227 -1975.1509 -1964.0294
-1925.7505 -1973.5447 -1960.3063
-1925.7505 -1970.9670 -1957.2306
-1918.6641 -1965.6401 -1953.8855
-1918.6641 -1965.6401 -1951.6561
-1918.6641 -1964.3447 -1948.5484
-1918.6641 -1961.3487 -1945.2393
-1890.0899 -1959.3410 -1940.5206
-1890.0899 -1954.2679 -1937.0985
-1890.0899 -1951.7181 -1931.1556
-1890.0899 -1942.8439 -1925.7744
-1885.5705 -1937.0902 -1921.0011
-1885.5705 -1934.9886 -1917.8338
-1885.5705 -1932.4156 -1913.5997
-1876.6875 -1926.9400 -1909.1343
-1873.4836 -1923.3415 -1903.1166
-1873.4836 -1918.6641 -1898.3262
-1845.9519 -1916.6075 -1893.3844
-1845.9519 -1905.5330 -1889.0709
-1845.9519 -1901.8664 -1883.9912
-1825.3619 -1894.9759 -1877.6561
-1825.3619 -1890.0899 -1874.1167
-1825.3619 -1887.3906 -1869.8409
-1825.3619 -1885.1616 -1865.6157
-1825.3619 -1883.2482 -1862.3330
-1825.3619 -1876.6875 -1854.3219
-1825.3619 -1873.4836 -1852.0657
-1817.9676 -1868.8008 -1848.3214
-1817.9676 -1865.4513 -1844.1288
-1817.9676 -1860.5788 -1841.3154
-1795.5491 -1853.5867 -1835.3052
-1795.5491 -1849.4425 -1831.3752
-1795.5491 -1845.9519 -1828.3430
-1795.5491 -1839.6882 -1824.6196
-1795.5491 -1838.0390 -1822.2519
-1795.5491 -1834.2764 -1818.0884
-1795.5491 -1825.7838 -1815.2760
-1780.4058 -1825.3619 -1812.3464
-1780.4058 -1825.3619 -1809.4393
-1780.4058 -1821.1326 -1805.9562
-1780.4058 -1818.6241 -1804.5404
-1774.4020 -1817.9676 -1800.8464
-1774.4020 -1811.9870 -1797.7375
-1773.5944 -1807.6139 -1794.5201
-1773.5944 -1805.3040 -1792.8288
-1773.5944 -1803.3346 -1791.8724
-1769.3530 -1801.5457 -1789.9034
-1769.3530 -1799.8228 -1787.4252
-1769.3530 -1795.9977 -1785.8841
-1769.3530 -1795.5491 -1784.2873
-1746.2737 -1795.2808 -1780.6270
-1746.2737 -1792.8796 -1776.7742
-1746.2737 -1788.0928 -1773.6766
-1746.2737 -1784.0291 -1772.2698
-1746.2737 -1780.4058 -1768.7724
-1722.4624 -1778.0895 -1763.1989
-1722.4624 -1774.4020 -1759.4338
-1722.4624 -1773.5944 -1756.1651
-1722.4624 -1769.3530 -1751.4561
-1717.9012 -1763.7046 -1745.8275
-1717.9012 -1759.0509 -1743.4527
-1716.4250 -1753.4260 -1740.8406
-1716.4250 -1752.3952 -1739.7097
-1716.4250 -1748.6368 -1736.4267
-1716.4250 -1747.9142 -1735.5299
-1707.8060 -1746.3891 -1733.3288
-1707.8060 -1745.9585 -1731.0782
-1706.2388 -1743.5408 -1727.9543
-1699.9741 -1738.6341 -1724.1048
-1693.5055 -1735.5572 -1720.3387
-1693.5055 -1731.8778 -1716.3716
-1689.2411 -1726.0846 -1713.6737
-1689.2411 -1723.6733 -1711.3526
-1670.2002 -1722.1143 -1707.6258
-1670.2002 -1717.9012 -1704.9924
-1670.2002 -1716.4250 -1703.6634
-1670.2002 -1716.4250 -1701.2956
-1670.2002 -1714.0658 -1699.1271
-1669.9401 -1710.1483 -1694.8928
-1649.3549 -1707.8060 -1691.6476
-1649.3549 -1705.1557 -1688.3408
-1649.3549 -1700.6293 -1684.8529
-1649.3549 -1698.9999 -1682.1756
-1649.3549 -1694.7150 -1679.1424
-1649.3549 -1692.5491 -1676.5809
-1649.3549 -1689.2411 -1672.6862
-1649.3549 -1685.9684 -1667.9717
-1649.3549 -1680.3096 -1665.7781
-1648.9168 -1676.9073 -1662.7679
-1648.9168 -1671.8247 -1659.7682
-1637.9136 -1669.9401 -1657.1675
-1628.7873 -1663.2075 -1653.2441
-1628.7873 -1662.6491 -1651.1606
-1628.7873 -1660.7969 -1649.6359
-1628.7873 -1656.9740 -1648.1510
-1626.8718 -1654.6882 -1645.9848
-1623.0334 -1653.0139 -1644.1626
-1623.0334 -1651.1940 -1643.2961
-1623.0334 -1649.4335 -1641.7128
-1623.0334 -1649.3549 -1639.9885
-1623.0334 -1649.3549 -1639.1907
-1590.4839 -1649.3549 -1636.1459
-1590.4839 -1648.9168 -1634.3423
-1590.4839 -1647.8559 -1631.8671
-1590.4839 -1645.4139 -1627.9332
-1590.4839 -1640.5917 -1625.5360
-1590.4839 -1638.0279 -1622.7670
-1590.4839 -1634.1450 -1619.5346
-1590.4839 -1632.8337 -1617.3367
-1590.4839 -1628.7873 -1613.1292
-1590.4839 -1626.8718 -1609.3438
-1584.0301 -1623.0334 -1605.6540
-1580.7628 -1619.8335 -1601.3148
-1580.7628 -1613.9251 -1598.3088
-1580.7628 -1611.5642 -1596.7907
-1566.8214 -1609.4976 -1593.2380
-1566.8214 -1603.5425 -1590.1712
-1566.8214 -1596.9707 -1587.4023
-1566.8214 -1594.7085 -1585.5280
-1566.8170 -1592.0349 -1583.5655
-1565.7067 -1590.4839 -1581.6721
-1565.7067 -1590.4839 -1580.6095
-1557.1594 -1590.4839 -1578.3422
-1557.1594 -1590.4839 -1576.2033
-1557.1594 -1586.3663 -1574.7256
-1543.3438 -1583.9935 -1571.7416
-1543.3438 -1582.5965 -1569.6359
-1531.0377 -1580.2283 -1566.2285
-1531.0377 -1579.8859 -1565.0533
-1531.0377 -1576.3901 -1562.4890
-1526.0839 -1571.8181 -1558.7271
-1526.0839 -1568.8561 -1556.3731
-1526.0839 -1566.8214 -1553.2145
-1519.7307 -1565.7067 -1549.2569
-1519.7307 -1560.3070 -1545.7251
-1519.6823 -1557.1594 -1542.2081
-1503.5021 -1553.9640 -1539.2453
-1503.5021 -1551.6740 -1535.9933
-1503.5021 -1548.5799 -1532.5558
-1503.5021 -1547.2012 -1530.0036
-1503.5021 -1545.5607 -1528.5219
-1503.5021 -1543.3438 -1526.7748
-1503.5021 -1539.1468 -1523.1831
-1503.5021 -1533.8388 -1520.3782
-1503.5021 -1531.5100 -1518.2083
-1496.4727 -1528.9659 -1514.9870
-1496.4727 -1526.2618 -1512.9093
-1496.4727 -1526.0839 -1511.3734
-1496.4727 -1524.2631 -1510.0920
-1496.4727 -1521.1681 -1508.4253
-1494.1023 -1519.6823 -1505.7007
-1494.1023 -1515.4544 -1503.8335
-1494.1023 -1510.6309 -1502.6577
-1493.0708 -1508.7759 -1501.5711
-1493.0708 -1507.5669 -1500.7532
-1477.8393 -1506.4158 -1499.1220
-1477.8393 -1504.5910 -1497.9839
-1477.8393 -1503.5021 -1496.7699
-1477.8393 -1503.5021 -1495.2830
-1477.8393 -1502.9400 -1493.6463
-1477.8393 -1499.7092 -1492.4299
-1477.8393 -1497.6997 -1491.1886
-1472.5183 -1496.6306 -1490.2596
-1472.5183 -1496.4727 -1489.3043
-1471.1268 -1494.9483 -1487.9787
-1459.3271 -1494.9483 -1486.4082
-1459.3271 -1494.3744 -1484.6645
-1459.3271 -1494.1023 -1482.5087
-1459.3271 -1493.8352 -1480.5456
-1459.3271 -1493.0708 -1478.5934
-1459.3271 -1489.5468 -1476.5737
-1451.4727 -1485.1516 -1473.1668
-1451.4727 -1484.2178 -1471.8857
-1451.4727 -1480.8865 -1470.4227
-1451.4727 -1478.8283 -1469.3734
-1451.4727 -1477.8393 -1467.7776
-1451.4727 -1477.8393 -1465.7795
-1451.4727 -1476.0195 -1464.3721
-1451.4727 -1472.5183 -1462.7845
-1451.4727 -1472.2877 -1461.9782
-1439.0951 -1470.8406 -1460.6332
-1439.0951 -1469.7934 -1459.5656
-1439.0951 -1468.9406 -1458.7191
-1434.5458 -1467.4322 -1456.5543
-1434.5458 -1465.5986 -1455.1199
-1434.5458 -1464.0351 -1453.3842
-1420.3025 -1462.8229 -1450.3901
-1420.3025 -1459.3271 -1448.6088
-1415.2838 -1458.9808 -1445.1951
-1415.2838 -1457.6686 -1443.5912
-1411.4027 -1455.3694 -1441.1726
-1411.4027 -1451.9167 -1439.8397
-1411.4027 -1451.4727 -1438.5467
-1411.4027 -1451.4727 -1435.1530
-1401.3222 -1451.0971 -1431.0087
-1401.3222 -1444.1791 -1427.8894
-1401.3222 -1439.2999 -1426.0621
-1401.3222 -1439.0951 -1424.3676
-1401.3222 -1435.0216 -1421.6915
-1401.3222 -1434.5458 -1419.7964
-1401.3222 -1431.9061 -1417.5581
-1401.3222 -1430.8355 -1415.9014
-1401.3222 -1428.0920 -1414.0176
-1401.3222 -1424.7538 -1412.5782
-1401.3222 -1420.3025 -1410.6661
-1384.3953 -1417.9351 -1408.9349
-1384.3953 -1417.0406 -1407.5831
-1384.3953 -1415.9563 -1406.0343
-1384.3953 -1415.2838 -1404.4726
-1384.3953 -1412.6291 -1402.8566
-1384.3953 -1411.7596 -1401.9394
-1384.3953 -1411.4027 -1401.0118
-1384.3953 -1409.1909 -1399.4924
-1384.3953 -1406.3505 -1398.2113
-1384.3953 -1403.8276 -1396.9264
-1381.2916 -1402.7289 -1395.8526
-1381.2916 -1402.7289 -1395.0499
-1381.2916 -1401.8517 -1393.3079
-1381.2916 -1401.3222 -1391.3454
-1381.2916 -1401.3222 -1390.4500
-1365.9590 -1401.3222 -1388.5469
-1365.9590 -1398.8755 -1387.0324
-1365.9590 -1397.9756 -1386.1967
-1365.9590 -1392.7582 -1383.9883
-1365.9590 -1392.1320 -1382.8414
-1365.9590 -1388.9104 -1381.5202
-1365.9590 -1386.3927 -1380.4955
-1360.7408 -1384.8328 -1379.2008
-1360.7408 -1384.3953 -1378.4021
-1360.7408 -1384.3953 -1377.1938
-1360.7408 -1384.3953 -1375.9766
-1360.7408 -1384.3953 -1375.0129
-1360.7408 -1383.6101 -1373.6446
-1360.7408 -1382.0067 -1371.7079
-1360.7408 -1381.2916 -1370.5174
-1360.7408 -1379.4818 -1368.9547
-1356.4640 -1376.2278 -1366.8032
-1348.5426 -1374.5980 -1365.5094
-1348.5426 -1373.5051 -1364.4543
-1348.5426 -1371.0038 -1362.8854
-1348.5426 -1369.4068 -1362.1412
-1348.5426 -1368.5223 -1361.7239
-1348.5426 -1367.8246 -1361.2398
-1319.3061 -1365.9590 -1359.7103
-1319.3061 -1365.9590 -1358.6678
-1319.3061 -1365.9590 -1356.6987
-1319.3061 -1364.5346 -1354.3969
-1319.3061 -1364.4707 -1353.4923
-1319.3061 -1363.4544 -1352.2398
-1319.3061 -1362.4966 -1350.8791
-1319.3061 -1361.4833 -1348.2965
-1319.3061 -1361.3923 -1347.4529
-1319.3061 -1361.3186 -1346.3643
-1319.3061 -1360.7408 -1344.0549
-1311.5628 -1360.7408 -1340.4390
-1311.5628 -1356.4640 -1337.3445
-1307.7408 -1351.8556 -1333.5627
-1304.9348 -1349.0184 -1329.7652
-1304.9348 -1348.5426 -1327.8759
-1304.9348 -1348.5426 -1325.3563
-1304.9348 -1341.5122 -1322.1362
-1304.9348 -1335.5347 -1319.8961
-1304.9348 -1332.8150 -1318.3187
-1301.1156 -1326.9386 -1315.7919
-1301.1156 -1323.5150 -1314.2874
-1301.1156 -1321.8884 -1313.2330
-1301.1156 -1320.7230 -1312.2629
-1301.1156 -1319.3061 -1311.1849
-1296.6588 -1319.3061 -1310.1517
-1295.2601 -1319.3061 -1309.2179
-1295.2601 -1316.2273 -1307.4724
-1295.2601 -1314.0115 -1305.7932
-1295.2601 -1311.5628 -1304.9324
-1295.2601 -1311.2123 -1303.8304
-1295.2601 -1310.1188 -1302.8597
-1295.2601 -1308.6638 -1302.5381
-1295.2601 -1308.4921 -1302.2701
-1295.2601 -1307.7408 -1301.3897
-1295.2601 -1306.1145 -1300.4202
-1295.2601 -1305.5800 -1300.2031
-1295.2601 -1304.9348 -1299.6308
-1295.2601 -1304.9348 -1299.2863
-1279.1255 -1304.9348 -1297.5226
-1279.1255 -1303.5749 -1296.7318
-1279.1255 -1301.2694 -1296.0234
-1279.1255 -1301.1156 -1295.0426
-1279.1255 -1300.5424 -1294.2443
-1279.1255 -1299.8503 -1292.9978
-1279.1255 -1299.4069 -1292.1281
-1279.1255 -1297.5225 -1291.3628
-1279.1255 -1296.6588 -1290.7219
-1279.1255 -1296.0682 -1290.0644
-1267.0051 -1295.2601 -1288.8094
-1267.0051 -1295.2601 -1287.8716
-1267.0051 -1295.2601 -1287.0680
-1267.0051 -1295.2601 -1285.2980
-1258.8823 -1295.2601 -1283.4681
-1258.8823 -1294.6174 -1280.7893
-1258.8823 -1294.0911 -1280.0746
-1258.8823 -1293.1421 -1278.7277
-1258.8823 -1290.7684 -1277.1983
-1253.5450 -1287.3030 -1275.1173
-1253.5450 -1284.5633 -1273.5453
-1253.5450 -1281.5185 -1272.4578
-1253.5450 -1279.1255 -1270.8399
-1253.5450 -1279.1255 -1269.6854
-1253.5450 -1279.1255 -1268.6645
-1253.5450 -1278.5741 -1266.9409
-1253.5450 -1276.2593 -1264.4419
-1248.6127 -1274.7937 -1263.0308
-1235.7917 -1274.5210 -1261.7280
-1235.7917 -1273.1809 -1260.4273
-1235.7917 -1270.3943 -1258.2583
-1235.7917 -1267.0051 -1257.0221
-1235.7917 -1267.0051 -1255.4925
-1235.7917 -1265.6853 -1254.4969
-1225.4484 -1262.1969 -1252.1467
-1225.4484 -1259.8225 -1251.1629
-1219.4232 -1258.8823 -1248.4404
-1219.4232 -1258.8823 -1247.4450
-1219.4232 -1258.8823 -1245.9875
-1219.4232 -1256.0450 -1244.3230
-1219.4232 -1254.3152 -1243.4044
-1219.4232 -1253.5450 -1241.4362
-1219.4232 -1253.5450 -1240.3461
-1219.4232 -1253.5450 -1239.6636
-1219.4232 -1253.5450 -1237.6340
-1217.2794 -1253.5450 -1234.9234
-1217.2794 -1248.6127 -1231.8676
-1217.2794 -1245.6462 -1229.5334
-1196.1573 -1241.9220 -1226.5751
-1196.1573 -1235.8712 -1224.4399
-1196.1573 -1235.7917 -1221.0322
-1196.1573 -1233.1626 -1219.5270
-1196.1573 -1231.9795 -1218.5240
-1196.1573 -1228.4235 -1215.9636
-1191.4385 -1225.4484 -1214.5176
-1191.4385 -1224.7083 -1213.1905
-1191.4385 -1220.5315 -1212.2665
-1191.4385 -1219.7541 -1211.2407
-1191.4385 -1219.4232 -1209.8087
-1191.4385 -1219.4232 -1209.0769
-1191.4385 -1219.4232 -1207.6303
-1191.4385 -1219.4232 -1206.6012
-1191.4385 -1218.6328 -1205.5308
-1191.4385 -1217.2794 -1203.7735
-1190.5459 -1215.1241 -1201.3657
-1190.5459 -1214.7044 -1199.9038
-1189.0886 -1213.8183 -1198.9213
-1189.0886 -1210.8142 -1197.8852
-1189.0886 -1208.7457 -1196.2892
-1189.0886 -1206.5399 -1195.5697
-1179.9170 -1201.9619 -1193.8625
-1179.9170 -1200.3610 -1192.8219
-1179.9170 -1197.3828 -1192.0899
-1179.9170 -1196.1573 -1191.3174
-1179.9170 -1196.1573 -1190.5708
-1179.2356 -1196.1573 -1189.7513
-1177.5421 -1194.7985 -1188.9275
-1177.5316 -1193.8013 -1187.8551
-1177.5316 -1192.2914 -1187.5101
-1177.5316 -1192.1267 -1187.2149
-1177.5316 -1191.4385 -1186.7598
-1177.2096 -1191.4385 -1186.0800
-1177.2096 -1191.4385 -1185.1308
-1177.2096 -1191.2265 -1184.5723
-1167.4804 -1190.5459 -1183.0097
-1167.4804 -1190.2209 -1182.0980
-1167.4804 -1189.0886 -1180.3299
-1167.4804 -1188.5834 -1179.3638
-1167.4804 -1186.1965 -1178.8195
-1167.4804 -1185.3236 -1178.1490
-1167.4804 -1185.1182 -1177.6470
-1167.4804 -1183.5638 -1177.0981
-1167.4804 -1182.5346 -1176.3553
-1167.4804 -1181.4982 -1176.0427
-1163.9558 -1181.0483 -1175.0460
-1160.9824 -1179.9485 -1174.2540
-1160.9824 -1179.9170 -1173.6259
-1160.9824 -1179.9170 -1172.8549
-1160.9824 -1179.9170 -1172.4762
-1154.9069 -1179.2356 -1171.2295
-1154.9069 -1177.5421 -1170.0270
-1154.9069 -1177.2854 -1168.1586
-1154.9069 -1177.2096 -1167.4209
-1142.4364 -1176.9702 -1165.3695
-1142.4364 -1173.3148 -1164.1220
-1142.4364 -1172.4827 -1163.1869
-1142.4364 -1171.6792 -1162.4712
-1142.4364 -1167.4804 -1161.0106
-1142.4364 -1167.4804 -1160.0523
-1142.4364 -1167.4804 -1159.4634
-1142.4364 -1167.4804 -1158.8372
-1142.4364 -1167.4804 -1157.9612
-1142.4364 -1167.0880 -1155.6521
-1142.4364 -1166.0339 -1154.2694
-1142.4364 -1163.9558 -1153.1169
-1142.4364 -1163.4807 -1151.7334
-1142.4364 -1162.6149 -1150.7072
-1142.4364 -1160.9824 -1150.0086
-1142.4364 -1160.9824 -1149.0904
-1135.7239 -1158.7168 -1147.8571
-1135.7239 -1155.9987 -1146.8954
-1133.5984 -1154.9069 -1146.0623
-1133.5984 -1154.9069 -1145.3164
-1133.5984 -1154.6461 -1144.1962
-1133.5984 -1152.0030 -1142.8366
-1119.0951 -1150.3068 -1141.5417
-1119.0951 -1148.3036 -1139.8209
-1119.0951 -1143.2800 -1138.1241
-1119.0951 -1142.4364 -1136.8123
-1114.0462 -1142.4364 -1134.9499
-1114.0462 -1142.4364 -1134.0215
-1114.0462 -1142.4364 -1133.0575
-1114.0462 -1142.4364 -1132.0208
-1114.0462 -1142.0033 -1130.1037
-1111.9207 -1140.6151 -1128.4662
-1111.9207 -1139.5543 -1127.3132
-1111.9207 -1135.7239 -1125.1741
-1111.9207 -1135.6841 -1123.9070
-1111.9207 -1133.8256 -1123.2126
-1111.9207 -1133.5984 -1122.6333
-1111.9207 -1133.5984 -1122.1442
-1089.3647 -1131.4340 -1120.2629
-1089.3647 -1129.8422 -1118.5681
-1089.3647 -1128.4593 -1117.3751
-1089.3647 -1127.1449 -1116.4436
-1089.3647 -1126.1763 -1115.4818
-1089.3647 -1126.0764 -1114.6151
-1089.3647 -1125.9081 -1112.9968
-1089.3647 -1123.2338 -1110.9206
-1089.3647 -1119.1040 -1109.1394
-1089.3647 -1119.0951 -1107.6673
-1089.3647 -1119.0951 -1106.5712
-1089.3647 -1115.0412 -1104.8977
-1089.3647 -1114.0462 -1102.3730
-1079.5796 -1113.5240 -1100.2893
-1079.5796 -1111.9207 -1099.1938
-1079.5796 -1111.9207 -1097.0896
-1079.5796 -1108.6560 -1094.3980
-1079.5796 -1106.7531 -1093.1236
-1079.5796 -1104.8232 -1091.7008
-1079.5796 -1102.9601 -1090.6679
-1079.5796 -1100.0754 -1089.5084
-1079.5796 -1096.8620 -1088.8461
-1079.5796 -1095.7418 -1087.9066
-1072.9962 -1092.8814 -1086.2461
-1072.9962 -1092.2086 -1085.7861
-1072.2336 -1092.0487 -1084.8620
-1072.2336 -1091.0366 -1084.4657
-1072.2336 -1089.4777 -1083.8607
-1072.2336 -1089.3647 -1082.6655
-1072.2336 -1089.3647 -1082.0479
-1071.2795 -1089.3647 -1080.7872
-1071.2795 -1089.3647 -1080.0513
-1071.2795 -1088.0304 -1078.8964
-1071.2795 -1085.5881 -1077.9900
-1071.2795 -1085.2861 -1077.5860
-1071.2795 -1084.7194 -1077.1946
-1071.2795 -1083.1836 -1076.5812
-1071.2795 -1081.2497 -1075.9035
-1063.9152 -1079.5796 -1075.3577
-1063.9152 -1079.5796 -1075.0444
-1063.9152 -1079.5796 -1074.7276
-1063.9152 -1079.5796 -1074.4143
-1063.9152 -1079.5796 -1074.1010
-1063.9152 -1079.5796 -1073.7878
-1063.9152 -1079.5796 -1073.3275
-1059.9536 -1079.5796 -1072.1891
-1059.9536 -1079.5796 -1071.6081
-1059.9536 -1079.5796 -1071.2155
-1059.9536 -1079.4045 -1070.8230
-1059.9536 -1076.6976 -1070.2420
-1059.9536 -1076.1675 -1069.7740
-1059.9536 -1075.6155 -1069.3130
-1059.9536 -1075.0691 -1068.8243
-1059.9536 -1073.0976 -1068.3711
-1059.9536 -1072.9962 -1067.7103
-1059.9536 -1072.2336 -1067.2501
-1059.9536 -1072.2336 -1066.9815
-1059.9536 -1072.2336 -1066.5505
-1059.9536 -1072.2336 -1066.0821
-1059.9536 -1071.3485 -1065.3138
-1059.9536 -1071.2795 -1065.0859
-1059.9536 -1071.2795 -1064.4888
-1059.9536 -1071.2795 -1064.2623
-1047.5467 -1071.2307 -1062.7876
-1047.5467 -1069.5794 -1061.9150
-1047.5467 -1069.4144 -1061.4722
-1047.5467 -1066.9348 -1060.2065
-1047.5467 -1064.5070 -1059.6230
-1046.5701 -1063.9152 -1058.4612
-1046.5701 -1063.9152 -1058.0351
-1046.5701 -1063.9152 -1057.5681
-1046.5701 -1063.9152 -1057.1420
-1046.5701 -1063.0226 -1056.6055
-1046.5701 -1060.5724 -1055.9681
-1046.5701 -1059.9536 -1055.5996
-1046.5701 -1059.9536 -1055.3319
-1046.5701 -1059.9536 -1054.8758
-1046.5701 -1059.9536 -1054.4250
-1046.5701 -1059.9536 -1053.9033
-1043.3632 -1059.9536 -1053.2195
-1043.3632 -1059.9536 -1052.1793
-1043.3632 -1059.9536 -1051.0032
-1043.3632 -1059.4407 -1050.0372
-1043.3632 -1057.2271 -1049.4285
-1043.3632 -1056.7018 -1048.9789
-1043.3632 -1056.3635 -1048.4901
-1043.0807 -1055.1935 -1047.4767
-1043.0807 -1054.3836 -1046.8679
-1043.0807 -1049.9799 -1046.3176
-1043.0807 -1048.8607 -1045.8642
-1041.6420 -1047.5467 -1045.5993
-1041.6420 -1047.5467 -1045.4812
-1041.6420 -1047.5467 -1045.3240
-1041.6420 -1047.5467 -1045.2059
-1041.6420 -1047.5467 -1044.9699
-1040.1796 -1046.5701 -1044.4697
-1038.3293 -1046.5701 -1044.1073
-1038.3293 -1046.5701 -1043.7731
-1038.3293 -1046.5701 -1043.5991
-1033.2966 -1046.5701 -1042.8500
-1033.2966 -1046.5701 -1042.5162
-1033.2966 -1046.5701 -1041.8948
-1033.2966 -1044.8534 -1041.3374
-1033.2966 -1043.6690 -1040.8888
-1033.2966 -1043.3632 -1040.5394
-1032.8879 -1043.3632 -1040.1225
-1022.9336 -1043.1895 -1039.1058
-1022.9336 -1043.0924 -1038.6701
-1022.9336 -1043.0807 -1038.0632
-1022.9336 -1043.0807 -1037.6265
-1022.9336 -1043.0807 -1036.7727
-1015.9876 -1042.4443 -1035.7996
-1015.9876 -1041.6420 -1034.6881
-1015.9876 -1041.6420 -1033.1683
-1015.9876 -1041.3964 -1031.8942
-1015.9876 -1040.6836 -1031.1834
-1015.9876 -1040.1796 -1030.2723
-1015.9876 -1038.6339 -1028.8680
-1015.9876 -1038.3293 -1027.2474
-1013.3988 -1035.9429 -1025.7814
-1013.3988 -1035.7378 -1025.3305
-1013.3988 -1034.4948 -1024.2737
-1013.3988 -1033.2966 -1023.2315
-1013.3988 -1033.2966 -1022.6128
-1013.3988 -1032.9042 -1021.5466
-1013.3988 -1032.1858 -1020.3122
-1013.3988 -1031.2570 -1019.4194
-1013.3988 -1028.2708 -1018.2841
-1013.3988 -1024.3888 -1017.8011
-1013.3988 -1022.9336 -1017.1431
-1010.8664 -1022.9336 -1016.4067
-1010.8664 -1022.8264 -1015.6835
-1010.8664 -1020.5829 -1015.3085
-1010.8664 -1020.0325 -1014.9937
-1010.8664 -1018.4266 -1014.7098
-1007.9653 -1017.2000 -1014.1092
-1007.9653 -1015.9876 -1013.8091
-1007.9653 -1015.9876 -1013.5462
-1007.9653 -1015.9876 -1013.3340
-1007.9653 -1015.9876 -1013.1735
-1007.9653 -1015.9876 -1012.9613
-1007.9653 -1015.9876 -1012.7702
-1007.9653 -1015.9876 -1012.5569
-1007.9653 -1015.9876 -1012.2423
-1007.9653 -1015.9876 -1011.9794
-1007.9653 -1015.3307 -1011.6853
-1007.9653 -1014.4544 -1011.4704
-1007.9653 -1013.3988 -1011.3406
-1001.5441 -1013.3988 -1010.7307
-1001.5441 -1013.3988 -1010.4429
-1001.5441 -1013.3988 -1009.6412
-1001.5441 -1013.3988 -1009.1480
-1001.5441 -1011.7464 -1008.2885
-1001.5441 -1011.3909 -1007.7981
-1001.3614 -1010.8664 -1007.4064
-1001.3614 -1010.8664 -1007.1874
-1001.3614 -1010.8664 -1006.7151
-1001.3614 -1010.8664 -1006.4670
-1001.3614 -1010.8664 -1006.1906
-1001.3614 -1010.8664 -1005.6717
-1001.3614 -1009.5222 -1005.2555
-1001.3614 -1008.8660 -1005.0102
-991.3637 -1007.9653 -1004.4232
-991.3637 -1007.9653 -1003.9294
-981.9369 -1007.9653 -1002.9447
-981.9369 -1007.9653 -1002.4242
-981.9369 -1007.9653 -1001.7061
-981.9369 -1007.9653 -1001.0881
-981.9369 -1007.9653 -1000.5675
-981.9369 -1007.9653 -999.9166
-981.9369 -1007.4984 -999.1548
-981.9369 -1006.6465 -998.2358
-981.9369 -1005.0367 -997.3576
-981.9369 -1004.2257 -996.7088
-981.9369 -1003.3048 -996.1777
-981.9369 -1002.7202 -995.7285
-981.9369 -1002.7202 -995.1438
-981.9369 -1001.5441 -994.3638
-979.8660 -1001.5441 -993.3602
-979.8660 -1001.5441 -992.7089
-979.8660 -1001.5441 -991.7920
-979.8660 -1001.3614 -990.5139
-979.8660 -1001.3614 -989.6098
-979.8660 -1001.3614 -988.7604
-979.8660 -999.7840 -987.7110
-979.8660 -997.9142 -986.6304
-979.8660 -996.9695 -985.9671
-976.9906 -994.2682 -984.9000
-976.9906 -991.3637 -983.9857
-976.9906 -991.3637 -983.5220
-976.9906 -991.3637 -983.2346
-976.9906 -991.2278 -982.7782
-976.9906 -988.2276 -981.9675
-975.9372 -985.1085 -980.7718
-975.9372 -983.4844 -980.3256
-975.9372 -983.3460 -980.1747
-975.9372 -981.9369 -979.9351
-975.9372 -981.9369 -979.8151
-975.9372 -981.9369 -979.6537
-975.9372 -981.9369 -979.5337
-975.9372 -981.9369 -979.2938
-975.9372 -981.9369 -979.0386
-975.9372 -981.9369 -978.9186
-975.9372 -981.9369 -978.5997
-975.9372 -981.9369 -978.3597
-975.9372 -981.9369 -978.1929
-975.9372 -980.2330 -977.9345
-975.9372 -979.8660 -977.8486
-973.8530 -979.8660 -977.5753
-973.8530 -979.8660 -977.3268
-973.8530 -979.8660 -977.2066
-973.8530 -979.8660 -977.0863
-973.8530 -979.8660 -976.6543
-973.8530 -979.8660 -976.4222
-973.8530 -979.8660 -976.1031
-973.8530 -979.5945 -975.9413
-973.8530 -979.0089 -975.7215
-973.8530 -977.1497 -975.5891
-973.8530 -976.9906 -975.5021
-973.8530 -976.9906 -975.3281
-973.8530 -976.9906 -975.1183
-973.8530 -976.5985 -975.0002
-973.8530 -975.9372 -974.8150
-973.8530 -975.9372 -974.7733
-973.8530 -975.9372 -974.7285
-973.8530 -975.9372 -974.6868
-973.8530 -975.9372 -974.6316
-973.8530 -975.9372 -974.5482
-973.8530 -975.9372 -974.5066
-973.8530 -975.9372 -974.4232
-973.8530 -975.9372 -974.3815
-973.8530 -975.9372 -974.3124
-972.1565 -975.9372 -974.1951
-972.1565 -975.9372 -974.0022
-972.1565 -975.9372 -973.9266
-972.1565 -974.5681 -973.7610
-972.1565 -974.2205 -973.6718
-970.2232 -974.2205 -973.4995
-970.2232 -974.2205 -973.4196
-970.2232 -974.2205 -973.3396
-970.2232 -973.8530 -973.2597
-970.2232 -973.8530 -973.1871
-970.2232 -973.8530 -973.1145
-970.2232 -973.8530 -973.0102
-970.2232 -973.8530 -972.8580
-957.2515 -973.8530 -972.4534
-957.2515 -973.8530 -972.0874
-957.2515 -973.8530 -971.7554
-957.2515 -973.8530 -971.4234
-957.2515 -973.8530 -970.7593
-957.2515 -973.8530 -970.3933
-957.2515 -973.8530 -969.6567
-957.2515 -973.8530 -969.2907
-957.2515 -973.8530 -968.5366
-957.2515 -973.8530 -968.0096
-957.2515 -973.8530 -967.6536
-957.2515 -973.7331 -967.1465
-957.2515 -972.2695 -966.6773
-957.2515 -972.1565 -966.1576
-957.2515 -972.1565 -965.6271
-957.2515 -972.1565 -965.3290
-954.3694 -972.1565 -964.4229
-954.3694 -972.1565 -963.7690
-954.3694 -972.1565 -962.8239
-954.3694 -971.5695 -961.9772
-954.3694 -970.2232 -961.3984
-954.3694 -970.2232 -960.4719
-950.3213 -970.2232 -959.2418
-950.3213 -968.5147 -957.5796
-950.3213 -961.4634 -956.5901
-950.3213 -960.4230 -955.9645
-950.3213 -960.0552 -955.6450
-950.3213 -959.5421 -955.4504
-950.3213 -957.2515 -955.1734
-950.3213 -957.2515 -954.8962
-950.3213 -957.2515 -954.7402
-950.3213 -957.2515 -954.4274
-950.3213 -957.2515 -954.2311
-938.0433 -957.2515 -953.4815
-938.0433 -957.2515 -952.8003
-938.0433 -957.2515 -952.3491
-938.0433 -957.2515 -951.9151
-938.0433 -956.9831 -951.2907
-938.0433 -955.8528 -950.8428
-938.0433 -954.9952 -950.2008
-938.0433 -954.3694 -949.1991
-938.0433 -954.3694 -948.7100
-938.0433 -954.3694 -948.0570
-938.0433 -954.3694 -947.6151
-938.0433 -952.9253 -946.9786
-938.0433 -952.8392 -946.6323
-938.0433 -951.5337 -945.7096
-938.0433 -950.4343 -945.3322
-938.0433 -950.3213 -944.9782
-935.1612 -950.3213 -944.4294
-935.1612 -950.3213 -943.8316
-935.1612 -950.3213 -943.2216
-935.1612 -950.3213 -942.6729
-935.1612 -950.3213 -942.0471
-935.1612 -950.3213 -941.4602
-935.1612 -950.3213 -940.6814
-935.1612 -949.3284 -939.6417
-935.1612 -947.2598 -938.7411
-935.1612 -945.0121 -938.0907
-935.1612 -944.3298 -937.5725
-935.1612 -941.2397 -937.3148
-935.1612 -941.0117 -937.1887
-933.6760 -938.4227 -936.8806
-933.3482 -938.0433 -936.6917
-933.3482 -938.0433 -936.5402
-933.3482 -938.0433 -936.3886
-933.3482 -938.0433 -936.2197
-933.3482 -938.0433 -936.1258
-930.4661 -938.0433 -935.8423
-930.4661 -938.0433 -935.6908
-930.4661 -938.0433 -935.2664
-930.4661 -938.0433 -934.9395
-930.4661 -938.0433 -934.7879
-930.4661 -938.0433 -934.5352
-930.2446 -936.7786 -934.1453
-930.2446 -936.3467 -933.8959
-930.2446 -935.8789 -933.5371
-930.2446 -935.1836 -933.2230
-930.2446 -935.1612 -933.0945
-930.2446 -935.1612 -932.9819
-925.8370 -935.1612 -932.4605
-925.8370 -935.1612 -932.2740
-925.8370 -935.1612 -931.8396
-925.8370 -935.1612 -931.4425
-925.8370 -934.4490 -931.1668
-925.8370 -934.2190 -930.9946
-925.8370 -933.6760 -930.7325
-925.8370 -933.6760 -930.4530
-925.8370 -933.6760 -930.2240
-925.8370 -933.3482 -929.9144
-925.8370 -933.3482 -929.7322
-925.8370 -933.3482 -929.5468
-925.8370 -933.3062 -929.2279
-925.8370 -932.4845 -928.9299
-925.8370 -932.1563 -928.6938
-925.8370 -931.6333 -928.1792
-925.8370 -930.7332 -928.0632
-925.8370 -930.7332 -927.9653
-925.8370 -930.4661 -927.8398
-923.1106 -930.4661 -927.5957
-923.1106 -930.4661 -927.3479
-923.1106 -930.2446 -927.1221
-923.1106 -930.2446 -926.8913
-923.1106 -930.2446 -926.5562
-917.8799 -930.0622 -925.8130
-917.8799 -930.0622 -925.4848
-917.8799 -929.4410 -925.2412
-917.8799 -928.3807 -924.8713
-917.8799 -926.3103 -924.4809
-917.8799 -925.8370 -924.3067
-917.8799 -925.8370 -924.1475
-917.8799 -925.8370 -923.9884
-917.8799 -925.8370 -923.8293
-917.8799 -925.8370 -923.6701
-917.8799 -925.8370 -923.3106
-917.8799 -925.8370 -923.1515
-917.8799 -925.8370 -922.9318
-917.8799 -925.8370 -922.5590
-917.8799 -925.8370 -922.3999
-917.8799 -925.8370 -922.2073
-917.8799 -925.8370 -922.0482
-917.8799 -925.8370 -921.8890
-917.8799 -925.8370 -921.7250
-917.8799 -925.8370 -921.5324
-917.8799 -925.8370 -921.2534
-917.8799 -925.8370 -921.0077
-917.8799 -925.8370 -920.8073
-917.8799 -924.5959 -920.2130
-917.8799 -924.0193 -919.9117
-917.8799 -923.1106 -919.5813
-917.8799 -923.1106 -919.4767
-912.1175 -923.1106 -919.1522
-912.1175 -923.1106 -918.8513
-912.1175 -923.1106 -918.6315
-912.1175 -923.1106 -918.4116
-912.1175 -923.1106 -918.1917
-912.1175 -923.1106 -917.8375
-912.1175 -921.0514 -917.3419
-912.1175 -919.0597 -916.9795
-912.1175 -919.0597 -916.8407
-912.1175 -918.5475 -916.6862
-912.1175 -917.8799 -916.5576
-912.1175 -917.8799 -916.4424
-912.1175 -917.8799 -916.3271
-912.1175 -917.8799 -916.2119
-907.9062 -917.8799 -915.8972
-907.9062 -917.8799 -915.6977
-907.9062 -917.8799 -915.4758
-907.9062 -917.8799 -915.2763
-907.9062 -917.8799 -915.0237
-907.9062 -917.8799 -914.3670
-907.9062 -917.8799 -914.1676
-907.9062 -917.8799 -913.7376
-907.9062 -917.8799 -913.4041
-907.9062 -917.8799 -912.9264
-907.9062 -917.8799 -912.4653
-907.9062 -917.8799 -912.1165
-907.9062 -917.8799 -911.7844
-907.9062 -916.7564 -911.4325
-907.9062 -916.5387 -911.2555
-907.1188 -915.7544 -910.7716
-907.1188 -915.1535 -910.4613
-907.1188 -914.0127 -910.1734
-907.1188 -913.6528 -910.0355
-907.1188 -912.1175 -909.7001
-907.1188 -912.1175 -909.6002
-907.1188 -912.1175 -909.4210
-907.1188 -912.1175 -909.2763
-907.1188 -912.1175 -908.9635
-907.1188 -912.1175 -908.8103
-907.1188 -912.1175 -908.6492
-907.1188 -912.1175 -908.5045
-906.6255 -910.8343 -908.2612
-906.6255 -910.5102 -908.1726
-906.6255 -909.9246 -908.0341
-906.6255 -909.8790 -907.9282
-906.6255 -909.8790 -907.8237
-906.6255 -909.8790 -907.7587
-903.8991 -909.4571 -907.5268
-903.8991 -909.0622 -907.3689
-903.8991 -908.3404 -907.2501
-903.8991 -907.9062 -907.1316
-898.1367 -907.9062 -906.8304
-898.1367 -907.9062 -906.5789
-898.1367 -907.9062 -906.3835
-898.1367 -907.9062 -906.1724
-898.1367 -907.9062 -905.7037
-898.1367 -907.9062 -905.4081
-898.1367 -907.9062 -905.0574
-898.1367 -907.1188 -904.7714
-898.1367 -907.1188 -904.4741
-898.1367 -907.1188 -903.9761
-898.1367 -907.1188 -903.6566
-898.1367 -907.1188 -903.2938
-898.1367 -907.1188 -903.0486
-898.1367 -906.6759 -902.8591
-898.1367 -906.6759 -902.5176
-898.1367 -906.6255 -902.2911
-898.1367 -906.6255 -902.1036
-898.1367 -906.6255 -901.7641
-898.1367 -906.6255 -901.5943
-898.1367 -906.6255 -901.4245
-898.1367 -906.6255 -900.9644
-898.1367 -906.2573 -900.5736
-897.8705 -904.3766 -900.2212
-897.8705 -904.2404 -899.8586
-897.8705 -903.8991 -899.4386
-897.8705 -903.8991 -899.1383
-897.8705 -903.8412 -898.8516
-897.8705 -903.3234 -898.6713
-897.8705 -901.2387 -898.5002
-897.7682 -900.7954 -898.3009
-897.7682 -900.3265 -898.1326
-897.7682 -898.9934 -898.0814
-897.7682 -898.1367 -898.0569
-896.4200 -898.1367 -898.0152
-896.4200 -898.1367 -897.9809
-896.4200 -898.1367 -897.9465
-896.4200 -898.1367 -897.8652
-896.4200 -898.1367 -897.8077
-896.4200 -898.1367 -897.7734
-896.4200 -898.1367 -897.7184
-896.4200 -898.1367 -897.6713
-896.4200 -898.1367 -897.6027
-894.7017 -898.1367 -897.4923
-894.7017 -898.1367 -897.4236
-894.7017 -898.1367 -897.3549
-894.7017 -898.1367 -897.2255
-894.7017 -898.1367 -897.1224
-891.1191 -898.1367 -896.9134
-891.1191 -898.0167 -896.6379
-891.1191 -897.8705 -896.4026
-891.1191 -897.8705 -896.2297
-891.1191 -897.8705 -896.0623
-891.1191 -897.8705 -895.9252
-891.1191 -897.8705 -895.7901
-891.1191 -897.7682 -895.4952
-891.1191 -897.7682 -895.2013
-891.1191 -897.7682 -894.9974
-891.1191 -897.7682 -894.7649
-891.1191 -897.7682 -894.6319
-891.1191 -897.7007 -894.3659
-891.1191 -897.1014 -894.2142
-891.1191 -896.4200 -893.9749
-891.1191 -896.4200 -893.8688
-891.1191 -896.4200 -893.6568
-891.1191 -896.4200 -893.5033
-891.1191 -896.4200 -893.3629
-891.1191 -896.4200 -893.1509
-891.1191 -896.4200 -892.9388
-891.1191 -896.4200 -892.7268
-891.1191 -896.4200 -892.5148
-891.1191 -896.4200 -892.2667
-891.1191 -895.8381 -892.1607
-891.1191 -894.7017 -892.0524
-891.1191 -894.7017 -891.9091
-891.1191 -894.7017 -891.7658
-891.1191 -894.6166 -891.5241
-891.1191 -894.2243 -891.4542
-891.1191 -894.0450 -891.3921
-891.1191 -893.3635 -891.2308
-891.1191 -892.7901 -891.1859
-891.1191 -892.7901 -891.1525
-891.1191 -891.1191 -891.1191
-891.1191 -891.1191 -891.1191
-891.1191 -891.1191 -891.1191
-885.0905 -891.1191 -890.9985
-885.0905 -891.1191 -890.8780
-885.0905 -891.1191 -890.7149
-885.0905 -891.1191 -890.5411
-885.0905 -891.1191 -890.3934
-885.0905 -891.1191 -890.2728
-885.0905 -891.1191 -890.1522
-885.0905 -891.1191 -890.0316
-885.0905 -891.1191 -889.9111
-885.0905 -891.1191 -889.7905
-885.0905 -891.1191 -889.5494
-885.0905 -891.1191 -889.3167
-885.0905 -891.1191 -889.1962
-882.1477 -891.1191 -888.7703
-882.1477 -891.1191 -888.5855
-882.1477 -891.1191 -888.1649
-882.1477 -891.1191 -887.9323
-874.6401 -891.1191 -887.1537
-874.6401 -891.1191 -886.8241
-874.6401 -891.1191 -886.1649
-874.6401 -891.1191 -885.6527
-874.6401 -891.1191 -885.1423
-874.6401 -891.1191 -884.6333
-874.6401 -891.1191 -884.3037
-874.6401 -891.1191 -883.9741
-874.6401 -890.8529 -883.3083
-874.6401 -889.4875 -882.3797
-874.6401 -888.1763 -881.8491
-874.6401 -887.5204 -881.5167
-874.6401 -885.1633 -881.2105
-874.6401 -885.0905 -880.6895
-874.6401 -885.0905 -880.4805
-873.1549 -885.0905 -879.9982
-873.1549 -885.0905 -879.6387
-873.1549 -885.0905 -879.1910
-872.0185 -885.0905 -878.0081
-872.0185 -884.9705 -877.5418
-872.0185 -883.6674 -877.1529
-872.0185 -883.4284 -876.7947
-872.0185 -882.7648 -876.5096
-872.0185 -882.1477 -875.8987
-872.0185 -881.9869 -875.2224
-872.0185 -881.8299 -874.9996
-872.0185 -880.6580 -874.7014
-872.0185 -877.4799 -874.2894
-872.0185 -877.4054 -874.1802
-872.0185 -877.1725 -874.0725
-867.4554 -876.0538 -873.7138
-867.4554 -874.6401 -873.4268
-867.4554 -874.6401 -873.2534
-867.4554 -874.6401 -873.1097
-867.4554 -874.6401 -872.8612
-863.5194 -874.6401 -872.4431
-863.5194 -874.6401 -871.8794
-863.5194 -874.6401 -871.4270
-863.5194 -874.6401 -871.1522
-863.5194 -874.6401 -870.6549
-863.5194 -873.9586 -870.3376
-863.5194 -873.7352 -870.1288
-863.5194 -873.7352 -869.9245
-863.5194 -873.1549 -869.5214
-863.5194 -873.1549 -869.3286
-863.5194 -873.1549 -869.1250
-863.5194 -873.1549 -868.8183
-863.3995 -872.1023 -868.3274
-863.3995 -872.0185 -868.0689
-863.3995 -872.0185 -867.8966
-863.3995 -872.0185 -867.7242
-863.3995 -872.0185 -867.3538
-863.3995 -872.0185 -866.9959
-863.3995 -872.0185 -866.5622
-863.3995 -872.0185 -866.3899
-863.3995 -872.0185 -865.8584
-863.3995 -872.0185 -865.6860
-863.3995 -872.0185 -865.5136
-862.1183 -871.3604 -865.1266
-862.1183 -871.1862 -864.9418
-862.1183 -868.6387 -864.6501
-862.1183 -867.4554 -864.3353
-862.1183 -867.4554 -864.0687
-858.4930 -867.4554 -863.7827
-858.4930 -867.4554 -863.6034
-858.4930 -866.6814 -863.2176
-858.4930 -866.4475 -863.0538
-858.4930 -865.9432 -862.8947
-858.4930 -865.1162 -862.7457
-858.4930 -863.7213 -862.6132
-858.4930 -863.5194 -862.4884
-858.4930 -863.5194 -862.2939
-858.4930 -863.5194 -862.1934
-858.4930 -863.5194 -862.0928
-858.4930 -863.5194 -861.9923
-858.4930 -863.5194 -861.8918
-858.4930 -863.5194 -861.7816
-858.4930 -863.5194 -861.6618
-857.5368 -863.5194 -861.4417
-857.5368 -863.5194 -861.3220
-857.5368 -863.5194 -861.1083
-857.5368 -863.3995 -860.7415
-857.5368 -863.3995 -860.6029
-857.5368 -863.3995 -860.4420
-857.5368 -863.3995 -860.2266
-857.5368 -863.3995 -860.1094
-855.2337 -863.3995 -859.7813
-855.2337 -863.3995 -859.6180
-855.2337 -863.3995 -859.4291
-855.2337 -862.5558 -858.9231
-848.8576 -862.1183 -858.4269
-848.8576 -862.1183 -858.0555
-848.8576 -862.1183 -857.7902
-848.8576 -861.0255 -857.3093
-848.8576 -860.1401 -857.0330
-848.8576 -859.6289 -856.7762
-848.8576 -859.2964 -856.5608
-848.8576 -858.8180 -856.3243
-848.8576 -858.4930 -855.9328
-848.8576 -858.4930 -855.7401
-848.8576 -858.4930 -855.3336
-848.8576 -858.4930 -855.1218
-848.8576 -858.4930 -854.7173
-848.8576 -858.4930 -854.5246
-848.8576 -858.4930 -854.3318
-846.1015 -858.4930 -853.4407
-846.1015 -858.4930 -853.1229
-846.1015 -858.4930 -852.6630
-846.1015 -857.5368 -852.2341
-846.1015 -857.5368 -851.9398
-846.1015 -857.5368 -851.5645
-846.1015 -857.5368 -851.2869
-846.1015 -857.5263 -850.7063
-846.1015 -857.4404 -850.4778
-846.1015 -856.6785 -850.1343
-846.1015 -855.9483 -849.7521
-846.1015 -855.2337 -849.5551
-846.1015 -855.2337 -849.3725
-846.1015 -855.2337 -848.8548
-846.1015 -855.2337 -848.6405
-846.1015 -853.6506 -848.2649
-846.1015 -852.0972 -847.9160
-846.1015 -851.9970 -847.7961
-846.1015 -849.2051 -847.5523
-846.1015 -848.8576 -847.4119
-846.1015 -848.8576 -847.2465
-845.2814 -848.8576 -847.1199
-845.2814 -848.8576 -846.9932
-845.2814 -848.8576 -846.9217
-845.2814 -848.8576 -846.8502
-845.2814 -848.8576 -846.7756
-845.2814 -848.8576 -846.7041
-841.9756 -848.8576 -846.4949
-841.9756 -848.8576 -846.2857
-841.9756 -848.8576 -846.0010
-841.9756 -848.7054 -845.8603
-841.9756 -848.3850 -845.5221
-841.9756 -848.0357 -845.3939
-841.9756 -846.1015 -845.2276
-841.9756 -846.1015 -845.1451
-841.9756 -846.1015 -845.0626
-841.9756 -846.1015 -844.9800
-841.9756 -846.1015 -844.8975
-841.9756 -846.1015 -844.8126
-841.9756 -846.1015 -844.7301
-841.9756 -846.1015 -844.6476
-841.9756 -846.1015 -844.4661
-841.9756 -846.1015 -844.3535
-841.9756 -846.1015 -844.2710
-841.9756 -846.1015 -844.1717
-841.9756 -846.1015 -844.0892
-841.9756 -846.1015 -843.9241
-841.9756 -846.1015 -843.7427
-841.9756 -846.1015 -843.5777
-841.9756 -846.1015 -843.4126
-841.9756 -846.1015 -843.2109
-841.9756 -846.1015 -843.1284
-841.9756 -845.9815 -842.9469
-838.1198 -845.2814 -842.6575
-838.1198 -845.2814 -842.5142
-838.1198 -845.2814 -842.3049
-838.1198 -845.2814 -842.0294
-838.1198 -845.2814 -841.8201
-838.1198 -844.5972 -841.6111
-838.1198 -841.9756 -841.4358
-838.1198 -841.9756 -841.3587
-838.1198 -841.9756 -841.2044
-838.1198 -841.9756 -841.1273
-838.1198 -841.9756 -841.0502
-838.1198 -841.9756 -840.9731
-838.1198 -841.9756 -840.8960
-838.1198 -841.9756 -840.8189
-838.1198 -841.9756 -840.7418
-838.1198 -841.9756 -840.6646
-838.1198 -841.9756 -840.5875
-838.1198 -841.9756 -840.4954
-838.1198 -841.9756 -840.4182
-838.1198 -841.9756 -840.3411
-838.1198 -841.9756 -840.1869
-838.1198 -841.9756 -839.9895
-838.1198 -841.9756 -839.7596
-838.1198 -841.9756 -839.6825
-838.1198 -841.9756 -839.4411
-838.1198 -841.9756 -839.2098
-838.1198 -841.9756 -839.0442
-838.1198 -841.9756 -838.8899
-838.1198 -841.9756 -838.7357
-838.1198 -841.9756 -838.6586
-838.1198 -841.9756 -838.5044
-838.1198 -841.4054 -838.3451
-838.1198 -840.5758 -838.2044
-838.1198 -839.8175 -838.1553
-834.3372 -838.1198 -838.0442
-834.3372 -838.1198 -837.9685
-834.3372 -838.1198 -837.8929
-834.3372 -838.1198 -837.8172
-834.3372 -838.1198 -837.7416
-834.3372 -838.1198 -837.6468
-834.3372 -838.1198 -837.4955
-834.3372 -838.1198 -837.4199
-834.3372 -838.1198 -837.3251
-834.3372 -838.1198 -837.2304
-834.3372 -838.1198 -837.1547
-834.3372 -838.1198 -837.0791
-834.3372 -838.1198 -836.9278
-834.3372 -838.1198 -836.8521
-834.3372 -838.1198 -836.7765
-834.3372 -838.1198 -836.7008
-834.3372 -838.1198 -836.5495
-834.3372 -838.1198 -836.4738
-834.3372 -838.1198 -836.3982
-831.7731 -838.1198 -836.1082
-831.7731 -838.1198 -835.9813
-831.7731 -838.1198 -835.5400
-831.7731 -838.1198 -835.4130
-831.7731 -838.1198 -835.1348
-831.7731 -838.1198 -834.8822
-831.7731 -838.1198 -834.7552
-831.7731 -838.1198 -834.4823
-831.7731 -838.1198 -834.2040
-831.7731 -838.1198 -834.0771
-831.7731 -837.1653 -833.9502
-831.7731 -837.1653 -833.6662
-831.7731 -835.6178 -833.5583
-831.7731 -834.3372 -833.4814
-831.7731 -834.3372 -833.4302
-831.7731 -834.3372 -833.3276
-830.3344 -834.3372 -833.1622
-830.3344 -834.3372 -833.0821
-830.3344 -834.3372 -833.0021
-830.3344 -834.3372 -832.8707
-830.3344 -834.3372 -832.7907
-830.3344 -834.3372 -832.6593
-830.3344 -834.3372 -832.5793
-830.3344 -834.3372 -832.4992
-830.3344 -834.3372 -832.3391
-830.3344 -834.3372 -832.2591
-827.9904 -834.3372 -832.0521
-827.9904 -834.3372 -831.9251
-827.9904 -834.3372 -831.6957
-827.9904 -834.3372 -831.5687
-827.9904 -834.3372 -831.3905
-827.9904 -833.7502 -831.0809
-827.9904 -831.7731 -830.8504
-827.9904 -831.7731 -830.6991
-827.9904 -831.7731 -830.5478
-827.9904 -831.7731 -830.3677
-827.9904 -831.7731 -830.2164
-827.9904 -831.7731 -830.1407
-827.9904 -831.7731 -830.0363
-827.9904 -831.7731 -829.9319
-827.9904 -831.7731 -829.8562
-827.9904 -831.7731 -829.7806
-827.9904 -831.7731 -829.6761
-827.9904 -831.7731 -829.4492
-827.9904 -831.7731 -829.2979
-827.9904 -831.7731 -829.1466
-827.9904 -831.7731 -828.9952
-827.9904 -831.7731 -828.9196
-827.9904 -830.3344 -828.7874
-827.9904 -830.3344 -828.6936
-827.9904 -830.3344 -828.5999
-827.9904 -830.3344 -828.5530
-827.9904 -830.3344 -828.4592
-827.9904 -830.3344 -828.4123
-827.9904 -830.3344 -828.3654
-827.9904 -830.3344 -828.2717
-827.9904 -830.3344 -828.1310
-827.9904 -827.9904 -827.9904
-826.8074 -827.9904 -827.9667
-826.8074 -827.9904 -827.9431
-826.8074 -827.9904 -827.9194
-826.8074 -827.9904 -827.8721
-826.8074 -827.9904 -827.8484
-826.8074 -827.9904 -827.8248
-826.8074 -827.9904 -827.8011
-826.8074 -827.9904 -827.7775
-826.8074 -827.9904 -827.7538
-826.8074 -827.9904 -827.7301
