-5029.9500 -5782.6898 -5507.5424
-5029.9500 -5548.4373 -5334.1441
-4972.5873 -5348.3132 -5202.7928
-4946.9828 -5226.4816 -5104.3769
-4941.6547 -5119.6359 -5050.9207
-4862.5201 -5071.1969 -5011.6552
-4815.3781 -5029.9500 -4970.9068
-4791.8915 -4991.0925 -4927.1432
-4791.8915 -4945.3959 -4892.1453
-4778.9805 -4911.1411 -4859.8321
-4721.7258 -4865.3073 -4829.1117
-4713.0115 -4838.1273 -4803.2800
-4667.3654 -4814.7277 -4777.3960
-4667.3654 -4787.9506 -4744.7875
-4612.3475 -4752.0805 -4717.8427
-4570.2129 -4725.9632 -4688.3468
-4503.8333 -4701.7256 -4655.2487
-4503.8333 -4676.5994 -4629.7364
-4503.1184 -4648.0346 -4597.0463
-4503.1184 -4606.1007 -4566.5718
-4477.4642 -4582.2977 -4539.9692
-4434.2600 -4545.5236 -4512.6517
-4373.0295 -4519.4521 -4490.1045
-4373.0295 -4504.3033 -4468.5312
-4373.0295 -4477.4642 -4433.9346
-4282.3997 -4443.6139 -4405.9793
-4282.3997 -4412.2931 -4372.4466
-4282.3997 -4381.5270 -4345.8948
-4269.2290 -4367.4434 -4323.2967
-4233.5251 -4330.1911 -4304.9593
-4219.0587 -4313.9925 -4288.1340
-4189.0366 -4300.9158 -4267.1270
-4100.6777 -4284.4047 -4247.9613
-4100.6777 -4264.5817 -4224.6852
-4074.1243 -4240.6982 -4202.1359
-4074.1243 -4219.0587 -4172.1506
-4070.5151 -4202.3542 -4146.9369
-4029.6680 -4167.7727 -4118.7349
-4029.6680 -4128.7004 -4093.1972
-3999.0667 -4100.6777 -4074.3806
-3986.5167 -4082.6966 -4057.5094
-3986.5167 -4070.7417 -4042.7039
-3920.2556 -4058.0863 -4020.1533
-3920.2556 -4029.6680 -3991.6415
-3920.2556 -4001.7457 -3974.1496
-3880.5410 -3985.5035 -3955.9033
-3880.5410 -3971.7750 -3940.4905
-3834.5118 -3952.4437 -3924.0602
-3834.5118 -3936.2977 -3903.4542
-3814.5178 -3919.3145 -3882.6734
-3789.4832 -3893.0555 -3866.5212
-3789.4832 -3880.5410 -3852.5601
-3782.8984 -3872.5306 -3838.5755
-3744.4782 -3856.5664 -3819.0062
-3731.9507 -3828.4756 -3797.5356
-3667.6997 -3812.4641 -3783.6776
-3667.6997 -3796.7274 -3766.3961
-3667.6997 -3783.4835 -3752.9749
-3667.6997 -3769.5192 -3739.2743
-3639.8234 -3754.9857 -3723.1773
-3639.8234 -3741.6156 -3705.5758
-3631.2474 -3727.1385 -3681.0048
-3571.2881 -3692.6847 -3661.5168
-3571.2881 -3671.6780 -3647.2713
-3539.8650 -3660.5649 -3626.3516
-3492.6621 -3643.2005 -3607.0922
-3473.3152 -3622.5473 -3583.8900
-3473.3152 -3610.8465 -3568.8229
-3473.3152 -3590.6039 -3548.2984
-3403.0654 -3571.2881 -3526.8280
-3402.1458 -3546.3584 -3504.3495
-3389.1580 -3524.0895 -3483.0892
-3389.1580 -3503.7368 -3466.6632
-3350.8017 -3486.2101 -3439.8149
-3322.5448 -3461.1552 -3416.5266
-3322.5448 -3433.2522 -3401.5032
-3322.5448 -3420.9977 -3389.8146
-3320.4465 -3403.0654 -3377.5871
-3308.7991 -3394.6384 -3363.0694
-3268.4948 -3382.8184 -3349.2579
-3268.4948 -3363.2569 -3334.0089
-3259.6881 -3349.4408 -3321.7114
-3234.0380 -3333.3625 -3311.6666
-3234.0380 -3322.9126 -3298.6073
-3234.0380 -3315.7543 -3287.8272
-3211.0063 -3304.0291 -3273.3259
-3211.0063 -3287.8573 -3254.6095
-3193.1759 -3268.4948 -3239.7148
-3192.7215 -3253.4193 -3229.3253
-3170.6341 -3238.5411 -3221.3730
-3170.6341 -3234.0380 -3213.0485
-3170.6341 -3226.4087 -3204.9593
-3152.0967 -3219.2628 -3195.7878
-3138.2132 -3207.3574 -3183.2805
-3092.2961 -3197.1349 -3172.9108
-3092.2961 -3182.5776 -3159.9631
-3092.2961 -3178.4767 -3153.0275
-3092.2961 -3168.8410 -3144.3779
-3092.2961 -3159.6942 -3132.6098
-3041.8126 -3147.1789 -3119.4839
-3041.8126 -3138.2132 -3110.7568
-3041.8126 -3118.3699 -3098.2771
-3041.8126 -3112.9283 -3091.1023
-3041.7123 -3098.9309 -3079.8149
-3010.6374 -3092.2961 -3071.5170
-3010.6374 -3090.1331 -3063.5498
-3005.7415 -3082.1722 -3053.7420
-3005.7415 -3066.8711 -3039.4287
-2964.0414 -3053.0348 -3028.6358
-2964.0414 -3041.7123 -3017.4335
-2964.0414 -3033.9119 -3010.6052
-2955.6705 -3022.7494 -3000.9072
-2953.5240 -3010.8546 -2992.2994
-2896.1611 -3005.7415 -2983.0944
-2896.1611 -2999.5779 -2973.4079
-2896.1611 -2992.2341 -2964.9620
-2814.5127 -2979.3827 -2949.3093
-2814.5127 -2966.9193 -2937.1637
-2814.5127 -2956.4385 -2922.2789
-2814.5127 -2949.3679 -2904.9607
-2813.4080 -2924.4401 -2883.9837
-2788.2711 -2904.5997 -2867.0457
-2783.0218 -2893.4569 -2854.9277
-2783.0218 -2880.5973 -2841.8878
-2781.3781 -2871.7532 -2826.1908
-2769.1758 -2849.0350 -2812.0288
-2749.7869 -2824.1902 -2800.0944
-2715.0131 -2814.5127 -2792.1106
-2715.0131 -2810.6847 -2784.3976
-2715.0131 -2795.5219 -2776.4456
-2715.0131 -2788.2711 -2771.1809
-2715.0131 -2785.6566 -2765.2938
-2715.0131 -2781.3781 -2759.4727
-2699.7770 -2772.7592 -2748.0039
-2690.9465 -2765.8126 -2737.0271
-2690.9465 -2756.3271 -2730.5235
-2643.7647 -2743.9152 -2718.0259
-2643.7647 -2736.4318 -2710.0061
-2643.7647 -2728.4788 -2706.0637
-2643.7647 -2719.3134 -2697.5046
-2641.8845 -2715.0131 -2688.9286
-2626.4576 -2710.5940 -2679.5429
-2614.7064 -2703.2335 -2668.8023
-2594.5817 -2691.9698 -2659.7966
-2594.5817 -2682.3189 -2650.6791
-2594.5817 -2666.0909 -2642.1307
-2594.5817 -2656.1435 -2635.4305
-2594.5817 -2650.8076 -2630.4150
-2588.5771 -2643.7647 -2623.6341
-2554.9279 -2640.3327 -2615.7328
-2554.9279 -2633.7019 -2607.3084
-2511.4018 -2621.8077 -2596.9865
-2511.4018 -2614.6067 -2588.6240
-2511.4018 -2602.7141 -2579.2887
-2511.4018 -2594.5817 -2571.6701
-2509.8530 -2588.8198 -2562.9349
-2496.6638 -2582.6905 -2551.5448
-2496.6638 -2575.8946 -2545.6717
-2496.6638 -2562.3803 -2536.1229
-2472.4289 -2556.2181 -2529.8657
-2472.4289 -2546.4709 -2521.1231
-2472.4289 -2542.2658 -2514.9822
-2435.0131 -2529.6320 -2507.5441
-2421.6750 -2520.6290 -2498.0904
-2421.6750 -2511.4018 -2486.5661
-2420.5784 -2504.9806 -2478.2437
-2420.5784 -2497.1490 -2472.9329
-2420.5784 -2496.6029 -2467.1795
-2406.9933 -2486.0904 -2456.9705
-2402.7852 -2473.7688 -2446.3402
-2402.7852 -2464.2387 -2436.3120
-2402.7852 -2452.2036 -2428.7474
-2370.8591 -2437.6274 -2419.2525
-2370.8591 -2430.2722 -2411.8251
-2370.8591 -2421.9267 -2406.0222
-2369.9997 -2418.9866 -2400.1365
-2369.9997 -2412.9250 -2396.5659
-2369.9997 -2409.3135 -2393.2217
-2364.3846 -2405.3352 -2387.0234
-2359.9257 -2402.7852 -2381.5331
-2343.3175 -2395.4138 -2376.1803
-2343.3175 -2387.2290 -2371.0130
-2343.3175 -2376.6984 -2367.2746
-2341.9569 -2373.8291 -2363.2057
-2333.4850 -2372.3692 -2360.9508
-2333.4850 -2370.8591 -2359.4371
-2329.7686 -2369.9764 -2355.4663
-2329.7686 -2366.3412 -2351.7851
-2290.1348 -2363.7550 -2346.7521
-2290.1348 -2359.4714 -2341.6619
-2290.1348 -2352.1895 -2335.3462
-2290.1348 -2347.7959 -2332.8807
-2290.1348 -2343.3750 -2328.7648
-2290.1348 -2341.0336 -2321.0883
-2288.1181 -2335.7134 -2316.0933
-2286.7259 -2329.7686 -2310.9942
-2276.5398 -2324.5306 -2304.3962
-2276.5398 -2316.6721 -2301.5510
-2276.5398 -2313.3162 -2297.6757
-2240.2867 -2308.9046 -2292.5625
-2240.2867 -2304.1554 -2288.4226
-2240.2867 -2299.6763 -2283.8631
-2240.2867 -2292.7775 -2279.2904
-2239.5623 -2290.1348 -2276.3919
-2239.5623 -2288.5199 -2271.7657
-2228.2901 -2282.2297 -2266.6668
-2228.2901 -2278.5089 -2262.3157
-2228.2901 -2276.3766 -2256.8688
-2228.2901 -2271.8939 -2252.7719
-2217.7558 -2266.4354 -2246.9383
-2217.7389 -2263.8952 -2242.4050
-2206.2667 -2252.9361 -2237.3346
-2196.3255 -2250.1853 -2231.9434
-2196.3255 -2245.8271 -2229.6122
-2196.3255 -2240.2867 -2225.3433
-2196.3255 -2239.5623 -2220.8985
-2185.7359 -2231.2226 -2217.4719
-2185.7359 -2229.0730 -2215.3723
-2151.9071 -2226.7426 -2209.8356
-2151.9071 -2222.1644 -2204.2646
-2151.9071 -2217.7389 -2199.8398
-2151.9071 -2214.9973 -2195.1126
-2151.9071 -2206.9080 -2188.7772
-2151.9071 -2203.4675 -2184.7239
-2140.7792 -2197.7772 -2179.6792
-2140.7792 -2195.0557 -2175.8049
-2140.7792 -2188.8069 -2170.1483
-2139.0624 -2185.7359 -2165.4188
-2138.0125 -2179.0601 -2159.6904
-2131.6308 -2171.2873 -2154.0355
-2103.1244 -2164.0080 -2147.9490
-2103.1244 -2155.7364 -2141.5461
-2103.1244 -2151.9071 -2138.5590
-2103.1244 -2151.7542 -2135.3194
-2098.4021 -2147.4239 -2131.1444
-2098.4021 -2141.6071 -2127.5955
-2098.4021 -2139.0624 -2124.9970
-2095.1149 -2136.2352 -2119.9887
-2095.1149 -2133.2318 -2116.6610
-2093.1512 -2130.3184 -2113.2620
-2081.9390 -2122.5402 -2108.0212
-2081.9390 -2118.8043 -2104.0483
-2080.6591 -2113.0390 -2100.5010
-2075.7073 -2109.8711 -2097.6173
-2075.7073 -2105.7418 -2094.0715
-2069.0795 -2103.1244 -2092.0494
-2069.0795 -2099.3386 -2088.8965
-2064.3890 -2097.3916 -2086.0891
-2064.3890 -2095.1149 -2083.3100
-2063.1227 -2091.9640 -2080.0540
-2024.7308 -2085.4393 -2075.1907
-2024.7308 -2085.1703 -2073.1083
-2024.7308 -2081.9390 -2068.9476
-2024.7308 -2079.9717 -2065.3060
-2024.7308 -2076.0639 -2061.3264
-2024.7308 -2074.1295 -2057.4157
-2024.0263 -2071.0548 -2054.3996
-2021.7135 -2069.0795 -2050.1917
-2021.7135 -2066.1398 -2047.9954
-1993.1989 -2063.1227 -2042.5661
-1993.1989 -2060.9535 -2038.3079
-1993.1989 -2056.0412 -2033.4268
-1993.1989 -2052.9446 -2030.1569
-1993.1989 -2043.0061 -2024.2077
-1993.1989 -2037.1165 -2021.2189
-1993.1989 -2034.2588 -2018.1978
-1993.1989 -2031.1657 -2015.4706
-1991.4821 -2026.6305 -2012.1482
-1991.4821 -2024.7308 -2011.0518
-1991.1730 -2022.4866 -2007.9685
-1980.4712 -2021.6230 -2004.8559
-1972.2346 -2019.6963 -2002.0312
-1972.2346 -2012.2454 -1997.2074
-1963.9694 -2008.6569 -1992.7682
-1944.3942 -2001.4457 -1988.5405
-1944.3942 -1994.6434 -1984.6651
-1944.3942 -1993.5772 -1983.1109
-1944.3942 -1993.1989 -1981.5883
-1943.2335 -1991.5613 -1978.7110
-1943.2335 -1990.5837 -1975.7277
-1937.6117 -1987.8609 -1969.5968
-1937.6117 -1984.4984 -1964.9818
-1927.9437 -1982.2246 -1960.1707
-1927.9437 -1978.7772 -1955.9466
-1927.9437 -1970.5066 -1951.3893
-1917.8697 -1963.9694 -1944.5551
-1917.8697 -1960.8893 -1942.0297
-1917.6389 -1948.5979 -1937.2867
-1917.6389 -1945.2641 -1935.6602
-1892.4232 -1944.3942 -1933.5873
-1892.4232 -1943.4937 -1930.9717
-1892.4232 -1943.2335 -1929.0505
-1892.4232 -1939.7212 -1926.8096
-1881.2043 -1937.6117 -1923.4618
-1881.2043 -1934.3171 -1919.2652
-1881.2043 -1932.2767 -1916.7775
-1881.2043 -1928.8155 -1913.4835
-1881.2043 -1927.9437 -1911.1742
-1881.2043 -1923.6749 -1907.2554
-1881.2043 -1920.1395 -1904.1799
-1879.3899 -1917.8697 -1900.9393
-1879.3899 -1917.6013 -1898.6700
-1877.9895 -1914.3776 -1895.7395
-1877.9895 -1908.9870 -1893.6529
-1877.9895 -1907.6732 -1891.0153
-1873.9428 -1902.1453 -1887.4659
-1873.9142 -1898.9178 -1885.6867
-1856.1315 -1893.9248 -1882.7532
-1851.6661 -1890.9592 -1879.6607
-1851.6661 -1886.4191 -1877.5026
-1851.6661 -1886.2044 -1876.3079
-1851.6661 -1882.3709 -1874.8416
-1851.6661 -1881.2043 -1873.1698
-1851.6661 -1881.2043 -1871.9054
-1851.6661 -1880.6203 -1869.7526
-1851.6661 -1879.3899 -1868.2670
-1851.6661 -1877.9895 -1866.9213
-1851.6661 -1876.4804 -1865.1018
-1822.9676 -1872.8860 -1861.1425
-1822.9676 -1870.2393 -1859.1574
-1822.9676 -1868.7654 -1856.4431
-1816.0745 -1865.9606 -1852.7000
-1816.0745 -1862.8423 -1849.9137
-1816.0745 -1861.4363 -1848.1940
-1815.9663 -1860.7554 -1846.3861
-1801.3923 -1856.1315 -1841.7913
-1801.3923 -1853.7330 -1837.3431
-1801.3923 -1852.3500 -1835.3208
-1801.3923 -1851.6661 -1832.1295
-1801.3923 -1848.6487 -1827.9278
-1795.6696 -1843.6798 -1823.9942
-1795.6696 -1838.4391 -1819.9617
-1795.6696 -1837.6394 -1818.3214
-1791.4441 -1832.5149 -1814.3593
-1791.4441 -1830.1584 -1812.4340
-1791.4441 -1823.0540 -1809.6762
-1789.2085 -1821.3147 -1806.8875
-1789.2085 -1817.9014 -1804.6659
-1768.3780 -1816.0745 -1802.3945
-1768.3780 -1815.0592 -1800.4621
-1768.3780 -1809.2773 -1797.3574
-1768.3780 -1806.8130 -1795.6897
-1768.3780 -1804.9691 -1793.9641
-1768.3780 -1802.5626 -1790.9090
-1768.3780 -1801.3923 -1788.9742
-1757.8525 -1797.4990 -1785.8866
-1757.8525 -1795.6696 -1782.4666
-1757.8525 -1795.6696 -1779.0334
-1757.8525 -1791.4441 -1775.9722
-1757.8525 -1788.6882 -1772.3648
-1757.8525 -1783.4895 -1770.4806
-1739.3025 -1778.8208 -1767.7515
-1739.3025 -1776.1084 -1765.7783
-1728.7501 -1773.4569 -1762.0123
-1728.7501 -1771.2712 -1760.5179
-1728.7501 -1768.4948 -1758.1337
-1728.7501 -1768.3780 -1756.9866
-1728.7501 -1768.3780 -1755.1580
-1728.7501 -1764.5471 -1753.0433
-1728.7501 -1763.0093 -1751.5089
-1728.7501 -1761.1010 -1749.6212
-1728.7501 -1758.8874 -1747.4018
-1728.7501 -1757.8525 -1745.2081
-1728.7501 -1757.8525 -1743.2841
-1728.7501 -1756.7109 -1741.2203
-1725.3286 -1752.0513 -1737.5512
-1710.7744 -1747.8404 -1734.8247
-1710.7744 -1745.7943 -1732.3788
-1710.7744 -1741.8412 -1730.5785
-1703.8808 -1739.3025 -1728.4119
-1703.8808 -1736.7761 -1726.6564
-1689.8293 -1733.2753 -1723.8803
-1689.8293 -1731.7810 -1721.6325
-1689.8293 -1730.3812 -1720.3706
-1689.8293 -1729.1893 -1718.1721
-1689.8293 -1728.7501 -1716.4289
-1689.8293 -1728.7501 -1713.0720
-1683.6793 -1725.6434 -1709.2399
-1683.6793 -1723.3316 -1707.0796
-1683.6793 -1715.7609 -1702.8243
-1666.5049 -1712.6523 -1700.2568
-1666.5049 -1710.7744 -1698.0995
-1666.5049 -1710.0936 -1695.1566
-1666.5049 -1706.4557 -1692.4965
-1666.5049 -1703.8808 -1688.2287
-1665.5294 -1701.2990 -1685.2445
-1657.8364 -1696.6552 -1682.5807
-1657.8364 -1694.4621 -1680.5727
-1657.8364 -1692.3647 -1679.3479
-1657.8364 -1690.7280 -1677.4083
-1657.8364 -1689.8293 -1675.1117
-1657.8364 -1686.5562 -1673.6694
-1657.8364 -1685.3681 -1671.8600
-1657.8364 -1683.6793 -1669.9582
-1657.8364 -1678.8171 -1667.7225
-1650.4391 -1674.9279 -1666.0293
-1650.4391 -1672.8667 -1665.0290
-1642.8738 -1671.2936 -1663.1991
-1642.8738 -1670.0073 -1661.8078
-1642.8738 -1667.5983 -1660.0679
-1639.0191 -1666.5049 -1658.0907
-1630.5195 -1666.5049 -1656.0439
-1630.5195 -1666.5049 -1654.4978
-1630.5195 -1665.5294 -1653.4803
-1630.5195 -1664.4488 -1652.3162
-1630.5195 -1663.0608 -1651.3151
-1630.5195 -1660.6479 -1650.0988
-1623.3824 -1658.5045 -1647.6620
-1623.3824 -1657.8364 -1645.0353
-1610.2306 -1655.7289 -1641.8298
-1601.5250 -1652.0882 -1638.3968
-1601.5250 -1650.4391 -1635.9769
-1601.5250 -1648.0049 -1631.8657
-1601.5250 -1642.8738 -1628.5750
-1601.5250 -1639.6064 -1625.4397
-1601.5250 -1635.6938 -1622.6563
-1601.1581 -1633.2194 -1620.3721
-1601.1581 -1632.0874 -1618.4238
-1589.5313 -1630.5195 -1615.0772
-1589.5313 -1626.6653 -1611.7461
-1589.5313 -1624.2401 -1610.0599
-1564.4448 -1621.5767 -1606.4889
-1564.4448 -1618.5908 -1603.6808
-1564.4448 -1613.6009 -1600.2630
-1564.4448 -1611.9200 -1597.1281
-1564.4448 -1609.0452 -1593.9281
-1564.4448 -1605.7573 -1591.7805
-1564.4448 -1603.8991 -1589.7164
-1559.1590 -1601.5250 -1586.7905
-1559.1590 -1601.5250 -1584.3386
-1558.0013 -1599.9287 -1579.3734
-1550.2786 -1593.1318 -1575.4214
-1550.2786 -1589.5313 -1572.8326
-1550.2786 -1587.0661 -1569.7396
-1544.3466 -1580.5716 -1565.4786
-1544.3466 -1577.9258 -1563.7180
-1544.1559 -1575.8734 -1561.2307
-1544.1559 -1570.3262 -1559.5077
-1544.1559 -1566.4174 -1557.5428
-1529.3383 -1565.4637 -1555.7043
-1529.3383 -1564.4448 -1554.2882
-1529.3383 -1564.4448 -1552.8971
-1529.3383 -1561.4942 -1551.7929
-1510.7372 -1559.1590 -1549.5480
-1510.7372 -1558.2044 -1547.1080
-1510.7372 -1558.0792 -1546.0501
-1510.7372 -1557.8783 -1544.0248
-1510.7372 -1555.5783 -1541.7776
-1510.7372 -1554.7017 -1539.4472
-1510.7372 -1552.6513 -1537.0778
-1510.7372 -1550.2786 -1534.2020
-1510.7372 -1549.7208 -1531.6007
-1510.7372 -1545.0761 -1529.5653
-1510.7372 -1544.1559 -1527.7288
-1488.6470 -1543.7013 -1525.4623
-1488.6470 -1535.4874 -1521.3501
-1488.6470 -1533.7910 -1519.4032
-1488.6470 -1532.3536 -1517.7751
-1488.6470 -1529.5984 -1515.9275
-1488.6470 -1529.3383 -1513.1959
-1488.6470 -1526.7066 -1510.3268
-1488.6470 -1523.7823 -1507.8414
-1488.6470 -1519.8325 -1506.2599
-1488.6470 -1515.4874 -1503.1127
-1488.6470 -1513.5148 -1501.1582
-1473.4117 -1510.7372 -1498.3265
-1473.4117 -1510.7372 -1495.8866
-1464.7431 -1508.7302 -1492.8393
-1454.3315 -1507.3645 -1490.3120
-1454.3315 -1501.1266 -1487.1381
-1454.3315 -1498.5667 -1485.5661
-1454.3315 -1495.2573 -1482.3363
-1454.3315 -1493.0606 -1480.9619
-1454.3315 -1492.5070 -1478.8459
-1453.8577 -1488.6659 -1476.6414
-1453.8577 -1488.6470 -1475.8416
-1453.8577 -1488.6470 -1473.9425
-1453.8577 -1488.6470 -1472.2912
-1453.8577 -1484.6081 -1470.0536
-1436.1705 -1483.4659 -1467.4232
-1436.1705 -1479.8680 -1464.3421
-1436.1705 -1476.3281 -1461.6472
-1427.8005 -1473.4117 -1459.4281
-1427.8005 -1472.5667 -1457.6818
-1427.8005 -1471.1562 -1455.3889
-1427.8005 -1467.7476 -1453.4160
-1427.8005 -1466.5029 -1451.6708
-1427.8005 -1462.7307 -1449.8973
-1427.8005 -1460.9369 -1447.0212
-1417.2423 -1454.3315 -1444.1634
-1417.2423 -1454.3315 -1442.6366
-1417.2423 -1453.8577 -1440.7035
-1417.2423 -1453.0883 -1437.9384
-1417.2423 -1451.7189 -1436.5816
-1410.0380 -1450.7969 -1434.3861
-1410.0380 -1448.1612 -1431.6824
-1410.0380 -1447.2620 -1429.7567
-1410.0380 -1440.5295 -1427.3487
-1410.0380 -1439.7638 -1426.2072
-1410.0380 -1436.1705 -1425.0296
-1410.0380 -1436.1705 -1424.1742
-1410.0380 -1433.3529 -1423.2336
-1410.0380 -1430.6538 -1421.8709
-1410.0380 -1429.7218 -1421.4141
-1400.6688 -1427.8005 -1420.2530
-1400.6688 -1427.8005 -1418.8887
-1382.9062 -1427.8005 -1417.0933
-1382.9062 -1426.5542 -1414.6644
-1380.7660 -1425.7360 -1412.8369
-1380.7660 -1424.5221 -1411.5803
-1380.7660 -1424.1215 -1410.2279
-1380.7660 -1423.7977 -1409.3018
-1380.7660 -1420.7425 -1406.7383
-1377.1431 -1417.2423 -1404.2066
-1377.1431 -1417.2423 -1401.5498
-1377.1431 -1415.4901 -1400.0836
-1377.1431 -1414.3969 -1398.9601
-1377.1431 -1410.8148 -1397.3270
-1374.2651 -1410.0380 -1395.3181
-1373.2307 -1410.0380 -1392.5501
-1373.2307 -1409.9815 -1389.9087
-1373.2307 -1407.6614 -1388.5759
-1373.2307 -1404.8191 -1387.3566
-1373.2307 -1403.4680 -1386.3023
-1373.2307 -1401.8411 -1385.2435
-1373.2307 -1400.6688 -1383.2592
-1373.0765 -1394.7189 -1380.9590
-1359.8935 -1390.3090 -1379.1253
-1359.8935 -1389.1608 -1377.7207
-1359.8935 -1383.2014 -1375.4796
-1350.1704 -1382.9062 -1373.9212
-1350.1704 -1380.7660 -1372.7088
-1350.1704 -1380.7626 -1370.9455
-1350.1704 -1378.8977 -1368.8798
-1343.7517 -1377.1431 -1367.2538
-1343.7517 -1375.4186 -1366.2660
-1343.7517 -1374.2651 -1364.8853
-1343.7517 -1373.2307 -1363.8044
-1343.7517 -1373.2307 -1362.8751
-1343.7517 -1373.0765 -1360.9162
-1343.7517 -1372.0525 -1359.4360
-1343.7517 -1369.0386 -1357.7901
-1343.7517 -1368.3794 -1356.9300
-1343.7517 -1365.6202 -1355.6943
-1343.7517 -1365.1736 -1354.9226
-1337.4378 -1364.0011 -1353.5490
-1337.4378 -1361.0613 -1351.5658
-1334.1751 -1360.1116 -1349.4750
-1334.1751 -1359.8935 -1348.4020
-1334.1751 -1359.2283 -1346.8170
-1330.7307 -1355.3062 -1344.5087
-1330.7307 -1351.9843 -1343.0922
-1330.7307 -1350.1704 -1341.2410
-1330.7307 -1350.1704 -1340.5131
-1319.8321 -1346.9475 -1338.9523
-1319.8321 -1344.5243 -1338.3161
-1319.8321 -1343.9665 -1337.8093
-1319.8321 -1343.7517 -1337.1464
-1319.8321 -1343.7517 -1336.2080
-1319.8321 -1343.7517 -1335.6190
-1305.6946 -1343.7517 -1332.9070
-1305.6946 -1343.0681 -1331.2728
-1305.6946 -1341.0073 -1330.1053
-1305.6946 -1339.8755 -1328.6811
-1305.6946 -1337.8493 -1327.3058
-1305.6946 -1337.2050 -1325.3421
-1305.6946 -1335.3554 -1324.1974
-1305.6946 -1334.1751 -1323.5613
-1305.6946 -1334.0339 -1321.8225
-1298.3599 -1332.6776 -1319.4008
-1298.3599 -1331.2343 -1316.4838
-1298.3599 -1330.7307 -1314.9822
-1285.5964 -1325.6833 -1311.4494
-1285.5964 -1319.8321 -1308.7368
-1285.5964 -1319.8321 -1307.7488
-1285.5964 -1319.7095 -1306.6452
-1284.2699 -1318.2936 -1304.4031
-1284.2699 -1315.2703 -1302.6602
-1284.2699 -1310.4281 -1301.0434
-1284.2699 -1308.0948 -1298.9496
-1284.2699 -1305.6946 -1297.7434
-1284.2699 -1305.6946 -1297.1204
-1284.2699 -1305.6946 -1296.3370
-1284.0495 -1305.6946 -1294.2594
-1284.0495 -1304.8394 -1293.4301
-1284.0495 -1302.7593 -1292.5699
-1284.0495 -1301.4023 -1291.5927
-1284.0495 -1298.3599 -1290.6009
-1267.5935 -1296.1679 -1288.4550
-1267.5935 -1295.3920 -1287.2599
-1267.5935 -1293.8357 -1285.8076
-1267.5935 -1293.6509 -1285.2828
-1267.5935 -1292.9318 -1283.8166
-1267.5935 -1292.4147 -1281.9996
-1267.5935 -1288.7127 -1280.9093
-1267.5935 -1288.2820 -1280.1579
-1267.5935 -1286.6440 -1279.1688
-1267.5935 -1285.5964 -1278.4107
-1267.5935 -1285.5678 -1277.0708
-1267.5935 -1284.2699 -1276.2679
-1262.6502 -1284.2699 -1275.1078
-1262.6502 -1284.2699 -1274.2598
-1262.6502 -1284.2699 -1273.5329
-1262.6502 -1284.0495 -1273.0140
-1262.6502 -1283.5729 -1272.3002
-1262.6502 -1282.6426 -1271.8462
-1262.6502 -1280.6429 -1270.5805
-1258.4869 -1279.9253 -1269.4120
-1247.4953 -1276.1182 -1267.3665
-1247.4953 -1275.1484 -1266.4851
-1247.4953 -1272.3881 -1265.2444
-1247.4953 -1271.7510 -1264.2720
-1247.4953 -1269.6941 -1263.2441
-1247.4953 -1267.5935 -1262.2270
-1247.4953 -1267.5935 -1261.8231
-1240.0507 -1267.5935 -1260.7199
-1240.0507 -1267.5935 -1259.8216
-1240.0507 -1267.5935 -1259.0915
-1235.1457 -1267.5935 -1257.5211
-1235.1457 -1267.5935 -1256.7853
-1235.1457 -1266.3197 -1256.0004
-1235.1457 -1265.2808 -1254.6736
-1235.1457 -1264.2696 -1253.3633
-1235.1457 -1263.2480 -1252.1518
-1235.1457 -1262.6502 -1249.9813
-1235.1457 -1262.3170 -1249.2011
-1235.1457 -1261.4630 -1248.1438
-1235.1457 -1260.6232 -1247.5027
-1235.1457 -1258.4869 -1246.1437
-1235.1457 -1256.7960 -1245.0327
-1226.0231 -1256.3188 -1243.7887
-1226.0231 -1252.6652 -1242.6729
-1226.0231 -1250.9987 -1241.9907
-1226.0231 -1249.0651 -1240.1921
-1226.0231 -1248.2099 -1238.9774
-1226.0231 -1247.4953 -1238.1511
-1224.3080 -1247.4953 -1235.8215
-1223.0584 -1242.0603 -1233.7745
-1223.0584 -1240.2766 -1232.3444
-1223.0584 -1238.0131 -1230.8102
-1223.0584 -1236.8221 -1230.1044
-1223.0584 -1235.1457 -1229.7963
-1223.0584 -1235.1457 -1229.0849
-1223.0584 -1235.1457 -1228.2917
-1217.1140 -1234.5866 -1227.4205
-1207.3484 -1233.0745 -1225.4295
-1207.3484 -1232.0765 -1224.6347
-1207.3484 -1231.1171 -1223.8479
-1207.3484 -1230.6285 -1222.9939
-1207.3484 -1229.9356 -1222.5283
-1207.3484 -1227.2706 -1221.5516
-1207.3484 -1226.3792 -1221.0572
-1207.3484 -1226.0231 -1220.6766
-1205.7577 -1226.0231 -1219.2849
-1205.7577 -1226.0231 -1218.6640
-1205.0827 -1226.0231 -1217.5479
-1205.0827 -1225.5246 -1216.9029
-1205.0827 -1224.3678 -1215.5940
-1194.2780 -1224.3080 -1213.7302
-1194.2780 -1223.0584 -1212.8981
-1194.2780 -1223.0584 -1210.5522
-1194.2780 -1223.0584 -1209.6497
-1194.2780 -1221.4446 -1208.4906
-1194.2780 -1217.3918 -1207.4201
-1194.2780 -1216.0585 -1206.0172
-1194.2780 -1213.6515 -1204.5322
-1181.7459 -1211.0447 -1203.3374
-1181.7459 -1210.2687 -1202.5146
-1181.7459 -1208.8868 -1201.2052
-1181.7459 -1207.3484 -1199.5602
-1180.0292 -1207.3484 -1197.9201
-1180.0292 -1207.3484 -1197.3737
-1173.7776 -1205.7577 -1195.3870
-1173.7776 -1205.0827 -1193.7015
-1173.7776 -1204.3458 -1191.8898
-1173.7776 -1202.0617 -1190.6183
-1173.7776 -1200.9601 -1189.3147
-1173.7776 -1199.0250 -1187.9665
-1173.7776 -1198.0567 -1187.0731
-1173.7776 -1196.3223 -1186.1890
-1173.7776 -1194.2780 -1184.4942
-1169.0618 -1194.2780 -1182.9174
-1169.0618 -1194.0687 -1181.5535
-1162.9399 -1192.9167 -1180.1194
-1162.9399 -1188.5508 -1178.1267
-1162.9399 -1185.1029 -1177.0261
-1162.9399 -1183.4191 -1175.9453
-1162.9399 -1181.7459 -1175.2665
-1162.9399 -1181.7459 -1174.8126
-1162.9399 -1181.7459 -1173.7742
-1162.9399 -1180.2736 -1172.9645
-1162.9399 -1180.0292 -1172.1741
-1162.9399 -1179.3666 -1171.5873
-1162.9399 -1178.3073 -1170.7765
-1161.5674 -1176.2439 -1169.6229
-1161.5674 -1174.2578 -1168.9951
-1161.5674 -1173.7776 -1168.2042
-1161.5674 -1173.7776 -1167.6665
-1161.5674 -1173.7776 -1166.9024
-1155.7706 -1173.6757 -1166.0082
-1151.0850 -1172.5723 -1164.5641
-1151.0850 -1170.1553 -1163.6522
-1151.0850 -1169.0618 -1162.7934
-1148.0012 -1169.0618 -1161.9242
-1138.5797 -1165.9708 -1160.6581
-1138.5797 -1165.9708 -1160.1102
-1138.5797 -1165.3928 -1159.5018
-1138.5797 -1164.0893 -1158.2118
-1138.5797 -1163.3874 -1157.7017
-1138.5797 -1162.9399 -1155.8555
-1138.5797 -1162.9399 -1154.9400
-1138.5797 -1162.9399 -1154.1211
-1138.5797 -1162.9040 -1152.8164
-1138.5797 -1161.7528 -1151.8886
-1138.5797 -1161.5674 -1151.1620
-1138.5797 -1161.5674 -1149.4022
-1138.5797 -1158.9884 -1148.2215
-1130.6122 -1157.3828 -1145.8311
-1130.6122 -1156.4473 -1145.0639
-1130.6122 -1155.6147 -1144.2045
-1130.6122 -1154.1874 -1143.3709
-1130.6122 -1151.0850 -1142.1416
-1130.6122 -1151.0850 -1141.2312
-1130.6122 -1150.3069 -1140.2643
-1130.6122 -1149.6164 -1139.8389
-1130.6122 -1148.0802 -1138.8855
-1126.2287 -1148.0012 -1137.7650
-1126.2287 -1145.3567 -1136.9853
-1123.6409 -1144.1696 -1136.0838
-1123.6409 -1141.1283 -1135.1606
-1123.6409 -1140.9047 -1134.7038
-1123.6409 -1140.7199 -1133.6822
-1123.6409 -1140.4732 -1133.2011
-1123.6409 -1138.5797 -1132.2793
-1123.6409 -1138.5797 -1131.5466
-1123.6409 -1138.5797 -1131.2478
-1123.6409 -1138.5797 -1130.6016
-1120.0366 -1138.5797 -1129.8411
-1116.8452 -1136.7467 -1128.4313
-1116.8452 -1136.2290 -1127.7427
-1116.8452 -1133.3931 -1126.3049
-1116.8452 -1133.2370 -1125.9739
-1116.8452 -1132.9515 -1125.5893
-1111.1616 -1130.6122 -1124.5857
-1111.1616 -1130.6122 -1124.0339
-1111.1616 -1130.6122 -1123.5974
-1111.1616 -1130.6122 -1122.7530
-1111.1616 -1130.2026 -1121.8783
-1111.1616 -1128.6469 -1121.2844
-1111.1616 -1126.2287 -1120.6990
-1111.1616 -1126.2287 -1120.3976
-1111.1616 -1125.4498 -1119.8162
-1111.1616 -1124.6767 -1119.4049
-1110.3231 -1123.8264 -1118.7761
-1110.3231 -1123.6409 -1118.3122
-1110.3231 -1123.6409 -1117.9380
-1110.3231 -1123.6409 -1117.4875
-1110.3231 -1123.6409 -1117.1819
-1110.3231 -1123.6409 -1116.9155
-1103.1941 -1122.9111 -1115.5599
-1103.1941 -1121.6077 -1114.9153
-1103.1941 -1121.2147 -1114.2310
-1103.1941 -1120.7937 -1113.5958
-1103.1941 -1120.0366 -1112.7831
-1103.1941 -1117.4375 -1112.1616
-1103.1941 -1117.4132 -1111.8767
-1103.1941 -1116.8452 -1110.9614
-1103.1941 -1116.8452 -1110.5627
-1103.1941 -1116.7485 -1109.7739
-1103.1941 -1115.7097 -1109.2087
-1103.1941 -1114.7636 -1108.6454
-1100.7603 -1112.4390 -1107.9529
-1100.7603 -1111.3242 -1107.6993
-1096.1548 -1111.1616 -1107.1115
-1096.1548 -1111.1616 -1106.6185
-1096.1548 -1111.1616 -1106.1693
-1096.1548 -1110.3231 -1105.3992
-1096.1548 -1110.3231 -1104.9733
-1096.1548 -1110.3231 -1104.3426
-1096.1548 -1110.3231 -1103.9167
-1096.1548 -1110.2152 -1103.4907
-1096.1548 -1109.6759 -1102.9181
-1096.1548 -1107.4728 -1102.3756
-1096.1548 -1107.1515 -1102.0191
-1096.1548 -1106.2987 -1101.5834
-1095.0138 -1104.8403 -1101.0524
-1095.0138 -1104.4933 -1100.5176
-1095.0138 -1103.1941 -1100.1532
-1095.0138 -1103.1941 -1099.8091
-1095.0138 -1103.1941 -1099.6267
-1095.0138 -1103.1941 -1099.4631
-1095.0138 -1103.1941 -1099.2480
-1095.0138 -1103.1941 -1099.0700
-1094.3894 -1103.1941 -1098.4852
-1094.3894 -1103.1941 -1098.3091
-1093.4867 -1103.1941 -1097.7667
-1093.4867 -1102.6730 -1097.4589
-1093.4867 -1102.2587 -1096.9681
-1090.7821 -1101.5420 -1096.4543
-1090.7821 -1100.7603 -1095.9961
-1088.5449 -1100.6167 -1095.4357
-1088.5449 -1100.5144 -1095.1922
-1074.5415 -1096.7430 -1094.1025
-1074.5415 -1096.1548 -1093.5082
-1074.5415 -1096.1548 -1093.0138
-1074.5415 -1096.1548 -1092.5462
-1074.5415 -1096.1548 -1091.9024
-1074.5415 -1096.1548 -1091.3429
-1074.5415 -1096.1548 -1090.9107
-1074.5415 -1096.1548 -1089.5682
-1074.5415 -1095.2034 -1088.8541
-1074.5415 -1095.0138 -1088.4096
-1074.5415 -1095.0138 -1087.6335
-1074.5415 -1095.0138 -1086.7415
-1074.5415 -1095.0138 -1086.3206
-1074.5415 -1095.0138 -1085.8987
-1074.5415 -1094.3894 -1084.4522
-1074.5415 -1094.3894 -1084.0552
-1074.5415 -1093.6365 -1083.0193
-1074.5415 -1093.4867 -1082.3115
-1074.5415 -1093.4867 -1081.9326
-1072.8064 -1092.7806 -1080.0960
-1072.8064 -1090.7821 -1079.6518
-1072.8064 -1088.5449 -1078.4792
-1072.8064 -1088.5449 -1078.0680
-1072.8064 -1088.1534 -1077.7456
-1072.8064 -1086.5822 -1076.7078
-1072.8064 -1083.7864 -1076.2446
-1060.3310 -1082.6929 -1075.2953
-1060.3310 -1082.6058 -1074.6850
-1060.3310 -1078.7772 -1073.8278
-1060.3310 -1077.8212 -1073.3796
-1060.3310 -1076.1136 -1072.5066
-1060.3310 -1074.5415 -1071.6916
-1060.3310 -1074.5415 -1071.3030
-1060.3310 -1074.5415 -1070.8506
-1060.3310 -1074.5415 -1070.3390
-1060.3310 -1074.5415 -1070.0265
-1053.8799 -1074.5415 -1069.3291
-1053.8799 -1074.5415 -1068.4056
-1053.8799 -1074.5415 -1067.7757
-1048.0521 -1074.5415 -1066.7296
-1048.0521 -1074.5415 -1065.5623
-1048.0521 -1073.7168 -1064.4964
-1048.0521 -1072.8064 -1063.0635
-1048.0521 -1072.8064 -1062.4137
-1048.0521 -1070.3726 -1060.6255
-1048.0521 -1069.7931 -1060.0035
-1040.7782 -1068.2042 -1057.7712
-1040.7782 -1067.8853 -1056.8885
-1040.7782 -1065.3673 -1056.3464
-1040.7782 -1064.4985 -1055.4761
-1040.7782 -1061.0457 -1054.7554
-1040.7782 -1061.0457 -1054.0012
-1040.7782 -1061.0457 -1053.2171
-1040.7782 -1060.6607 -1052.6715
-1040.7782 -1060.3310 -1052.0627
-1040.7782 -1060.3310 -1051.4471
-1040.7782 -1060.3310 -1050.5986
-1040.1130 -1060.3310 -1049.6154
-1040.1130 -1060.3310 -1049.2110
-1040.1130 -1058.0605 -1048.2840
-1040.1130 -1056.0572 -1047.1478
-1040.1130 -1053.8799 -1046.5865
-1039.5452 -1053.8799 -1045.8495
-1030.0764 -1052.1727 -1044.8120
-1030.0764 -1051.5710 -1044.2183
-1030.0764 -1051.5710 -1043.7884
-1030.0764 -1050.3485 -1043.0752
-1030.0764 -1049.8496 -1042.6217
-1030.0764 -1049.6243 -1042.0493
-1030.0764 -1049.1054 -1041.6269
-1030.0764 -1048.0521 -1041.1115
-1030.0764 -1048.0521 -1040.2611
-1030.0764 -1048.0521 -1038.7279
-1030.0764 -1046.0869 -1037.7057
-1030.0764 -1044.5427 -1036.8516
-1030.0764 -1041.3136 -1036.3224
-1030.0764 -1040.7782 -1035.7986
-1030.0764 -1040.7782 -1035.5846
-1030.0764 -1040.7782 -1034.7736
-1030.0764 -1040.7782 -1034.5596
-1030.0764 -1040.7782 -1034.2565
-1030.0764 -1040.7782 -1033.9885
-1030.0764 -1040.7782 -1033.7745
-1030.0764 -1040.1130 -1033.0820
-1030.0764 -1040.1130 -1032.7897
-1028.8880 -1040.1130 -1032.3645
-1028.8880 -1039.5452 -1031.9376
-1028.8880 -1036.4715 -1031.3938
-1024.5903 -1035.5334 -1030.7763
-1024.5903 -1035.0926 -1030.4334
-1024.5903 -1034.4459 -1030.2233
-1018.4958 -1032.7528 -1029.4129
-1018.4958 -1032.1770 -1029.0804
-1018.4958 -1030.6202 -1028.7724
-1018.4958 -1030.0764 -1028.3270
-1018.4958 -1030.0764 -1028.0954
-1018.4958 -1030.0764 -1027.7347
-1017.7982 -1030.0764 -1027.2575
-1017.7982 -1030.0764 -1027.0120
-1017.7982 -1030.0764 -1026.7147
-1017.7982 -1030.0764 -1026.4123
-1017.7982 -1030.0764 -1026.1668
-1017.7982 -1030.0764 -1025.9212
-1017.7982 -1030.0764 -1025.6756
-1017.7982 -1030.0764 -1025.3205
-1017.7982 -1030.0764 -1025.0750
-1016.9730 -1030.0764 -1024.3218
-1015.4837 -1030.0764 -1023.4468
-1010.2825 -1030.0764 -1022.5418
-1010.2825 -1030.0764 -1022.0887
-1010.2825 -1029.6317 -1021.4142
-1010.2825 -1028.8880 -1020.8976
-1010.2825 -1028.8880 -1020.4825
-1010.2825 -1028.8880 -1020.0105
-1010.2825 -1028.3548 -1019.6384
-1010.2825 -1027.2359 -1018.6551
-1010.2825 -1026.7402 -1018.2462
-1010.2825 -1024.5903 -1017.3690
-1010.2825 -1023.1583 -1016.3849
-1010.2825 -1020.9698 -1015.9695
-1010.2825 -1019.2104 -1015.3739
-1010.2825 -1019.0300 -1015.0677
-1010.2825 -1018.7041 -1014.8821
-1010.2825 -1018.4958 -1014.4863
-1010.2825 -1018.4958 -1014.2586
-1010.2825 -1018.4958 -1013.9487
-1010.2825 -1018.4958 -1013.7066
-1010.2825 -1017.7982 -1013.5423
-1010.2825 -1017.7982 -1013.1873
-1010.2825 -1017.7982 -1012.9135
-1010.2825 -1017.7982 -1012.7632
-1003.7408 -1017.2271 -1012.1811
-1001.4767 -1016.9730 -1011.3863
-1001.4767 -1015.9053 -1010.9639
-1001.4767 -1015.4837 -1010.3920
-1001.4767 -1015.4837 -1010.1119
-1001.4767 -1015.4837 -1009.8317
-1001.4767 -1014.4492 -1009.3363
-1001.4767 -1013.9401 -1008.9247
-1001.4767 -1013.8015 -1008.6754
-1001.4767 -1012.5781 -1008.1943
-1001.4767 -1010.2825 -1007.7804
-1001.4767 -1010.2825 -1007.6043
-1001.4767 -1010.2825 -1007.3303
-1001.4767 -1010.2825 -1006.9781
-1001.4767 -1010.2825 -1006.7514
-1001.4767 -1010.2825 -1006.5753
-1001.4767 -1010.2825 -1006.0146
-1001.4767 -1010.2825 -1005.8385
-1001.4767 -1010.2825 -1005.6623
-1001.4767 -1010.2825 -1005.1663
-1001.4767 -1010.2825 -1004.6834
-1001.4767 -1010.2825 -1004.5073
-1001.4767 -1010.2825 -1004.2000
-1001.4767 -1010.2825 -1003.6040
-1001.4767 -1010.2825 -1003.2518
-1001.4767 -1007.7528 -1002.8056
-1001.4767 -1006.9850 -1002.5579
-1001.4767 -1005.7974 -1002.3126
-980.6748 -1004.7896 -1001.6402
-980.6748 -1004.7671 -1001.0781
-980.6748 -1004.1566 -1000.0663
-980.6748 -1003.7408 -999.5432
-980.6748 -1001.4767 -998.9458
-980.6748 -1001.4767 -998.3860
-980.6748 -1001.4767 -997.9700
-980.6748 -1001.4767 -996.4907
-980.6748 -1001.4767 -996.0747
-980.6748 -1001.4767 -995.6586
-980.6748 -1001.4767 -994.5414
-980.6748 -1001.4767 -993.7093
-973.0102 -1001.4767 -992.1803
-973.0102 -1001.4767 -991.3889
-973.0102 -1001.4767 -989.7253
-973.0102 -1001.4767 -988.3149
-973.0102 -1001.4767 -987.0708
-973.0102 -1000.5035 -985.4060
-973.0102 -997.5253 -983.8107
-973.0102 -993.9812 -982.7170
-973.0102 -993.1826 -981.8411
-973.0102 -992.8026 -981.1926
-973.0102 -989.9309 -980.4326
-973.0102 -989.7087 -980.0942
-973.0102 -988.8880 -979.3731
-973.0102 -988.0065 -979.0556
-973.0102 -984.9963 -978.3430
-973.0102 -984.9891 -978.1033
-973.0102 -984.4988 -977.7192
-973.0102 -982.0018 -977.2338
-973.0102 -981.2481 -976.9727
-973.0102 -980.6748 -976.6439
-973.0102 -980.6748 -976.4906
-973.0102 -980.6748 -976.1841
-973.0102 -980.6748 -975.9214
-967.7900 -980.6748 -975.5104
-967.7900 -980.6748 -975.0464
-967.7900 -980.6748 -974.7373
-967.7900 -980.6748 -974.3263
-966.4686 -980.6748 -973.6312
-966.4686 -978.1042 -973.0788
-966.4686 -976.3982 -972.1730
-966.4686 -974.5824 -971.8832
-966.4686 -974.2236 -971.7140
-966.4686 -973.0102 -971.4803
-966.4686 -973.0102 -971.2058
-966.4686 -973.0102 -971.0749
-966.4686 -973.0102 -970.9441
-966.4686 -973.0102 -970.8133
-966.4686 -973.0102 -970.6825
-966.4686 -973.0102 -970.5516
-966.4686 -973.0102 -970.4208
-966.4686 -973.0102 -970.2900
-966.4686 -973.0102 -970.1591
-966.4686 -973.0102 -970.0283
-966.4686 -973.0102 -969.8946
-966.4686 -973.0102 -969.6520
-966.4686 -973.0102 -969.4078
-966.4686 -973.0102 -969.2770
-966.4686 -973.0102 -969.0784
-966.4686 -973.0102 -968.8167
-966.4686 -973.0102 -968.6064
-966.4686 -973.0102 -968.4756
-966.4686 -973.0102 -968.3168
-966.4686 -973.0102 -968.0416
-966.4686 -972.6399 -967.6593
-966.4686 -971.0450 -967.1406
-966.4686 -970.5151 -966.9840
-966.4686 -969.9936 -966.8269
-966.4686 -967.9164 -966.7250
-966.4686 -967.7900 -966.6167
-966.4686 -967.7900 -966.5903
-966.4686 -967.7900 -966.5374
-961.3292 -966.5494 -966.3677
-961.3292 -966.4686 -966.2630
-961.3292 -966.4686 -966.1602
-961.3292 -966.4686 -966.0574
-961.3292 -966.4686 -965.9453
-961.3292 -966.4686 -965.7890
-961.3292 -966.4686 -965.5835
-961.3292 -966.4686 -965.3779
-961.3292 -966.4686 -965.2751
-961.3292 -966.4686 -965.0695
-961.3292 -966.4686 -964.9279
-961.3292 -966.4686 -964.7951
-954.8781 -966.4686 -964.4419
-954.8781 -966.4686 -964.1064
-954.8781 -966.4686 -963.5140
-954.8781 -966.4686 -963.1401
-954.8781 -966.4686 -962.8018
-954.8781 -966.4686 -962.4672
-954.8781 -966.4686 -962.1326
-954.8781 -966.4686 -961.9008
-954.8781 -966.4686 -961.4371
-954.8781 -966.4686 -961.2053
-954.8781 -966.4686 -960.8997
-954.8781 -966.4686 -960.3170
-954.8781 -966.0016 -959.9077
-954.8781 -965.5381 -959.5886
-954.8781 -964.9715 -959.2019
-954.8781 -964.0202 -958.7280
-954.8781 -961.7607 -958.3073
-954.8781 -961.3292 -958.1425
-954.8781 -961.3292 -958.0135
-954.8781 -961.3292 -957.7554
-954.8781 -961.3292 -957.6264
-954.8781 -961.3292 -957.4974
-954.8781 -961.3292 -957.3387
-954.8781 -961.3292 -957.1985
-954.8781 -961.3292 -956.9925
-954.8781 -961.3292 -956.5931
-954.8781 -961.2330 -956.3762
-954.8781 -961.1436 -956.1991
-951.2737 -960.6703 -955.7387
-951.2737 -960.0593 -955.5508
-951.2737 -959.8021 -955.1719
-951.2737 -958.6426 -955.0014
-951.2737 -958.1577 -954.7884
-951.2737 -958.1374 -954.5855
-951.2737 -956.8634 -954.3919
-951.2737 -954.8781 -954.2046
-949.3084 -954.8781 -954.0211
-948.8204 -954.8781 -953.7886
-948.8204 -954.8781 -953.6674
-948.8204 -954.8781 -953.5463
-944.7852 -954.8781 -953.1630
-944.7852 -954.8781 -952.9018
-944.3641 -954.8781 -952.4896
-944.3641 -954.8781 -952.0478
-944.3641 -954.8781 -951.8129
-944.3641 -954.8781 -951.4343
-944.3641 -954.8781 -951.1423
-944.3641 -954.8781 -950.7173
-944.3641 -954.8781 -950.5070
-944.3641 -954.8781 -950.0079
-944.3641 -954.8781 -949.6532
-944.3641 -953.6451 -949.2183
-944.3641 -953.6451 -948.9776
-944.3641 -953.3458 -948.5782
-944.3641 -952.7866 -948.3547
-944.3641 -952.7866 -948.1863
-944.3641 -952.4479 -948.0178
-944.3641 -951.8647 -947.8561
-944.3641 -951.6192 -947.7061
-944.3641 -951.2737 -947.5610
-944.3641 -951.2737 -947.4151
-944.3641 -951.2737 -947.2769
-944.3641 -951.2737 -947.0734
-944.3641 -951.2737 -946.7971
-944.3641 -950.9853 -946.5462
-944.3641 -950.9853 -946.4137
-944.3641 -950.9479 -946.2750
-944.0467 -950.7932 -945.8760
-944.0467 -949.3084 -945.5667
-938.7468 -948.8204 -945.1306
-938.7468 -948.5989 -944.7209
-938.7468 -948.5989 -944.5239
-938.7468 -947.9935 -944.1021
-938.7468 -947.5036 -943.8461
-938.7468 -945.2167 -943.5973
-938.7468 -944.7852 -943.4593
-938.7468 -944.7852 -943.3386
-938.7468 -944.7852 -943.2009
-926.6970 -944.3641 -942.7251
-926.6970 -944.3641 -942.3718
-926.6970 -944.3641 -942.0185
-926.6970 -944.3641 -941.3204
-926.6970 -944.3641 -940.9671
-926.6970 -944.3641 -940.6137
-926.6970 -944.3641 -940.2604
-926.6970 -944.3641 -939.6312
-924.7317 -944.3641 -938.5747
-924.7317 -944.3641 -938.1820
-924.7317 -944.3641 -937.4674
-924.7317 -944.3641 -937.0448
-924.7317 -944.3641 -936.0961
-924.7317 -944.3641 -935.5561
-924.7317 -944.3641 -934.9138
-919.5451 -944.0467 -933.6022
-919.5451 -942.6098 -932.0989
-919.5451 -941.1925 -931.5552
-919.5451 -940.2510 -930.5008
-919.5451 -938.7468 -929.5913
-919.5451 -938.7468 -929.2072
-919.5451 -938.7468 -928.8219
-919.5451 -938.7468 -928.4170
-919.5451 -938.6837 -927.5725
-919.5451 -938.3429 -927.1897
-919.5451 -938.3429 -926.8137
-919.5451 -936.9666 -925.9206
-919.5451 -932.9485 -924.8030
-919.5451 -932.4892 -924.4435
-919.5451 -930.6455 -924.0048
-919.5451 -928.8372 -923.6264
-919.5451 -926.7171 -923.3207
-919.5451 -926.6970 -923.1380
-919.5451 -926.6970 -922.7703
-919.5451 -926.6970 -922.3564
-919.5451 -926.6970 -921.9273
-919.5451 -926.6970 -921.6019
-919.5451 -925.7215 -921.4461
-919.5451 -924.7317 -921.1695
-919.5451 -924.7317 -921.0657
-919.5451 -924.7317 -920.9304
-919.5451 -924.7317 -920.7229
-919.5451 -924.7317 -920.6192
-919.5451 -924.7317 -920.2906
-919.5451 -923.5916 -920.0366
-919.5451 -923.1495 -919.8826
-919.5451 -922.9303 -919.8105
-919.5451 -921.7873 -919.6561
-919.5451 -921.2004 -919.6113
-919.5451 -921.2004 -919.5782
-919.5451 -919.5451 -919.5451
-919.5451 -919.5451 -919.5451
-919.5451 -919.5451 -919.5451
-919.5451 -919.5451 -919.5451
-919.5451 -919.5451 -919.5451
-919.5451 -919.5451 -919.5451
-919.5451 -919.5451 -919.5451
-919.5451 -919.5451 -919.5451
-919.5451 -919.5451 -919.5451
-919.5451 -919.5451 -919.5451
-919.5451 -919.5451 -919.5451
-919.5451 -919.5451 -919.5451
-919.5451 -919.5451 -919.5451
-919.5451 -919.5451 -919.5451
-919.5451 -919.5451 -919.5451
-919.5451 -919.5451 -919.5451
-919.5451 -919.5451 -919.5451
-918.3121 -919.5451 -919.5141
-918.3121 -919.5451 -919.4894
-916.3358 -919.5451 -919.4006
-916.3358 -919.5451 -919.3364
-916.3358 -919.5451 -919.2722
-916.0137 -919.5451 -919.1127
-916.0137 -919.5451 -919.0421
-916.0137 -919.5451 -918.9715
-916.0137 -919.5451 -918.8762
-916.0137 -919.5451 -918.8055
-916.0137 -919.5451 -918.7349
-916.0137 -919.5451 -918.5758
-916.0137 -919.5451 -918.4167
-916.0137 -919.5451 -918.3461
-913.2659 -919.5451 -918.0864
-913.2659 -919.5451 -917.9006
-913.2659 -919.5451 -917.7399
-913.2659 -919.5451 -917.6143
-903.6339 -919.5451 -917.1063
-903.6339 -919.5451 -916.7514
-903.6339 -919.5451 -916.2817
-903.6339 -919.5451 -915.9581
-903.6339 -919.5451 -915.5094
-903.6339 -919.5451 -915.1205
-903.6339 -919.2277 -914.6291
-903.6339 -918.3301 -914.2594
-903.6339 -918.3301 -913.9655
-903.6339 -918.3121 -913.2664
-903.6339 -918.3121 -912.9155
-903.6339 -918.2498 -912.6219
-903.6339 -916.5463 -912.0524
-903.6339 -916.3358 -911.3853
-903.6339 -916.3358 -910.9203
-903.6339 -916.3358 -910.3738
-903.6339 -916.0137 -909.7032
-903.6339 -916.0137 -908.9571
-903.6339 -916.0137 -908.5154
-903.6339 -915.2493 -907.6683
-903.6339 -913.8340 -907.2289
-903.6339 -913.2659 -906.9862
-903.6339 -913.2659 -906.5632
-903.6339 -913.2659 -906.2342
-903.6339 -913.2659 -906.0415
-903.6339 -912.7336 -905.6189
-903.6339 -912.2105 -905.0865
-903.6339 -911.6582 -904.9149
-903.6339 -911.3307 -904.5995
-897.5763 -909.9131 -904.0194
-897.5763 -907.1078 -903.6945
-897.5763 -906.8764 -903.4712
-897.5763 -905.7741 -903.2290
-897.5763 -905.4764 -903.0650
-897.5763 -903.6339 -902.9070
-897.5763 -903.6339 -902.7858
-897.5763 -903.6339 -902.6647
-897.5763 -903.6339 -902.4974
-897.5763 -903.6339 -902.3190
-897.5763 -903.6339 -901.9555
-897.5763 -903.6339 -901.8004
-897.5763 -903.6339 -901.6792
-897.5763 -903.6339 -901.5160
-897.5763 -903.6339 -901.3949
-897.5763 -903.6339 -901.2569
-897.5763 -903.6339 -901.1358
-897.5763 -903.6339 -900.9587
-897.5763 -903.6339 -900.8375
-897.5763 -903.6339 -900.7164
-897.5763 -903.6339 -900.5952
-897.5763 -903.6339 -900.4677
-895.9059 -903.6339 -900.1920
-895.9059 -903.6339 -899.6714
-895.9059 -903.6339 -899.3957
-895.9059 -903.6339 -899.2411
-895.9059 -903.6339 -898.8334
-895.9059 -903.6339 -898.6788
-895.9059 -903.3165 -898.2381
-893.4721 -902.7941 -897.7627
-893.4721 -901.9348 -897.4922
-893.4721 -900.8356 -897.2916
-893.4721 -900.7721 -897.0699
-893.4721 -897.9059 -896.8600
-893.4721 -897.5763 -896.7648
-893.4721 -897.5763 -896.6735
-893.4721 -897.5763 -896.5698
-893.4721 -897.5763 -896.4877
-893.4721 -897.5763 -896.4056
-893.4721 -897.5763 -896.3235
-893.4721 -897.5763 -896.2414
-893.4721 -897.5763 -896.1594
-893.4721 -897.5763 -896.0773
-893.4721 -897.5763 -895.8219
-893.4721 -897.5763 -895.7398
-893.4721 -897.5763 -895.6354
-893.4721 -897.5763 -895.5199
-893.4721 -897.5763 -895.4378
-893.4721 -897.5763 -895.3223
-893.4721 -897.5763 -895.1490
-893.4721 -897.5763 -895.0549
-893.4721 -897.5763 -894.9596
-893.4721 -897.5763 -894.8775
-893.4721 -897.1183 -894.6336
-893.4721 -897.1183 -894.4877
-893.4721 -896.9150 -894.2476
-893.4721 -895.9059 -894.0585
-893.4721 -895.9059 -894.0098
-893.4721 -895.9059 -893.9611
-893.0238 -895.9059 -893.8548
-893.0238 -895.9059 -893.7972
-893.0238 -895.9059 -893.6909
-893.0238 -895.9059 -893.6332
-893.0238 -895.9059 -893.5756
-893.0238 -895.9059 -893.4693
-893.0238 -893.4721 -893.4093
-893.0238 -893.4721 -893.4004
-890.2628 -893.4721 -893.3272
-890.2628 -893.4721 -893.2630
-890.2628 -893.4721 -893.1988
-890.2628 -893.4721 -893.1347
-890.1278 -893.4721 -893.0036
-890.1278 -893.4721 -892.9367
-890.1278 -893.4721 -892.8698
-889.1981 -893.4721 -892.6377
-889.1981 -893.4721 -892.5522
-889.1981 -893.4721 -892.3998
-889.1981 -893.4721 -892.3143
-889.1981 -893.4721 -892.2086
-886.4821 -893.4721 -891.8978
-886.4821 -893.4721 -891.6110
-886.4821 -893.4721 -891.4077
-886.4821 -893.4721 -891.1391
-886.4821 -893.4721 -890.6973
-886.4821 -893.4721 -890.5575
-886.4821 -893.4721 -890.3079
-886.4821 -893.4721 -890.1681
-886.4821 -893.4721 -889.9428
-886.4821 -893.0238 -889.8030
-886.4821 -893.0238 -889.5191
-883.2728 -893.0238 -889.0579
-883.2728 -892.7961 -888.7470
-883.2728 -890.3949 -888.5127
-883.2728 -890.2628 -888.3406
-883.2728 -890.2628 -888.0432
-880.8391 -890.1278 -887.7122
-880.8391 -890.1278 -887.5264
-880.8391 -890.1278 -887.2833
-880.8391 -890.1278 -887.0975
-880.8391 -890.1278 -886.8931
-880.8391 -890.1278 -886.7073
-880.8391 -890.1278 -886.5216
-880.8391 -890.1278 -886.2336
-880.8391 -889.1981 -885.9147
-880.8391 -889.1981 -885.6932
-880.8391 -889.1981 -885.4653
-880.8391 -889.1981 -885.2982
-880.8391 -889.1981 -885.0888
-880.8391 -889.1981 -884.9217
-880.8391 -889.1981 -884.7545
-880.8391 -889.1981 -884.5873
-880.8391 -889.1981 -884.4201
-880.8391 -889.1981 -883.9186
-880.8391 -889.1981 -883.7514
-880.8391 -887.0906 -883.3616
-880.8391 -886.4821 -882.8854
-880.8391 -886.4821 -882.7725
-880.8391 -886.4821 -882.6421
-880.8391 -886.4821 -882.4940
-880.8391 -886.4821 -882.2683
-880.8391 -886.4821 -882.0426
-880.8391 -886.1647 -881.9120
-880.8391 -885.9222 -881.7577
-880.3523 -885.2819 -881.5352
-880.3523 -883.5559 -881.2633
-880.3523 -883.2728 -881.1019
-880.3523 -883.2728 -881.0435
-880.3523 -883.2728 -880.9364
-880.3523 -883.2728 -880.8780
-880.3523 -883.2728 -880.8196
-880.3523 -880.8391 -880.7612
-877.0165 -880.8391 -880.6653
-877.0165 -880.8391 -880.5888
-877.0165 -880.8391 -880.5124
-877.0165 -880.8391 -880.4304
-877.0165 -880.8391 -880.3539
-877.0165 -880.8391 -880.2775
-877.0165 -880.8391 -880.2010
-877.0165 -880.8391 -880.1246
-877.0165 -880.8391 -880.0481
-877.0165 -880.8391 -879.9717
-877.0165 -880.8391 -879.8952
-877.0165 -880.8391 -879.7844
-877.0165 -880.8391 -879.6315
-877.0165 -880.8391 -879.5550
-877.0165 -880.8391 -879.4786
-877.0165 -880.8391 -879.4021
-877.0165 -880.8391 -879.3257
-877.0165 -880.8391 -879.2492
-877.0165 -880.8391 -879.0143
-877.0165 -880.8391 -878.9379
-877.0165 -880.8391 -878.8270
-877.0165 -880.8391 -878.6741
-877.0165 -880.8391 -878.3739
-877.0165 -880.8391 -878.2974
-877.0165 -880.8391 -878.2210
-877.0165 -880.8391 -878.0681
-877.0165 -880.5629 -877.9874
-877.0165 -880.3523 -877.8498
-877.0165 -880.3523 -877.7568
-870.9781 -880.3523 -877.4358
-870.9781 -880.3523 -877.1816
-870.9781 -880.3523 -876.9274
-870.9781 -879.1194 -876.6403
-870.9781 -878.2378 -876.4371
-870.9781 -877.0165 -876.1711
-870.9781 -877.0165 -875.9615
-870.9781 -877.0165 -875.7200
-870.9781 -877.0165 -875.3577
-870.9781 -877.0165 -875.2025
-870.9781 -877.0165 -875.0818
-870.9781 -877.0165 -874.9610
-870.9781 -877.0165 -874.7195
-870.9781 -877.0165 -874.5987
-870.9781 -877.0165 -874.4779
-870.9781 -877.0165 -874.2364
-870.9781 -877.0165 -874.0484
-870.9781 -877.0165 -873.9276
-870.9781 -877.0165 -873.4446
-870.9781 -877.0165 -873.0162
-870.9781 -877.0165 -872.8954
-870.9781 -877.0165 -872.5620
-870.9781 -877.0165 -872.4412
-870.9781 -877.0165 -872.3204
-870.9781 -877.0165 -871.9624
-870.9781 -877.0165 -871.6043
-870.9781 -877.0165 -871.4835
-870.9781 -875.2988 -871.3100
-870.9781 -873.8677 -871.1587
-870.9781 -873.6546 -871.1009
-870.9781 -872.5740 -871.0474
-870.9781 -872.4216 -871.0154
-870.9781 -871.1887 -870.9866
-870.9781 -871.1887 -870.9824
-870.9781 -870.9781 -870.9781
-870.9781 -870.9781 -870.9781
-870.9781 -870.9781 -870.9781
-870.9781 -870.9781 -870.9781
-867.1621 -870.9781 -870.9018
-867.1621 -870.9781 -870.8255
-867.1621 -870.9781 -870.7492
-867.1621 -870.9781 -870.6729
-867.1621 -870.9781 -870.5965
-867.1621 -870.9781 -870.5202
-867.1621 -870.9781 -870.3676
-864.8192 -870.9781 -870.1681
-864.8192 -870.9781 -869.9686
-864.8192 -870.9781 -869.8454
-864.8192 -870.9781 -869.6459
-864.8192 -870.9781 -869.5227
-864.8192 -870.9781 -869.3232
-864.8192 -870.9781 -869.1524
-864.8192 -870.9781 -869.0050
-864.8192 -870.9781 -868.8818
-864.8192 -870.9781 -868.7586
-864.8192 -870.9781 -868.6354
-864.8192 -870.9781 -868.4316
-864.8192 -870.9781 -868.2497
-864.8192 -870.9781 -868.0683
-864.8192 -870.9781 -867.6988
-864.8192 -870.9781 -867.5361
-864.8192 -870.9781 -867.2377
-864.8192 -870.9781 -867.1145
-864.8192 -870.9781 -866.8689
-864.8192 -870.9781 -866.7457
-864.8192 -870.9781 -866.6201
-864.8192 -870.9781 -866.4019
-864.8192 -870.7637 -866.1721
-864.8192 -869.7631 -866.0532
-864.8192 -869.0047 -865.8679
-864.8192 -868.0671 -865.6436
-864.8192 -867.1621 -865.5143
-864.8192 -867.1621 -865.4674
-864.8192 -867.1621 -865.4206
-864.8192 -867.1621 -865.3268
-864.8192 -867.1621 -865.2331
-864.8192 -867.1621 -865.1863
-864.8192 -867.1621 -865.1394
-864.8192 -867.1621 -865.0926
-864.8192 -867.1621 -864.9673
-864.8192 -866.0307 -864.8736
-864.8192 -865.5833 -864.8493
-864.2593 -864.8559 -864.8088
-861.0032 -864.8192 -864.6962
-861.0032 -864.8192 -864.6199
-861.0032 -864.8192 -864.5436
-861.0032 -864.8192 -864.4673
-861.0032 -864.8192 -864.3146
-861.0032 -864.8192 -864.2383
-861.0032 -864.8192 -864.1620
-861.0032 -864.8192 -864.0857
-861.0032 -864.8192 -864.0093
-861.0032 -864.8192 -863.9330
-861.0032 -864.8192 -863.8567
-861.0032 -864.8192 -863.7804
-861.0032 -864.8192 -863.7041
-861.0032 -864.8192 -863.6277
-861.0032 -864.8192 -863.4751
-861.0032 -864.8192 -863.3224
-861.0032 -864.8192 -863.1698
-861.0032 -864.8192 -863.0800
-861.0032 -864.8192 -863.0037
