3.3150 -2.2028 0.9898
3.3150 -0.9497 1.2282
4.0233 -0.9658 1.6296
4.0233 -1.8953 1.9323
4.0233 -1.1414 1.9043
4.0233 -1.9721 1.7342
4.0477 -1.6747 2.0463
4.2274 -1.3934 1.9350
4.2274 -1.5763 1.8435
4.2274 -1.9324 1.8256
4.2385 -2.7374 1.7293
4.2477 -2.3381 1.8716
4.2477 -2.2518 2.0476
4.2479 -2.3099 2.5206
4.2488 -2.0612 2.2261
4.2472 -2.1833 2.2727
4.2538 -2.2533 2.4363
4.2538 -2.2223 2.2745
4.2517 -2.3253 2.5563
4.2538 -1.7503 2.3064
4.2538 -1.1320 2.5298
4.2536 -2.1657 2.2739
4.2536 -1.2503 2.4981
4.2536 -1.5466 2.0187
4.2539 -1.1423 2.3048
4.2539 -0.8188 2.5636
4.2539 -0.8141 2.4417
4.2539 -1.7824 2.9345
4.2539 -2.7075 2.0459
4.2539 -0.4289 2.5816
4.2539 -1.6355 2.2792
4.2539 -2.1657 2.8180
4.2539 -1.2360 2.5280
4.2539 -1.0043 2.6106
4.2533 -0.3890 2.4462
4.2533 -1.0082 2.7079
4.2533 0.2414 2.7140
4.2531 -1.2051 2.4087
4.2531 -0.7933 2.5048
4.2537 -1.1080 2.9823
4.2531 -0.8815 2.3526
4.2531 -1.4020 2.1158
4.2531 -1.6714 2.0715
4.2531 -1.6900 1.8591
4.2531 -0.9901 2.2583
4.2531 -0.9999 2.6927
4.2531 -0.6554 2.8034
4.2527 -0.3311 3.1810
4.2497 -1.1743 2.8288
4.2497 -0.8539 2.2501
4.2497 -1.5946 2.3138
4.2497 -1.7335 2.5022
4.2497 -1.2322 2.6071
4.2512 -0.9203 2.6984
4.2446 -0.7686 2.6340
4.2445 -1.1032 2.4488
4.2445 -1.6922 2.5133
4.2434 -1.7429 2.1717
4.2445 -0.7452 2.5609
4.2434 -0.8548 2.8260
4.2434 -1.2118 2.3313
4.2434 -1.4021 2.7545
4.2421 -1.1387 2.4921
4.2385 -1.0139 2.4439
4.2385 -1.0098 2.3970
4.2385 -1.1963 2.6252
4.2410 -0.0885 3.0626
4.2533 -0.6541 2.8283
4.2521 -1.4000 2.3676
4.2521 -0.8496 2.5631
4.2403 -0.8951 3.0405
4.2399 0.0768 2.7109
4.2399 -1.4559 2.2501
4.2399 -0.6334 2.2008
4.2399 -0.8553 2.5014
4.2399 -1.7357 2.1697
4.2399 -1.6695 2.1848
4.2399 -0.2478 2.8099
4.2279 -1.0581 2.6117
4.2279 -1.4605 2.2599
4.2279 -1.2425 2.1521
4.2279 -0.9643 2.2409
4.2279 0.9041 2.9517
4.2279 -1.3061 2.3863
4.2279 -0.6125 2.4523
4.2279 1.0310 3.0268
4.2279 -1.3879 2.4959
4.2279 -1.2099 2.2619
4.2279 0.2343 2.9763
4.2279 -1.2431 2.3971
4.2279 0.3205 2.8721
4.2279 -1.0946 2.1316
4.2279 -1.3187 2.4943
4.2279 -1.5012 2.3153
4.2279 0.0234 2.8952
4.2279 -1.0775 2.3369
4.2279 -0.6467 2.4211
4.2279 -1.6062 2.2467
4.2279 -1.2483 2.2113
4.2279 -0.6127 2.2944
