8502762.0000
12122792.0000
0.0000
0.0000
0.0000
0.0000
10393937.0000
0.0000
12770528.0000
0.0000
6339954.0000
12379575.0000
0.0000
10462761.0000
0.0000
0.0000
13028542.0000
12916122.0000
11215997.0000
9713352.0000
0.0000
0.0000
0.0000
0.0000
0.0000
12929796.0000
0.0000
12532840.0000
11589831.0000
0.0000
12500342.0000
0.0000
0.0000
12961942.0000
0.0000
0.0000
0.0000
8830372.0000
9611615.0000
0.0000
12389431.0000
7957603.0000
10207493.0000
12443942.0000
12367750.0000
0.0000
11672864.0000
11978777.0000
0.0000
10506453.0000
0.0000
11119589.0000
0.0000
0.0000
9288033.0000
0.0000
12811220.0000
12174698.0000
0.0000
11739298.0000
10848407.0000
6742360.0000
9866132.0000
0.0000
12406377.0000
9493419.0000
0.0000
11999523.0000
0.0000
12043142.0000
11202951.0000
9822909.0000
0.0000
8063974.0000
0.0000
11846468.0000
0.0000
9913052.0000
0.0000
0.0000
0.0000
0.0000
0.0000
0.0000
0.0000
5201984.0000
0.0000
12433874.0000
7496810.0000
10961103.0000
11346588.0000
0.0000
0.0000
0.0000
12202535.0000
11761288.0000
11184361.0000
0.0000
8859999.0000
0.0000
7616331.0000
0.0000
0.0000
0.0000
11131518.0000
0.0000
8954292.0000
12038803.0000
13016999.0000
11913217.0000
10207184.0000
0.0000
10472093.0000
9778539.0000
0.0000
10394375.0000
12294543.0000
11469212.0000
9753270.0000
11312393.0000
0.0000
12474824.0000
0.0000
0.0000
0.0000
12465461.0000
0.0000
12523740.0000
0.0000
0.0000
0.0000
10960940.0000
0.0000
0.0000
0.0000
0.0000
0.0000
11891555.0000
0.0000
12500851.0000
8162344.0000
0.0000
0.0000
12795534.0000
11957543.0000
0.0000
7475714.0000
8332925.0000
0.0000
8177115.0000
0.0000
9059949.0000
10503612.0000
0.0000
3845831.0000
10527705.0000
0.0000
11938553.0000
11223647.0000
9119692.0000
0.0000
12053978.0000
13038976.0000
0.0000
0.0000
11821727.0000
9138585.0000
11198888.0000
12420077.0000
10014339.0000
0.0000
11086655.0000
11915017.0000
11167695.0000
12040816.0000
11458821.0000
0.0000
0.0000
10189970.0000
9880076.0000
0.0000
11137659.0000
0.0000
12942667.0000
12758307.0000
11791190.0000
12738213.0000
12303791.0000
11495244.0000
12653421.0000
11675436.0000
12028819.0000
0.0000
0.0000
0.0000
12150397.0000
0.0000
0.0000
0.0000
11687639.0000
