0.0000
0.0000
0.0000
0.0000
9397432.0000
9015878.0000
11990150.0000
0.0000
7351731.0000
9979839.0000
0.0000
10791800.0000
12491893.0000
0.0000
10343888.0000
11672710.0000
0.0000
0.0000
11479987.0000
13020518.0000
9840769.0000
10518905.0000
11932696.0000
0.0000
0.0000
11618997.0000
11077445.0000
0.0000
12509292.0000
0.0000
0.0000
12206502.0000
0.0000
12495886.0000
9556297.0000
0.0000
0.0000
0.0000
0.0000
12238933.0000
10421074.0000
8114954.0000
0.0000
11006865.0000
0.0000
7657312.0000
11050199.0000
12085214.0000
9103106.0000
0.0000
12477966.0000
12365351.0000
11230401.0000
8140672.0000
0.0000
0.0000
0.0000
0.0000
0.0000
0.0000
0.0000
11571411.0000
0.0000
0.0000
0.0000
11042289.0000
12834289.0000
12740833.0000
6788256.0000
0.0000
0.0000
11248797.0000
12063599.0000
0.0000
6253559.0000
10845986.0000
10115640.0000
0.0000
10445822.0000
10941325.0000
11575394.0000
0.0000
0.0000
0.0000
0.0000
0.0000
10089164.0000
0.0000
0.0000
10221544.0000
0.0000
0.0000
12661119.0000
0.0000
8353480.0000
0.0000
11841268.0000
9061403.0000
0.0000
0.0000
0.0000
0.0000
0.0000
11860266.0000
10050529.0000
0.0000
8640792.0000
0.0000
11469466.0000
0.0000
11362015.0000
0.0000
0.0000
10240676.0000
0.0000
0.0000
11469342.0000
0.0000
9541887.0000
12632709.0000
11825784.0000
0.0000
0.0000
0.0000
12320173.0000
0.0000
11620157.0000
0.0000
0.0000
10337274.0000
0.0000
0.0000
0.0000
0.0000
0.0000
12810946.0000
10779624.0000
9064118.0000
12300419.0000
0.0000
0.0000
10856674.0000
0.0000
0.0000
0.0000
12628553.0000
6691068.0000
12315969.0000
0.0000
0.0000
10858110.0000
0.0000
12564186.0000
0.0000
0.0000
0.0000
7361942.0000
11813062.0000
0.0000
0.0000
12569613.0000
0.0000
10898272.0000
0.0000
0.0000
10288774.0000
10130989.0000
7443537.0000
11664974.0000
12296634.0000
9503582.0000
0.0000
12645553.0000
11407294.0000
10059253.0000
10974942.0000
11556242.0000
9198655.0000
0.0000
0.0000
0.0000
10690337.0000
11699486.0000
0.0000
0.0000
0.0000
0.0000
11420253.0000
0.0000
0.0000
0.0000
0.0000
10243218.0000
13038770.0000
0.0000
10872968.0000
0.0000
7309358.0000
0.0000
10959490.0000
