0.0000
0.0000
0.0000
0.0000
0.0000
11462596.0000
0.0000
9864493.0000
9555492.0000
6160490.0000
0.0000
11184917.0000
0.0000
0.0000
11481124.0000
0.0000
9582284.0000
0.0000
10713205.0000
0.0000
0.0000
8217327.0000
11617458.0000
11836749.0000
12647198.0000
0.0000
0.0000
0.0000
8512982.0000
12447832.0000
0.0000
0.0000
11305220.0000
0.0000
0.0000
12925988.0000
0.0000
12535291.0000
9494385.0000
0.0000
13089578.0000
11863861.0000
13191745.0000
8837898.0000
8891193.0000
0.0000
0.0000
12781633.0000
0.0000
0.0000
0.0000
0.0000
0.0000
11724178.0000
12696786.0000
0.0000
0.0000
10931899.0000
0.0000
0.0000
11538526.0000
0.0000
9902383.0000
8533884.0000
0.0000
0.0000
0.0000
0.0000
0.0000
0.0000
0.0000
0.0000
0.0000
0.0000
12259463.0000
0.0000
0.0000
6758124.0000
10693491.0000
0.0000
12926856.0000
0.0000
0.0000
9751033.0000
12555254.0000
10792950.0000
11855667.0000
11247751.0000
11415868.0000
0.0000
8908750.0000
0.0000
0.0000
9185027.0000
0.0000
0.0000
12720867.0000
0.0000
10827167.0000
0.0000
0.0000
0.0000
0.0000
10991531.0000
0.0000
0.0000
10909227.0000
10744222.0000
10061208.0000
0.0000
11761412.0000
8465369.0000
0.0000
0.0000
10440784.0000
0.0000
0.0000
9062046.0000
10306988.0000
0.0000
0.0000
10517793.0000
4618868.0000
0.0000
0.0000
0.0000
9004210.0000
0.0000
0.0000
0.0000
0.0000
0.0000
0.0000
0.0000
0.0000
0.0000
0.0000
0.0000
6160400.0000
0.0000
0.0000
0.0000
11137168.0000
0.0000
0.0000
0.0000
0.0000
0.0000
0.0000
0.0000
0.0000
12841639.0000
0.0000
9399418.0000
0.0000
9256951.0000
0.0000
0.0000
11761339.0000
10953825.0000
11893482.0000
12266147.0000
11699107.0000
9731089.0000
10995363.0000
11721111.0000
0.0000
9722149.0000
10564244.0000
0.0000
0.0000
0.0000
0.0000
11468143.0000
0.0000
0.0000
9088044.0000
0.0000
11937993.0000
0.0000
0.0000
0.0000
11114289.0000
9299637.0000
10205973.0000
0.0000
0.0000
7963971.0000
0.0000
8125676.0000
0.0000
6175180.0000
10487571.0000
12066045.0000
0.0000
0.0000
8601436.0000
0.0000
0.0000
13039991.0000
