0.0000
0.0000
12904119.0000
9704518.0000
13149365.0000
9146093.0000
0.0000
0.0000
0.0000
0.0000
9732605.0000
0.0000
7413505.0000
0.0000
12085776.0000
0.0000
0.0000
0.0000
11876876.0000
0.0000
10250762.0000
12174027.0000
0.0000
0.0000
0.0000
0.0000
0.0000
12402397.0000
7876502.0000
0.0000
8519152.0000
11180576.0000
0.0000
0.0000
12000315.0000
0.0000
0.0000
10426621.0000
0.0000
12159224.0000
0.0000
0.0000
12537609.0000
9954790.0000
0.0000
8846583.0000
0.0000
9574285.0000
11680480.0000
0.0000
0.0000
7049659.0000
0.0000
0.0000
11119434.0000
0.0000
0.0000
12128268.0000
12051612.0000
0.0000
0.0000
12159733.0000
0.0000
0.0000
11785423.0000
12878611.0000
0.0000
0.0000
11091386.0000
9916944.0000
0.0000
0.0000
8545900.0000
0.0000
11095508.0000
11892381.0000
0.0000
0.0000
0.0000
0.0000
11041047.0000
10398313.0000
7349752.0000
0.0000
0.0000
12646629.0000
11236461.0000
0.0000
10510718.0000
7009756.0000
11925096.0000
0.0000
0.0000
11268319.0000
11260698.0000
0.0000
0.0000
0.0000
9656209.0000
12004132.0000
0.0000
9166136.0000
11641443.0000
0.0000
10181108.0000
7840619.0000
10724463.0000
9085960.0000
0.0000
0.0000
0.0000
10605459.0000
0.0000
9806201.0000
12186382.0000
11585669.0000
10894762.0000
11210259.0000
7805610.0000
11903985.0000
8313589.0000
12825439.0000
0.0000
12627182.0000
0.0000
7214429.0000
0.0000
0.0000
0.0000
11049023.0000
11214832.0000
12948034.0000
12943625.0000
0.0000
10935240.0000
0.0000
0.0000
0.0000
9318349.0000
0.0000
9824271.0000
0.0000
0.0000
12810266.0000
11427124.0000
12637124.0000
10156768.0000
11641949.0000
0.0000
0.0000
12061597.0000
0.0000
0.0000
6559469.0000
11612787.0000
7039876.0000
0.0000
0.0000
12314779.0000
12295454.0000
10862559.0000
0.0000
0.0000
0.0000
10109855.0000
6778106.0000
11111554.0000
0.0000
0.0000
0.0000
0.0000
11331044.0000
0.0000
0.0000
6712823.0000
9052497.0000
0.0000
0.0000
9764571.0000
9431170.0000
6624300.0000
10784357.0000
11932475.0000
0.0000
0.0000
11706745.0000
0.0000
7232825.0000
10113543.0000
0.0000
0.0000
0.0000
0.0000
0.0000
11239347.0000
0.0000
8154146.0000
10707286.0000
0.0000
0.0000
