0.0000
0.0000
0.0000
12643486.0000
0.0000
0.0000
11184298.0000
0.0000
12267036.0000
9427640.0000
0.0000
0.0000
8989678.0000
0.0000
12067100.0000
11967462.0000
0.0000
12641958.0000
12991660.0000
0.0000
0.0000
10768535.0000
10116166.0000
0.0000
11756791.0000
0.0000
0.0000
0.0000
12389701.0000
12678863.0000
0.0000
0.0000
10787794.0000
10732062.0000
8954605.0000
0.0000
11535248.0000
10257526.0000
0.0000
10124209.0000
0.0000
10664660.0000
10386713.0000
0.0000
0.0000
7937113.0000
12241905.0000
12495706.0000
7191648.0000
0.0000
12114665.0000
0.0000
0.0000
0.0000
12657466.0000
0.0000
12870607.0000
12706367.0000
0.0000
0.0000
0.0000
11178788.0000
11556598.0000
0.0000
0.0000
11060145.0000
0.0000
0.0000
11698665.0000
8054039.0000
12823485.0000
2669872.0000
0.0000
0.0000
11287194.0000
12634787.0000
12520179.0000
7398367.0000
9400228.0000
11792779.0000
11703354.0000
0.0000
6982872.0000
10538148.0000
0.0000
12137556.0000
0.0000
12570836.0000
10460146.0000
0.0000
0.0000
8743403.0000
0.0000
12370379.0000
11466759.0000
0.0000
0.0000
9058115.0000
8381323.0000
11706655.0000
0.0000
12238569.0000
0.0000
0.0000
0.0000
6369858.0000
6376920.0000
0.0000
0.0000
9785310.0000
0.0000
12099145.0000
11790160.0000
0.0000
0.0000
11041644.0000
0.0000
0.0000
12745359.0000
0.0000
9347379.0000
0.0000
0.0000
0.0000
7906684.0000
0.0000
10532752.0000
0.0000
11111611.0000
0.0000
0.0000
6316036.0000
11836406.0000
11733778.0000
7416295.0000
0.0000
8618122.0000
0.0000
0.0000
0.0000
0.0000
0.0000
9469879.0000
0.0000
0.0000
5726928.0000
12280960.0000
0.0000
0.0000
0.0000
0.0000
0.0000
0.0000
0.0000
12278672.0000
0.0000
0.0000
0.0000
0.0000
0.0000
0.0000
0.0000
9832889.0000
5637062.0000
11865420.0000
12334851.0000
8959077.0000
11450842.0000
0.0000
12040211.0000
11929601.0000
0.0000
12080457.0000
12915998.0000
10397956.0000
0.0000
0.0000
0.0000
0.0000
11026024.0000
11815482.0000
10567399.0000
0.0000
0.0000
10039279.0000
11883956.0000
12169127.0000
0.0000
0.0000
10828812.0000
0.0000
0.0000
10434632.0000
0.0000
10849265.0000
0.0000
12664310.0000
0.0000
11138089.0000
10830063.0000
