0.0000
0.0000
11578644.0000
12227006.0000
0.0000
0.0000
0.0000
0.0000
9897965.0000
0.0000
0.0000
7599443.0000
0.0000
12825878.0000
9763235.0000
11361870.0000
10953977.0000
12580961.0000
0.0000
11125793.0000
0.0000
10482891.0000
0.0000
12224483.0000
9355415.0000
11948227.0000
0.0000
11957460.0000
0.0000
7324908.0000
0.0000
0.0000
0.0000
0.0000
7218874.0000
9129356.0000
0.0000
10824626.0000
9639094.0000
0.0000
10407058.0000
0.0000
0.0000
0.0000
0.0000
12764340.0000
0.0000
12082023.0000
10406559.0000
12071628.0000
0.0000
0.0000
0.0000
0.0000
0.0000
0.0000
10411319.0000
0.0000
11535061.0000
12965994.0000
8211111.0000
10464039.0000
0.0000
12225844.0000
0.0000
12173048.0000
8195601.0000
7990276.0000
0.0000
10953685.0000
8943897.0000
0.0000
0.0000
0.0000
11859270.0000
10070474.0000
9199562.0000
0.0000
0.0000
0.0000
10223043.0000
11116918.0000
0.0000
11592617.0000
11480728.0000
0.0000
10925079.0000
8630479.0000
10474611.0000
0.0000
10837322.0000
0.0000
0.0000
0.0000
8827283.0000
10197571.0000
0.0000
0.0000
9331987.0000
12667668.0000
0.0000
0.0000
0.0000
11048410.0000
0.0000
10081173.0000
0.0000
10474860.0000
9012066.0000
7244572.0000
0.0000
0.0000
0.0000
0.0000
8458610.0000
0.0000
0.0000
0.0000
11955936.0000
0.0000
12768721.0000
0.0000
8824566.0000
11029178.0000
0.0000
0.0000
10212938.0000
8155844.0000
0.0000
10441764.0000
0.0000
11207930.0000
0.0000
0.0000
11543531.0000
0.0000
0.0000
4781686.0000
6761607.0000
8838679.0000
0.0000
0.0000
0.0000
0.0000
0.0000
11933228.0000
0.0000
0.0000
10623914.0000
11829633.0000
10505082.0000
12712907.0000
0.0000
0.0000
9517640.0000
9910264.0000
10583057.0000
0.0000
12628770.0000
10860227.0000
11428364.0000
12201441.0000
0.0000
0.0000
0.0000
9662325.0000
0.0000
10713196.0000
12584803.0000
0.0000
12718873.0000
12686825.0000
0.0000
0.0000
12845538.0000
0.0000
0.0000
10111924.0000
12421074.0000
0.0000
0.0000
7545069.0000
12206871.0000
0.0000
11269141.0000
0.0000
12716695.0000
0.0000
12613079.0000
12773803.0000
0.0000
0.0000
12434766.0000
11933626.0000
11525375.0000
9391240.0000
0.0000
0.0000
12103532.0000
0.0000
