0.0000
0.0000
11021604.0000
11760983.0000
0.0000
0.0000
0.0000
12089062.0000
10799640.0000
12029512.0000
0.0000
10272675.0000
0.0000
0.0000
0.0000
10867675.0000
11892039.0000
0.0000
0.0000
9587800.0000
0.0000
0.0000
9109691.0000
0.0000
0.0000
12164130.0000
0.0000
13117193.0000
12264820.0000
10880375.0000
9350734.0000
0.0000
0.0000
0.0000
0.0000
0.0000
12260385.0000
12550783.0000
8446866.0000
10708254.0000
0.0000
12008726.0000
10845484.0000
0.0000
0.0000
0.0000
0.0000
0.0000
0.0000
12578104.0000
0.0000
11907541.0000
11745305.0000
0.0000
8766715.0000
0.0000
0.0000
0.0000
0.0000
0.0000
0.0000
0.0000
10819546.0000
9971543.0000
0.0000
12319855.0000
0.0000
0.0000
0.0000
11788303.0000
0.0000
0.0000
0.0000
7495709.0000
0.0000
0.0000
12280251.0000
7771890.0000
8657464.0000
11501799.0000
0.0000
0.0000
0.0000
0.0000
12583818.0000
12654428.0000
10959373.0000
9272934.0000
0.0000
0.0000
12202534.0000
11460425.0000
0.0000
0.0000
0.0000
0.0000
12037076.0000
11438298.0000
0.0000
0.0000
0.0000
10682770.0000
0.0000
12794664.0000
12050349.0000
0.0000
12810384.0000
0.0000
0.0000
0.0000
8589135.0000
9896797.0000
12339410.0000
0.0000
0.0000
0.0000
0.0000
0.0000
8632111.0000
0.0000
0.0000
0.0000
0.0000
0.0000
0.0000
0.0000
11022354.0000
11162830.0000
0.0000
9466629.0000
12312426.0000
0.0000
0.0000
10848389.0000
0.0000
0.0000
12665979.0000
12065805.0000
0.0000
0.0000
0.0000
0.0000
0.0000
0.0000
10819043.0000
0.0000
9379560.0000
0.0000
0.0000
0.0000
0.0000
11586789.0000
12023864.0000
9466017.0000
0.0000
0.0000
9078881.0000
12809710.0000
0.0000
0.0000
0.0000
0.0000
7380753.0000
0.0000
12375267.0000
10909373.0000
0.0000
0.0000
0.0000
7419953.0000
10869403.0000
0.0000
10970151.0000
5445064.0000
0.0000
0.0000
12211951.0000
10832847.0000
12095849.0000
0.0000
6612580.0000
0.0000
0.0000
0.0000
10338165.0000
10956926.0000
0.0000
12148028.0000
12316912.0000
0.0000
11884361.0000
0.0000
0.0000
10572475.0000
0.0000
0.0000
0.0000
0.0000
0.0000
10208982.0000
