0.0000
10376105.0000
10202115.0000
0.0000
12517297.0000
7873538.0000
10990242.0000
10228555.0000
12906388.0000
0.0000
5516939.0000
7198406.0000
0.0000
12534406.0000
6924210.0000
10603798.0000
11032270.0000
12228065.0000
11881514.0000
0.0000
0.0000
0.0000
11902487.0000
0.0000
9813700.0000
0.0000
7228544.0000
0.0000
9454637.0000
0.0000
0.0000
0.0000
0.0000
0.0000
12905696.0000
0.0000
12933895.0000
10383878.0000
0.0000
11347013.0000
10128971.0000
11719991.0000
11683255.0000
10892439.0000
12390275.0000
11912617.0000
0.0000
5833848.0000
0.0000
11406348.0000
12106854.0000
0.0000
12450015.0000
0.0000
0.0000
11722664.0000
11596454.0000
0.0000
10261520.0000
0.0000
10753659.0000
0.0000
11065469.0000
0.0000
10734112.0000
0.0000
0.0000
0.0000
8273810.0000
0.0000
10379077.0000
11426632.0000
0.0000
12491347.0000
0.0000
0.0000
0.0000
0.0000
10786937.0000
0.0000
9443557.0000
12210587.0000
0.0000
0.0000
0.0000
0.0000
0.0000
0.0000
0.0000
11014661.0000
10637771.0000
10222137.0000
0.0000
0.0000
8447153.0000
0.0000
0.0000
0.0000
0.0000
0.0000
0.0000
12111171.0000
6121963.0000
0.0000
10113117.0000
0.0000
0.0000
12497303.0000
0.0000
9137213.0000
11076359.0000
0.0000
0.0000
0.0000
0.0000
7400263.0000
12706523.0000
11715387.0000
0.0000
7949371.0000
0.0000
11528206.0000
0.0000
13335857.0000
12592916.0000
0.0000
11717085.0000
9822308.0000
0.0000
5544325.0000
5663117.0000
11557313.0000
0.0000
11233559.0000
0.0000
12827393.0000
0.0000
0.0000
9625870.0000
5370276.0000
0.0000
0.0000
0.0000
11131342.0000
9842286.0000
0.0000
0.0000
0.0000
0.0000
12734029.0000
11025962.0000
0.0000
10338581.0000
12817609.0000
0.0000
0.0000
0.0000
12157856.0000
0.0000
0.0000
0.0000
11314816.0000
0.0000
0.0000
0.0000
7053524.0000
9087486.0000
8720141.0000
0.0000
0.0000
0.0000
0.0000
0.0000
9753735.0000
10323890.0000
0.0000
12231801.0000
0.0000
11387810.0000
11857738.0000
12213286.0000
0.0000
10975571.0000
7683105.0000
0.0000
0.0000
0.0000
0.0000
11063810.0000
10058849.0000
0.0000
0.0000
0.0000
0.0000
0.0000
12546038.0000
0.0000
0.0000
0.0000
12034144.0000
