11384463.0000
0.0000
0.0000
11623183.0000
0.0000
10364329.0000
12271341.0000
12305736.0000
0.0000
0.0000
7516529.0000
0.0000
0.0000
7210563.0000
0.0000
8989935.0000
12185396.0000
4757670.0000
10958919.0000
0.0000
0.0000
0.0000
0.0000
0.0000
0.0000
6949042.0000
0.0000
0.0000
0.0000
0.0000
10174813.0000
0.0000
10300694.0000
0.0000
9169247.0000
9831474.0000
0.0000
0.0000
0.0000
9353223.0000
10011358.0000
0.0000
10165629.0000
0.0000
10847875.0000
0.0000
11164999.0000
0.0000
0.0000
0.0000
0.0000
11069248.0000
0.0000
0.0000
7447592.0000
9634338.0000
11318134.0000
0.0000
0.0000
12487051.0000
0.0000
0.0000
12417435.0000
0.0000
0.0000
0.0000
10078927.0000
11813786.0000
0.0000
12287672.0000
0.0000
0.0000
6848692.0000
0.0000
0.0000
0.0000
0.0000
0.0000
0.0000
0.0000
11217230.0000
12596514.0000
11842833.0000
7322143.0000
0.0000
0.0000
0.0000
0.0000
12017833.0000
0.0000
0.0000
12398100.0000
11072619.0000
11161590.0000
0.0000
10952436.0000
0.0000
11915661.0000
10488286.0000
8859763.0000
0.0000
7669320.0000
11137703.0000
10151684.0000
0.0000
8541025.0000
0.0000
11949081.0000
10752657.0000
10491229.0000
0.0000
0.0000
10673331.0000
10894780.0000
0.0000
0.0000
0.0000
9937405.0000
0.0000
0.0000
12693989.0000
0.0000
12675752.0000
11207902.0000
0.0000
0.0000
12050657.0000
0.0000
12281745.0000
11324669.0000
0.0000
0.0000
0.0000
5535055.0000
12413256.0000
0.0000
0.0000
0.0000
12678451.0000
12677166.0000
12193220.0000
12569642.0000
11094434.0000
0.0000
0.0000
12515163.0000
11437402.0000
12687672.0000
8699366.0000
11383871.0000
0.0000
11024552.0000
9014258.0000
4845971.0000
0.0000
0.0000
12517248.0000
11695690.0000
9848651.0000
0.0000
0.0000
7115801.0000
6796817.0000
0.0000
0.0000
6417159.0000
9976562.0000
0.0000
8556744.0000
11967298.0000
0.0000
0.0000
9910660.0000
11481682.0000
9995185.0000
0.0000
0.0000
0.0000
0.0000
0.0000
0.0000
0.0000
9861464.0000
10151208.0000
10569010.0000
11612320.0000
0.0000
0.0000
0.0000
0.0000
0.0000
11636366.0000
8423674.0000
0.0000
0.0000
0.0000
11819699.0000
0.0000
11049943.0000
0.0000
