0.0000
0.0000
0.0000
10690604.0000
12357720.0000
0.0000
12388791.0000
12214322.0000
4452637.0000
9529844.0000
9509740.0000
12613547.0000
11202719.0000
0.0000
0.0000
0.0000
0.0000
9875398.0000
9193497.0000
12795186.0000
0.0000
0.0000
0.0000
12461726.0000
12564609.0000
0.0000
0.0000
0.0000
9053622.0000
9650768.0000
0.0000
0.0000
0.0000
0.0000
11995346.0000
9065082.0000
4628065.0000
0.0000
0.0000
12715933.0000
0.0000
12144627.0000
9783538.0000
11935971.0000
12537829.0000
11653600.0000
7208541.0000
0.0000
0.0000
10371737.0000
7486554.0000
11086844.0000
0.0000
12677906.0000
8476122.0000
11400940.0000
10804455.0000
12120273.0000
0.0000
9216584.0000
0.0000
0.0000
0.0000
0.0000
10454873.0000
0.0000
7092911.0000
10894495.0000
12053695.0000
0.0000
0.0000
7888523.0000
0.0000
0.0000
0.0000
7544195.0000
9859901.0000
12076984.0000
9957010.0000
9703288.0000
11839674.0000
0.0000
0.0000
9030052.0000
0.0000
7529488.0000
11365876.0000
7131980.0000
0.0000
0.0000
8508352.0000
0.0000
11259503.0000
10886860.0000
0.0000
0.0000
5622935.0000
0.0000
5818671.0000
0.0000
7985637.0000
12234835.0000
0.0000
10056199.0000
10643975.0000
0.0000
11713078.0000
11533226.0000
12815418.0000
8469968.0000
12769766.0000
12414181.0000
0.0000
0.0000
8968645.0000
11520540.0000
11937488.0000
0.0000
12860405.0000
10649004.0000
12673664.0000
0.0000
10327053.0000
11107199.0000
10038930.0000
0.0000
0.0000
0.0000
0.0000
12115913.0000
0.0000
11063168.0000
11754472.0000
11732355.0000
0.0000
9106611.0000
0.0000
10349885.0000
0.0000
11574100.0000
9811561.0000
0.0000
12486653.0000
11416074.0000
0.0000
10642199.0000
12010382.0000
0.0000
9037685.0000
12176672.0000
11434116.0000
0.0000
0.0000
0.0000
0.0000
9989915.0000
0.0000
0.0000
0.0000
0.0000
0.0000
9688993.0000
12545914.0000
11443569.0000
0.0000
9896641.0000
12709597.0000
10048571.0000
0.0000
12977887.0000
11695385.0000
12027911.0000
12860402.0000
0.0000
0.0000
0.0000
0.0000
0.0000
11142095.0000
11474521.0000
0.0000
12700587.0000
0.0000
8974598.0000
0.0000
0.0000
0.0000
8685459.0000
0.0000
12590444.0000
0.0000
0.0000
12652639.0000
8484354.0000
0.0000
0.0000
0.0000
0.0000
10772207.0000
10632012.0000
