9231008.0000
0.0000
0.0000
0.0000
0.0000
9494614.0000
0.0000
11567824.0000
10256782.0000
7534302.0000
9779121.0000
0.0000
0.0000
0.0000
0.0000
10168891.0000
0.0000
10903306.0000
10797128.0000
9654582.0000
0.0000
0.0000
0.0000
8223971.0000
0.0000
0.0000
0.0000
0.0000
9493172.0000
0.0000
0.0000
9623553.0000
0.0000
10588989.0000
0.0000
0.0000
9164477.0000
0.0000
0.0000
11863860.0000
8201292.0000
10586617.0000
0.0000
9581011.0000
0.0000
9827408.0000
0.0000
12006865.0000
12991717.0000
0.0000
0.0000
10168483.0000
0.0000
12539528.0000
8773572.0000
12343646.0000
0.0000
7983575.0000
12323534.0000
9159510.0000
0.0000
0.0000
0.0000
10914749.0000
0.0000
11487353.0000
7119619.0000
4436893.0000
12175066.0000
11714913.0000
8134647.0000
0.0000
10693525.0000
0.0000
12791157.0000
12478402.0000
6511890.0000
8398999.0000
0.0000
0.0000
0.0000
0.0000
0.0000
8536588.0000
0.0000
0.0000
12414120.0000
0.0000
10664837.0000
0.0000
11508178.0000
0.0000
0.0000
0.0000
0.0000
0.0000
0.0000
12544896.0000
11347385.0000
12304391.0000
9127601.0000
11013828.0000
4887418.0000
0.0000
0.0000
11170731.0000
9642237.0000
0.0000
9693658.0000
0.0000
0.0000
12274742.0000
10594260.0000
12449878.0000
9565170.0000
11981865.0000
0.0000
0.0000
11500553.0000
0.0000
0.0000
0.0000
0.0000
0.0000
12349111.0000
0.0000
12047117.0000
0.0000
11926749.0000
11543807.0000
8375448.0000
11554181.0000
0.0000
12917846.0000
9367207.0000
7917028.0000
11369046.0000
10991944.0000
10362741.0000
11519249.0000
12728789.0000
11521896.0000
9238315.0000
0.0000
0.0000
7386613.0000
9786650.0000
10110745.0000
8637999.0000
0.0000
0.0000
0.0000
0.0000
0.0000
11434590.0000
0.0000
11207481.0000
10847808.0000
0.0000
12258113.0000
0.0000
0.0000
0.0000
10634593.0000
0.0000
9579829.0000
9654938.0000
0.0000
0.0000
0.0000
0.0000
0.0000
11523221.0000
11929106.0000
9671523.0000
8046397.0000
0.0000
0.0000
10687477.0000
12171488.0000
8592004.0000
7283908.0000
0.0000
0.0000
0.0000
8740194.0000
10458881.0000
0.0000
0.0000
0.0000
0.0000
0.0000
9280247.0000
11205803.0000
12605569.0000
0.0000
12219260.0000
11246213.0000
0.0000
0.0000
