0.0000
10800606.0000
0.0000
11551000.0000
0.0000
11517343.0000
0.0000
0.0000
9871421.0000
0.0000
0.0000
10032628.0000
12926974.0000
10485697.0000
11011462.0000
7706544.0000
8410734.0000
0.0000
0.0000
8575937.0000
0.0000
12647272.0000
8340828.0000
7449680.0000
0.0000
0.0000
10558674.0000
0.0000
4757786.0000
0.0000
10639864.0000
0.0000
10968471.0000
8903473.0000
10877874.0000
9492506.0000
11849868.0000
0.0000
8083092.0000
0.0000
0.0000
6578884.0000
12242169.0000
0.0000
0.0000
0.0000
6960543.0000
0.0000
12714402.0000
12437871.0000
0.0000
8071245.0000
10673306.0000
0.0000
0.0000
0.0000
10489030.0000
7813808.0000
0.0000
0.0000
11768064.0000
9690737.0000
0.0000
0.0000
0.0000
0.0000
0.0000
12465107.0000
0.0000
11853078.0000
11050270.0000
10449003.0000
12730898.0000
7935554.0000
0.0000
0.0000
6427457.0000
11708812.0000
0.0000
0.0000
0.0000
0.0000
10432700.0000
10262738.0000
13312190.0000
12825020.0000
0.0000
0.0000
0.0000
12409809.0000
11440731.0000
10027320.0000
0.0000
0.0000
0.0000
0.0000
11204941.0000
10807084.0000
11838292.0000
0.0000
11788578.0000
0.0000
11827610.0000
12263933.0000
0.0000
12548381.0000
0.0000
10798440.0000
8943780.0000
8578440.0000
12702683.0000
11684871.0000
0.0000
11398386.0000
0.0000
0.0000
0.0000
0.0000
8788450.0000
9232815.0000
12919547.0000
12533268.0000
11082695.0000
0.0000
12718470.0000
0.0000
0.0000
7640651.0000
8032341.0000
9553164.0000
0.0000
0.0000
0.0000
9067756.0000
0.0000
10738519.0000
10461785.0000
0.0000
0.0000
0.0000
10572958.0000
0.0000
0.0000
10640093.0000
0.0000
11319994.0000
0.0000
0.0000
0.0000
0.0000
0.0000
9605465.0000
12327596.0000
10667282.0000
6155723.0000
0.0000
10321087.0000
9669216.0000
0.0000
11333397.0000
11029241.0000
11626208.0000
10936765.0000
12253763.0000
10880034.0000
0.0000
0.0000
11081565.0000
0.0000
0.0000
0.0000
11161767.0000
12118893.0000
0.0000
11597655.0000
13057308.0000
0.0000
0.0000
5893221.0000
0.0000
11327788.0000
0.0000
6532635.0000
10367820.0000
0.0000
10756100.0000
0.0000
6286166.0000
11734855.0000
0.0000
0.0000
12113244.0000
0.0000
9742798.0000
9653920.0000
12318775.0000
8866731.0000
0.0000
7167829.0000
0.0000
