13120100.0000
13012119.0000
12704261.0000
9797972.0000
0.0000
11108704.0000
0.0000
12132559.0000
10089135.0000
10436071.0000
11341879.0000
11233797.0000
10001396.0000
0.0000
9157603.0000
6930204.0000
10183034.0000
0.0000
10437784.0000
0.0000
10061537.0000
9288755.0000
10435823.0000
11063219.0000
0.0000
0.0000
12210572.0000
0.0000
0.0000
0.0000
11065420.0000
0.0000
11040973.0000
0.0000
11791838.0000
8272013.0000
0.0000
0.0000
0.0000
0.0000
0.0000
12575705.0000
0.0000
0.0000
11753280.0000
0.0000
0.0000
11714795.0000
0.0000
0.0000
0.0000
0.0000
9104580.0000
12082005.0000
10137250.0000
11596468.0000
0.0000
12409704.0000
7021829.0000
12597535.0000
0.0000
6227420.0000
11199033.0000
10575548.0000
9768341.0000
9035365.0000
9294438.0000
9507791.0000
0.0000
12241241.0000
8966502.0000
10887789.0000
0.0000
0.0000
0.0000
0.0000
0.0000
12352274.0000
0.0000
10512936.0000
10730133.0000
0.0000
9512777.0000
0.0000
0.0000
0.0000
11979589.0000
13078027.0000
0.0000
12292751.0000
0.0000
12378343.0000
11912435.0000
0.0000
0.0000
11671826.0000
0.0000
11483419.0000
0.0000
11082095.0000
0.0000
0.0000
0.0000
0.0000
6744652.0000
0.0000
0.0000
8964671.0000
0.0000
0.0000
12537967.0000
12558675.0000
9888050.0000
0.0000
12542309.0000
8717484.0000
10629073.0000
0.0000
0.0000
0.0000
11459645.0000
0.0000
0.0000
12068794.0000
12525179.0000
9163944.0000
12945248.0000
0.0000
12168894.0000
0.0000
0.0000
0.0000
0.0000
0.0000
0.0000
0.0000
0.0000
12371633.0000
0.0000
7031266.0000
11715089.0000
11282856.0000
0.0000
11723374.0000
12175525.0000
5821050.0000
0.0000
0.0000
0.0000
12430172.0000
12445492.0000
0.0000
7737582.0000
9312315.0000
0.0000
9336625.0000
0.0000
0.0000
11656287.0000
11231116.0000
0.0000
0.0000
9161267.0000
0.0000
0.0000
0.0000
9710420.0000
0.0000
12101756.0000
0.0000
11486682.0000
10642244.0000
0.0000
11094342.0000
11081569.0000
11418442.0000
0.0000
11261222.0000
4728975.0000
0.0000
11153753.0000
12199357.0000
0.0000
0.0000
0.0000
0.0000
7993047.0000
6216527.0000
0.0000
0.0000
0.0000
12501974.0000
0.0000
11114222.0000
0.0000
11562444.0000
0.0000
0.0000
0.0000
0.0000
