7457290.0000
11964856.0000
13154456.0000
0.0000
0.0000
0.0000
0.0000
11646950.0000
0.0000
12002239.0000
5066478.0000
8902105.0000
10471394.0000
0.0000
0.0000
0.0000
6890016.0000
10453994.0000
0.0000
11419693.0000
0.0000
10535358.0000
10383062.0000
0.0000
10978324.0000
11024202.0000
11479901.0000
9404076.0000
0.0000
0.0000
10652884.0000
0.0000
0.0000
11041850.0000
7926847.0000
0.0000
9316878.0000
10163347.0000
10446003.0000
11409119.0000
0.0000
10349791.0000
0.0000
10953584.0000
0.0000
11096377.0000
8409593.0000
0.0000
10612645.0000
11968762.0000
8475400.0000
10224936.0000
9785496.0000
0.0000
0.0000
0.0000
12579255.0000
0.0000
7505075.0000
0.0000
10532954.0000
0.0000
0.0000
11387792.0000
11034155.0000
9126414.0000
0.0000
0.0000
0.0000
0.0000
10709370.0000
0.0000
0.0000
8365374.0000
0.0000
11352445.0000
0.0000
0.0000
0.0000
0.0000
11945711.0000
7938685.0000
9456308.0000
0.0000
11838583.0000
12672534.0000
0.0000
0.0000
0.0000
0.0000
7748399.0000
0.0000
11481870.0000
10420934.0000
0.0000
0.0000
0.0000
11279490.0000
7141648.0000
11508713.0000
11318274.0000
12053067.0000
11513636.0000
0.0000
12663667.0000
0.0000
12566782.0000
0.0000
0.0000
0.0000
9007960.0000
0.0000
12542743.0000
0.0000
12350153.0000
10157092.0000
12804450.0000
0.0000
7461985.0000
12179159.0000
0.0000
12574597.0000
9150753.0000
0.0000
0.0000
12476976.0000
0.0000
7161916.0000
0.0000
0.0000
10189838.0000
0.0000
0.0000
11300526.0000
0.0000
0.0000
12948445.0000
9037679.0000
9625590.0000
11684608.0000
0.0000
0.0000
0.0000
0.0000
8775560.0000
12517257.0000
0.0000
6639335.0000
7915267.0000
9031191.0000
0.0000
0.0000
6139508.0000
11565274.0000
12007945.0000
12400633.0000
0.0000
8722113.0000
9581578.0000
10133312.0000
0.0000
9013176.0000
12054055.0000
0.0000
10861787.0000
12208016.0000
0.0000
10776972.0000
10222588.0000
12392168.0000
11046817.0000
9497024.0000
0.0000
0.0000
9488785.0000
12103197.0000
12534428.0000
0.0000
10390267.0000
0.0000
11890301.0000
11796582.0000
0.0000
10883694.0000
0.0000
11125056.0000
11056260.0000
0.0000
7653466.0000
11169327.0000
12569437.0000
8922553.0000
6952736.0000
0.0000
10834420.0000
5529785.0000
0.0000
11044090.0000
0.0000
0.0000
