0.0000
0.0000
10030541.0000
8946429.0000
0.0000
9662965.0000
6246352.0000
11175342.0000
0.0000
0.0000
9719213.0000
9286198.0000
10995859.0000
0.0000
12214312.0000
0.0000
7508376.0000
0.0000
0.0000
12149621.0000
12318464.0000
0.0000
10228555.0000
12812533.0000
8675112.0000
0.0000
11505735.0000
9221807.0000
11765982.0000
0.0000
0.0000
11471035.0000
0.0000
9200769.0000
0.0000
9139394.0000
10724092.0000
10533724.0000
11086422.0000
9312192.0000
12659990.0000
9873305.0000
0.0000
9734589.0000
7094916.0000
0.0000
9395733.0000
0.0000
0.0000
0.0000
8144866.0000
0.0000
12178475.0000
0.0000
0.0000
8871530.0000
0.0000
10640807.0000
0.0000
0.0000
0.0000
9632788.0000
10101106.0000
0.0000
11837193.0000
7194066.0000
0.0000
10762765.0000
0.0000
0.0000
9592827.0000
12030354.0000
0.0000
8009207.0000
0.0000
0.0000
11342960.0000
10908148.0000
9563749.0000
9809295.0000
0.0000
0.0000
0.0000
0.0000
11690900.0000
0.0000
0.0000
11066230.0000
9484095.0000
0.0000
0.0000
11756452.0000
11163822.0000
0.0000
3814424.0000
10435901.0000
12209364.0000
12593067.0000
13011314.0000
11831013.0000
10947411.0000
9527948.0000
0.0000
9522429.0000
11333983.0000
9123212.0000
0.0000
12352628.0000
0.0000
8578391.0000
0.0000
0.0000
0.0000
0.0000
12215578.0000
12763518.0000
12487627.0000
9761637.0000
0.0000
0.0000
0.0000
10189740.0000
0.0000
0.0000
0.0000
12837888.0000
13035265.0000
0.0000
0.0000
0.0000
12547155.0000
10965439.0000
0.0000
9801040.0000
9202177.0000
0.0000
10552923.0000
0.0000
0.0000
0.0000
10103978.0000
0.0000
8992489.0000
10624609.0000
7036905.0000
11758920.0000
0.0000
12541475.0000
0.0000
12453473.0000
0.0000
0.0000
10811149.0000
10190611.0000
12495456.0000
10946442.0000
6434322.0000
0.0000
0.0000
5416422.0000
0.0000
0.0000
0.0000
12867124.0000
12533307.0000
12296724.0000
0.0000
12739977.0000
9572411.0000
11021739.0000
12686935.0000
0.0000
0.0000
0.0000
0.0000
10308679.0000
0.0000
11187914.0000
0.0000
12809515.0000
0.0000
0.0000
7963712.0000
0.0000
10844929.0000
0.0000
12910360.0000
0.0000
0.0000
3828173.0000
0.0000
0.0000
0.0000
0.0000
0.0000
0.0000
12371214.0000
0.0000
0.0000
8895486.0000
