10886291.0000
0.0000
0.0000
0.0000
11680631.0000
0.0000
0.0000
0.0000
12656966.0000
11325497.0000
0.0000
0.0000
9701721.0000
10398044.0000
0.0000
8667536.0000
12726449.0000
0.0000
11288177.0000
12981964.0000
0.0000
0.0000
11934875.0000
0.0000
13053518.0000
0.0000
11337712.0000
11356166.0000
8566921.0000
5094576.0000
0.0000
0.0000
9359082.0000
0.0000
0.0000
10675131.0000
0.0000
11119882.0000
0.0000
11818124.0000
8754095.0000
12656682.0000
6287257.0000
0.0000
10446526.0000
0.0000
0.0000
9658345.0000
10408947.0000
9907470.0000
10068081.0000
0.0000
0.0000
8645084.0000
12022634.0000
0.0000
8689122.0000
9848694.0000
0.0000
11867380.0000
0.0000
8079790.0000
0.0000
11219816.0000
12143940.0000
5092140.0000
10941722.0000
0.0000
11719106.0000
0.0000
0.0000
0.0000
0.0000
0.0000
0.0000
0.0000
13012934.0000
11194534.0000
11620192.0000
0.0000
10668490.0000
0.0000
12058375.0000
0.0000
0.0000
0.0000
11831819.0000
11274375.0000
10168523.0000
10843626.0000
6426330.0000
0.0000
0.0000
0.0000
8986687.0000
0.0000
0.0000
9712033.0000
11500563.0000
7832067.0000
0.0000
0.0000
12759549.0000
0.0000
0.0000
11182246.0000
8300763.0000
0.0000
8365848.0000
0.0000
11360098.0000
0.0000
12493753.0000
0.0000
9355935.0000
0.0000
0.0000
0.0000
0.0000
12305508.0000
0.0000
0.0000
10297753.0000
0.0000
0.0000
0.0000
8830835.0000
0.0000
0.0000
9995729.0000
0.0000
8312671.0000
9870357.0000
12658716.0000
10944890.0000
9681268.0000
0.0000
9433217.0000
7391150.0000
9998077.0000
12760124.0000
0.0000
10580352.0000
0.0000
12084939.0000
0.0000
10557494.0000
9938252.0000
12076030.0000
0.0000
0.0000
10334725.0000
12745089.0000
0.0000
9222279.0000
12880807.0000
9258685.0000
0.0000
0.0000
11630564.0000
11702419.0000
0.0000
0.0000
0.0000
0.0000
10772609.0000
12116584.0000
0.0000
12462312.0000
11718020.0000
0.0000
0.0000
0.0000
0.0000
0.0000
7222225.0000
7209885.0000
7608157.0000
0.0000
8028328.0000
11816371.0000
10643866.0000
0.0000
0.0000
0.0000
0.0000
8554147.0000
0.0000
0.0000
6105423.0000
11616725.0000
0.0000
0.0000
10611127.0000
0.0000
0.0000
0.0000
2596857.0000
0.0000
12435734.0000
