12184361.0000
0.0000
0.0000
0.0000
10419166.0000
0.0000
0.0000
0.0000
7559698.0000
0.0000
0.0000
11896579.0000
0.0000
11681509.0000
0.0000
0.0000
0.0000
10720456.0000
12270926.0000
0.0000
9351334.0000
10909187.0000
11957940.0000
0.0000
12461739.0000
10844751.0000
0.0000
0.0000
10435435.0000
0.0000
0.0000
12182116.0000
11264303.0000
9729726.0000
0.0000
0.0000
0.0000
0.0000
12461119.0000
9200128.0000
11059582.0000
0.0000
0.0000
10343692.0000
0.0000
9829007.0000
0.0000
0.0000
8113277.0000
11888597.0000
12798407.0000
0.0000
6314138.0000
0.0000
0.0000
9449708.0000
11099803.0000
10292570.0000
0.0000
11723656.0000
0.0000
10126807.0000
0.0000
0.0000
0.0000
0.0000
6514837.0000
0.0000
12518489.0000
0.0000
11029941.0000
12515953.0000
11935036.0000
10875517.0000
0.0000
7857856.0000
11145416.0000
0.0000
0.0000
0.0000
12416069.0000
0.0000
9875675.0000
0.0000
0.0000
0.0000
0.0000
12749300.0000
10090176.0000
9526571.0000
10657903.0000
0.0000
11313940.0000
0.0000
8088019.0000
12183151.0000
12189632.0000
11666090.0000
0.0000
0.0000
0.0000
0.0000
0.0000
8369393.0000
0.0000
0.0000
0.0000
12956658.0000
9576537.0000
11965702.0000
0.0000
7402796.0000
12758777.0000
0.0000
0.0000
11168725.0000
8818371.0000
0.0000
0.0000
11420584.0000
11312276.0000
0.0000
11419490.0000
0.0000
0.0000
0.0000
0.0000
9123066.0000
0.0000
0.0000
0.0000
0.0000
0.0000
0.0000
0.0000
0.0000
0.0000
6483143.0000
10246684.0000
0.0000
5035142.0000
0.0000
0.0000
0.0000
0.0000
0.0000
12261001.0000
8490082.0000
12836924.0000
9624307.0000
12166236.0000
0.0000
9362265.0000
11545230.0000
0.0000
0.0000
10513393.0000
0.0000
0.0000
0.0000
8868758.0000
9663203.0000
0.0000
10915095.0000
9204028.0000
0.0000
0.0000
0.0000
12349404.0000
0.0000
0.0000
9593265.0000
6676670.0000
12844349.0000
11823016.0000
0.0000
0.0000
10258614.0000
12264718.0000
10912603.0000
10887904.0000
0.0000
12374069.0000
11141544.0000
11568882.0000
6457821.0000
0.0000
0.0000
0.0000
0.0000
12465219.0000
10974846.0000
10743670.0000
0.0000
0.0000
12099734.0000
0.0000
0.0000
0.0000
10686420.0000
