11366212.0000
0.0000
0.0000
0.0000
0.0000
0.0000
8219257.0000
10831398.0000
9386711.0000
0.0000
10966136.0000
0.0000
8288174.0000
0.0000
0.0000
0.0000
11611357.0000
0.0000
11547450.0000
0.0000
8965698.0000
0.0000
11625971.0000
10344078.0000
12322502.0000
0.0000
0.0000
9401899.0000
11938994.0000
11082015.0000
0.0000
10895619.0000
9341002.0000
0.0000
0.0000
0.0000
0.0000
9390814.0000
0.0000
0.0000
0.0000
0.0000
0.0000
0.0000
11331985.0000
9320940.0000
8838343.0000
0.0000
11689072.0000
0.0000
0.0000
7816751.0000
0.0000
0.0000
11102495.0000
9955569.0000
8223439.0000
0.0000
0.0000
11226263.0000
0.0000
8036299.0000
0.0000
0.0000
9667667.0000
0.0000
0.0000
0.0000
0.0000
11507344.0000
0.0000
12044561.0000
7134942.0000
7647444.0000
0.0000
0.0000
12466727.0000
10098294.0000
8764665.0000
0.0000
0.0000
0.0000
9166325.0000
0.0000
0.0000
0.0000
0.0000
10264490.0000
0.0000
10343702.0000
0.0000
12153277.0000
11945912.0000
0.0000
9873614.0000
10558168.0000
10084672.0000
0.0000
11938660.0000
0.0000
8080073.0000
12509738.0000
0.0000
12814516.0000
0.0000
8395848.0000
0.0000
7314854.0000
0.0000
0.0000
7571839.0000
0.0000
11656325.0000
0.0000
11837766.0000
0.0000
11436129.0000
12288887.0000
0.0000
0.0000
0.0000
0.0000
0.0000
12560794.0000
6873471.0000
12693624.0000
0.0000
0.0000
0.0000
0.0000
0.0000
10906420.0000
0.0000
0.0000
10694957.0000
0.0000
9571616.0000
0.0000
0.0000
11466232.0000
11678704.0000
0.0000
12820637.0000
0.0000
0.0000
12758215.0000
0.0000
12369403.0000
10201191.0000
12764631.0000
12349767.0000
11535419.0000
0.0000
0.0000
11132756.0000
0.0000
0.0000
0.0000
0.0000
0.0000
10330357.0000
0.0000
12810904.0000
0.0000
0.0000
12200222.0000
11473730.0000
0.0000
0.0000
11233528.0000
12144999.0000
9202423.0000
0.0000
11428946.0000
0.0000
0.0000
9002142.0000
11202764.0000
0.0000
12852730.0000
0.0000
9029135.0000
11075477.0000
0.0000
0.0000
0.0000
0.0000
11194565.0000
11630736.0000
0.0000
0.0000
6269504.0000
10852753.0000
4764763.0000
0.0000
6990725.0000
0.0000
11597177.0000
0.0000
12074423.0000
