11055989.0000
5830500.0000
0.0000
2794321.0000
0.0000
0.0000
5269126.0000
0.0000
8957490.0000
0.0000
9236388.0000
12524353.0000
0.0000
11735124.0000
6428265.0000
8932861.0000
0.0000
12435158.0000
7915895.0000
8198294.0000
11468204.0000
8053063.0000
0.0000
0.0000
9899090.0000
10052592.0000
9171641.0000
0.0000
11849910.0000
12756771.0000
8025730.0000
0.0000
10716496.0000
0.0000
0.0000
0.0000
11165472.0000
0.0000
0.0000
0.0000
9191392.0000
12541203.0000
0.0000
12114389.0000
12256945.0000
0.0000
12634998.0000
0.0000
0.0000
10371308.0000
11854196.0000
13029756.0000
0.0000
8450269.0000
0.0000
10092598.0000
10690653.0000
10344353.0000
12090714.0000
0.0000
0.0000
11400242.0000
0.0000
0.0000
0.0000
8414099.0000
12150342.0000
7882748.0000
10850043.0000
0.0000
8886506.0000
0.0000
0.0000
0.0000
0.0000
0.0000
0.0000
12786593.0000
0.0000
11280838.0000
12782218.0000
9939366.0000
0.0000
11294726.0000
11633685.0000
0.0000
11161543.0000
12811984.0000
10876539.0000
11742221.0000
0.0000
0.0000
10319064.0000
0.0000
0.0000
10104963.0000
12923296.0000
10470423.0000
0.0000
11509052.0000
13111272.0000
12751006.0000
10210617.0000
12219392.0000
0.0000
9782972.0000
0.0000
6920736.0000
0.0000
10630717.0000
11888600.0000
11548502.0000
0.0000
11815787.0000
10722662.0000
11859673.0000
12536168.0000
8355986.0000
0.0000
10098608.0000
0.0000
13350238.0000
0.0000
0.0000
12876666.0000
0.0000
0.0000
0.0000
6753957.0000
0.0000
11996573.0000
0.0000
12732485.0000
9584568.0000
12314665.0000
0.0000
0.0000
0.0000
0.0000
0.0000
11785094.0000
0.0000
11963448.0000
9900714.0000
0.0000
0.0000
8137261.0000
0.0000
9185379.0000
0.0000
12350845.0000
9884512.0000
0.0000
0.0000
0.0000
9766482.0000
11702622.0000
12318187.0000
0.0000
0.0000
0.0000
0.0000
0.0000
0.0000
0.0000
0.0000
0.0000
0.0000
0.0000
0.0000
9286701.0000
9075856.0000
0.0000
0.0000
8535648.0000
0.0000
12137269.0000
0.0000
11058317.0000
0.0000
0.0000
11619749.0000
12031290.0000
0.0000
0.0000
0.0000
0.0000
12513304.0000
0.0000
11732216.0000
11548274.0000
0.0000
11189136.0000
0.0000
10793370.0000
9342922.0000
0.0000
0.0000
6383020.0000
0.0000
