2.7542 2.2004 2.4983
3.3089 3.0601 3.1594
3.7492 2.4809 3.0113
3.2842 2.8833 3.1152
3.4100 2.7569 3.0670
2.7244 2.5405 2.6579
3.2656 2.6707 2.8836
3.1073 2.8059 2.9711
3.4085 3.2300 3.3345
4.1189 3.0259 3.6295
3.9316 3.5023 3.6613
3.7332 3.2205 3.4044
3.7313 3.1442 3.3411
3.6208 3.4627 3.5632
3.6713 3.5844 3.6248
3.3278 2.6233 3.0686
3.6939 3.1987 3.4328
4.1934 4.1323 4.1723
4.2078 4.1622 4.1848
4.2070 3.9867 4.0948
4.2234 4.1217 4.1664
4.1761 4.1553 4.1661
4.1606 4.1394 4.1513
4.2179 4.1867 4.2058
4.1598 3.8228 4.0143
4.2506 4.1904 4.2182
4.1747 4.0457 4.1214
4.1981 4.1579 4.1747
4.2433 4.1765 4.2171
4.2496 3.9876 4.1173
4.1333 4.1040 4.1212
4.2246 4.1226 4.1869
4.0815 3.5858 3.8396
4.0453 3.9993 4.0201
4.2441 4.2016 4.2219
4.2133 4.1715 4.1958
4.2484 4.1986 4.2317
4.2220 4.1762 4.1920
4.2192 4.2086 4.2147
4.2393 4.1746 4.2118
4.2237 4.0622 4.1578
4.2412 4.1825 4.2113
4.2228 4.1937 4.2088
4.2176 4.1447 4.1883
4.2250 4.1326 4.1646
4.2282 4.0528 4.1320
4.2385 4.0560 4.1354
4.1795 4.1033 4.1343
4.2453 4.2230 4.2326
4.2329 4.2239 4.2295
4.2471 4.2230 4.2382
4.2518 4.1857 4.2204
4.2162 4.1721 4.1985
4.2257 4.2142 4.2205
4.2415 4.2107 4.2274
4.1535 4.0901 4.1287
4.2368 4.1159 4.1733
4.2429 4.2133 4.2272
4.2219 4.1751 4.1982
4.2501 4.1235 4.1800
4.2109 4.1207 4.1651
4.1366 3.9695 4.0739
4.2019 4.1649 4.1883
4.2443 4.1625 4.1935
4.2491 4.2308 4.2382
4.2404 4.2338 4.2363
4.2453 4.2385 4.2419
4.2522 4.2493 4.2507
4.2507 4.2478 4.2493
4.2537 4.2522 4.2531
4.2534 4.2410 4.2453
4.2538 4.2499 4.2515
4.2538 4.2534 4.2536
4.2536 4.2509 4.2521
4.2539 4.2514 4.2530
4.2530 4.2503 4.2520
4.2526 4.2510 4.2519
4.2519 4.2462 4.2493
4.2506 4.2502 4.2504
4.2532 4.2514 4.2526
4.2538 4.2509 4.2524
4.2529 4.2521 4.2526
4.2528 4.2518 4.2522
4.2531 4.2511 4.2521
4.2538 4.2524 4.2530
4.2530 4.2523 4.2527
4.2533 4.2527 4.2529
4.2533 4.2531 4.2532
4.2538 4.2534 4.2536
4.2538 4.2534 4.2536
4.2539 4.2537 4.2537
4.2537 4.2536 4.2537
4.2538 4.2538 4.2538
4.2537 4.2537 4.2537
4.2538 4.2538 4.2538
4.2539 4.2538 4.2539
4.2539 4.2539 4.2539
4.2539 4.2539 4.2539
4.2539 4.2539 4.2539
4.2539 4.2539 4.2539
