3.6715 2.0163 2.8439
3.6715 3.3274 3.4995
3.9993 3.7046 3.8519
3.9993 3.7046 3.8519
4.2366 4.0199 4.1283
4.2366 4.1598 4.1982
4.2514 4.2366 4.2440
4.2514 4.2366 4.2440
4.2514 4.2366 4.2440
4.2514 4.2366 4.2440
4.2514 4.2366 4.2440
4.2514 4.2366 4.2440
4.2514 4.2366 4.2440
4.2514 4.2509 4.2511
4.2514 4.2509 4.2511
4.2514 4.2509 4.2511
4.2514 4.2509 4.2511
4.2514 4.2509 4.2511
4.2514 4.2509 4.2511
4.2514 4.2509 4.2511
4.2514 4.2509 4.2511
4.2514 4.2509 4.2511
4.2514 4.2509 4.2511
4.2514 4.2509 4.2511
4.2514 4.2509 4.2511
4.2514 4.2509 4.2511
4.2514 4.2509 4.2511
4.2514 4.2509 4.2511
4.2514 4.2509 4.2511
4.2514 4.2509 4.2511
4.2514 4.2509 4.2511
4.2514 4.2509 4.2511
4.2514 4.2509 4.2511
4.2514 4.2509 4.2511
4.2514 4.2509 4.2511
4.2514 4.2509 4.2511
4.2530 4.2514 4.2522
4.2530 4.2514 4.2522
4.2530 4.2514 4.2522
4.2530 4.2514 4.2522
4.2530 4.2514 4.2522
4.2530 4.2514 4.2522
4.2530 4.2514 4.2522
4.2530 4.2514 4.2522
4.2530 4.2514 4.2522
4.2530 4.2514 4.2522
4.2530 4.2514 4.2522
4.2530 4.2514 4.2522
4.2530 4.2514 4.2522
4.2530 4.2514 4.2522
4.2530 4.2514 4.2522
4.2530 4.2514 4.2522
4.2530 4.2514 4.2522
4.2530 4.2514 4.2522
4.2530 4.2514 4.2522
4.2530 4.2514 4.2522
4.2530 4.2514 4.2522
4.2530 4.2514 4.2522
4.2530 4.2514 4.2522
4.2530 4.2514 4.2522
4.2530 4.2514 4.2522
4.2530 4.2514 4.2522
4.2530 4.2514 4.2522
4.2530 4.2514 4.2522
4.2530 4.2514 4.2522
4.2530 4.2514 4.2522
4.2530 4.2514 4.2522
4.2530 4.2514 4.2522
4.2530 4.2514 4.2522
4.2530 4.2514 4.2522
4.2530 4.2514 4.2522
4.2530 4.2514 4.2522
4.2530 4.2514 4.2522
4.2530 4.2514 4.2522
4.2530 4.2514 4.2522
4.2530 4.2514 4.2522
4.2530 4.2514 4.2522
