2.5481 2.4572 2.5027
3.1124 2.7522 2.9323
3.1124 3.0736 3.0930
4.0196 3.1124 3.5660
4.1784 4.0196 4.0990
4.1784 4.0196 4.0990
4.1784 4.0196 4.0990
4.1784 4.0196 4.0990
4.1784 4.0196 4.0990
4.1784 4.1095 4.1440
4.1784 4.1095 4.1440
4.1784 4.1095 4.1440
4.1784 4.1095 4.1440
4.1970 4.1784 4.1877
4.1970 4.1784 4.1877
4.1970 4.1965 4.1967
4.1970 4.1965 4.1967
4.1970 4.1965 4.1967
4.1970 4.1965 4.1967
4.1970 4.1965 4.1967
4.1970 4.1965 4.1967
4.1970 4.1965 4.1967
4.2091 4.1970 4.2030
4.2091 4.1975 4.2033
4.2091 4.1975 4.2033
4.2091 4.1975 4.2033
4.2238 4.2091 4.2165
4.2238 4.2229 4.2234
4.2238 4.2229 4.2234
4.2418 4.2330 4.2374
4.2418 4.2330 4.2374
4.2418 4.2330 4.2374
4.2470 4.2418 4.2444
4.2470 4.2418 4.2444
4.2470 4.2418 4.2444
4.2470 4.2418 4.2444
4.2470 4.2418 4.2444
4.2470 4.2418 4.2444
4.2470 4.2418 4.2444
4.2470 4.2418 4.2444
4.2470 4.2418 4.2444
4.2470 4.2418 4.2444
4.2470 4.2418 4.2444
4.2500 4.2470 4.2485
4.2500 4.2470 4.2485
4.2500 4.2470 4.2485
4.2500 4.2470 4.2485
4.2500 4.2477 4.2489
4.2500 4.2477 4.2489
4.2500 4.2492 4.2496
4.2506 4.2500 4.2503
4.2506 4.2500 4.2503
4.2506 4.2500 4.2503
4.2506 4.2500 4.2503
4.2506 4.2500 4.2503
4.2506 4.2500 4.2503
4.2506 4.2500 4.2503
4.2506 4.2500 4.2503
4.2529 4.2506 4.2517
4.2529 4.2506 4.2517
4.2529 4.2506 4.2517
4.2529 4.2520 4.2525
4.2529 4.2527 4.2528
4.2537 4.2529 4.2533
4.2537 4.2529 4.2533
4.2537 4.2536 4.2536
4.2537 4.2536 4.2536
4.2537 4.2536 4.2536
4.2537 4.2536 4.2536
4.2537 4.2536 4.2536
4.2537 4.2536 4.2536
4.2537 4.2536 4.2536
4.2537 4.2536 4.2536
4.2539 4.2537 4.2538
4.2539 4.2537 4.2538
4.2539 4.2537 4.2538
4.2539 4.2538 4.2538
