1.7618 1.4420 1.5784
2.6523 1.6550 2.0022
2.6401 2.3046 2.4941
3.1054 2.5691 2.7966
2.7477 2.3553 2.4885
2.7158 2.5301 2.6451
2.7489 2.5728 2.6542
3.7091 2.9000 3.2739
3.3174 3.1523 3.2118
3.1683 3.0503 3.1111
3.5981 3.2153 3.3548
4.0237 3.1398 3.4576
3.1253 3.0331 3.0830
2.7699 2.6883 2.7354
2.5893 2.4178 2.4760
3.5739 2.9954 3.2373
3.1759 2.8985 3.0357
3.1704 3.0820 3.1389
3.2316 3.0935 3.1497
3.2436 3.1244 3.1944
3.2477 3.1892 3.2282
3.7465 3.2025 3.3969
3.2373 3.1833 3.2015
3.0820 2.9942 3.0328
3.1253 2.8362 3.0038
3.2362 3.2225 3.2312
3.2554 3.2328 3.2462
3.2535 3.1481 3.2141
3.2446 3.2131 3.2310
3.2359 3.1842 3.2092
3.2507 3.1930 3.2273
3.2010 3.1626 3.1819
3.2392 3.2188 3.2311
3.2500 3.2133 3.2295
3.2537 3.2231 3.2380
3.2552 3.2401 3.2482
3.2310 3.1938 3.2175
3.2462 3.2123 3.2297
3.2260 3.1669 3.1904
3.2484 3.2045 3.2255
3.2534 3.2300 3.2440
3.2522 3.2439 3.2487
3.2492 3.1948 3.2174
3.2502 3.2305 3.2380
3.2490 3.2444 3.2468
3.2556 3.2545 3.2550
3.2562 3.2455 3.2513
3.2565 3.2527 3.2541
3.2568 3.2516 3.2534
3.2566 3.2559 3.2564
3.2562 3.2544 3.2554
3.2568 3.2565 3.2567
3.2567 3.2566 3.2567
3.2569 3.2568 3.2569
3.2569 3.2565 3.2567
3.2569 3.2568 3.2569
3.2569 3.2566 3.2567
3.2569 3.2567 3.2567
3.2569 3.2567 3.2568
3.2569 3.2568 3.2569
3.2569 3.2569 3.2569
3.2569 3.2569 3.2569
3.2569 3.2569 3.2569
3.2569 3.2569 3.2569
3.2569 3.2569 3.2569
3.2569 3.2569 3.2569
3.2569 3.2569 3.2569
3.2569 3.2569 3.2569
3.2569 3.2569 3.2569
3.2569 3.2569 3.2569
3.2569 3.2569 3.2569
3.2569 3.2569 3.2569
3.2569 3.2569 3.2569
3.2569 3.2569 3.2569
3.2569 3.2569 3.2569
3.2569 3.2569 3.2569
3.2569 3.2569 3.2569
3.2569 3.2569 3.2569
3.2569 3.2569 3.2569
3.2569 3.2569 3.2569
3.2569 3.2569 3.2569
3.2569 3.2569 3.2569
3.2569 3.2569 3.2569
3.2569 3.2569 3.2569
3.2569 3.2569 3.2569
3.2569 3.2569 3.2569
3.2569 3.2569 3.2569
3.2569 3.2569 3.2569
3.2569 3.2569 3.2569
3.2569 3.2569 3.2569
3.2569 3.2569 3.2569
3.2569 3.2569 3.2569
3.2569 3.2569 3.2569
3.2569 3.2569 3.2569
3.2569 3.2569 3.2569
3.2569 3.2569 3.2569
3.2569 3.2569 3.2569
3.2569 3.2569 3.2569
3.2569 3.2569 3.2569
3.2569 3.2569 3.2569
