3.2528 2.7230 2.9879
3.4672 3.1846 3.3259
3.3261 3.2886 3.3074
3.4967 2.8713 3.1840
3.2078 3.0427 3.1252
3.0650 3.0309 3.0479
3.2301 2.7301 2.9801
4.0822 3.7445 3.9134
3.6911 2.9756 3.3333
3.6899 3.4782 3.5840
3.5521 3.4993 3.5257
3.7084 3.6250 3.6667
3.7028 3.5269 3.6148
3.7069 3.6950 3.7009
3.7271 3.6833 3.7052
3.7440 3.7141 3.7290
3.7404 3.7315 3.7359
3.7538 3.7441 3.7490
3.7190 3.7102 3.7146
3.7464 3.7460 3.7462
3.7543 3.7328 3.7436
3.7356 3.6828 3.7092
3.7504 3.7309 3.7406
3.7455 3.7416 3.7436
3.7471 3.7400 3.7436
3.7528 3.7488 3.7508
3.7501 3.7458 3.7480
3.7527 3.7492 3.7509
3.7492 3.7396 3.7444
3.7543 3.7496 3.7520
3.7546 3.7496 3.7521
3.7526 3.7510 3.7518
3.7546 3.7543 3.7545
3.7536 3.7500 3.7518
3.7532 3.7525 3.7528
3.7546 3.7543 3.7545
3.7547 3.7547 3.7547
3.7547 3.7547 3.7547
3.7546 3.7544 3.7545
3.7547 3.7547 3.7547
3.7547 3.7547 3.7547
3.7547 3.7546 3.7547
3.7546 3.7546 3.7546
3.7540 3.7538 3.7539
3.7545 3.7545 3.7545
3.7547 3.7546 3.7546
3.7543 3.7539 3.7541
3.7546 3.7545 3.7546
3.7545 3.7540 3.7542
3.7532 3.7525 3.7528
3.7534 3.7506 3.7520
3.7542 3.7541 3.7541
3.7531 3.7527 3.7529
3.7545 3.7544 3.7544
3.7546 3.7541 3.7543
3.7547 3.7545 3.7546
3.7546 3.7543 3.7544
3.7545 3.7545 3.7545
3.7546 3.7546 3.7546
3.7547 3.7546 3.7546
3.7547 3.7547 3.7547
3.7546 3.7546 3.7546
3.7547 3.7547 3.7547
3.7547 3.7547 3.7547
3.7547 3.7547 3.7547
3.7547 3.7547 3.7547
3.7547 3.7547 3.7547
3.7547 3.7547 3.7547
3.7547 3.7547 3.7547
3.7547 3.7547 3.7547
3.7547 3.7547 3.7547
3.7547 3.7547 3.7547
3.7547 3.7547 3.7547
3.7547 3.7547 3.7547
3.7547 3.7547 3.7547
3.7547 3.7547 3.7547
3.7547 3.7547 3.7547
