2.1490 1.7598 1.9544
2.8874 2.1311 2.5093
2.7156 2.6167 2.6662
2.9464 2.9041 2.9252
2.9221 2.8638 2.8929
3.9187 3.4816 3.7001
2.5851 2.4532 2.5192
3.2319 2.9730 3.1024
3.4679 3.4015 3.4347
3.7705 3.3017 3.5361
3.2986 2.5477 2.9231
3.4281 2.6958 3.0620
3.8203 3.4983 3.6593
3.6164 3.1449 3.3807
3.5618 3.5575 3.5597
3.4735 3.1713 3.3224
4.2334 4.1970 4.2152
4.1820 4.1679 4.1750
4.0917 4.0578 4.0748
4.1535 4.1413 4.1474
4.2529 4.2492 4.2511
4.2390 4.0563 4.1477
4.2310 4.2205 4.2258
4.2232 4.1866 4.2049
4.2323 4.1805 4.2064
4.2516 4.2477 4.2496
4.2491 4.2408 4.2449
4.2389 4.2349 4.2369
4.2451 4.2411 4.2431
4.2527 4.2507 4.2517
4.2525 4.2495 4.2510
4.2536 4.2509 4.2522
4.2537 4.2535 4.2536
4.2535 4.2533 4.2534
4.2539 4.2538 4.2539
4.2538 4.2535 4.2536
4.2538 4.2538 4.2538
4.2539 4.2538 4.2539
4.2537 4.2537 4.2537
4.2539 4.2539 4.2539
4.2538 4.2538 4.2538
4.2539 4.2539 4.2539
4.2539 4.2539 4.2539
4.2539 4.2539 4.2539
4.2539 4.2539 4.2539
4.2539 4.2539 4.2539
4.2539 4.2539 4.2539
4.2539 4.2539 4.2539
4.2539 4.2539 4.2539
4.2539 4.2539 4.2539
4.2539 4.2539 4.2539
4.2539 4.2539 4.2539
4.2539 4.2539 4.2539
4.2539 4.2539 4.2539
4.2539 4.2539 4.2539
4.2539 4.2539 4.2539
4.2539 4.2539 4.2539
4.2539 4.2539 4.2539
4.2539 4.2539 4.2539
4.2539 4.2539 4.2539
4.2539 4.2539 4.2539
4.2539 4.2539 4.2539
4.2539 4.2539 4.2539
4.2539 4.2539 4.2539
4.2539 4.2539 4.2539
4.2539 4.2539 4.2539
4.2539 4.2539 4.2539
4.2539 4.2539 4.2539
4.2539 4.2539 4.2539
4.2539 4.2539 4.2539
4.2539 4.2539 4.2539
4.2539 4.2539 4.2539
4.2539 4.2539 4.2539
4.2539 4.2539 4.2539
4.2539 4.2539 4.2539
4.2539 4.2539 4.2539
4.2539 4.2539 4.2539
