2.2452 1.7484 1.9431
2.7120 2.1788 2.4686
2.7212 2.6166 2.6663
2.5895 2.4781 2.5333
3.1469 2.5348 2.7539
3.2520 2.7347 2.9543
2.9787 2.6701 2.8624
3.0281 2.1467 2.7181
2.7960 2.3868 2.5682
2.7549 2.4476 2.5557
2.7345 2.4656 2.6263
2.8826 2.6943 2.7780
3.1673 3.0190 3.0879
2.8049 2.6035 2.6930
2.5111 2.2689 2.3986
2.5345 2.2736 2.4413
2.6265 2.1270 2.3326
3.1827 2.3452 2.6331
2.6754 2.0443 2.3279
2.7318 2.6329 2.6763
2.5573 2.3465 2.4674
3.1230 2.7646 2.9566
3.1934 2.7620 2.9458
3.1646 3.0044 3.0996
3.0563 2.6545 2.8269
3.2440 3.1941 3.2109
3.2551 3.2023 3.2328
3.2485 3.1742 3.2114
3.2269 3.1934 3.2090
3.2276 3.1034 3.1856
3.2559 3.1793 3.2163
3.2439 3.2200 3.2295
3.1500 3.0504 3.1108
3.2293 2.9587 3.0553
3.2545 3.1433 3.2020
3.2521 3.1543 3.1960
3.2330 3.1693 3.2030
3.2491 3.1810 3.2230
3.2061 3.1916 3.1990
3.2328 3.2192 3.2278
3.2467 3.2171 3.2304
3.2508 3.2424 3.2479
3.2566 3.2469 3.2509
3.2522 3.2515 3.2520
3.2502 3.2486 3.2492
3.2569 3.2555 3.2562
3.2547 3.2534 3.2541
3.2568 3.2563 3.2566
3.2563 3.2551 3.2558
3.2565 3.2556 3.2562
3.2561 3.2548 3.2555
3.2560 3.2523 3.2537
3.2569 3.2530 3.2546
3.2469 3.2348 3.2421
3.2494 3.2299 3.2409
3.2389 3.2307 3.2352
3.2451 3.2327 3.2396
3.2568 3.2550 3.2560
3.2561 3.2528 3.2542
3.2568 3.2548 3.2561
3.2569 3.2568 3.2568
3.2569 3.2555 3.2562
3.2562 3.2558 3.2560
3.2565 3.2541 3.2557
3.2557 3.2548 3.2552
3.2568 3.2565 3.2567
3.2567 3.2562 3.2565
3.2569 3.2561 3.2564
3.2562 3.2557 3.2559
3.2556 3.2550 3.2552
3.2564 3.2553 3.2558
3.2558 3.2496 3.2531
3.2565 3.2555 3.2560
3.2564 3.2558 3.2561
3.2563 3.2553 3.2557
3.2569 3.2562 3.2566
3.2568 3.2567 3.2568
3.2569 3.2565 3.2567
3.2568 3.2561 3.2564
3.2566 3.2565 3.2565
3.2569 3.2557 3.2563
3.2569 3.2564 3.2567
3.2569 3.2567 3.2568
3.2569 3.2564 3.2567
3.2569 3.2569 3.2569
3.2569 3.2568 3.2569
3.2569 3.2567 3.2568
3.2569 3.2554 3.2563
3.2567 3.2565 3.2566
3.2569 3.2563 3.2566
3.2569 3.2566 3.2567
3.2569 3.2568 3.2569
3.2569 3.2569 3.2569
3.2569 3.2569 3.2569
3.2569 3.2568 3.2569
3.2569 3.2569 3.2569
3.2569 3.2569 3.2569
3.2569 3.2569 3.2569
3.2569 3.2569 3.2569
3.2569 3.2569 3.2569
