1.9964 1.9881 1.9923
2.8778 2.6691 2.7734
3.0740 2.8838 2.9789
3.9386 3.6476 3.7931
3.9386 3.8122 3.8754
3.9386 3.8869 3.9127
3.9386 3.8869 3.9127
4.1432 3.9386 4.0409
4.1432 3.9386 4.0409
4.1432 3.9386 4.0409
4.1432 3.9386 4.0409
4.1432 3.9386 4.0409
4.1432 3.9386 4.0409
4.1432 3.9386 4.0409
4.1432 3.9960 4.0696
4.1432 3.9960 4.0696
4.1432 3.9960 4.0696
4.1432 3.9960 4.0696
4.2043 4.1432 4.1737
4.2043 4.1432 4.1737
4.2043 4.1432 4.1737
4.2043 4.1432 4.1737
4.2043 4.1432 4.1737
4.2043 4.1432 4.1737
4.2043 4.1432 4.1737
4.2043 4.1432 4.1737
4.2043 4.1432 4.1737
4.2043 4.1432 4.1737
4.2043 4.1432 4.1737
4.2043 4.1432 4.1737
4.2043 4.1432 4.1737
4.2043 4.1432 4.1737
4.2458 4.2043 4.2250
4.2458 4.2043 4.2250
4.2458 4.2327 4.2393
4.2458 4.2327 4.2393
4.2458 4.2327 4.2393
4.2458 4.2327 4.2393
4.2458 4.2327 4.2393
4.2458 4.2327 4.2393
4.2458 4.2327 4.2393
4.2458 4.2327 4.2393
4.2458 4.2327 4.2393
4.2458 4.2327 4.2393
4.2458 4.2327 4.2393
4.2458 4.2327 4.2393
4.2458 4.2327 4.2393
4.2458 4.2327 4.2393
4.2458 4.2327 4.2393
4.2458 4.2327 4.2393
4.2458 4.2327 4.2393
4.2458 4.2372 4.2415
4.2537 4.2458 4.2498
4.2537 4.2458 4.2498
4.2537 4.2458 4.2498
4.2537 4.2458 4.2498
4.2537 4.2458 4.2498
4.2537 4.2458 4.2498
4.2537 4.2458 4.2498
4.2537 4.2458 4.2498
4.2537 4.2458 4.2498
4.2537 4.2458 4.2498
4.2537 4.2458 4.2498
4.2537 4.2458 4.2498
4.2537 4.2458 4.2498
4.2537 4.2458 4.2498
4.2537 4.2458 4.2498
4.2537 4.2458 4.2498
4.2537 4.2458 4.2498
4.2537 4.2458 4.2498
4.2537 4.2458 4.2498
4.2537 4.2458 4.2498
4.2537 4.2458 4.2498
4.2537 4.2458 4.2498
4.2537 4.2458 4.2498
4.2537 4.2458 4.2498
4.2537 4.2458 4.2498
