2.1211 1.8952 2.0274
3.4267 2.8034 3.0795
3.9680 3.3980 3.6958
2.7865 2.1610 2.4313
3.5732 3.4132 3.4813
3.3030 3.1094 3.1903
3.9304 2.6980 3.3372
4.1687 3.6892 3.8499
3.7029 3.6747 3.6844
3.7808 3.6755 3.7224
4.1867 3.6321 3.8807
4.2462 4.1071 4.1633
4.2447 3.7641 4.0115
4.2489 4.1240 4.1682
4.1815 4.1579 4.1730
4.2049 4.1854 4.1939
4.2525 4.2143 4.2283
4.2526 4.2259 4.2358
4.2514 4.2438 4.2483
4.2492 4.2301 4.2416
4.2510 4.2485 4.2501
4.2498 4.2319 4.2402
4.2516 4.2490 4.2502
4.2329 4.2193 4.2255
4.2464 4.2310 4.2397
4.2529 4.2482 4.2509
4.2533 4.2473 4.2500
4.2531 4.2509 4.2520
4.2501 4.2439 4.2467
4.2440 4.2417 4.2428
4.2534 4.2449 4.2504
4.2500 4.2488 4.2492
4.2533 4.2403 4.2486
4.2512 4.2475 4.2496
4.2535 4.2527 4.2531
4.2525 4.2510 4.2519
4.2532 4.2518 4.2525
4.2538 4.2519 4.2526
4.2534 4.2524 4.2530
4.2533 4.2529 4.2531
4.2529 4.2499 4.2510
4.2531 4.2512 4.2524
4.2537 4.2505 4.2525
4.2538 4.2527 4.2533
4.2535 4.2518 4.2527
4.2537 4.2530 4.2533
4.2537 4.2531 4.2535
4.2536 4.2534 4.2535
4.2538 4.2536 4.2537
4.2538 4.2538 4.2538
4.2538 4.2536 4.2537
4.2533 4.2528 4.2531
4.2537 4.2537 4.2537
4.2538 4.2538 4.2538
4.2539 4.2537 4.2538
4.2539 4.2537 4.2538
4.2538 4.2538 4.2538
4.2539 4.2539 4.2539
4.2539 4.2539 4.2539
4.2539 4.2539 4.2539
4.2539 4.2539 4.2539
4.2539 4.2539 4.2539
4.2539 4.2539 4.2539
4.2539 4.2539 4.2539
4.2539 4.2539 4.2539
4.2539 4.2539 4.2539
4.2539 4.2539 4.2539
4.2539 4.2539 4.2539
4.2539 4.2539 4.2539
4.2539 4.2539 4.2539
4.2539 4.2539 4.2539
4.2539 4.2539 4.2539
4.2539 4.2539 4.2539
4.2539 4.2539 4.2539
4.2539 4.2539 4.2539
4.2539 4.2539 4.2539
4.2539 4.2539 4.2539
4.2539 4.2539 4.2539
4.2539 4.2539 4.2539
4.2539 4.2539 4.2539
4.2539 4.2539 4.2539
4.2539 4.2539 4.2539
4.2539 4.2539 4.2539
4.2539 4.2539 4.2539
4.2539 4.2539 4.2539
4.2539 4.2539 4.2539
4.2539 4.2539 4.2539
4.2539 4.2539 4.2539
4.2539 4.2539 4.2539
4.2539 4.2539 4.2539
4.2539 4.2539 4.2539
4.2539 4.2539 4.2539
4.2539 4.2539 4.2539
4.2539 4.2539 4.2539
4.2539 4.2539 4.2539
4.2539 4.2539 4.2539
4.2539 4.2539 4.2539
4.2539 4.2539 4.2539
4.2539 4.2539 4.2539
4.2539 4.2539 4.2539
