2.1845 1.6434 1.8556
2.1619 1.7544 1.9261
1.9422 1.5900 1.7489
1.8488 1.6751 1.7386
1.8160 1.6368 1.7025
2.5146 2.2328 2.4052
2.7505 2.5806 2.6813
2.6931 2.3957 2.5816
3.1764 2.6036 2.8220
2.9791 2.1705 2.5022
2.4310 2.2676 2.3603
3.0577 2.7999 2.9001
3.1079 2.7224 2.8698
3.1298 3.0874 3.1020
3.1860 2.9474 3.0824
3.2480 3.2420 3.2446
3.2169 3.2037 3.2107
3.2468 3.2388 3.2418
3.2547 3.2494 3.2514
3.2457 3.2294 3.2354
3.2549 3.2264 3.2428
3.2372 3.2311 3.2335
3.2542 3.2516 3.2532
3.2530 3.2476 3.2506
3.2567 3.2487 3.2517
3.2561 3.2486 3.2518
3.2560 3.2548 3.2552
3.2569 3.2568 3.2569
3.2566 3.2566 3.2566
3.2569 3.2563 3.2566
3.2567 3.2566 3.2567
3.2568 3.2567 3.2567
3.2568 3.2566 3.2567
3.2569 3.2567 3.2568
3.2569 3.2569 3.2569
3.2569 3.2564 3.2567
3.2567 3.2558 3.2562
3.2569 3.2567 3.2568
3.2569 3.2565 3.2567
3.2569 3.2568 3.2569
3.2569 3.2569 3.2569
3.2567 3.2565 3.2566
3.2569 3.2569 3.2569
3.2569 3.2569 3.2569
3.2569 3.2569 3.2569
3.2569 3.2569 3.2569
3.2569 3.2569 3.2569
3.2569 3.2569 3.2569
3.2569 3.2569 3.2569
3.2569 3.2569 3.2569
3.2569 3.2569 3.2569
3.2569 3.2569 3.2569
3.2569 3.2569 3.2569
3.2569 3.2569 3.2569
3.2569 3.2569 3.2569
3.2569 3.2569 3.2569
3.2569 3.2569 3.2569
3.2569 3.2569 3.2569
3.2569 3.2569 3.2569
3.2569 3.2569 3.2569
3.2569 3.2569 3.2569
3.2569 3.2569 3.2569
3.2569 3.2569 3.2569
3.2569 3.2569 3.2569
3.2569 3.2569 3.2569
3.2569 3.2569 3.2569
3.2569 3.2569 3.2569
3.2569 3.2569 3.2569
3.2569 3.2569 3.2569
3.2569 3.2569 3.2569
3.2569 3.2569 3.2569
3.2569 3.2569 3.2569
3.2569 3.2569 3.2569
3.2569 3.2569 3.2569
3.2569 3.2569 3.2569
3.2569 3.2569 3.2569
3.2569 3.2569 3.2569
3.2569 3.2569 3.2569
3.2569 3.2569 3.2569
3.2569 3.2569 3.2569
3.2569 3.2569 3.2569
3.2569 3.2569 3.2569
3.2569 3.2569 3.2569
3.2569 3.2569 3.2569
3.2569 3.2569 3.2569
3.2569 3.2569 3.2569
3.2569 3.2569 3.2569
3.2569 3.2569 3.2569
3.2569 3.2569 3.2569
3.2569 3.2569 3.2569
3.2569 3.2569 3.2569
3.2569 3.2569 3.2569
3.2569 3.2569 3.2569
3.2569 3.2569 3.2569
3.2569 3.2569 3.2569
3.2569 3.2569 3.2569
3.2569 3.2569 3.2569
3.2569 3.2569 3.2569
3.2569 3.2569 3.2569
3.2569 3.2569 3.2569
