2.7281 2.0652 2.3302
3.1636 2.5735 2.8135
2.6854 2.4806 2.5594
2.7715 2.4638 2.5686
3.1188 2.6112 2.7961
3.5636 2.7038 3.2446
3.3101 2.5433 3.0229
3.3669 3.0006 3.2324
3.3563 2.9676 3.1598
3.3090 2.8588 3.0844
3.8091 3.6028 3.6895
3.9364 3.4861 3.6718
3.7304 2.8812 3.2734
4.1012 3.4777 3.8342
3.8371 3.5633 3.7309
3.5713 2.9839 3.3648
3.9360 2.5957 3.2771
4.0655 3.4900 3.6932
4.1685 3.4385 3.7643
4.1089 3.3766 3.6385
4.1344 3.9844 4.0452
3.9972 3.7693 3.9106
4.2269 4.1231 4.1793
4.2052 4.1101 4.1484
4.2515 4.1883 4.2228
4.2380 4.1668 4.2114
4.2462 4.1853 4.2236
4.1706 3.8492 4.0496
4.2489 4.2362 4.2444
4.2003 4.1778 4.1872
4.2372 4.1803 4.2029
4.2163 4.1714 4.1979
4.2527 4.1737 4.2229
4.2378 4.1856 4.2187
4.2531 4.2158 4.2295
4.2033 4.1611 4.1763
4.2390 4.2203 4.2270
4.2272 4.2091 4.2201
4.2483 4.2171 4.2314
4.2331 4.0323 4.1224
4.2514 4.1773 4.2137
4.2374 4.1861 4.2099
4.2392 4.2173 4.2249
4.2520 4.2277 4.2401
4.2381 4.2038 4.2254
4.2444 4.1973 4.2218
4.2511 4.2105 4.2359
4.2516 4.2232 4.2384
4.2499 4.2273 4.2387
4.1961 4.1773 4.1855
4.2415 4.2004 4.2185
4.2274 4.1905 4.2117
4.2481 4.2054 4.2304
4.2452 4.2294 4.2389
4.1600 3.9406 4.0141
4.2447 4.1553 4.1861
4.2021 4.1711 4.1869
4.2483 3.8562 4.0699
4.1770 3.9136 4.0547
4.1174 3.7258 3.9388
4.2005 3.6665 3.8530
4.2208 3.9253 4.0744
4.2408 4.0446 4.1439
3.9435 3.7816 3.8801
4.1913 3.5429 3.9406
4.0512 3.9543 4.0169
4.2438 4.2004 4.2292
4.2314 3.8177 3.9724
4.0035 3.7940 3.8789
4.0694 3.9737 4.0265
4.2488 4.1530 4.2081
4.2109 4.1653 4.1899
4.2482 4.2195 4.2336
4.1594 3.9901 4.0665
4.1999 4.1599 4.1803
4.2345 4.0948 4.1632
4.2515 4.1455 4.1834
4.2251 4.1795 4.2096
4.2536 4.2259 4.2358
4.2494 4.2205 4.2340
4.2451 4.2351 4.2394
4.2396 4.2090 4.2229
4.2397 4.2263 4.2310
4.2400 4.1851 4.2183
4.2452 4.2135 4.2299
4.2283 4.2065 4.2178
4.2470 4.2057 4.2258
4.2279 4.2023 4.2151
4.2532 4.2491 4.2516
4.2532 4.2528 4.2530
4.2534 4.2454 4.2490
4.2537 4.2498 4.2520
4.2493 4.2446 4.2471
4.2519 4.2356 4.2414
4.2498 4.2396 4.2431
4.2519 4.2387 4.2472
4.2492 4.2347 4.2442
4.2467 4.2318 4.2400
4.2446 4.2411 4.2424
4.2535 4.2525 4.2531
