2.0382 2.0175 2.0278
2.1760 2.1373 2.1567
2.1760 2.1373 2.1567
2.1760 2.1373 2.1567
2.1760 2.1373 2.1567
2.1760 2.1373 2.1567
2.1760 2.1373 2.1567
2.1760 2.1373 2.1567
2.1760 2.1641 2.1701
2.2566 2.1772 2.2169
2.2566 2.2494 2.2530
2.2566 2.2494 2.2530
2.2566 2.2521 2.2544
2.2566 2.2521 2.2544
2.2566 2.2521 2.2544
2.2591 2.2566 2.2578
2.2591 2.2566 2.2578
2.2591 2.2566 2.2578
2.2591 2.2566 2.2578
2.2591 2.2566 2.2578
2.2591 2.2566 2.2578
2.2591 2.2566 2.2578
2.2591 2.2566 2.2578
2.2591 2.2566 2.2578
2.2591 2.2569 2.2580
2.2591 2.2569 2.2580
2.2591 2.2569 2.2580
2.2591 2.2569 2.2580
2.2591 2.2569 2.2580
2.2591 2.2569 2.2580
2.2591 2.2569 2.2580
2.2591 2.2569 2.2580
2.2591 2.2569 2.2580
2.2591 2.2569 2.2580
2.2591 2.2569 2.2580
2.2591 2.2569 2.2580
2.2591 2.2569 2.2580
2.2591 2.2569 2.2580
2.2591 2.2569 2.2580
2.2591 2.2569 2.2580
2.2591 2.2569 2.2580
2.2591 2.2569 2.2580
2.2591 2.2569 2.2580
2.2591 2.2569 2.2580
2.2591 2.2569 2.2580
2.2591 2.2569 2.2580
2.2591 2.2569 2.2580
2.2591 2.2569 2.2580
2.2591 2.2569 2.2580
2.2591 2.2569 2.2580
2.2591 2.2569 2.2580
2.2591 2.2569 2.2580
2.2591 2.2569 2.2580
2.2591 2.2569 2.2580
2.2591 2.2569 2.2580
2.2591 2.2569 2.2580
2.2591 2.2569 2.2580
2.2591 2.2569 2.2580
2.2591 2.2569 2.2580
2.2591 2.2569 2.2580
2.2591 2.2569 2.2580
2.2591 2.2569 2.2580
2.2591 2.2569 2.2580
2.2591 2.2569 2.2580
2.2591 2.2569 2.2580
2.2591 2.2569 2.2580
2.2591 2.2569 2.2580
2.2591 2.2569 2.2580
2.2591 2.2569 2.2580
2.2591 2.2569 2.2580
2.2591 2.2569 2.2580
2.2591 2.2569 2.2580
2.2591 2.2569 2.2580
2.2591 2.2569 2.2580
2.2591 2.2569 2.2580
2.2591 2.2569 2.2580
2.2591 2.2569 2.2580
