2.1929 2.0842 2.1385
3.0933 2.7476 2.9205
2.6289 2.5249 2.5769
2.7291 2.6578 2.6935
3.0102 2.6775 2.8438
3.1944 3.1924 3.1934
3.1334 3.0401 3.0868
2.9181 2.8423 2.8802
3.6746 3.0540 3.3643
3.7090 3.5938 3.6514
3.7332 3.7064 3.7198
3.6144 3.5957 3.6050
3.7288 3.7156 3.7222
3.7130 3.6712 3.6921
3.7443 3.7158 3.7300
3.7506 3.7471 3.7488
3.7508 3.6582 3.7045
3.7546 3.7544 3.7545
3.7497 3.7436 3.7466
3.7537 3.7514 3.7526
3.7455 3.7378 3.7417
3.7543 3.7475 3.7509
3.7526 3.7520 3.7523
3.7528 3.7505 3.7516
3.7534 3.7524 3.7529
3.7541 3.7539 3.7540
3.7527 3.7480 3.7503
3.7534 3.7489 3.7512
3.7536 3.7528 3.7532
3.7543 3.7527 3.7535
3.7547 3.7540 3.7543
3.7547 3.7539 3.7543
3.7540 3.7539 3.7540
3.7534 3.7531 3.7532
3.7530 3.7515 3.7523
3.7542 3.7541 3.7542
3.7502 3.7496 3.7499
3.7541 3.7433 3.7487
3.7538 3.7532 3.7535
3.7536 3.7525 3.7530
3.7529 3.7525 3.7527
3.7534 3.7532 3.7533
3.7519 3.7512 3.7515
3.7531 3.7528 3.7529
3.7540 3.7539 3.7540
3.7544 3.7534 3.7539
3.7542 3.7537 3.7540
3.7544 3.7530 3.7537
3.7543 3.7543 3.7543
3.7539 3.7529 3.7534
3.7505 3.7499 3.7502
3.7468 3.7463 3.7465
3.7543 3.7518 3.7530
3.7522 3.7520 3.7521
3.7541 3.7527 3.7534
3.7544 3.7544 3.7544
3.7547 3.7546 3.7546
3.7544 3.7544 3.7544
3.7545 3.7545 3.7545
3.7547 3.7546 3.7546
3.7547 3.7545 3.7546
3.7547 3.7542 3.7545
3.7541 3.7532 3.7537
3.7541 3.7540 3.7540
3.7547 3.7547 3.7547
3.7547 3.7547 3.7547
3.7547 3.7547 3.7547
3.7547 3.7547 3.7547
3.7547 3.7547 3.7547
3.7547 3.7547 3.7547
3.7547 3.7547 3.7547
3.7547 3.7547 3.7547
3.7547 3.7547 3.7547
3.7547 3.7547 3.7547
3.7547 3.7547 3.7547
3.7547 3.7547 3.7547
3.7547 3.7547 3.7547
