1.5365 1.5321 1.5343
2.0906 2.0568 2.0737
2.0906 2.0722 2.0814
2.1925 2.0906 2.1416
2.1925 2.0906 2.1416
2.1925 2.0906 2.1416
2.1925 2.0906 2.1416
2.2443 2.1925 2.2184
2.2443 2.1925 2.2184
2.2443 2.1925 2.2184
2.2443 2.1925 2.2184
2.2443 2.1925 2.2184
2.2443 2.2350 2.2397
2.2443 2.2433 2.2438
2.2443 2.2433 2.2438
2.4995 2.2443 2.3719
3.1939 2.5048 2.8494
3.1939 2.5048 2.8494
3.1939 3.1459 3.1699
3.1939 3.1459 3.1699
3.1939 3.1459 3.1699
3.1939 3.1459 3.1699
3.5667 3.1939 3.3803
3.5667 3.2507 3.4087
3.5667 3.2507 3.4087
3.5667 3.2507 3.4087
3.7473 3.5667 3.6570
3.8697 3.7473 3.8085
3.8697 3.7473 3.8085
3.8697 3.7473 3.8085
3.8697 3.7473 3.8085
3.8697 3.7473 3.8085
4.0530 3.8863 3.9697
4.0530 3.9369 3.9949
4.0530 3.9369 3.9949
4.0530 3.9850 4.0190
4.1692 4.1010 4.1351
4.1692 4.1010 4.1351
4.2218 4.1692 4.1955
4.2218 4.1692 4.1955
4.2218 4.1692 4.1955
4.2218 4.1692 4.1955
4.2218 4.1692 4.1955
4.2218 4.1692 4.1955
4.2218 4.1692 4.1955
4.2218 4.1692 4.1955
4.2218 4.1842 4.2030
4.2469 4.2218 4.2343
4.2469 4.2218 4.2343
4.2469 4.2218 4.2343
4.2469 4.2218 4.2343
4.2469 4.2218 4.2343
4.2469 4.2218 4.2343
4.2469 4.2424 4.2446
4.2469 4.2444 4.2456
4.2469 4.2444 4.2456
4.2469 4.2444 4.2456
4.2469 4.2444 4.2456
4.2469 4.2444 4.2456
4.2469 4.2444 4.2456
4.2529 4.2469 4.2499
4.2529 4.2469 4.2499
4.2529 4.2469 4.2499
4.2529 4.2469 4.2499
4.2529 4.2469 4.2499
4.2529 4.2487 4.2508
4.2529 4.2487 4.2508
4.2529 4.2487 4.2508
4.2529 4.2487 4.2508
4.2529 4.2488 4.2509
4.2529 4.2488 4.2509
4.2529 4.2488 4.2509
4.2529 4.2488 4.2509
4.2529 4.2488 4.2509
4.2529 4.2488 4.2509
4.2529 4.2488 4.2509
4.2529 4.2488 4.2509
