1.8633 1.7347 1.7990
2.1344 2.0721 2.1033
3.5156 3.2166 3.3661
4.2008 3.5156 3.8582
4.2008 3.5269 3.8638
4.2008 3.5269 3.8638
4.2008 3.5269 3.8638
4.2008 3.7030 3.9519
4.2008 3.7030 3.9519
4.2008 3.7158 3.9583
4.2085 4.2008 4.2047
4.2085 4.2008 4.2047
4.2394 4.2085 4.2240
4.2394 4.2085 4.2240
4.2394 4.2085 4.2240
4.2394 4.2085 4.2240
4.2394 4.2085 4.2240
4.2394 4.2085 4.2240
4.2448 4.2394 4.2421
4.2448 4.2394 4.2421
4.2448 4.2394 4.2421
4.2448 4.2394 4.2421
4.2448 4.2394 4.2421
4.2448 4.2394 4.2421
4.2448 4.2394 4.2421
4.2448 4.2394 4.2421
4.2448 4.2394 4.2421
4.2448 4.2394 4.2421
4.2448 4.2394 4.2421
4.2448 4.2394 4.2421
4.2448 4.2394 4.2421
4.2448 4.2394 4.2421
4.2448 4.2394 4.2421
4.2448 4.2394 4.2421
4.2448 4.2394 4.2421
4.2448 4.2394 4.2421
4.2448 4.2394 4.2421
4.2448 4.2394 4.2421
4.2448 4.2394 4.2421
4.2448 4.2394 4.2421
4.2448 4.2394 4.2421
4.2448 4.2394 4.2421
4.2448 4.2394 4.2421
4.2448 4.2394 4.2421
4.2448 4.2394 4.2421
4.2448 4.2394 4.2421
4.2448 4.2394 4.2421
4.2448 4.2394 4.2421
4.2448 4.2394 4.2421
4.2448 4.2394 4.2421
4.2448 4.2394 4.2421
4.2448 4.2394 4.2421
4.2448 4.2394 4.2421
4.2448 4.2394 4.2421
4.2448 4.2394 4.2421
4.2448 4.2394 4.2421
4.2448 4.2394 4.2421
4.2448 4.2394 4.2421
4.2448 4.2394 4.2421
4.2448 4.2394 4.2421
4.2448 4.2394 4.2421
4.2448 4.2394 4.2421
4.2448 4.2394 4.2421
4.2448 4.2394 4.2421
4.2448 4.2394 4.2421
4.2448 4.2394 4.2421
4.2448 4.2394 4.2421
4.2448 4.2394 4.2421
4.2448 4.2394 4.2421
4.2448 4.2394 4.2421
4.2448 4.2394 4.2421
4.2448 4.2394 4.2421
4.2448 4.2394 4.2421
4.2448 4.2394 4.2421
4.2448 4.2394 4.2421
4.2448 4.2394 4.2421
4.2448 4.2394 4.2421
