2.5507 2.4389 2.4948
2.5507 2.4774 2.5140
2.7473 2.6488 2.6981
2.7473 2.7271 2.7372
2.9859 2.7473 2.8666
2.9859 2.7473 2.8666
2.9859 2.9127 2.9493
2.9859 2.9813 2.9836
2.9859 2.9813 2.9836
3.1127 3.0391 3.0759
3.1127 3.0391 3.0759
3.1127 3.0391 3.0759
3.2395 3.1127 3.1761
3.2395 3.1205 3.1800
3.2435 3.2395 3.2415
3.2435 3.2395 3.2415
3.2435 3.2395 3.2415
3.2435 3.2395 3.2415
3.2435 3.2408 3.2422
3.2556 3.2538 3.2547
3.2556 3.2538 3.2547
3.2556 3.2538 3.2547
3.2556 3.2538 3.2547
3.2556 3.2538 3.2547
3.2556 3.2538 3.2547
3.2556 3.2538 3.2547
3.2556 3.2538 3.2547
3.2556 3.2538 3.2547
3.2556 3.2538 3.2547
3.2556 3.2538 3.2547
3.2556 3.2538 3.2547
3.2556 3.2538 3.2547
3.2556 3.2538 3.2547
3.2556 3.2538 3.2547
3.2556 3.2538 3.2547
3.2556 3.2538 3.2547
3.2556 3.2538 3.2547
3.2556 3.2538 3.2547
3.2556 3.2543 3.2550
3.2556 3.2543 3.2550
3.2568 3.2556 3.2562
3.2568 3.2556 3.2562
3.2568 3.2556 3.2562
3.2568 3.2556 3.2562
3.2568 3.2556 3.2562
3.2568 3.2556 3.2562
3.2568 3.2556 3.2562
3.2568 3.2558 3.2563
3.2568 3.2558 3.2563
3.2568 3.2558 3.2563
3.2568 3.2558 3.2563
3.2568 3.2558 3.2563
3.2569 3.2568 3.2569
3.2569 3.2568 3.2569
3.2569 3.2568 3.2569
3.2569 3.2568 3.2569
3.2569 3.2568 3.2569
3.2569 3.2568 3.2569
3.2569 3.2568 3.2569
3.2569 3.2568 3.2569
3.2569 3.2568 3.2569
3.2569 3.2568 3.2569
3.2569 3.2568 3.2569
3.2569 3.2568 3.2569
3.2569 3.2568 3.2569
3.2569 3.2568 3.2569
3.2569 3.2568 3.2569
3.2569 3.2568 3.2569
3.2569 3.2568 3.2569
3.2569 3.2568 3.2569
3.2569 3.2568 3.2569
3.2569 3.2568 3.2569
3.2569 3.2568 3.2569
3.2569 3.2568 3.2569
3.2569 3.2568 3.2569
3.2569 3.2568 3.2569
3.2569 3.2568 3.2569
