1.8490 1.8031 1.8260
2.7531 2.3415 2.5473
2.7531 2.7237 2.7384
2.7531 2.7237 2.7384
3.2013 2.7715 2.9864
3.2013 3.1592 3.1803
3.2013 3.1592 3.1803
3.2013 3.1592 3.1803
3.2013 3.1592 3.1803
3.2392 3.2315 3.2354
3.2392 3.2315 3.2354
3.2392 3.2315 3.2354
3.2392 3.2315 3.2354
3.2466 3.2392 3.2429
3.2466 3.2392 3.2429
3.2466 3.2424 3.2445
3.2466 3.2424 3.2445
3.2466 3.2424 3.2445
3.2466 3.2424 3.2445
3.2466 3.2424 3.2445
3.2506 3.2466 3.2486
3.2506 3.2466 3.2486
3.2506 3.2466 3.2486
3.2506 3.2466 3.2486
3.2506 3.2466 3.2486
3.2506 3.2466 3.2486
3.2506 3.2466 3.2486
3.2506 3.2466 3.2486
3.2506 3.2466 3.2486
3.2506 3.2466 3.2486
3.2522 3.2506 3.2514
3.2522 3.2506 3.2514
3.2522 3.2506 3.2514
3.2522 3.2506 3.2514
3.2522 3.2506 3.2514
3.2522 3.2506 3.2514
3.2522 3.2506 3.2514
3.2522 3.2506 3.2514
3.2522 3.2506 3.2514
3.2522 3.2506 3.2514
3.2522 3.2506 3.2514
3.2522 3.2506 3.2514
3.2522 3.2506 3.2514
3.2522 3.2506 3.2514
3.2522 3.2506 3.2514
3.2522 3.2506 3.2514
3.2522 3.2506 3.2514
3.2522 3.2506 3.2514
3.2522 3.2506 3.2514
3.2522 3.2506 3.2514
3.2522 3.2506 3.2514
3.2522 3.2506 3.2514
3.2522 3.2506 3.2514
3.2522 3.2506 3.2514
3.2522 3.2506 3.2514
3.2522 3.2506 3.2514
3.2569 3.2522 3.2546
3.2569 3.2522 3.2546
3.2569 3.2522 3.2546
3.2569 3.2559 3.2564
3.2569 3.2559 3.2564
3.2569 3.2559 3.2564
3.2569 3.2559 3.2564
3.2569 3.2559 3.2564
3.2569 3.2559 3.2564
3.2569 3.2559 3.2564
3.2569 3.2559 3.2564
3.2569 3.2559 3.2564
3.2569 3.2559 3.2564
3.2569 3.2559 3.2564
3.2569 3.2559 3.2564
3.2569 3.2559 3.2564
3.2569 3.2559 3.2564
3.2569 3.2559 3.2564
3.2569 3.2559 3.2564
3.2569 3.2559 3.2564
3.2569 3.2567 3.2568
