1.9799 1.7070 1.8529
2.6203 1.9648 2.2176
2.7619 2.4397 2.6402
3.9016 2.6984 3.2561
2.3858 2.2717 2.3120
2.7358 2.4531 2.6370
2.5970 2.3349 2.4390
3.1084 2.5914 2.8120
2.4270 2.2989 2.3580
2.8733 2.5915 2.7140
2.6039 2.4752 2.5251
2.6472 2.5534 2.6038
2.5643 2.4237 2.4950
3.1050 2.7318 2.9375
4.1399 2.7001 3.2005
3.0686 2.5215 2.7776
2.8894 2.6752 2.8002
2.8710 2.4909 2.6448
3.1063 2.6905 2.9601
3.2180 3.0255 3.1055
3.4165 3.0825 3.2381
3.5636 2.9488 3.2758
3.3904 3.2888 3.3275
3.4913 3.4479 3.4760
3.7140 3.6574 3.6764
4.2204 3.6749 4.0356
3.3182 3.1350 3.2232
4.0814 3.1879 3.6591
3.6398 3.2227 3.4613
3.7498 3.5713 3.6876
3.5859 3.1826 3.3288
3.5882 3.4373 3.4977
3.5313 3.1723 3.3122
3.5576 3.3347 3.4378
3.9568 3.4557 3.7439
4.2335 4.0207 4.1128
4.2076 3.8881 4.0017
4.0777 3.8697 3.9602
4.2303 4.1967 4.2139
4.2394 4.2104 4.2256
4.2327 4.2320 4.2323
4.2352 4.2200 4.2270
4.2537 4.2498 4.2523
4.2537 4.2509 4.2521
4.2520 4.2504 4.2513
4.2521 4.2499 4.2507
4.2519 4.2480 4.2496
4.2535 4.2494 4.2513
4.2532 4.2522 4.2528
4.2536 4.2512 4.2525
4.2538 4.2536 4.2537
4.2523 4.2511 4.2518
4.2507 4.2489 4.2496
4.2504 4.2469 4.2486
4.2537 4.2497 4.2518
4.2527 4.2488 4.2511
4.2527 4.2478 4.2507
4.2530 4.2509 4.2519
4.2528 4.2492 4.2508
4.2529 4.2472 4.2504
4.2503 4.2475 4.2491
4.2494 4.2468 4.2482
4.2521 4.2402 4.2477
4.2520 4.2512 4.2516
4.2516 4.2493 4.2504
4.2530 4.2418 4.2491
4.2473 4.2465 4.2469
4.2527 4.2478 4.2502
4.2530 4.2497 4.2519
4.2526 4.2465 4.2490
4.2520 4.2434 4.2483
4.2530 4.2502 4.2513
4.2535 4.2531 4.2533
4.2526 4.2499 4.2509
4.2538 4.2537 4.2537
4.2536 4.2512 4.2525
4.2539 4.2530 4.2535
4.2533 4.2526 4.2530
4.2538 4.2537 4.2537
4.2539 4.2538 4.2538
4.2538 4.2538 4.2538
4.2539 4.2538 4.2539
4.2539 4.2539 4.2539
4.2539 4.2539 4.2539
4.2539 4.2538 4.2539
4.2538 4.2538 4.2538
4.2539 4.2538 4.2539
4.2538 4.2538 4.2538
4.2539 4.2539 4.2539
4.2539 4.2538 4.2539
4.2539 4.2538 4.2539
4.2539 4.2538 4.2538
4.2539 4.2538 4.2539
4.2539 4.2539 4.2539
4.2538 4.2538 4.2538
4.2539 4.2538 4.2539
4.2539 4.2534 4.2537
4.2537 4.2536 4.2536
4.2539 4.2538 4.2538
4.2538 4.2537 4.2537
