2.2634 2.1303 2.1968
2.5470 2.3412 2.4441
2.5470 2.4777 2.5123
2.7661 2.7277 2.7469
2.8828 2.8727 2.8778
2.8828 2.8727 2.8778
2.8828 2.8727 2.8778
3.2286 3.0896 3.1591
3.2363 3.2286 3.2325
3.2363 3.2286 3.2325
3.2363 3.2286 3.2325
3.2363 3.2286 3.2325
3.2363 3.2286 3.2325
3.2363 3.2286 3.2325
3.2363 3.2303 3.2333
3.2363 3.2303 3.2333
3.2363 3.2303 3.2333
3.2363 3.2303 3.2333
3.2363 3.2303 3.2333
3.2363 3.2303 3.2333
3.2363 3.2303 3.2333
3.2363 3.2303 3.2333
3.2363 3.2303 3.2333
3.2363 3.2303 3.2333
3.2363 3.2303 3.2333
3.2363 3.2303 3.2333
3.2363 3.2303 3.2333
3.2363 3.2303 3.2333
3.2363 3.2317 3.2340
3.2363 3.2317 3.2340
3.2363 3.2317 3.2340
3.2363 3.2317 3.2340
3.2420 3.2363 3.2391
3.2526 3.2420 3.2473
3.2526 3.2441 3.2484
3.2526 3.2441 3.2484
3.2526 3.2441 3.2484
3.2526 3.2441 3.2484
3.2526 3.2441 3.2484
3.2526 3.2494 3.2510
3.2526 3.2494 3.2510
3.2526 3.2494 3.2510
3.2526 3.2494 3.2510
3.2526 3.2494 3.2510
3.2526 3.2494 3.2510
3.2526 3.2494 3.2510
3.2526 3.2494 3.2510
3.2526 3.2494 3.2510
3.2526 3.2494 3.2510
3.2526 3.2494 3.2510
3.2526 3.2494 3.2510
3.2526 3.2494 3.2510
3.2526 3.2494 3.2510
3.2526 3.2494 3.2510
3.2526 3.2494 3.2510
3.2526 3.2494 3.2510
3.2526 3.2494 3.2510
3.2526 3.2494 3.2510
3.2558 3.2526 3.2542
3.2558 3.2526 3.2542
3.2558 3.2526 3.2542
3.2558 3.2526 3.2542
3.2558 3.2526 3.2542
3.2558 3.2526 3.2542
3.2558 3.2526 3.2542
3.2558 3.2526 3.2542
3.2558 3.2526 3.2542
3.2558 3.2526 3.2542
3.2558 3.2526 3.2542
3.2558 3.2526 3.2542
3.2558 3.2526 3.2542
3.2558 3.2537 3.2547
3.2558 3.2537 3.2547
3.2558 3.2537 3.2547
3.2558 3.2537 3.2547
3.2558 3.2537 3.2547
3.2558 3.2537 3.2547
