2.5158 2.1424 2.3244
2.7013 2.1995 2.4584
2.4262 2.2493 2.3431
2.6889 2.4254 2.5917
2.7175 2.5542 2.6280
3.0210 2.3456 2.6971
3.0348 2.7101 2.8224
2.4782 2.3559 2.4359
2.7127 2.0884 2.3558
3.0381 2.3262 2.6569
2.6115 2.1591 2.4587
2.4446 2.0946 2.2561
3.0818 1.8336 2.4403
3.0658 2.6435 2.7881
3.3366 2.4148 3.0016
4.0137 2.7255 3.3501
4.0169 3.3654 3.7981
4.2066 3.7484 3.9886
2.2472 2.1321 2.2009
3.9159 3.1624 3.4402
2.5161 2.0700 2.2435
2.6383 2.4026 2.5553
3.0036 2.4793 2.7196
2.6722 2.1669 2.3702
3.0744 2.7502 2.9264
2.7303 2.5539 2.6439
3.0202 2.7967 2.9440
4.0600 2.5013 3.0301
3.3924 3.1172 3.2749
3.6041 2.9174 3.2034
3.5851 2.6577 2.9780
3.7046 2.5628 2.9532
3.9809 3.4419 3.7177
3.2439 2.8547 3.0953
3.3096 2.9641 3.1132
3.5851 3.5590 3.5719
3.3423 3.0846 3.2175
3.4202 2.3974 2.9623
3.5964 2.9042 3.2336
3.7526 2.9680 3.4851
3.5083 3.3935 3.4338
3.5261 3.3059 3.4348
3.2595 2.2410 2.8499
3.9300 3.4762 3.6977
3.9431 3.3213 3.5722
3.9642 3.7236 3.8796
4.1556 3.8532 4.0290
4.2032 3.7280 4.0003
4.1631 3.8386 4.0527
4.2253 3.9426 4.0886
4.1184 4.0630 4.0821
4.2214 4.1669 4.1896
4.1391 4.0418 4.0898
4.2419 4.1483 4.1947
4.1268 4.0762 4.1085
4.2244 4.1409 4.1929
4.2348 4.1576 4.2038
4.1267 3.9767 4.0674
4.1816 3.9727 4.0932
3.9708 3.1053 3.6248
3.2299 3.1046 3.1466
3.6843 3.5106 3.5961
3.6402 3.5415 3.5778
3.6888 3.5157 3.6294
3.6903 3.6194 3.6650
3.7417 3.5887 3.6678
3.7191 3.5110 3.5826
3.6008 3.4016 3.4813
3.7369 3.7223 3.7301
3.7502 3.7244 3.7364
3.7545 3.7398 3.7449
3.7453 3.7446 3.7450
3.7543 3.7521 3.7532
3.7518 3.7493 3.7506
3.7507 3.7342 3.7406
3.7543 3.7440 3.7489
3.7532 3.7498 3.7520
3.7540 3.7292 3.7379
3.7358 3.7236 3.7295
3.7345 3.6968 3.7217
3.7468 3.7408 3.7445
3.7484 3.7392 3.7442
3.7546 3.7453 3.7488
3.7547 3.7542 3.7545
3.7535 3.7455 3.7483
3.7532 3.7472 3.7508
3.7458 3.7347 3.7410
3.7519 3.7503 3.7511
3.7539 3.7498 3.7521
3.7525 3.7505 3.7517
3.7503 3.7346 3.7430
3.7547 3.7540 3.7545
3.7541 3.7532 3.7537
3.7529 3.7491 3.7515
3.7538 3.7529 3.7533
3.7546 3.7531 3.7538
3.7544 3.7531 3.7537
3.7541 3.7490 3.7511
3.7510 3.7471 3.7492
3.7496 3.7477 3.7484
