2.4862 2.0477 2.2669
2.4181 2.2777 2.3479
3.2744 3.1243 3.1994
3.2650 3.1794 3.2222
2.7518 2.6560 2.7039
3.0975 3.0180 3.0577
2.7255 2.4443 2.5849
2.7395 2.4803 2.6099
2.7312 2.5169 2.6240
2.4416 2.2888 2.3652
2.9799 2.2920 2.6360
3.3069 3.2060 3.2564
3.7204 3.4415 3.5810
4.0717 3.6401 3.8559
4.2533 4.0940 4.1736
4.1915 3.7459 3.9687
3.3449 3.3125 3.3287
3.7398 3.5218 3.6308
3.7306 3.7156 3.7231
3.5169 3.3177 3.4173
3.2937 3.0316 3.1627
3.2174 3.1957 3.2066
2.9553 2.6588 2.8070
2.7515 2.6145 2.6830
3.1369 2.8988 3.0178
4.1052 3.0532 3.5792
4.0118 3.2799 3.6458
3.6646 2.9755 3.3201
3.2502 3.2425 3.2463
3.7067 3.3361 3.5214
3.8982 3.0848 3.4915
3.7405 3.7182 3.7293
3.6636 3.2426 3.4531
3.1795 3.1329 3.1562
2.7456 2.5102 2.6279
4.2250 3.8267 4.0259
3.4696 3.4062 3.4379
3.1351 2.9816 3.0583
3.7214 3.4716 3.5965
4.2156 4.0440 4.1298
3.5249 3.1063 3.3156
3.6096 3.4988 3.5542
4.0688 3.4047 3.7367
3.9691 3.7170 3.8431
4.2397 4.0272 4.1335
3.5258 2.8609 3.1933
4.1223 3.7448 3.9335
4.0101 3.3154 3.6627
3.8601 3.7015 3.7808
4.1077 4.0707 4.0892
4.1455 4.0507 4.0981
4.0690 3.8209 3.9449
4.1933 4.1783 4.1858
3.6045 3.5905 3.5975
3.7517 3.6409 3.6963
3.6735 3.5948 3.6341
3.5503 3.4049 3.4776
3.7426 3.5672 3.6549
3.7525 3.6665 3.7095
3.7455 3.7014 3.7235
3.6996 3.6936 3.6966
3.7500 3.7455 3.7477
3.7537 3.7496 3.7516
3.7512 3.7482 3.7497
3.7274 3.7262 3.7268
3.7535 3.7391 3.7463
3.7540 3.7517 3.7529
3.7501 3.7488 3.7495
3.7543 3.7510 3.7526
3.7540 3.7530 3.7535
3.7537 3.7533 3.7535
3.7537 3.7536 3.7537
3.7544 3.7537 3.7541
3.7536 3.7534 3.7535
3.7546 3.7534 3.7540
3.7541 3.7540 3.7540
3.7540 3.7537 3.7539
