2.3186 2.1829 2.2322
2.2862 1.8812 2.0943
2.7185 2.4915 2.6127
3.0924 2.2585 2.5696
3.1117 2.6388 2.8786
3.4395 2.1263 2.5833
1.9344 1.4487 1.7078
2.0388 1.5409 1.7537
2.5964 2.1848 2.4059
2.5520 2.1315 2.2905
3.3782 2.2500 2.7126
3.2314 2.4875 2.7894
2.4890 1.9129 2.1855
2.9645 2.5405 2.6945
3.1858 2.6463 2.8438
2.5051 1.9103 2.1128
2.9418 2.6879 2.8281
3.2441 2.7292 3.0071
3.2034 2.6523 2.8932
3.1909 2.2685 2.5836
2.5905 2.2024 2.4467
3.1015 2.5147 2.7491
2.6252 2.4910 2.5631
2.8348 2.3892 2.6237
2.6205 2.3844 2.5094
2.7079 2.7035 2.7051
2.6942 2.1120 2.3243
2.5138 2.2829 2.3807
3.0165 2.4447 2.6712
2.8315 2.5398 2.7230
3.3134 2.4404 2.8078
2.7645 2.5060 2.5988
2.8105 2.3633 2.5828
3.2113 2.3658 2.7552
3.4548 3.0037 3.2360
3.7444 3.7024 3.7278
3.7274 3.6943 3.7163
3.7333 3.6748 3.7048
3.6099 3.5217 3.5735
3.7244 3.6190 3.6750
3.7500 3.7330 3.7428
3.7506 3.6982 3.7176
3.7479 3.7071 3.7337
3.7120 3.6909 3.6988
3.7408 3.7081 3.7296
3.7527 3.7445 3.7488
3.7547 3.7492 3.7520
3.7536 3.7486 3.7508
3.7504 3.7473 3.7486
3.7547 3.7493 3.7517
3.7507 3.7429 3.7468
3.7427 3.7301 3.7344
3.7421 3.7234 3.7350
3.7502 3.7301 3.7433
3.7542 3.7394 3.7453
3.7475 3.7327 3.7419
3.7534 3.7516 3.7526
3.7543 3.7402 3.7496
3.7482 3.7443 3.7466
3.7546 3.7464 3.7508
3.7540 3.7535 3.7538
3.7533 3.7522 3.7528
3.7529 3.7454 3.7490
3.7533 3.7485 3.7504
3.7542 3.7487 3.7517
3.7544 3.7534 3.7539
3.7541 3.7534 3.7536
3.7542 3.7534 3.7537
3.7540 3.7538 3.7539
3.7547 3.7546 3.7546
3.7547 3.7545 3.7546
3.7545 3.7544 3.7544
3.7547 3.7546 3.7547
3.7547 3.7547 3.7547
3.7547 3.7547 3.7547
3.7547 3.7547 3.7547
3.7547 3.7547 3.7547
3.7547 3.7547 3.7547
3.7547 3.7547 3.7547
3.7547 3.7547 3.7547
3.7547 3.7547 3.7547
3.7547 3.7547 3.7547
3.7547 3.7547 3.7547
3.7547 3.7547 3.7547
3.7547 3.7547 3.7547
3.7547 3.7547 3.7547
3.7547 3.7547 3.7547
3.7547 3.7547 3.7547
3.7547 3.7547 3.7547
3.7547 3.7547 3.7547
3.7547 3.7547 3.7547
3.7547 3.7547 3.7547
3.7547 3.7547 3.7547
3.7547 3.7547 3.7547
3.7547 3.7547 3.7547
3.7547 3.7547 3.7547
3.7547 3.7547 3.7547
3.7547 3.7547 3.7547
3.7547 3.7547 3.7547
3.7547 3.7547 3.7547
