1.9156 1.6930 1.8043
2.7506 2.6643 2.7074
2.8505 2.7506 2.8006
2.8505 2.7506 2.8006
2.8505 2.7506 2.8006
3.9625 2.8955 3.4290
3.9625 2.8955 3.4290
3.9625 3.7286 3.8455
3.9625 3.7286 3.8455
3.9625 3.7286 3.8455
3.9625 3.7286 3.8455
4.1881 3.9625 4.0753
4.1881 3.9625 4.0753
4.1881 3.9625 4.0753
4.1881 3.9625 4.0753
4.1881 3.9625 4.0753
4.1881 3.9625 4.0753
4.1881 3.9625 4.0753
4.1881 4.1379 4.1630
4.2484 4.1881 4.2183
4.2484 4.1881 4.2183
4.2484 4.1881 4.2183
4.2484 4.1881 4.2183
4.2484 4.1881 4.2183
4.2484 4.1881 4.2183
4.2484 4.1881 4.2183
4.2484 4.1881 4.2183
4.2484 4.1881 4.2183
4.2484 4.1881 4.2183
4.2484 4.1881 4.2183
4.2484 4.1881 4.2183
4.2484 4.1881 4.2183
4.2484 4.1881 4.2183
4.2484 4.1881 4.2183
4.2484 4.1881 4.2183
4.2484 4.1881 4.2183
4.2484 4.1881 4.2183
4.2484 4.1881 4.2183
4.2484 4.1881 4.2183
4.2484 4.1881 4.2183
4.2484 4.1881 4.2183
4.2484 4.1881 4.2183
4.2484 4.1881 4.2183
4.2484 4.1881 4.2183
4.2488 4.2484 4.2486
4.2488 4.2484 4.2486
4.2488 4.2484 4.2486
4.2488 4.2484 4.2486
4.2488 4.2484 4.2486
4.2488 4.2484 4.2486
4.2488 4.2484 4.2486
4.2488 4.2484 4.2486
4.2488 4.2484 4.2486
4.2488 4.2484 4.2486
4.2488 4.2484 4.2486
4.2488 4.2484 4.2486
4.2488 4.2484 4.2486
4.2488 4.2484 4.2486
4.2488 4.2484 4.2486
4.2488 4.2484 4.2486
4.2488 4.2484 4.2486
4.2488 4.2484 4.2486
4.2488 4.2484 4.2486
4.2488 4.2484 4.2486
4.2488 4.2484 4.2486
4.2488 4.2484 4.2486
4.2488 4.2484 4.2486
4.2488 4.2484 4.2486
4.2488 4.2484 4.2486
4.2488 4.2484 4.2486
4.2488 4.2484 4.2486
4.2488 4.2484 4.2486
4.2488 4.2484 4.2486
4.2488 4.2484 4.2486
4.2488 4.2484 4.2486
4.2488 4.2484 4.2486
4.2488 4.2484 4.2486
