2.6666 2.2035 2.4350
2.7221 2.6666 2.6943
3.1906 2.7624 2.9765
3.1914 3.1906 3.1910
3.1914 3.1906 3.1910
3.1914 3.1906 3.1910
3.1914 3.1906 3.1910
3.1914 3.1906 3.1910
3.1914 3.1906 3.1910
3.1914 3.1906 3.1910
3.2246 3.1914 3.2080
3.2246 3.1914 3.2080
3.2246 3.1914 3.2080
3.2483 3.2246 3.2364
3.2483 3.2246 3.2364
3.2483 3.2246 3.2364
3.2483 3.2246 3.2364
3.2483 3.2246 3.2364
3.2483 3.2246 3.2364
3.2483 3.2456 3.2469
3.2483 3.2456 3.2469
3.2483 3.2456 3.2469
3.2483 3.2456 3.2469
3.2483 3.2456 3.2469
3.2483 3.2456 3.2469
3.2483 3.2456 3.2469
3.2483 3.2456 3.2469
3.2537 3.2483 3.2510
3.2537 3.2483 3.2510
3.2537 3.2483 3.2510
3.2537 3.2483 3.2510
3.2537 3.2483 3.2510
3.2538 3.2537 3.2538
3.2538 3.2537 3.2538
3.2538 3.2537 3.2538
3.2538 3.2537 3.2538
3.2538 3.2537 3.2538
3.2538 3.2537 3.2538
3.2538 3.2537 3.2538
3.2538 3.2537 3.2538
3.2538 3.2537 3.2538
3.2538 3.2537 3.2538
3.2538 3.2537 3.2538
3.2538 3.2537 3.2538
3.2538 3.2537 3.2538
3.2538 3.2537 3.2538
3.2538 3.2537 3.2538
3.2538 3.2537 3.2538
3.2538 3.2537 3.2538
3.2538 3.2537 3.2538
3.2538 3.2537 3.2538
3.2538 3.2537 3.2538
3.2538 3.2537 3.2538
3.2538 3.2537 3.2538
3.2538 3.2537 3.2538
3.2538 3.2537 3.2538
3.2538 3.2537 3.2538
3.2538 3.2537 3.2538
3.2538 3.2537 3.2538
3.2538 3.2537 3.2538
3.2538 3.2537 3.2538
3.2538 3.2537 3.2538
3.2543 3.2538 3.2541
3.2543 3.2542 3.2542
3.2543 3.2542 3.2542
3.2543 3.2542 3.2542
3.2543 3.2542 3.2542
3.2543 3.2542 3.2542
3.2543 3.2542 3.2542
3.2543 3.2542 3.2542
3.2543 3.2542 3.2542
3.2550 3.2543 3.2546
3.2550 3.2543 3.2546
3.2550 3.2543 3.2546
3.2550 3.2543 3.2546
3.2550 3.2543 3.2546
3.2550 3.2543 3.2546
