2.2354 2.0369 2.1361
2.8316 2.6003 2.7160
3.1318 2.7610 2.9464
2.6315 2.3486 2.4900
3.0357 2.9210 2.9783
3.7163 3.7036 3.7100
3.0110 2.5949 2.8030
3.1573 2.9981 3.0777
3.2954 3.1022 3.1988
2.3666 1.9792 2.1729
2.7684 2.2703 2.5193
3.1824 2.0248 2.6036
2.7565 2.5041 2.6303
2.7134 2.6598 2.6866
2.5793 2.5483 2.5638
3.0929 2.5153 2.8041
2.5396 2.2935 2.4166
3.5416 3.5192 3.5304
3.3836 2.9246 3.1541
3.3138 2.9377 3.1257
3.7000 2.6355 3.1677
3.1781 3.1473 3.1627
3.6960 3.5071 3.6015
3.5602 3.3166 3.4384
2.1488 1.7532 1.9510
2.0029 1.7396 1.8713
2.6689 2.3343 2.5016
2.1597 1.9569 2.0583
1.6959 1.6276 1.6618
2.2911 2.0843 2.1877
3.1017 2.9114 3.0066
2.2239 2.0211 2.1225
2.7687 2.1019 2.4353
3.2641 3.0024 3.1333
3.7234 3.0831 3.4032
3.2455 3.2147 3.2301
4.0877 3.4356 3.7616
3.6186 3.1450 3.3818
4.2018 4.1607 4.1812
3.9299 3.9028 3.9164
3.5217 3.3252 3.4235
3.5447 2.9934 3.2690
4.2176 3.6543 3.9359
4.0468 4.0091 4.0280
4.1522 3.4112 3.7817
4.1937 4.1119 4.1528
4.0791 3.7734 3.9262
4.2413 4.2342 4.2378
4.2328 4.2168 4.2248
4.2528 4.2466 4.2497
4.2153 4.1870 4.2012
4.2250 4.2213 4.2231
4.2450 4.2339 4.2394
4.2113 4.1904 4.2009
4.2508 4.2496 4.2502
4.2430 4.2408 4.2419
4.2528 4.2527 4.2528
4.2522 4.2522 4.2522
4.2523 4.2522 4.2522
4.2537 4.2534 4.2535
4.2524 4.2521 4.2522
4.2523 4.2521 4.2522
4.2538 4.2537 4.2537
4.2534 4.2532 4.2533
4.2537 4.2528 4.2532
4.2535 4.2535 4.2535
4.2537 4.2537 4.2537
4.2537 4.2536 4.2536
4.2538 4.2534 4.2536
4.2539 4.2537 4.2538
4.2538 4.2536 4.2537
4.2538 4.2537 4.2537
4.2537 4.2535 4.2536
4.2538 4.2537 4.2537
4.2538 4.2535 4.2536
4.2537 4.2537 4.2537
4.2539 4.2536 4.2537
