2.2508 1.6176 1.8801
2.0708 1.8154 1.9838
2.6435 2.2763 2.4559
2.7466 2.0050 2.3062
2.9628 2.7460 2.8292
3.1717 2.3032 2.7051
4.1338 3.3470 3.8416
3.4795 3.2215 3.3553
3.6236 2.6136 3.1730
3.7226 3.4120 3.5583
3.0734 2.5862 2.9021
3.4406 3.0262 3.2367
3.1991 2.5772 2.9342
2.9306 2.4906 2.7476
2.9179 2.6010 2.7562
3.1311 2.7665 2.9597
3.2339 2.7959 3.0234
3.5622 3.4170 3.4908
3.5976 3.3341 3.4455
3.5194 2.9629 3.1601
3.6859 3.3740 3.5563
3.7384 2.8701 3.4481
3.9053 3.2390 3.5133
3.7913 3.2676 3.5372
3.4716 3.1637 3.3439
3.6427 3.1396 3.4283
3.7282 3.6178 3.6648
3.4143 2.9475 3.2329
3.7455 3.7214 3.7298
3.7116 3.6011 3.6645
3.7406 3.7150 3.7240
3.7044 3.6659 3.6910
3.6401 3.5264 3.5902
3.5812 3.4699 3.5368
3.6852 3.6121 3.6572
3.7022 3.6108 3.6595
3.7264 3.6456 3.6803
3.6717 3.5530 3.5979
3.6152 3.4914 3.5528
3.7384 3.6247 3.6916
3.6915 3.6221 3.6555
3.7353 3.5081 3.6519
3.7231 3.6063 3.6790
3.7523 3.7289 3.7411
3.7480 3.5663 3.6866
3.6085 3.3616 3.4868
3.6922 3.6004 3.6507
3.7426 3.5934 3.6480
3.4902 3.4056 3.4503
3.6706 3.6423 3.6575
3.6532 3.5929 3.6307
3.5858 3.4526 3.5408
3.7153 3.6752 3.6894
3.7439 3.6713 3.7016
3.7350 3.6773 3.7092
3.6789 3.6329 3.6622
3.7390 3.7248 3.7317
3.7510 3.7387 3.7468
3.7540 3.7485 3.7514
3.7521 3.7500 3.7511
3.7546 3.7525 3.7532
3.7535 3.7516 3.7524
3.7534 3.7521 3.7527
3.7540 3.7535 3.7538
3.7525 3.7518 3.7522
3.7545 3.7545 3.7545
3.7547 3.7544 3.7545
3.7547 3.7545 3.7546
3.7547 3.7547 3.7547
3.7547 3.7546 3.7547
3.7547 3.7547 3.7547
3.7547 3.7547 3.7547
3.7547 3.7547 3.7547
3.7547 3.7547 3.7547
3.7547 3.7547 3.7547
3.7547 3.7547 3.7547
3.7547 3.7547 3.7547
3.7547 3.7547 3.7547
3.7547 3.7547 3.7547
3.7547 3.7547 3.7547
3.7547 3.7547 3.7547
3.7547 3.7547 3.7547
3.7547 3.7547 3.7547
3.7547 3.7547 3.7547
3.7547 3.7547 3.7547
3.7547 3.7547 3.7547
3.7547 3.7547 3.7547
3.7547 3.7547 3.7547
3.7547 3.7547 3.7547
3.7547 3.7547 3.7547
3.7547 3.7547 3.7547
3.7547 3.7547 3.7547
3.7547 3.7547 3.7547
3.7547 3.7547 3.7547
3.7547 3.7547 3.7547
3.7547 3.7547 3.7547
3.7547 3.7547 3.7547
3.7547 3.7547 3.7547
3.7547 3.7547 3.7547
3.7547 3.7547 3.7547
