2.5115 2.2972 2.4043
2.6270 2.5983 2.6127
2.2678 2.2002 2.2340
2.4414 2.2711 2.3562
3.1667 2.6263 2.8965
2.9225 2.7821 2.8523
3.9249 3.2751 3.6000
4.1953 3.2391 3.7172
3.2366 3.1970 3.2168
3.3235 2.7725 3.0480
3.2147 3.0590 3.1368
3.5447 3.2164 3.3806
3.2106 3.1609 3.1858
3.1208 3.0288 3.0748
3.0511 2.8560 2.9535
3.3100 3.2558 3.2829
3.6347 3.5119 3.5733
3.5291 3.3269 3.4280
3.6597 3.5260 3.5928
3.3370 2.4160 2.8765
3.3927 3.2037 3.2982
2.9607 2.6509 2.8058
3.2146 3.1166 3.1656
3.6259 3.2989 3.4624
3.7406 2.6213 3.1809
3.5204 2.7429 3.1316
3.3811 2.6500 3.0156
2.0962 1.7080 1.9021
2.4796 2.4194 2.4495
3.1257 2.4211 2.7734
2.7384 2.6320 2.6852
2.9607 2.2432 2.6020
3.1601 2.4823 2.8212
3.2419 2.5928 2.9173
4.1550 3.4398 3.7974
3.2615 2.8038 3.0327
3.5220 2.7775 3.1498
3.2354 2.7397 2.9875
2.1845 2.0054 2.0950
2.6629 2.4880 2.5755
3.1318 2.6297 2.8808
1.8324 1.4333 1.6328
2.2508 2.1575 2.2041
2.6938 2.4931 2.5935
1.5468 1.4871 1.5170
2.4744 1.6895 2.0819
3.0537 2.6671 2.8604
3.0301 2.3006 2.6654
2.4932 2.2955 2.3943
2.7442 1.7991 2.2716
3.1505 2.9774 3.0639
2.2411 1.3611 1.8011
2.0370 1.5140 1.7755
1.9873 1.1600 1.5736
1.6134 1.3045 1.4589
2.3137 2.1301 2.2219
0.6779 0.3512 0.5145
2.8465 2.7102 2.7784
3.0810 2.1835 2.6323
1.2991 0.7587 1.0289
2.2660 2.2174 2.2417
1.7205 1.6653 1.6929
2.5378 2.2047 2.3713
2.6602 2.4374 2.5488
3.3126 1.5471 2.4299
2.1929 1.6236 1.9083
2.6851 2.3449 2.5150
3.0963 2.6347 2.8655
2.8252 2.1496 2.4874
2.5449 1.8371 2.1910
2.3266 1.7562 2.0414
2.0063 1.5787 1.7925
2.3528 1.8463 2.0996
2.9738 2.9152 2.9445
3.2194 3.1560 3.1877
3.6660 3.4736 3.5698
2.8660 2.7655 2.8158
