2.1105 1.9135 2.0273
2.3117 2.1295 2.1941
2.4981 2.1848 2.3765
2.5559 2.4139 2.4660
3.1500 2.4742 2.9032
2.6787 2.5779 2.6187
2.7178 2.3690 2.5150
3.0497 2.2776 2.6151
3.1680 2.9918 3.0832
3.1209 2.9392 3.0179
3.7196 2.2723 3.0787
3.1680 2.4403 2.8277
3.1634 3.0028 3.0817
3.7439 3.1593 3.3735
3.2422 2.4563 2.9571
2.7270 2.5653 2.6304
3.0796 1.9965 2.4145
2.2334 1.6849 2.0306
2.4147 1.9509 2.1468
1.6254 1.3826 1.5403
2.4092 2.1064 2.2365
2.6501 1.3528 1.8765
2.3909 2.0000 2.2394
4.0198 1.9877 3.2474
3.7317 2.4973 2.9190
3.5135 2.4501 2.8144
3.0415 2.9826 3.0068
3.3953 2.1671 2.8187
4.1356 2.4237 3.4221
2.7297 2.2982 2.5401
3.1765 2.3895 2.6712
3.7170 2.4711 3.0463
2.9164 2.5988 2.7143
3.1177 2.8927 2.9842
3.2215 3.1138 3.1527
3.5450 3.0673 3.2905
4.0952 2.4770 3.2109
3.7234 2.7789 3.3836
3.9987 3.3955 3.7032
3.5412 3.3839 3.4641
4.2282 3.2583 3.7401
4.1906 3.3631 3.8168
3.8052 3.5137 3.6868
4.2131 3.5739 3.7909
3.4295 3.2589 3.3350
4.0275 3.3914 3.6447
3.5720 3.3786 3.4859
3.6477 3.4546 3.5784
3.7471 3.4610 3.6451
4.0375 3.5624 3.7213
3.7498 3.6836 3.7116
3.7241 3.6981 3.7154
3.6889 3.6020 3.6580
3.6557 3.5008 3.6036
3.7418 3.7114 3.7236
3.7003 3.5912 3.6637
3.7439 3.6424 3.7100
3.1514 2.9005 3.0319
3.6908 3.5526 3.6087
3.6220 3.4921 3.5775
3.6094 3.4796 3.5298
3.6952 3.6450 3.6781
3.7467 3.6456 3.6977
3.7440 3.7062 3.7261
3.7486 3.7269 3.7355
3.7430 3.6838 3.7158
3.7384 3.6822 3.7086
3.7457 3.7342 3.7397
3.7546 3.7479 3.7507
3.7531 3.7511 3.7520
3.7507 3.7491 3.7502
3.7519 3.7509 3.7515
3.7544 3.7543 3.7544
3.7541 3.7534 3.7538
3.7546 3.7545 3.7545
3.7547 3.7545 3.7546
3.7545 3.7542 3.7543
3.7547 3.7545 3.7546
3.7542 3.7540 3.7541
3.7547 3.7546 3.7546
3.7547 3.7546 3.7547
3.7547 3.7546 3.7547
3.7545 3.7543 3.7544
3.7546 3.7543 3.7544
3.7537 3.7534 3.7535
3.7546 3.7545 3.7546
3.7547 3.7543 3.7545
3.7545 3.7543 3.7544
3.7547 3.7547 3.7547
3.7545 3.7542 3.7543
3.7547 3.7543 3.7544
3.7546 3.7546 3.7546
3.7547 3.7547 3.7547
3.7547 3.7547 3.7547
3.7547 3.7547 3.7547
3.7547 3.7547 3.7547
3.7547 3.7547 3.7547
3.7547 3.7547 3.7547
3.7547 3.7547 3.7547
3.7547 3.7547 3.7547
