2.1729 1.7862 1.9795
2.6922 2.6921 2.6921
2.6922 2.6921 2.6921
2.7402 2.6922 2.7162
3.2077 2.9699 3.0888
3.2077 3.1061 3.1569
3.2077 3.1061 3.1569
3.2173 3.2077 3.2125
3.2173 3.2077 3.2125
3.2173 3.2077 3.2125
3.2173 3.2077 3.2125
3.2173 3.2077 3.2125
3.2173 3.2077 3.2125
3.2173 3.2160 3.2166
3.2314 3.2173 3.2243
3.2394 3.2314 3.2354
3.2444 3.2394 3.2419
3.2444 3.2394 3.2419
3.2444 3.2397 3.2421
3.2444 3.2397 3.2421
3.2444 3.2397 3.2421
3.2444 3.2397 3.2421
3.2444 3.2397 3.2421
3.2554 3.2521 3.2537
3.2554 3.2526 3.2540
3.2554 3.2526 3.2540
3.2554 3.2526 3.2540
3.2554 3.2526 3.2540
3.2554 3.2526 3.2540
3.2554 3.2526 3.2540
3.2554 3.2526 3.2540
3.2554 3.2549 3.2551
3.2554 3.2549 3.2551
3.2554 3.2549 3.2551
3.2554 3.2549 3.2551
3.2554 3.2549 3.2551
3.2554 3.2549 3.2551
3.2554 3.2549 3.2551
3.2554 3.2549 3.2551
3.2554 3.2549 3.2551
3.2554 3.2549 3.2551
3.2554 3.2549 3.2551
3.2554 3.2549 3.2551
3.2555 3.2554 3.2554
3.2555 3.2554 3.2554
3.2555 3.2554 3.2554
3.2555 3.2554 3.2554
3.2555 3.2554 3.2554
3.2555 3.2554 3.2554
3.2555 3.2555 3.2555
3.2555 3.2555 3.2555
3.2555 3.2555 3.2555
3.2555 3.2555 3.2555
3.2555 3.2555 3.2555
3.2555 3.2555 3.2555
3.2555 3.2555 3.2555
3.2555 3.2555 3.2555
3.2555 3.2555 3.2555
3.2555 3.2555 3.2555
3.2555 3.2555 3.2555
3.2555 3.2555 3.2555
3.2555 3.2555 3.2555
3.2555 3.2555 3.2555
3.2555 3.2555 3.2555
3.2555 3.2555 3.2555
3.2555 3.2555 3.2555
3.2555 3.2555 3.2555
3.2555 3.2555 3.2555
3.2555 3.2555 3.2555
3.2555 3.2555 3.2555
3.2555 3.2555 3.2555
3.2555 3.2555 3.2555
3.2555 3.2555 3.2555
3.2555 3.2555 3.2555
3.2555 3.2555 3.2555
3.2555 3.2555 3.2555
3.2555 3.2555 3.2555
