2.2297 1.9779 2.1202
2.2960 1.9421 2.0818
3.0725 2.7561 2.9126
3.0740 2.9468 2.9905
2.8360 2.5678 2.7072
3.7070 2.7134 3.1863
4.0646 3.0956 3.5814
3.8827 2.8272 3.4214
4.2379 3.6782 4.0384
3.6204 3.4017 3.5196
4.1577 3.3834 3.7693
4.1262 3.2549 3.5543
3.4330 2.2520 2.8340
2.8258 2.3192 2.5219
3.6182 2.2040 2.6795
2.6453 2.1585 2.3216
3.3405 3.1882 3.2755
3.6900 2.7883 3.1250
3.5803 3.2505 3.3736
4.2485 3.3026 3.6323
2.9713 1.6273 2.1030
3.7542 3.1493 3.5325
3.5379 3.2307 3.3392
3.6420 2.8341 3.2670
4.1156 3.3683 3.6364
4.0812 3.9825 4.0292
4.1443 4.0939 4.1190
4.1712 4.1282 4.1522
4.1822 4.1636 4.1723
4.0841 3.7602 3.9632
4.1978 3.8626 4.0676
4.1606 3.8870 4.0129
3.8773 3.5788 3.7335
3.0485 2.8394 2.9334
3.2029 3.0049 3.0857
3.7410 3.6041 3.6851
3.9473 3.4614 3.6263
3.9434 2.8197 3.2800
3.3975 2.6876 3.0145
4.1380 3.8399 3.9394
4.1703 2.3147 3.2411
4.1014 3.5319 3.7328
3.4875 3.1840 3.3453
4.2199 4.0398 4.1121
4.0916 3.9402 4.0271
4.1848 3.9243 4.0641
4.1975 4.0767 4.1263
4.1848 3.9192 4.0568
3.8757 3.7608 3.8195
4.1374 4.0111 4.0580
4.2463 4.2056 4.2327
4.2419 4.1984 4.2261
4.2216 4.1153 4.1750
4.2324 3.9363 4.0796
4.1826 4.1299 4.1642
4.1502 4.0453 4.0989
4.0953 4.0050 4.0490
4.1554 4.1226 4.1405
4.0041 3.8388 3.9297
4.1116 4.0604 4.0880
4.0532 3.7548 3.9209
3.8533 3.1617 3.4820
4.0908 3.1002 3.4424
4.2407 4.1873 4.2163
4.2338 4.2303 4.2322
4.2115 4.1137 4.1734
4.2478 4.1210 4.1860
4.2014 4.0633 4.1122
4.2516 4.0968 4.1746
4.1888 4.0025 4.0676
4.2217 4.1975 4.2081
4.2259 4.1777 4.2060
4.2336 4.2116 4.2211
4.2098 4.1755 4.1932
4.2241 4.1641 4.1869
4.1840 4.0402 4.1018
4.2180 4.1744 4.1960
4.1629 4.1594 4.1616
4.1941 4.1625 4.1765
4.2470 4.2398 4.2424
4.2402 4.2092 4.2291
4.2385 4.1643 4.1933
4.1919 4.1056 4.1614
4.2526 4.2395 4.2465
4.2104 4.1760 4.1905
4.2240 4.1530 4.1802
4.2434 4.1971 4.2211
4.2378 4.2075 4.2255
4.2293 4.1994 4.2153
4.2521 4.2291 4.2397
4.2268 4.1959 4.2125
4.1031 4.0518 4.0738
4.1941 4.1363 4.1680
4.0836 3.9925 4.0412
4.0911 4.0293 4.0678
4.1527 4.1345 4.1442
4.1596 4.0497 4.1032
4.2392 4.1765 4.2155
4.1994 4.0968 4.1644
3.9367 3.5377 3.7298
