2.6091 2.2473 2.4282
3.5450 2.9574 3.2512
3.5450 2.9685 3.2568
3.5450 3.3904 3.4677
3.5450 3.4948 3.5199
4.1887 3.7500 3.9693
4.1887 3.7500 3.9693
4.1887 3.7500 3.9693
4.1887 3.7500 3.9693
4.1887 4.0911 4.1399
4.1981 4.1887 4.1934
4.1981 4.1887 4.1934
4.1981 4.1887 4.1934
4.1981 4.1887 4.1934
4.1981 4.1887 4.1934
4.1981 4.1887 4.1934
4.1981 4.1887 4.1934
4.1981 4.1887 4.1934
4.1981 4.1887 4.1934
4.1981 4.1887 4.1934
4.1981 4.1887 4.1934
4.1981 4.1887 4.1934
4.1981 4.1887 4.1934
4.1981 4.1887 4.1934
4.1981 4.1887 4.1934
4.1981 4.1887 4.1934
4.1981 4.1887 4.1934
4.1981 4.1887 4.1934
4.1981 4.1887 4.1934
4.1981 4.1887 4.1934
4.1981 4.1887 4.1934
4.1981 4.1887 4.1934
4.1981 4.1887 4.1934
4.1981 4.1887 4.1934
4.2493 4.1981 4.2237
4.2493 4.1981 4.2237
4.2493 4.1981 4.2237
4.2493 4.1981 4.2237
4.2493 4.1981 4.2237
4.2493 4.1981 4.2237
4.2493 4.1981 4.2237
4.2493 4.1981 4.2237
4.2493 4.1981 4.2237
4.2493 4.1981 4.2237
4.2493 4.1981 4.2237
4.2493 4.1981 4.2237
4.2493 4.1981 4.2237
4.2493 4.1981 4.2237
4.2493 4.1981 4.2237
4.2493 4.1981 4.2237
4.2493 4.1981 4.2237
4.2493 4.1981 4.2237
4.2493 4.1981 4.2237
4.2493 4.1981 4.2237
4.2493 4.1981 4.2237
4.2493 4.1981 4.2237
4.2493 4.1981 4.2237
4.2493 4.1981 4.2237
4.2493 4.1981 4.2237
4.2493 4.1981 4.2237
4.2493 4.1981 4.2237
4.2493 4.1981 4.2237
4.2493 4.1981 4.2237
4.2493 4.1981 4.2237
4.2493 4.1981 4.2237
4.2493 4.1981 4.2237
4.2493 4.1981 4.2237
4.2493 4.1981 4.2237
4.2493 4.1981 4.2237
4.2493 4.1981 4.2237
4.2493 4.2282 4.2387
4.2493 4.2282 4.2387
4.2493 4.2282 4.2387
4.2493 4.2282 4.2387
4.2493 4.2282 4.2387
4.2493 4.2282 4.2387
4.2493 4.2282 4.2387
