2.7287 -1.1132 0.9242
3.3561 -1.7125 1.2957
3.6717 -0.5855 2.1695
3.7564 0.4968 2.7077
3.7564 -1.3348 2.2599
3.7564 -0.6770 2.3859
4.2333 -1.4299 2.2054
4.2333 -0.2386 2.6833
4.2426 -1.4509 2.6614
4.2426 -0.3444 2.8778
4.2426 -1.0650 2.6403
4.2426 -0.9797 2.9223
4.2426 0.4447 3.1632
4.2426 -0.9439 2.9295
4.2426 -0.9579 3.0077
4.2487 -1.5134 2.5209
4.2487 -1.0846 2.7666
4.2487 -0.8319 3.0713
4.2487 -0.7268 3.0245
4.2498 0.8539 3.2848
4.2498 0.2669 3.1443
4.2498 -1.4017 2.9668
4.2487 -0.7432 2.7619
4.2487 -1.1305 2.5647
4.2487 -0.9991 2.7289
4.2487 0.1976 3.1875
4.2487 0.2577 3.0468
4.2487 -1.4854 2.8173
4.2487 -0.6063 2.5166
4.2487 -0.1722 2.6347
4.2487 1.4736 3.1094
4.2487 0.1195 2.9687
4.2487 1.2612 3.0190
4.2073 -0.5972 2.6622
4.2438 1.6961 3.0135
4.2438 -0.6764 3.0207
4.2438 0.7485 3.2063
4.2438 0.0434 3.1374
4.2438 -1.2324 3.0330
4.2487 -0.3462 2.9634
4.2487 0.3108 3.0983
4.2487 1.0543 3.1727
4.2487 0.2759 3.2182
4.2536 0.4448 3.1690
4.1897 1.6364 3.1138
4.1897 1.4768 3.1866
4.2343 -0.4258 3.0097
4.2343 0.0015 2.9227
4.2343 0.1046 3.0053
4.2343 -0.5847 2.9999
4.2343 -0.8241 2.9814
4.2477 -0.3808 3.0231
4.2477 1.2015 3.1034
4.2477 0.9246 3.1086
4.2477 1.0473 3.1036
4.2484 -0.0106 3.0041
4.2484 -0.5704 3.0096
4.2495 -1.0531 3.1072
4.2495 0.4337 3.1661
4.2486 -0.2768 3.3062
4.2497 1.0574 3.2291
4.2477 0.5223 3.1946
4.2515 -0.7216 3.1864
4.2509 0.4772 3.0842
4.2509 0.4291 3.1742
4.2528 1.6353 3.2169
4.2528 0.9824 3.0716
4.2528 -0.1826 3.0730
4.2528 -0.1895 3.2069
4.2528 1.5190 3.2214
4.2528 0.5587 3.1274
4.2528 0.0627 3.1555
4.2528 -0.3172 3.0605
4.2528 -0.1724 3.0522
4.2533 1.4629 3.0978
4.2533 0.7813 3.1785
4.2533 1.3301 3.2149
4.2533 1.6808 3.2208
4.2536 1.7056 3.1822
4.2536 0.1496 3.1932
4.2536 -0.3590 3.1734
4.2533 -0.4613 3.2050
4.2533 -0.0330 3.2179
4.2533 -0.8042 3.1952
4.2533 -1.0340 3.2124
4.2533 1.3492 3.1527
4.2533 1.1827 3.1829
4.2533 1.5852 3.1970
4.2533 -0.3999 3.2085
4.2533 2.0329 3.2717
4.2533 1.3408 3.1421
4.2533 -1.2189 3.1168
4.2533 0.3005 3.0860
4.2537 -0.5461 3.1622
4.2534 -0.1241 3.2183
4.2534 1.5271 3.1907
4.2534 1.3323 3.2495
4.2534 2.0030 3.3104
4.2534 1.3569 3.3049
4.2519 1.9393 3.2277
