3.1170 -2.2933 0.7354
4.0434 -1.3430 1.2479
4.2379 -2.2227 1.8876
4.2379 -1.4818 2.2528
4.2379 0.8266 2.9414
4.2536 0.3478 2.9872
4.2536 -2.2370 2.5540
4.2536 -0.1733 2.9373
4.2536 -0.9059 2.9079
4.2536 -0.8247 3.0216
4.2536 -0.5781 2.9944
4.2536 0.6279 3.1913
4.2536 -0.8435 2.6691
4.2530 -1.5399 2.8454
4.2530 -2.2237 2.2828
4.2530 0.3802 3.0122
4.2530 0.2683 2.9926
4.2530 -1.1981 2.8320
4.2530 -0.0435 3.0943
4.2530 -0.2798 3.1321
4.2524 -1.7361 2.7905
4.2524 0.3902 3.1201
4.2524 -1.7329 2.7804
4.2529 -1.7021 2.6093
4.2523 -1.8760 2.6815
4.2523 -1.9018 2.8127
4.2523 -1.3200 2.5711
4.2523 0.1607 3.3032
4.2523 0.0766 3.2158
4.2523 0.7009 3.3495
4.2532 0.2548 3.1329
4.2532 0.7147 3.1878
4.2539 -0.1395 3.0474
4.2539 -0.0627 3.0044
4.2539 -0.1386 3.0205
4.2539 -0.9012 3.2218
4.2535 0.1177 3.1314
4.2535 0.3424 3.2886
4.2535 -0.0919 3.1515
4.2522 0.2926 2.9935
4.2522 -0.6703 3.0347
4.2522 -0.7649 3.1002
4.2522 -0.4599 3.1359
4.2497 -0.5036 3.0236
4.2497 -1.0674 2.7794
4.2497 -0.9007 2.9911
4.2535 -0.6257 3.1436
4.2535 0.6133 3.1517
4.2497 0.2328 3.0845
4.2497 -0.4214 2.9275
4.2497 -0.0938 3.0183
4.2497 -0.8632 3.0986
4.2497 1.1406 3.1778
4.2441 -0.7327 2.7200
4.2441 -0.0473 2.8013
4.2441 -0.4781 3.0930
4.2441 -0.4232 3.1798
4.2441 1.1878 3.3814
4.2441 -0.5270 2.9158
4.2441 -0.8245 2.7847
4.2441 1.0777 3.2545
4.2441 0.0376 3.2191
4.2441 -0.3298 3.1143
4.2441 0.2501 3.0796
4.2441 1.5333 3.1787
4.2441 0.8451 3.1226
4.2441 1.6210 3.2096
4.2441 1.5920 3.1964
4.2441 0.7304 3.1191
4.2441 0.8480 3.1757
4.2441 0.7649 3.0903
4.2502 1.2171 3.0750
4.2441 0.4023 3.0211
4.2441 -0.5202 3.0452
4.2441 1.1004 3.1354
4.2441 0.5703 3.1441
4.2459 -0.3094 3.1565
4.2459 0.5216 3.0571
4.2488 0.0769 3.0614
4.2488 0.0033 3.1347
4.2488 0.7183 3.1311
4.2488 0.4565 3.1899
4.2488 0.7571 3.1034
4.2476 0.0681 3.0659
4.2476 -0.5438 3.1132
4.2476 0.1556 3.1241
4.2476 0.4845 3.1967
4.2476 0.7027 3.1953
4.2476 1.4220 3.1105
4.2476 -0.3041 3.0829
4.2470 1.1400 3.2755
4.2470 0.3215 3.1594
4.2470 0.0837 3.0875
4.2470 -0.2654 3.1194
4.2468 -1.0602 3.0616
4.2468 0.2001 3.1775
4.2473 0.2537 3.2074
4.2473 -0.3080 3.1487
4.2473 0.0703 3.2022
4.2473 0.7145 3.2569
