2.7782 -1.6868 0.6884
2.7782 -1.0600 1.2816
3.2394 0.3322 2.2188
4.0526 -1.3254 1.7676
4.1895 -1.5214 2.3627
4.1895 -1.5068 2.3483
4.1895 0.4950 2.9069
4.1910 -0.9973 2.5717
4.1910 -0.1312 2.9443
4.2000 -0.5451 2.8553
4.2000 0.4250 3.0755
4.2017 -0.0604 2.9825
4.2014 0.0140 3.0835
4.2138 -0.6212 3.0532
3.7385 -1.7255 2.3901
3.7385 -0.1698 2.7023
3.7385 -1.2249 2.0723
3.7385 -0.5233 2.6914
3.7385 0.1027 2.8795
4.0911 -0.8613 2.7818
4.0566 -1.5861 2.5119
3.9840 -1.3987 2.5883
3.9840 0.3535 3.0103
4.2435 -0.4127 2.9457
4.2435 -0.5223 2.8554
4.2435 -0.9351 2.7082
4.2435 -0.3658 2.9968
4.2435 -0.1500 3.0493
4.2435 -0.5482 2.9199
4.2435 -1.4725 2.6880
4.2435 -0.4098 3.0041
4.2435 -0.3243 2.7348
4.2435 -1.3641 2.6581
4.2435 -0.8910 3.0305
4.2506 -0.6945 3.1591
4.2506 -0.0052 3.0640
4.2506 0.3538 3.1170
4.2506 0.2419 2.9413
4.2506 1.2556 3.0117
4.2506 -0.4921 3.0130
4.2506 0.9104 3.1083
4.2506 -0.2977 3.0080
4.2506 0.9079 3.0211
4.1067 0.9997 3.0139
3.7545 1.0428 2.9986
3.7527 0.6333 2.8152
3.7457 -0.6553 2.6257
3.7457 -0.3322 2.7210
3.7459 -0.5685 2.7544
3.7459 0.7645 2.7343
3.7459 0.8249 2.7216
3.9305 0.2156 2.6998
3.9986 1.1124 2.9313
3.9986 0.1428 2.9026
4.1395 0.4535 2.9569
4.2115 0.8822 2.9779
4.1963 1.5288 3.0588
4.1963 0.3775 2.9412
4.1983 1.0474 3.1222
4.2489 1.0197 3.1515
4.2335 1.6834 3.0039
4.2250 1.2259 2.9671
4.2367 0.0926 3.0673
4.2367 0.1260 2.9642
4.2367 1.5287 3.0235
4.2481 0.1199 3.0671
4.2447 0.0302 3.0700
4.2447 0.5300 3.0841
4.2521 0.7633 3.1138
4.2521 1.2643 3.1699
4.2521 -0.2587 3.0535
4.2521 1.3734 3.0284
4.2521 0.3866 3.0789
4.2521 0.7896 3.0282
4.2521 0.7570 2.9211
4.2521 0.0838 2.9711
4.2530 -0.4857 3.0433
4.2530 1.5792 3.1882
4.2342 1.2477 3.0108
4.2342 0.3874 3.0222
4.2189 0.9984 3.0401
4.2189 0.4573 3.0387
4.2235 1.4455 3.0960
4.2235 1.4471 3.0622
4.2235 -0.1113 2.9944
4.2235 1.0592 2.9941
4.2235 1.2149 2.9939
4.2262 0.2046 3.0523
4.2262 1.1214 3.0364
4.2262 -0.0088 3.0657
4.2255 -0.0705 3.0578
4.2242 -0.0330 3.1059
4.2242 1.2694 3.0437
4.2242 -0.2655 3.0417
4.2242 1.2527 3.0672
4.2242 1.1814 3.0982
4.2229 1.4087 3.0668
4.2229 0.6880 3.0929
4.2229 0.2913 3.0253
4.2229 0.2888 3.0639
