3.7279 -1.8144 0.8885
3.7279 -1.4481 1.2440
4.1868 -1.1527 1.9816
4.1868 -1.2088 2.0298
4.2008 0.0379 2.6832
4.2008 -0.3950 2.8051
4.2008 -1.1000 2.4714
4.2008 -0.3447 2.7658
4.2110 -1.5355 2.6965
4.2110 -0.5123 2.8300
4.2110 -0.6988 2.9123
4.2008 -0.8062 2.6418
3.7217 -0.7980 2.5724
3.7217 -1.4854 2.6422
3.7513 -0.1065 2.8176
4.0599 0.0698 2.8320
4.0599 0.7007 2.9969
4.1399 -0.5824 2.9435
4.2194 -1.2316 2.6794
4.2197 -1.8575 2.4082
4.2478 -1.5205 2.7490
4.2505 -0.4835 3.0303
4.2505 -0.0435 3.1142
4.2505 -0.1396 3.0160
4.2520 -1.0703 2.6351
4.2520 -0.8310 2.8866
4.2520 -2.1620 2.6391
4.2520 -1.6029 2.7141
4.2520 -2.0022 2.3660
4.2520 -1.2140 2.9955
4.2520 -0.7517 2.9698
4.2520 0.4419 3.0935
4.2520 0.9670 3.3266
4.2520 -0.7655 3.2159
4.2520 -1.3080 2.9830
4.2520 -0.9455 3.0089
4.2520 0.1845 3.0235
3.7429 -0.2373 2.8316
3.7499 0.5243 3.0146
4.1665 -0.6752 2.8704
4.1835 1.0587 3.3176
4.1835 0.2942 3.0459
4.1835 0.4998 3.0740
4.2368 -0.2135 3.1337
4.2368 -0.6463 3.1198
4.2413 0.3938 3.1816
4.2299 0.5028 3.0687
4.2299 0.1631 2.9071
4.2299 0.6101 2.9809
4.2299 -0.5273 3.0462
4.2533 0.2756 3.2260
4.2533 0.0764 3.2663
4.2299 -0.3661 3.0245
4.2299 1.1812 3.1584
4.2299 0.2788 3.1034
4.2299 -0.8676 2.9998
4.2450 0.4969 3.1084
4.2450 0.7272 3.0960
4.2450 0.6308 3.2045
4.2479 -0.2413 3.2288
4.2479 0.2203 3.1934
4.2475 0.9889 3.2631
4.2475 -0.2989 3.1489
4.2475 1.3623 3.2774
4.2476 1.6923 3.2872
4.2482 0.1655 3.2083
4.2482 -0.3862 3.1925
4.2506 0.7809 3.2191
4.2520 0.7831 3.3192
4.2520 1.2509 3.2420
4.2520 -0.5764 3.2169
4.2520 -0.2303 3.2270
4.2520 1.7364 3.3024
4.2524 0.7284 3.2518
4.2524 0.0229 3.2607
4.2524 1.2686 3.3302
4.2524 -0.7082 3.1785
4.2524 1.7937 3.3637
4.2524 0.8780 3.3206
4.2531 0.2854 3.3421
4.2531 1.0465 3.2336
4.2531 -0.1298 3.2697
4.2531 -0.9806 3.2779
4.2529 1.7935 3.3004
4.2538 1.7839 3.3886
4.2538 -0.5566 3.2759
4.2538 0.6843 3.3481
4.2532 -0.1205 3.3366
4.2527 0.1457 3.3275
4.2527 -0.1611 3.2177
4.2528 1.4096 3.3833
4.2528 1.8130 3.3591
4.2528 2.1293 3.2778
4.2528 1.3077 3.2303
4.2528 -0.9082 3.2311
4.2528 -1.3598 3.2315
4.2528 1.8605 3.2619
4.2528 0.2041 3.2697
4.2534 -0.0179 3.2085
4.2534 0.3231 3.2603
