3.3202 -1.3904 0.7815
3.6352 -1.5897 1.1898
4.0773 -1.1757 1.8659
4.0773 -0.7101 2.3985
4.0773 -1.1879 2.2929
4.2460 -0.4953 2.6428
4.2460 -0.4254 2.6332
4.2460 -0.5150 2.6777
4.2474 -0.4740 2.9425
4.2474 0.7475 3.0744
4.2525 -0.1761 3.0095
4.2525 0.1559 3.0355
4.2525 -1.1910 2.7845
4.2534 -0.0295 2.9905
4.2537 -0.0103 3.1417
4.2537 -2.0254 2.4579
4.2537 -1.2976 2.4197
4.2537 0.0158 3.0845
4.2539 0.1323 3.1590
4.2539 -0.0699 3.0836
4.2539 -0.6981 2.9640
4.2539 -0.6401 2.9281
4.2539 -0.4339 3.0521
4.2539 0.1503 3.0778
4.2539 -0.2543 3.0715
4.2539 -1.4203 2.7469
4.2539 0.1410 3.0758
4.2539 0.6939 3.2308
4.2539 0.5699 3.1630
4.2539 0.2812 3.1912
4.2539 -0.6375 3.1117
4.2538 -0.2074 2.7789
4.2538 -0.3814 2.7331
4.2538 -0.0227 2.9421
4.2538 -0.5130 2.8748
4.2538 -0.1605 3.0320
4.2538 0.3166 3.1799
4.2538 0.1121 3.0875
4.2538 0.1961 3.1309
4.2538 -0.0268 3.0349
4.2538 -0.0321 3.1760
4.2538 0.6199 3.2974
4.2529 -0.4090 2.9153
4.2529 0.6940 2.8938
4.2529 0.4312 3.0405
4.2529 0.4517 3.0510
4.2529 0.1424 3.0061
4.2529 -0.2498 2.9324
4.2529 0.6833 3.0812
4.2524 0.6023 3.2894
4.2519 -0.0015 3.1177
4.2519 1.2456 3.1464
4.2519 -0.3712 2.9031
4.2519 -0.4931 3.1629
4.2519 -0.1863 3.1322
4.2519 0.2163 3.1190
4.2519 -0.9072 2.8578
4.2519 -0.1245 2.9323
4.2519 1.2219 3.0214
4.2519 0.1241 3.0380
4.2519 0.0187 3.0064
4.2521 0.9905 3.1131
4.2537 0.0550 3.0113
4.2537 -0.8167 3.0437
4.2537 -0.0988 2.9486
4.2537 0.0940 2.9773
4.2538 -0.7595 3.0736
4.2538 0.4347 3.1189
4.2531 1.7397 3.1902
4.2536 0.1538 3.0155
4.2536 -0.5933 2.9890
4.2536 -0.5519 3.0099
4.2536 -0.5735 3.1870
4.2450 0.7700 3.1033
4.2450 -0.7335 2.9490
4.2450 -0.0801 2.8909
4.2450 -0.8810 3.0019
4.2450 0.2827 3.0909
4.2450 1.3070 3.0898
4.2450 -1.3994 2.9505
4.2450 -0.0197 2.9440
4.2450 -0.1929 3.0197
4.2450 0.9153 3.1002
4.2434 1.5564 3.1613
4.2434 1.0515 3.0737
4.2434 1.4938 3.1535
4.2434 0.4440 3.1139
4.2434 0.2822 3.1734
4.2434 0.7367 3.1996
4.2434 1.3427 3.0794
4.2434 0.1096 3.0434
4.2434 0.6501 3.0406
4.2434 -0.6499 2.9633
4.2266 -0.1898 2.9820
4.2266 1.0328 2.9755
4.2266 1.3869 3.0084
4.2266 -0.2235 3.0315
4.2266 -0.1846 2.9973
4.2266 0.2672 3.0926
4.2266 0.6600 3.0721
