4.1416 -1.8996 0.8117
3.8179 -1.2877 1.3718
3.8179 -0.6664 1.8944
4.1019 -1.0704 2.3578
4.1019 0.3220 2.7450
4.1019 -1.6968 2.2682
4.1019 0.1432 2.8021
4.1019 -1.7392 2.3253
4.1558 -1.6084 2.3398
4.1558 0.5411 2.9095
4.1914 -0.4074 2.9840
4.2038 -1.3196 2.8915
4.2034 -1.7496 2.2795
4.2034 -1.7391 2.3175
4.2034 -0.3329 2.9694
4.2279 -0.5918 3.0821
4.2376 -1.9641 2.8439
4.2376 -0.0023 2.9353
4.2443 -1.6041 2.5908
4.2443 -1.1224 2.8251
4.0552 -1.7169 2.5688
4.0552 -0.8948 2.7981
4.0552 0.8538 3.0744
4.1084 -0.0212 2.9881
3.7502 1.1782 2.9090
3.8141 -0.3576 2.8956
3.8141 -1.1271 2.6292
3.8257 0.4236 2.9600
4.1991 -0.2787 2.9767
4.1991 0.8052 3.0185
4.2535 -0.2332 2.9705
4.2535 -0.5185 2.8297
4.2535 -0.4340 2.7498
4.2535 -0.1980 2.8725
4.2535 -0.3646 2.6458
4.2535 -0.1952 2.8790
4.2535 1.0236 3.1676
4.2535 -0.2228 3.1055
4.2535 0.0073 2.9205
4.2535 0.5887 3.0502
4.2535 0.0102 3.0353
4.2537 0.5595 3.0838
4.2537 0.0304 2.9594
4.2537 1.4049 3.1615
4.2537 -0.4069 3.1810
4.2537 -0.5076 3.1336
4.2530 -0.2319 3.0454
4.2530 1.1511 3.0509
4.2524 -0.2317 3.0477
4.2524 -0.2202 3.1145
4.2524 0.0984 2.9897
4.2524 0.2824 3.0145
4.2524 0.2722 3.1023
4.2524 -0.4774 3.0464
4.2524 -0.6396 3.0529
4.2536 1.5193 3.1995
4.1001 -0.1401 2.7809
4.1001 -0.4855 2.7364
4.1001 1.1301 2.8185
4.1001 -0.3319 2.9612
4.1001 -0.1098 2.9533
4.1001 -0.5307 2.9803
4.1874 1.2228 2.9977
4.1874 0.3012 2.9305
4.1874 -0.2577 2.9734
4.1874 0.2067 2.9642
4.1874 -0.8844 2.9010
4.2062 0.3241 3.0792
4.2352 -0.0485 3.1559
4.2352 1.1697 3.0007
4.2352 -0.3848 2.9388
4.2352 0.0116 2.9217
4.2352 -0.3180 3.0287
4.2352 0.7662 2.9619
4.2352 1.0477 3.0051
4.2376 0.0983 3.0896
4.2352 -0.0671 3.1112
4.2342 0.9703 3.1455
4.2331 1.3574 3.1224
4.2331 1.5653 3.1180
4.2331 1.6041 3.0058
4.2331 1.1856 3.0760
4.2374 -0.7568 3.1128
4.2374 1.3777 3.1153
4.2367 -0.1292 3.0402
4.2347 1.4497 3.0975
4.2347 -0.0309 3.0666
4.2331 0.0309 2.9754
4.2331 1.5733 2.9951
4.2339 1.1560 3.0190
4.2339 0.0864 2.9951
4.2339 1.3466 2.9702
4.2339 -0.6610 3.0030
4.2339 1.4301 3.0684
4.2339 0.6808 3.0139
4.2339 -0.2118 3.0474
4.2339 0.4023 3.0520
4.2339 -0.2479 3.0402
4.2249 1.4121 3.1569
4.2216 1.6659 3.1473
