1.3845 1.4009 -1.7021
1.9655 0.9416 -0.4557
1.7826 1.7826 -0.4216
1.7507 1.3334 -0.1702
1.5023 1.4425 0.0897
1.7458 0.8632 0.2387
1.6922 1.8295 0.5857
1.9774 1.2378 0.6347
1.8110 1.5777 1.0522
0.9665 1.0055 0.6742
1.6467 1.3866 1.2137
1.6710 1.4371 1.3779
1.6397 1.4484 1.7365
1.6561 1.4655 1.9153
1.6850 1.4931 2.0983
1.2563 1.6996 1.9054
0.9856 1.7117 1.6145
-0.0681 -0.0365 1.0677
0.8222 1.1632 1.3840
1.6479 1.2599 2.4239
-0.0855 -0.0802 1.1429
1.6393 0.9381 1.9549
1.7227 1.6621 3.0640
1.6303 1.2422 2.7483
0.7964 1.5984 2.0719
1.7100 1.6511 3.3858
1.7105 1.6272 3.4403
0.4006 1.6742 1.9838
0.9878 1.6204 2.4674
1.6474 1.5751 3.8582
1.6156 1.6765 3.9419
1.6663 1.6519 4.0049
1.6696 1.6238 4.0373
1.6426 1.6580 4.1197
1.6231 1.6586 4.1356
1.6821 0.5241 2.4231
1.6355 1.6449 4.2148
1.6327 1.6238 4.2487
1.6327 1.6238 4.2487
1.6316 1.6295 4.2529
1.6313 1.6314 4.2524
1.6314 1.6319 4.2519
1.6308 1.6318 4.2523
1.6308 1.6318 4.2523
1.6306 1.6318 4.2524
0.3434 1.6232 2.3061
0.3278 1.6478 2.3086
1.0616 1.0663 2.5318
0.3131 1.0763 1.6577
0.4726 1.6317 2.4665
1.2037 0.5820 2.1611
-0.1026 0.5378 1.3444
1.6631 0.6864 2.9680
0.6996 1.5874 2.8270
1.1788 1.1493 3.0159
1.6995 0.1522 2.1516
1.6995 0.1522 2.1516
-0.6392 -0.5940 2.1787
-0.6392 -0.5940 2.1787
-0.6392 -0.5940 2.1787
-0.6392 -0.5940 2.1787
-0.6392 -0.5940 2.1787
1.1777 1.1345 3.0553
1.1777 1.1345 3.0553
-0.0047 1.6155 2.6044
-0.0047 1.6155 2.6044
0.1949 1.6017 2.6580
1.0846 1.6315 3.5741
1.6283 1.1112 3.7216
1.6302 1.1114 3.7218
1.1100 1.6560 3.6221
1.1140 1.6309 3.7298
1.1217 1.6338 3.7446
1.1217 1.6338 3.7446
1.1217 1.6337 3.7448
1.1218 1.6335 3.7451
1.1219 1.6334 3.7452
1.1225 1.6322 3.7475
1.1259 1.6341 3.7492
1.6213 0.5970 3.1801
1.6213 0.5970 3.1801
1.6245 0.6454 3.2488
-0.3140 1.5931 2.2409
-0.3140 1.5931 2.2409
1.6239 0.6432 3.2502
1.6239 0.6432 3.2502
0.1556 1.6210 2.7631
1.1068 0.6798 2.6028
1.1068 0.6798 2.6028
0.6465 1.5897 3.0590
0.6861 1.6224 3.1150
-0.1154 1.6139 2.7128
-0.1154 1.6139 2.7128
0.6329 1.6371 3.2479
0.6329 1.6371 3.2479
0.6329 1.6371 3.2479
0.6329 1.6371 3.2479
0.6377 1.0856 2.5850
1.0600 0.2295 1.7845
1.0600 0.2295 1.7845
