1.2671 1.4888 0.5216
1.5053 1.5215 1.5060
1.5353 0.9737 1.3426
0.3622 1.2042 1.2974
1.0982 1.2520 2.0056
0.4809 0.7146 1.1927
1.5107 1.6097 2.7830
1.2043 0.4991 1.6493
1.5617 1.0151 2.2842
0.4739 1.0774 1.7375
0.6353 1.2203 2.0746
1.5638 1.5641 3.2517
0.7095 1.0529 1.9951
1.0195 1.6135 2.8434
0.7529 1.6076 2.5424
0.6429 1.2023 2.3051
0.3757 1.6051 2.1797
1.2001 1.6202 3.3219
1.5616 1.6028 3.6328
1.5450 1.1247 2.9522
1.1719 1.5865 3.3782
1.5930 1.5674 3.6411
0.7021 0.6998 1.8102
1.0532 1.6019 3.1875
1.6333 1.2150 3.1416
1.1770 1.1668 2.9442
0.3230 1.5963 2.2371
0.7141 1.5972 2.8125
1.1910 0.6479 2.4253
1.5869 1.6084 3.9825
1.5991 1.5940 3.9898
1.5975 1.5972 4.0036
1.5983 1.6005 4.0345
1.0847 1.1575 3.0110
1.1507 1.6184 3.7042
1.1210 0.7076 2.4786
0.0955 0.2139 1.1829
1.1454 1.6178 3.7193
1.6009 1.6098 4.1085
1.6049 1.6076 4.1234
1.6017 1.6131 4.1289
0.6688 1.5854 2.9633
1.1655 1.1182 3.1317
1.0891 1.6433 3.5804
0.1935 1.0934 2.1348
0.1870 1.0925 2.1360
1.6070 1.6164 4.1729
1.1257 1.6258 3.7514
1.1244 1.6298 3.7512
0.5411 1.6093 2.8457
1.6166 1.6229 4.2300
1.6191 1.6243 4.2391
1.6191 1.6246 4.2392
1.6188 1.6267 4.2401
0.0368 1.0926 2.0196
1.6199 1.6267 4.2428
1.6220 1.6224 4.2423
1.6208 1.6251 4.2437
1.6212 1.6245 4.2439
1.6180 1.6464 4.1991
1.6201 1.6292 4.2439
1.6195 1.6307 4.2421
1.6216 1.6260 4.2459
1.6184 1.6424 4.2163
1.0954 1.1083 3.1043
1.6238 1.6363 4.2434
1.6247 1.6374 4.2423
1.6251 1.6388 4.2393
1.6251 1.6388 4.2393
0.6183 1.1004 2.6643
0.5671 0.6038 2.0063
1.6125 1.1532 3.6742
1.6192 1.1563 3.6832
1.5605 0.6421 2.7032
1.5605 0.6421 2.7032
1.5605 0.6421 2.7032
1.5605 0.6421 2.7032
1.1216 0.6601 2.7175
0.6376 1.6044 3.1805
1.1255 0.2630 2.0828
1.6063 1.1321 3.6899
0.6374 1.6140 3.2285
1.6293 1.1288 3.7544
1.6399 1.1073 3.6915
1.6362 1.1100 3.7103
1.6362 1.1100 3.7103
1.6362 1.1100 3.7103
1.6362 1.1100 3.7103
0.1763 1.6004 2.6651
0.1763 1.6004 2.6651
0.1763 1.6004 2.6651
0.1391 1.5927 2.6001
0.1391 1.5927 2.6001
1.1244 0.2209 2.2035
1.1244 0.2209 2.2035
-0.6355 -0.6894 2.1057
-0.6223 -0.6593 2.2210
-0.6223 -0.6593 2.2210
-0.6220 -0.6576 2.2249
-0.6220 -0.6576 2.2249
