0.7821 0.7922 0.2926
1.6917 1.7983 1.1060
1.2854 1.6873 1.6440
1.6498 1.4759 2.1305
1.6080 0.9089 1.7438
1.6951 1.7422 2.2492
0.8068 1.6358 2.0930
1.7129 1.7113 2.5693
1.5174 1.6491 2.9030
0.6646 1.7243 2.1309
1.5381 1.0752 2.5805
1.6916 1.7141 2.8799
1.5316 1.1455 2.6994
1.5323 1.6469 3.1906
0.4358 1.6463 2.2729
1.2039 1.5924 3.1195
0.3210 1.6277 2.3768
1.6635 1.7097 3.3008
1.1971 1.6396 3.3502
0.2772 1.6295 2.5341
1.1917 1.6357 3.4182
1.1632 1.6784 3.3464
1.6613 1.6740 3.8578
1.1842 1.0853 2.8245
1.1640 1.6251 3.6520
1.1615 1.6244 3.6658
1.1245 1.6694 3.5412
0.1753 1.6633 2.6155
0.1753 1.6633 2.6155
-0.0170 1.6769 2.3368
1.6489 1.1615 3.6166
0.5876 0.6841 2.0282
1.6290 1.6599 4.1299
1.0934 1.6234 3.6316
1.6218 1.6506 4.1862
1.6508 1.6451 4.1575
0.6237 1.6159 3.2291
0.6237 1.6159 3.2291
0.6237 1.6159 3.2291
0.6237 1.6159 3.2291
0.6226 1.6173 3.2321
1.6575 1.1308 3.6492
1.6308 1.6320 4.2522
1.6308 1.6320 4.2521
1.6313 1.6319 4.2520
1.6313 1.6317 4.2521
1.6314 1.6319 4.2519
1.6314 1.6319 4.2519
1.6389 1.6324 4.2393
1.6324 1.6356 4.2464
1.6374 1.6319 4.2434
1.6355 1.6318 4.2471
1.6251 1.1474 3.7272
0.5714 0.6177 2.0618
0.6134 1.6275 3.2336
1.6396 1.1456 3.7195
0.6095 1.6341 3.2215
0.6106 1.6327 3.2257
1.6117 1.1284 3.7165
1.6227 1.1103 3.7134
0.5970 1.1541 2.6384
1.6283 1.1112 3.7216
1.6254 1.1324 3.7529
1.6298 1.1128 3.7267
1.6288 1.1265 3.7532
1.1644 1.0998 3.0694
1.1120 1.1539 3.1755
0.6492 1.1265 2.7457
0.6492 1.1265 2.7457
1.1267 1.0971 3.1569
-0.0255 1.6413 2.6151
-0.0255 1.6413 2.6151
-0.0255 1.6413 2.6151
-0.0255 1.6413 2.6151
-0.6764 -0.5916 2.0802
-0.6764 -0.5916 2.0802
-0.6764 -0.5916 2.0802
-0.6764 -0.5916 2.0802
1.5833 0.5903 2.9053
1.5833 0.5903 2.9053
1.5833 0.5903 2.9053
1.5833 0.5903 2.9053
1.5848 0.6087 2.9833
-0.0421 1.0530 1.6721
1.5851 0.6113 2.9921
1.5851 0.6113 2.9921
1.5867 0.6297 3.0348
1.6828 0.6118 2.8618
1.6086 0.6542 3.1852
1.6086 0.6542 3.1852
1.6086 0.6542 3.1852
1.6086 0.6542 3.1852
0.2114 1.1356 2.2240
0.2114 1.1356 2.2240
0.2114 1.1356 2.2240
1.1368 0.6923 2.5837
1.1368 0.6923 2.5837
1.1222 0.3177 1.8828
1.1222 0.3177 1.8828
1.1222 0.3177 1.8828
