1.0297 1.3724 0.0033
1.4384 1.1118 1.0912
1.4622 1.5997 1.8516
1.6112 1.2882 1.9921
0.8164 1.5978 1.9004
-0.1397 0.7685 0.9600
1.5883 0.8135 1.8396
0.1950 0.1700 1.2678
0.9980 1.5955 2.4621
0.4897 0.6056 1.5248
0.7562 0.1545 1.0850
1.1872 1.5577 2.8759
1.1896 1.0828 2.7525
1.5428 1.6109 3.3762
1.1223 0.7122 2.4473
0.1688 -0.2017 1.2589
1.5615 1.6011 3.6200
1.0341 1.6075 2.9987
1.0910 1.1114 3.0881
1.1730 1.1186 3.0808
1.5865 1.5855 3.7980
1.0526 1.5965 3.1413
1.6324 1.2106 3.2000
0.5240 1.6097 2.7356
0.7035 1.6080 2.9592
1.1872 1.6150 3.4453
1.5962 1.5995 4.0109
0.6705 1.5892 2.9954
1.5959 1.6107 4.0755
1.6062 1.6066 4.1253
1.6053 1.6087 4.1316
0.5658 1.6044 2.9671
1.1216 0.6601 2.7175
1.6090 1.6165 4.1836
1.6066 1.6210 4.1828
0.6573 1.5982 3.1119
-0.6355 -0.6894 2.1057
1.6144 1.6285 4.2270
0.6501 1.6004 3.1428
1.6189 1.6238 4.2377
1.6191 1.6246 4.2392
1.6188 1.6267 4.2401
1.6199 1.6267 4.2428
1.6207 1.6251 4.2433
1.6220 1.6224 4.2423
1.6212 1.6245 4.2439
1.6202 1.6279 4.2440
1.6201 1.6292 4.2439
1.6216 1.6260 4.2459
1.6184 1.6424 4.2163
1.6191 1.6350 4.2368
1.6212 1.6287 4.2463
1.6226 1.6298 4.2488
0.6491 1.6034 3.1643
0.6448 1.6021 3.1612
1.6236 1.6335 4.2476
1.6245 1.6368 4.2433
1.6247 1.6374 4.2423
1.6251 1.6388 4.2393
1.6251 1.6388 4.2393
0.6376 1.6044 3.1805
1.6313 1.1807 3.5296
-0.6223 -0.6593 2.2210
-0.6223 -0.6593 2.2210
-0.6223 -0.6593 2.2210
-0.6220 -0.6576 2.2249
-0.6220 -0.6576 2.2249
1.1440 1.6180 3.7233
1.0891 1.6433 3.5804
1.1458 1.6269 3.7334
1.1394 1.6174 3.7309
1.1257 1.6258 3.7514
0.1935 1.0934 2.1348
1.1244 1.6298 3.7512
0.1870 1.0925 2.1360
1.6192 1.1563 3.6832
1.5605 0.6421 2.7032
1.5605 0.6421 2.7032
1.5605 0.6421 2.7032
1.5605 0.6421 2.7032
1.5605 0.6421 2.7032
1.6305 1.1588 3.6826
1.1244 0.2209 2.2035
1.1244 0.2209 2.2035
0.1763 1.6004 2.6651
0.1763 1.6004 2.6651
0.1763 1.6004 2.6651
0.1391 1.5927 2.6001
0.1391 1.5927 2.6001
0.1391 1.5927 2.6001
0.1391 1.5927 2.6001
1.6213 1.1371 3.7435
0.0368 1.0926 2.0196
1.6293 1.1288 3.7544
1.6274 1.1261 3.7526
1.6399 1.1073 3.6915
1.6399 1.1073 3.6915
1.6362 1.1100 3.7103
1.6362 1.1100 3.7103
1.6362 1.1100 3.7103
