1.4031 1.4943 -0.4232
0.7065 1.3222 0.3248
-0.2368 -0.3671 0.6737
0.8002 1.1956 1.2838
0.8226 1.1373 1.4734
1.2248 1.0371 1.8473
-0.1466 -0.2187 1.2251
1.2429 1.5865 2.5149
0.2411 0.0727 1.0845
1.5228 1.0986 2.4685
0.7701 1.1381 1.9301
1.0877 0.4699 1.7966
1.6223 1.5176 2.9550
1.1954 1.5577 2.7907
1.6213 1.5218 3.0319
-0.1226 1.1961 1.8717
0.3857 1.6136 2.2147
1.1452 0.4906 2.0510
0.7569 1.6188 2.5483
1.5873 1.5617 3.5062
0.5550 0.5877 1.8780
0.5021 1.5949 2.4957
1.0307 1.6355 3.0093
1.5797 1.0704 3.1582
1.1008 0.2971 1.8847
0.4987 1.6154 2.5958
1.5944 1.5759 3.7625
1.1403 1.5753 3.3971
0.2685 1.6129 2.5324
0.0778 1.5884 2.4879
0.7196 1.6354 2.8897
1.5997 1.0927 3.5236
1.1501 1.6189 3.7076
0.1827 1.6076 2.7060
0.1824 1.6119 2.7272
0.1824 1.6119 2.7272
1.6132 1.6137 4.1928
0.5579 1.6422 2.9751
1.1356 1.6181 3.7376
1.6284 1.1033 3.6892
1.6300 1.1027 3.6864
1.6287 1.1053 3.6986
1.6299 1.1055 3.6994
1.1331 1.6417 3.7328
1.1331 1.6417 3.7328
1.1331 1.6417 3.7328
1.1331 1.6417 3.7328
1.1331 1.6417 3.7328
1.1331 1.6417 3.7328
1.1331 1.6417 3.7328
1.6299 1.1100 3.7172
1.6295 1.1108 3.7200
1.1316 1.6355 3.7489
1.1316 1.6355 3.7489
1.6202 1.6278 4.2441
1.6202 1.6278 4.2441
1.6202 1.6278 4.2441
1.6202 1.6278 4.2441
1.6202 1.6278 4.2441
1.6202 1.6278 4.2441
1.6202 1.6278 4.2441
1.6202 1.6278 4.2441
1.6202 1.6278 4.2441
1.6202 1.6278 4.2441
1.6202 1.6278 4.2441
1.6202 1.6278 4.2441
1.6202 1.6278 4.2441
1.6202 1.6278 4.2441
1.6202 1.6278 4.2441
1.6202 1.6278 4.2441
1.6202 1.6278 4.2441
1.6202 1.6278 4.2441
1.6202 1.6278 4.2441
1.6202 1.6278 4.2441
1.6202 1.6278 4.2441
1.6202 1.6278 4.2441
1.6202 1.6278 4.2441
1.6202 1.6278 4.2441
1.6235 1.1329 3.7505
1.6235 1.1329 3.7505
1.6298 1.1128 3.7267
1.6298 1.1128 3.7267
1.6298 1.1128 3.7267
1.6277 1.1353 3.7525
-0.5730 -0.6256 2.0805
-0.5730 -0.6256 2.0805
-0.5730 -0.6256 2.0805
-0.5730 -0.6256 2.0805
1.6254 1.1324 3.7529
0.5780 1.1453 2.5884
0.5848 1.6164 3.1187
0.5848 1.6164 3.1187
0.5848 1.6164 3.1187
1.5688 0.6169 2.8079
0.6545 1.6125 3.2028
0.6065 1.6391 3.2038
1.0740 0.1582 2.0053
1.5857 0.6116 2.9995
1.5913 0.6016 3.0271
1.5913 0.6016 3.0271
