-0.3141 -0.3436 0.4565
1.5090 0.7647 1.0293
1.5984 1.4746 2.0474
-0.2726 0.0388 0.9420
1.5666 0.7746 1.9273
0.7847 1.5983 2.1778
0.9751 1.6149 2.3014
0.3429 1.5987 2.1970
1.6076 1.5427 3.3574
1.6103 1.5445 3.4018
1.6108 1.5482 3.4669
1.5530 1.6288 3.5870
1.5581 1.6346 3.6617
0.1935 1.0934 2.1348
0.1862 1.0951 2.1524
1.6233 1.2072 3.2410
0.4716 1.1396 1.9558
0.7214 1.5957 2.7425
1.5722 1.6130 3.8329
0.1809 1.1110 2.2317
0.0368 1.0926 2.0196
1.6243 1.1989 3.3422
0.1391 1.5927 2.6001
0.1391 1.5927 2.6001
0.1391 1.5927 2.6001
0.1391 1.5927 2.6001
0.1712 1.5993 2.6598
0.1763 1.6004 2.6651
0.1763 1.6004 2.6651
1.6247 1.1926 3.4121
1.1846 1.0649 2.6425
1.5689 0.7101 2.5361
0.1852 0.6586 1.7353
1.6024 1.6062 4.1004
1.6044 1.6071 4.1172
1.6057 1.6110 4.1450
1.6076 1.6110 4.1556
1.5999 1.6287 4.1477
1.6068 1.6179 4.1763
1.6322 1.1797 3.5373
-0.6370 -0.6900 2.1018
0.5692 1.6028 2.9754
1.6191 1.6246 4.2392
1.6188 1.6267 4.2401
1.6194 1.6276 4.2422
1.6199 1.6267 4.2428
1.6212 1.6245 4.2439
1.6218 1.6235 4.2438
1.6202 1.6279 4.2440
1.6192 1.6338 4.2387
1.6212 1.6287 4.2463
1.6191 1.6350 4.2368
1.6209 1.6308 4.2452
1.6226 1.6298 4.2488
1.6236 1.6335 4.2476
1.6245 1.6368 4.2433
1.6247 1.6374 4.2423
1.6251 1.6388 4.2393
-0.6229 -0.6596 2.2208
1.6130 1.0692 3.4116
-0.6227 -0.6582 2.2241
-0.6223 -0.6578 2.2247
1.6306 1.1629 3.6599
1.6192 1.1563 3.6832
1.6305 1.1588 3.6826
0.6469 1.5987 3.1350
1.5988 1.1040 3.5784
1.6291 1.1549 3.7014
0.6438 1.6020 3.1614
0.6363 1.6028 3.1707
0.6376 1.6044 3.1805
1.1052 1.1850 2.9348
1.1440 1.6180 3.7233
1.1458 1.6269 3.7334
1.1394 1.6174 3.7309
1.1764 1.1268 3.0661
1.6213 1.1371 3.7435
1.0891 1.6433 3.5804
1.5605 0.6421 2.7032
1.5605 0.6421 2.7032
1.5605 0.6421 2.7032
1.5605 0.6421 2.7032
1.6399 1.1073 3.6915
1.6399 1.1073 3.6915
1.6293 1.1288 3.7544
1.6274 1.1261 3.7526
1.6362 1.1100 3.7103
1.6362 1.1100 3.7103
1.1257 1.6231 3.7484
1.1704 1.1181 3.0992
1.1257 1.6258 3.7514
1.1244 1.6298 3.7512
1.1067 1.6369 3.6961
1.1662 1.1084 3.0974
1.1208 0.7032 2.5092
1.0909 1.1085 3.0771
1.1191 0.6600 2.7132
1.1244 0.2209 2.2035
1.1244 0.2209 2.2035
1.1244 0.2209 2.2035
