0.8546 0.2889 0.0376
1.1724 1.4285 0.8530
0.3262 1.5188 1.0892
0.9894 1.5498 1.7764
1.4852 1.6225 2.3470
0.7683 1.5852 2.2163
1.0144 1.5772 2.4838
1.5479 1.5645 3.0090
1.0844 1.5424 2.7298
1.5280 1.6063 3.0877
0.5795 1.0150 1.6781
1.5139 1.1267 2.3889
1.0901 1.5538 2.9592
0.3253 1.5989 2.2496
1.5456 1.6214 3.4581
1.1784 1.2008 2.6193
1.0511 1.6022 3.1663
0.7184 1.6176 2.8886
1.6085 1.5565 3.5883
1.0831 1.5824 3.2971
1.6062 1.5593 3.6182
1.0883 1.5833 3.3456
1.1879 1.6371 3.4534
1.5608 1.6295 3.7061
1.0490 0.6149 2.2156
1.0543 0.6161 2.2777
1.6147 1.5695 3.8041
1.0735 1.6143 3.4566
1.5774 1.6106 3.8877
1.5824 1.6041 3.9101
1.5824 1.6041 3.9101
0.5620 1.6052 2.9507
-0.5709 -0.6216 2.0649
1.1310 0.5517 2.4617
1.1191 1.6017 3.6499
0.6788 1.6394 3.1422
1.0883 1.6383 3.5899
1.1492 1.6409 3.7047
1.1337 1.6181 3.7390
1.1318 1.6186 3.7410
1.0817 0.5955 2.4803
1.1331 1.6417 3.7328
1.1331 1.6417 3.7328
1.1331 1.6417 3.7328
1.5790 1.1787 3.2425
1.1316 1.6355 3.7489
0.6300 1.6048 3.1819
0.6478 1.6593 3.1292
-0.5849 -0.6445 2.1372
0.6502 1.6198 3.2343
0.5945 1.6168 3.1597
1.6004 1.6226 4.1460
0.6137 1.6148 3.2090
1.6035 1.6284 4.1720
1.6189 1.6043 4.1643
1.1597 0.2363 2.0916
0.6406 1.6375 3.2457
1.6088 1.6232 4.1986
1.6088 1.6232 4.1986
1.6090 1.6233 4.1997
0.6065 1.6391 3.2038
1.6097 1.6252 4.2050
1.6102 1.6238 4.2062
1.5492 0.5675 2.3241
1.5764 1.1647 3.3142
-0.6008 -0.6357 2.2032
1.6188 1.6273 4.2406
1.6195 1.6275 4.2423
1.6196 1.6274 4.2425
1.6200 1.6277 4.2436
1.6202 1.6278 4.2441
1.6202 1.6278 4.2441
1.6202 1.6278 4.2441
1.6202 1.6278 4.2441
1.6202 1.6278 4.2441
1.6202 1.6278 4.2441
-0.6040 -0.6469 2.2057
1.1033 0.6132 2.6691
1.1734 1.1460 3.0698
-0.6211 -0.6624 2.2110
0.6632 1.1572 2.6522
1.1054 1.0658 2.8561
1.5846 1.1511 3.4742
1.5811 1.0852 3.2985
1.1092 1.1417 3.2042
1.1092 1.1417 3.2042
1.1170 1.1414 3.2285
1.1170 1.1414 3.2285
1.6343 1.0526 3.2698
1.6343 1.0526 3.2698
0.1452 1.5948 2.6223
1.6171 1.0629 3.3647
1.6171 1.0629 3.3647
1.6171 1.0629 3.3647
1.6063 1.0762 3.4424
1.6063 1.0762 3.4424
1.6066 1.1430 3.6776
1.6154 1.1320 3.7313
1.6154 1.1320 3.7313
1.6273 1.1208 3.7458
