1.3633 1.8816 -2.2237
1.9048 1.9821 -1.2153
-0.3488 1.9479 -0.5170
1.7342 1.8875 -0.5213
1.3000 1.2857 -0.3218
1.3442 -0.1335 -0.1119
1.3071 1.7591 -0.0590
1.7912 0.7574 0.0445
0.3190 1.7813 0.0744
1.7672 1.7674 0.2389
0.6008 1.3601 0.2371
0.9350 1.0036 0.3640
1.7622 1.2673 0.4574
1.6653 1.8493 0.7028
1.3059 1.5351 0.8112
1.9782 1.7373 0.7420
1.0936 1.4404 1.0288
1.3726 1.6321 1.2536
1.2091 1.2701 1.2773
1.7888 1.0833 1.0996
0.0983 1.5108 1.2981
1.7218 1.7382 1.8559
1.6600 1.9783 1.9685
0.7926 1.6596 2.1009
1.5275 0.7579 1.4414
1.7306 1.2113 1.9830
1.0709 1.7213 2.4398
1.2322 -0.1631 1.4185
0.7691 1.6272 2.4438
1.6724 -0.3743 2.0096
1.6640 -0.3743 2.0935
1.6285 1.7327 3.0009
0.5094 1.6817 2.3329
1.6892 0.3883 1.7861
1.5922 -0.4538 2.2098
1.6243 1.5239 3.0749
1.0471 1.6361 3.2039
1.1815 0.2569 1.8737
1.1764 1.1397 3.0594
1.6268 1.7139 3.3783
1.0920 1.1518 3.0867
1.7007 0.1839 2.1235
1.0932 1.1100 3.0976
1.1015 1.1047 3.1229
1.1493 1.1393 3.2171
1.6925 -0.5539 2.4661
0.1134 1.1744 2.0676
1.1317 1.1390 3.2491
1.1184 1.1194 3.2312
0.1284 1.1740 2.0863
0.0001 1.6516 2.5599
1.1100 1.6560 3.6221
0.0477 1.6490 2.6012
1.1561 1.6295 3.6960
1.1508 1.6196 3.7069
1.1081 1.6302 3.7099
1.6328 -0.4995 2.6218
1.1140 1.6309 3.7298
1.1190 1.6273 3.7424
1.1227 1.6319 3.7480
-0.0570 1.6553 2.5741
0.0922 1.6466 2.6706
0.6577 1.6218 3.2233
1.6923 -0.5830 2.6264
1.6923 -0.5830 2.6264
0.6439 1.6332 3.2503
0.6378 1.6325 3.2548
0.6283 1.6418 3.2330
0.6279 1.6418 3.2327
1.6431 -0.0659 2.6493
0.6189 1.6420 3.2219
1.6223 -0.0658 2.6698
1.6227 -0.0869 2.6991
1.5940 0.1429 2.6142
0.1322 1.1211 2.2515
1.6145 1.6687 4.0236
1.6566 -0.5567 2.8919
1.6566 -0.5567 2.8919
1.6202 0.1386 2.7538
1.6233 0.1428 2.7621
1.6750 1.0777 3.2478
0.0423 0.6515 1.6372
1.6306 1.6318 4.2524
1.6284 1.6264 4.2530
1.6284 1.6264 4.2530
1.6327 1.6238 4.2487
1.6619 1.1608 3.5320
1.6590 1.0863 3.4700
0.5272 1.0915 2.1728
1.6801 0.6040 2.8767
1.6801 0.6040 2.8767
-0.6091 1.1390 2.7185
-0.6120 1.1158 2.7123
-0.6120 1.1158 2.7123
-0.6477 1.1422 2.7372
-0.6477 1.1422 2.7372
-0.5777 1.7058 2.3776
-0.5777 1.7058 2.3776
-0.5419 1.6796 2.5718
-0.5419 1.6796 2.5718
