1.3076 1.2881 -0.4599
1.4371 1.1637 1.0075
1.5011 1.2235 1.4207
1.2338 1.7281 1.7196
0.9140 1.6661 1.6418
0.9131 1.6346 1.8125
0.8347 1.6360 1.8902
1.5200 1.6454 2.9689
0.3795 1.1879 1.4568
1.6295 1.5453 3.4591
0.2504 1.5575 2.0282
1.5896 1.5790 3.7573
0.2500 1.5595 2.0610
1.5628 1.6254 3.7340
0.7742 1.6335 2.3925
1.1973 1.6132 3.3314
1.5994 0.7590 2.4321
1.0347 1.6605 2.9353
1.1589 0.3955 1.6729
1.5902 1.1332 3.5679
1.6120 1.6300 4.2175
1.6120 1.6300 4.2175
1.6163 1.6303 4.2332
1.6305 1.6530 4.1783
0.3390 1.6498 2.2654
1.1672 1.6780 3.3261
1.6308 1.6320 4.2522
1.6308 1.6320 4.2522
1.6309 1.6320 4.2521
1.6308 1.6320 4.2521
1.6312 1.6319 4.2520
1.6313 1.6317 4.2521
1.6313 1.6319 4.2520
1.6314 1.6319 4.2519
1.6314 1.6319 4.2519
1.6318 1.6323 4.2513
1.6319 1.6320 4.2515
1.6332 1.6316 4.2506
1.6334 1.6328 4.2493
1.6313 1.6354 4.2476
1.6342 1.6342 4.2466
1.6459 1.6372 4.2073
1.6342 1.6353 4.2449
1.6342 1.6353 4.2449
1.6347 1.6347 4.2451
1.6363 1.6319 4.2456
1.6316 1.6381 4.2420
1.6374 1.6319 4.2434
1.6374 1.6319 4.2434
1.6389 1.6324 4.2393
1.6434 1.6363 4.2194
0.6248 1.7206 2.2469
0.7410 1.5981 2.5912
1.6277 1.1507 3.7179
1.6251 1.1474 3.7272
1.6299 1.1470 3.7303
1.0547 1.6564 3.1981
1.6396 1.1456 3.7195
1.6305 1.1384 3.7489
1.6227 1.1103 3.7134
1.6231 1.1113 3.7173
1.6254 1.1324 3.7529
1.6285 1.1255 3.7524
1.6288 1.1265 3.7532
1.6298 1.1128 3.7267
0.5704 1.0426 1.9733
1.0757 1.6236 3.4991
1.5661 0.2863 2.0307
1.0501 0.6230 2.2407
-0.7139 -0.6096 1.9111
-0.7139 -0.6096 1.9111
1.0813 1.6324 3.5474
1.5815 0.7120 2.6779
1.1233 1.6139 3.7211
0.0829 1.6545 2.6138
0.0768 1.6529 2.6155
1.1364 1.6452 3.7172
1.1338 1.6434 3.7265
1.1232 1.6362 3.7430
1.1206 1.6344 3.7419
-0.0255 1.6413 2.6151
-0.0255 1.6413 2.6151
-0.0255 1.6413 2.6151
-0.0255 1.6413 2.6151
-0.0255 1.6413 2.6151
0.0558 0.7032 1.4263
1.5658 0.5613 2.5431
-0.6844 -0.6418 2.1302
-0.6844 -0.6418 2.1302
1.5662 0.2176 2.2443
1.5662 0.2176 2.2443
1.5662 0.2176 2.2443
1.5657 0.6300 2.7796
1.5657 0.6300 2.7796
0.6809 1.1568 2.5852
1.1215 0.1966 2.2427
1.1215 0.1966 2.2427
1.1215 0.1966 2.2427
0.6439 0.6282 2.2535
0.6439 0.6282 2.2535
