1.4057 1.1581 0.7571
1.6258 1.4365 1.5970
1.5882 1.2657 2.1736
1.5983 0.9753 2.2109
0.7859 1.5984 2.1674
0.1116 0.0669 1.1599
1.2233 1.6215 3.0220
1.5846 1.0454 2.9493
1.1864 1.0652 2.6290
1.5558 1.1181 3.1178
1.6106 1.5451 3.4145
1.6111 1.5488 3.4782
0.7226 1.5958 2.7334
0.3446 1.5989 2.1938
1.1052 1.1850 2.9348
1.5692 0.7125 2.5226
1.6325 1.1803 3.5321
1.6130 1.0692 3.4116
1.1764 1.1268 3.0661
1.1704 1.1181 3.0992
1.5988 1.1040 3.5784
1.1662 1.1084 3.0974
1.6305 1.1588 3.6826
1.6125 1.5818 3.9472
1.6151 1.5825 3.9647
0.4717 1.1411 1.9538
1.6213 1.1371 3.7435
1.0891 1.6433 3.5804
1.6399 1.1073 3.6915
1.0909 1.1085 3.0771
1.6362 1.1100 3.7103
1.6293 1.1288 3.7544
1.6274 1.1261 3.7526
1.6029 1.6063 4.1033
1.6145 1.5980 4.1071
1.1440 1.6180 3.7233
1.6045 1.6072 4.1189
1.1394 1.6174 3.7309
1.1458 1.6269 3.7334
1.1365 1.6212 3.7440
1.6063 1.6112 4.1490
1.1208 0.7032 2.5092
1.1332 1.6226 3.7491
1.1067 1.6369 3.6961
1.6008 1.6288 4.1542
1.1257 1.6258 3.7514
1.6069 1.6183 4.1782
1.1244 1.6298 3.7512
1.6143 1.6203 4.2172
1.6144 1.6267 4.2263
1.6191 1.6246 4.2392
1.6188 1.6267 4.2401
1.6212 1.6245 4.2439
1.6199 1.6267 4.2428
1.6176 1.6304 4.2373
1.6194 1.6276 4.2422
0.1872 0.6587 1.7333
1.5605 0.6421 2.7032
1.5605 0.6421 2.7032
1.5605 0.6421 2.7032
1.5605 0.6421 2.7032
1.6212 1.6287 4.2463
1.6209 1.6308 4.2452
1.6191 1.6350 4.2368
1.6226 1.6298 4.2488
1.6236 1.6335 4.2476
1.6245 1.6368 4.2433
1.6247 1.6374 4.2423
0.1440 1.5932 2.6072
0.1439 1.5932 2.6075
1.6251 1.6388 4.2393
0.1443 1.5933 2.6088
0.1398 1.5931 2.6043
0.1728 1.6000 2.6639
0.1773 1.6008 2.6677
0.6469 1.5987 3.1350
0.1778 1.6016 2.6732
0.5692 1.6028 2.9754
0.6438 1.6020 3.1614
0.6643 0.1078 1.6902
0.6363 1.6028 3.1707
0.6376 1.6044 3.1805
0.5823 0.6803 2.0232
0.1974 1.0935 2.1304
0.1939 1.0957 2.1479
1.1191 0.6600 2.7132
0.1819 1.1111 2.2314
-0.6370 -0.6900 2.1018
1.1165 0.6166 2.7234
0.0374 1.0943 2.0308
-0.6229 -0.6596 2.2208
-0.6227 -0.6582 2.2241
-0.6227 -0.6582 2.2241
-0.6223 -0.6578 2.2247
1.1244 0.2209 2.2035
1.1244 0.2209 2.2035
1.1244 0.2209 2.2035
1.1244 0.2209 2.2035
-0.1791 0.6559 1.7463
-0.1791 0.6559 1.7463
