0.9136 1.4847 -0.0919
1.3055 1.6108 1.7467
1.1546 1.2762 1.6631
0.5095 1.7330 1.4271
1.7653 1.6165 2.2705
1.4973 1.6513 2.5119
1.0807 1.7363 2.2159
0.0281 -0.0678 1.0607
0.7770 1.6322 2.3666
1.6736 1.7250 2.9035
0.0831 -0.1179 1.1892
1.6951 1.6996 3.0847
1.5698 1.1876 3.0458
1.6938 1.6915 3.2337
1.0415 1.6192 3.1338
0.4183 1.6462 2.2301
1.1733 1.5848 3.3503
1.6842 1.6725 3.6217
1.1483 0.7356 2.2317
1.6691 1.6787 3.7299
1.5748 1.6528 3.8251
1.1625 1.6662 3.4835
1.1469 1.5936 3.5745
1.5877 1.1298 3.5437
0.7000 1.6170 3.0206
1.6578 1.6655 3.9728
1.1242 1.6691 3.5435
1.6570 1.6636 3.9964
1.1544 1.6531 3.6277
1.6069 1.1497 3.6600
1.6236 1.1569 3.6886
1.6547 1.6497 4.1118
1.6505 1.6527 4.1199
1.6285 1.1505 3.7189
1.1359 1.6235 3.7484
1.1359 1.6235 3.7484
1.1359 1.6235 3.7484
1.1359 1.6235 3.7484
1.1359 1.6235 3.7484
1.1359 1.6235 3.7484
1.6251 1.1474 3.7272
1.6508 1.6451 4.1575
1.6117 1.1284 3.7165
1.6575 1.1308 3.6492
1.6218 1.6506 4.1862
1.1644 1.0998 3.0694
1.6396 1.1456 3.7195
1.6389 1.6324 4.2393
1.6374 1.6319 4.2434
1.6313 1.6317 4.2521
1.6313 1.6319 4.2520
1.6308 1.6320 4.2522
1.6308 1.6320 4.2521
1.6314 1.6319 4.2519
1.6314 1.6319 4.2519
1.6306 1.6294 4.2535
1.6230 1.1180 3.7361
1.6369 1.6319 4.2444
1.6324 1.6356 4.2464
1.6355 1.6318 4.2471
1.6283 1.1112 3.7216
1.6254 1.1324 3.7529
1.6298 1.1128 3.7267
1.6288 1.1265 3.7532
0.6237 1.6159 3.2291
0.6237 1.6159 3.2291
0.6237 1.6159 3.2291
0.6237 1.6159 3.2291
0.6226 1.6173 3.2321
1.1267 1.0971 3.1569
0.6095 1.6341 3.2215
0.6134 1.6275 3.2336
0.6106 1.6327 3.2257
1.1368 0.6923 2.5837
1.1222 0.3177 1.8828
-0.0421 1.0530 1.6721
1.5833 0.5903 2.9053
1.5833 0.5903 2.9053
1.5833 0.5903 2.9053
1.5867 0.6297 3.0348
0.2114 1.1356 2.2240
0.2114 1.1356 2.2240
1.6828 0.6118 2.8618
1.6086 0.6542 3.1852
1.6086 0.6542 3.1852
1.6086 0.6542 3.1852
0.1753 1.6633 2.6155
0.1753 1.6633 2.6155
0.5970 1.1541 2.6384
-0.0170 1.6769 2.3368
-0.0170 1.6769 2.3368
0.6492 1.1265 2.7457
0.6492 1.1265 2.7457
-0.0255 1.6413 2.6151
-0.0255 1.6413 2.6151
-0.0255 1.6413 2.6151
-0.6764 -0.5916 2.0802
-0.6764 -0.5916 2.0802
-0.6764 -0.5916 2.0802
-0.6764 -0.5916 2.0802
