0.8657 1.2619 -0.0473
0.6308 1.3836 0.2536
1.4083 1.1134 0.8150
-0.1260 -0.3477 0.7986
0.6736 0.9608 1.0976
1.2699 1.0738 1.5441
0.7484 1.2149 1.5338
1.1929 0.7722 1.5719
0.5275 1.0176 1.4016
0.4675 0.6092 1.4113
0.6620 0.3120 1.3725
1.0758 1.0256 2.2012
1.1157 1.5148 2.3892
-0.0554 1.2072 1.6540
0.2314 0.6712 1.6148
0.2428 0.6173 1.6363
0.6435 0.5928 2.1710
1.6098 1.0007 2.5896
0.6386 0.6373 2.2590
0.5257 0.0322 1.1793
1.1474 1.0820 3.0299
0.2206 1.0788 1.9820
0.6678 1.0795 2.4812
1.0742 0.5841 2.3714
1.1084 1.1375 3.2080
-0.2355 1.5706 2.2605
1.1428 1.5517 3.0527
-0.1228 -0.6213 1.7433
1.0946 0.5979 2.5790
0.1306 0.6331 1.7601
-0.1731 1.5798 2.4741
1.1222 0.2923 1.9732
0.6009 1.1377 2.6969
0.1586 1.1553 2.2174
0.0430 1.5984 2.5321
0.7037 1.6287 3.0136
1.1241 1.5707 3.3428
0.0892 1.1327 2.2077
-0.2992 1.6184 2.4396
-0.2992 1.6184 2.4396
-0.2992 1.6184 2.4396
1.1403 1.5753 3.3971
0.6124 1.5952 3.0892
0.5579 1.6422 2.9751
-0.2212 1.1742 2.0353
-0.2602 1.6190 2.5812
-0.1030 1.6194 2.7145
0.6545 1.6125 3.2028
1.5657 0.6300 2.7796
1.5657 0.6300 2.7796
1.5788 1.1368 3.4445
0.1824 1.6119 2.7272
0.1824 1.6119 2.7272
1.5739 0.6583 2.8618
-0.1505 1.6208 2.7613
-0.1895 1.6201 2.7477
1.6167 1.0724 3.4549
1.5712 0.6374 2.8559
0.6065 1.6391 3.2038
1.6242 1.0763 3.5048
1.5971 1.1328 3.6273
1.6257 1.0859 3.5827
1.6084 0.6864 3.0656
1.5893 0.5529 2.7736
1.5893 0.5529 2.7736
1.5893 0.5529 2.7736
1.6075 1.1366 3.6932
1.1356 1.6181 3.7376
1.6284 1.1033 3.6892
1.6300 1.1027 3.6864
1.6298 1.1128 3.7267
1.6298 1.1128 3.7267
1.6298 1.1128 3.7267
1.1316 1.6355 3.7489
1.6235 1.1329 3.7505
1.6235 1.1329 3.7505
1.1331 1.6417 3.7328
1.1331 1.6417 3.7328
1.1331 1.6417 3.7328
1.6254 1.1324 3.7529
1.6254 1.1324 3.7529
1.6277 1.1353 3.7525
1.5913 0.6016 3.0271
-0.5730 -0.6256 2.0805
-0.5730 -0.6256 2.0805
-0.5730 -0.6256 2.0805
-0.5730 -0.6256 2.0805
1.5873 1.5617 3.5062
1.5873 1.5617 3.5062
1.5873 1.5617 3.5062
1.6202 1.6278 4.2441
1.6202 1.6278 4.2441
1.6202 1.6278 4.2441
1.6202 1.6278 4.2441
1.6202 1.6278 4.2441
1.6202 1.6278 4.2441
1.6202 1.6278 4.2441
1.6202 1.6278 4.2441
1.6202 1.6278 4.2441
1.6202 1.6278 4.2441
