0.3090 -0.3981 0.4098
-0.8484 1.5977 1.7035
1.3620 1.1310 0.7838
0.2320 0.8549 0.2243
-0.9722 -0.8488 -0.1357
1.8977 -0.3015 -1.0026
-0.1402 -0.4252 0.7943
1.6711 1.3703 1.0304
-0.7569 1.6821 2.2016
1.0000 1.1462 2.1055
-0.2296 0.3213 0.8073
1.4523 0.3222 -0.0725
-0.3117 1.5899 2.2195
-0.9562 -0.8272 -0.1821
1.1989 0.5212 1.8555
-0.4593 0.5289 0.9630
-0.0878 -0.3945 0.6957
1.2883 1.2916 -0.2412
-0.3937 1.0382 1.0969
-0.6772 -0.0740 1.5961
1.7399 1.0194 1.4669
-0.4185 -0.3979 0.2610
1.1635 1.0218 2.3064
1.6530 -0.7583 2.4734
0.1191 1.5956 2.6066
0.8513 -0.7797 -0.0982
0.3374 0.1581 0.8441
0.6445 0.2916 1.4796
0.9511 1.8849 -1.4184
0.7910 0.7474 0.6339
-0.9859 0.7961 0.3896
0.3169 1.1000 1.8097
1.2688 -0.4984 0.6927
-0.6119 1.7441 1.7326
1.9777 -0.8447 -0.3318
1.0454 1.9402 0.2400
0.0104 1.1241 2.1254
0.7885 0.8327 -0.0840
0.8913 1.8255 -1.3559
-0.1687 -0.8525 0.3253
0.4410 0.4629 0.4944
0.1022 -0.5030 1.1172
0.2536 0.9583 0.5092
1.9583 -0.4696 -0.1546
0.4607 1.1998 1.4898
-0.2596 1.4985 0.9405
1.9867 -0.3613 0.3141
1.2505 -0.5241 1.1485
-0.4641 -0.2101 0.8987
1.3340 -0.9393 -0.8095
-0.0038 0.9090 0.1728
1.6199 1.0400 3.1170
0.8134 -0.3256 0.1532
0.0055 0.2522 0.9935
1.3470 1.4321 -1.3430
1.4295 1.9481 -1.2885
-0.9376 1.3424 -0.8935
1.2032 1.7412 1.8602
0.5811 0.2210 1.5734
-0.7365 -0.4988 1.1172
0.4080 1.7697 0.1919
1.0899 -0.2170 2.0731
0.8220 1.4126 -0.9046
1.3859 -0.2168 -0.2852
-0.9306 1.9458 -0.9381
-0.2453 1.5814 2.3645
-0.0073 0.4189 0.6440
-0.0674 1.7517 1.0122
1.4874 -0.8210 0.1256
0.4918 -0.1149 1.0637
0.6841 0.1821 1.6412
1.7429 0.6877 1.6406
1.3610 0.0852 -0.2651
1.1063 -0.8101 1.5206
-0.5216 0.1759 1.2811
1.1133 -0.2931 1.9503
0.2164 1.5987 2.6009
-0.3588 1.9355 -0.7534
0.2189 -0.0877 1.1617
1.3810 -0.6994 0.0382
1.6935 0.0688 2.1565
1.7072 1.2999 1.1121
-0.8602 1.4145 -1.0895
-0.4077 1.9240 -0.9440
1.9719 -0.7653 0.1728
-0.5918 1.6652 2.9982
1.8505 1.8288 -2.2933
-0.5192 0.0835 1.1961
1.0015 -0.4341 0.6996
1.9651 -0.8844 -0.7132
-0.5407 -0.5118 1.3402
1.5147 -0.6156 1.8894
1.5775 1.9326 0.8565
0.4659 1.9579 -0.1823
0.0048 1.8861 -0.8676
0.5229 1.6389 2.7622
0.9090 0.2487 0.1767
0.5824 -0.4344 1.1821
-0.1450 0.2390 1.1734
-0.8324 1.5628 1.3927
