-0.3980 -0.4119 0.2501
1.1963 0.8223 1.0985
0.4384 0.1941 0.8188
0.1464 0.7698 0.9520
1.5794 1.2403 2.4774
1.1583 0.4037 1.6807
1.5817 1.2252 2.7288
1.5638 1.5604 3.1979
1.6205 1.5328 3.2319
1.5665 1.5703 3.3762
1.2266 1.6383 2.9715
1.6231 1.5460 3.4676
0.7628 1.6238 2.5013
1.6089 1.0036 2.6213
1.5558 1.6432 3.6038
0.7264 1.5796 2.5423
1.5574 1.0749 2.8974
1.1825 1.0709 2.7198
1.5652 1.6301 3.7701
1.5787 1.1783 3.2429
1.5670 1.6329 3.7938
0.5897 1.0224 1.8165
0.2702 1.5660 2.0867
1.6091 1.5788 3.8966
1.1916 1.6587 3.3103
1.1791 1.1506 3.0090
1.1771 1.1508 3.0248
1.6158 1.1886 3.4343
1.6212 1.5874 4.0325
1.5901 1.6529 3.9917
1.6161 1.1865 3.4552
1.5958 1.6128 4.0832
1.1349 0.5724 2.5781
1.5971 1.6191 4.1147
1.6376 1.5949 4.0997
1.6103 1.6108 4.1680
1.6124 1.6094 4.1710
1.1033 0.6132 2.6691
1.1033 0.6132 2.6691
1.1567 0.6078 2.6596
1.5501 0.6948 2.3577
1.6088 1.6232 4.1986
1.6088 1.6232 4.1986
-0.0528 0.6596 1.6307
1.6102 1.6238 4.2062
1.6097 1.6252 4.2050
1.6259 1.6077 4.1958
1.6215 1.6132 4.2154
1.6188 1.6273 4.2406
1.6195 1.6275 4.2423
1.1216 1.0756 2.9957
1.6200 1.6277 4.2436
1.6202 1.6278 4.2441
1.6202 1.6278 4.2441
1.6202 1.6278 4.2441
0.6401 0.6709 2.1910
0.6401 0.6709 2.1910
1.1295 1.1621 3.1657
1.1194 1.1625 3.1526
1.5989 1.1458 3.6208
1.6171 1.0629 3.3647
1.6171 1.0629 3.3647
1.6063 1.0762 3.4424
1.1629 1.6436 3.6324
1.5960 1.1290 3.6190
1.1597 0.2363 2.0916
1.1597 0.2363 2.0916
0.7131 1.0949 2.3366
1.5983 1.1139 3.6121
1.6033 1.1002 3.5914
1.5492 0.5675 2.3241
1.5492 0.5675 2.3241
1.5492 0.5675 2.3241
1.0728 1.6448 3.4441
1.1478 1.6336 3.7251
1.6154 1.1320 3.7313
1.6154 1.1320 3.7313
0.6478 1.6593 3.1292
0.6080 1.6079 3.1649
-0.5849 -0.6445 2.1372
0.5945 1.6168 3.1597
0.6415 1.6542 3.1721
1.1370 1.6422 3.7280
0.6009 1.6219 3.1943
0.6137 1.6148 3.2090
0.6502 1.6198 3.2343
0.6065 1.6391 3.2038
1.6328 1.1198 3.7424
0.6406 1.6375 3.2457
-0.6008 -0.6357 2.2032
-0.6040 -0.6469 2.2057
-0.6211 -0.6624 2.2110
1.5573 0.6269 2.6543
0.6632 1.1572 2.6522
0.6604 1.0989 2.6364
0.6604 1.0989 2.6364
0.1452 1.5948 2.6223
0.1452 1.5948 2.6223
0.1452 1.5948 2.6223
0.1452 1.5948 2.6223
