1.4560 1.4957 0.1556
0.8451 0.6285 0.8417
1.4654 1.6148 1.9847
0.8385 1.6132 1.8439
0.1370 -0.2735 1.0558
0.6803 0.4859 1.4368
0.7858 1.6083 2.2314
0.9915 1.6137 2.4913
1.5921 0.9904 2.3393
1.0162 1.6161 2.8115
0.7357 1.6087 2.7071
0.6057 0.2421 1.6120
0.5202 1.6005 2.6558
1.1972 1.6209 3.3561
0.7104 1.6112 2.9260
1.1814 1.6048 3.4504
1.5696 0.7170 2.4928
1.1688 1.0674 2.7958
0.5699 1.6028 2.9792
0.6471 1.5989 3.1357
0.6153 1.5971 3.1108
0.6448 1.6003 3.1489
1.6328 1.1811 3.5244
0.6394 1.6016 3.1618
0.6363 1.6028 3.1707
1.1770 1.1269 3.0614
1.6037 1.6068 4.1114
1.6061 1.6075 4.1300
1.6070 1.6087 4.1409
1.0901 1.6433 3.5873
1.6077 1.6102 4.1523
1.6139 1.0709 3.4310
1.1443 1.6181 3.7230
1.6009 1.6290 4.1551
1.1474 1.6270 3.7288
1.1708 1.1183 3.0964
1.6071 1.6184 4.1793
0.2430 1.5951 2.5048
1.6117 1.6163 4.1961
1.6088 1.0801 3.4883
1.1374 1.6213 3.7431
1.6071 1.6292 4.1938
1.1029 1.6372 3.6784
1.6122 1.6243 4.2156
1.1191 0.6600 2.7132
1.1067 1.6369 3.6961
0.6166 0.6503 2.2309
1.1257 1.6258 3.7514
1.6030 1.0949 3.5597
1.6188 1.6267 4.2401
1.6184 1.6280 4.2397
1.1244 1.6298 3.7512
1.6195 1.6273 4.2423
1.6194 1.6276 4.2422
1.6208 1.6266 4.2448
1.6191 1.6350 4.2368
1.1184 0.6472 2.7366
1.6209 1.6308 4.2452
1.6211 1.6307 4.2456
1.6219 1.6292 4.2476
1.6207 1.6356 4.2395
1.1165 0.6166 2.7234
1.6231 1.6345 4.2456
1.6236 1.6335 4.2476
1.6239 1.6345 4.2466
1.6308 1.1590 3.6812
1.6243 1.6359 4.2448
1.1173 0.6294 2.7405
1.6247 1.6374 4.2423
1.6251 1.6388 4.2393
1.1312 0.6342 2.7577
-0.1561 0.5810 1.6387
0.2079 0.6497 1.7235
1.6080 1.1259 3.6975
1.6148 1.1357 3.7268
1.0911 1.1093 3.0812
1.1244 0.2209 2.2035
1.1244 0.2209 2.2035
1.5605 0.6421 2.7032
1.5605 0.6421 2.7032
1.5605 0.6421 2.7032
1.5605 0.6421 2.7032
1.6215 1.1372 3.7437
1.6350 1.1365 3.7468
1.6275 1.1279 3.7538
1.6362 1.1108 3.7131
-0.1787 0.6562 1.7458
0.1782 1.6017 2.6735
0.6350 1.1390 2.7514
0.6350 1.1390 2.7514
0.1731 1.6001 2.6647
0.1495 1.5935 2.6126
0.1464 1.5938 2.6140
-0.6229 -0.6596 2.2208
-0.6227 -0.6582 2.2241
-0.6227 -0.6582 2.2241
-0.6223 -0.6578 2.2247
-0.6223 -0.6578 2.2247
0.1854 1.1083 2.2185
0.0377 1.0963 2.0429
