1.3828 1.8641 -2.2227
1.9388 0.4344 -0.6666
1.7610 1.9041 -1.0210
1.8029 1.2912 -0.7519
1.3275 0.3304 -0.3780
1.4869 1.9505 -0.3808
0.8595 0.9764 -0.1289
1.4356 1.9984 -0.0781
0.2863 1.4511 0.0376
1.4992 0.8546 0.1583
1.0614 1.9265 0.2031
1.7558 1.9783 0.3406
1.5593 1.9226 0.4678
0.9447 -0.0882 0.4742
1.5550 1.9444 0.7400
1.9812 1.2375 0.7296
-0.0318 0.3927 0.6293
1.7051 1.7847 1.1581
1.7469 1.0063 1.1476
1.0108 1.9958 1.0319
1.7114 0.9491 1.2313
-0.3980 0.7464 0.6526
0.0055 0.2522 0.9935
1.2887 1.6896 1.5614
-0.0423 0.2322 1.0729
0.7248 1.7429 1.3804
0.4956 0.0219 0.9786
0.7338 0.2238 1.2204
0.1382 -0.3399 0.8291
1.5083 -0.1191 1.2749
0.3362 1.1956 1.4583
-0.3015 1.2337 1.0692
1.0338 0.7353 1.5610
1.2134 -0.1792 1.6775
1.7356 -0.0767 1.3747
1.1091 0.7898 1.7079
0.7941 1.6814 1.8591
0.6839 0.4893 1.4393
1.0656 -0.2156 1.8725
1.1133 -0.2931 1.9503
1.5762 0.7743 2.0561
0.1022 -0.5030 1.1172
1.0899 -0.2170 2.0731
1.0812 0.2620 1.8821
0.3926 1.6502 2.1854
1.0272 1.7006 2.3333
1.6321 0.7907 2.2385
1.1062 -0.1052 2.1776
0.7595 1.6763 2.2496
-0.8136 1.5707 1.6362
1.7065 1.0816 2.8116
1.0408 1.6973 2.5543
1.5460 1.0891 2.8247
1.5394 1.1290 2.8589
1.6846 1.1971 2.9727
1.0221 1.1398 2.3998
1.1063 -0.8101 1.5206
-0.5989 -0.3272 1.2969
0.1530 1.6938 2.2430
0.1985 1.0882 2.0936
1.5866 1.1995 3.1174
1.6199 1.0400 3.1170
1.6199 1.0400 3.1170
0.0357 1.5681 2.1998
1.6935 0.0688 2.1565
0.5229 1.6389 2.7622
1.0902 1.2025 2.6628
0.5494 1.0882 2.2932
-0.4543 1.5865 2.1578
0.5636 1.5889 2.8320
0.5401 1.6393 2.8736
1.1713 0.6566 2.5838
1.0394 1.6538 3.0398
1.6082 1.1769 3.5074
1.6057 1.6865 3.7661
1.6587 1.1077 3.5935
1.0457 -0.6193 2.1853
-0.2453 1.5814 2.3645
1.6196 1.1112 3.7105
1.6774 0.2155 2.4175
-0.2813 1.1556 1.9636
1.6657 -0.8430 1.6769
0.6425 0.5832 2.1318
1.6100 1.6647 4.0434
1.6100 1.6647 4.0434
-0.1854 1.5859 2.5328
1.6552 0.6915 3.0014
1.5969 -0.2306 2.5537
1.6323 1.6183 4.2379
1.6323 1.6183 4.2379
-0.0983 1.6128 2.6868
-0.5918 1.6652 2.9982
-0.5918 1.6652 2.9982
-0.5918 1.6652 2.9982
-0.6106 1.6572 3.1238
-0.6106 1.6572 3.1238
1.6691 -0.6802 2.9419
1.6691 -0.6802 2.9419
1.6691 -0.6802 2.9419
1.6691 -0.6802 2.9419
