0.0481 -0.8398 0.2683
-0.4361 0.7416 0.7641
0.4837 0.2137 0.9958
0.1460 0.2745 1.0577
-0.2965 0.5648 1.2473
-0.1627 -0.0047 1.1451
1.0395 0.4272 1.1569
-0.6159 0.4480 1.3393
0.9234 1.6347 1.8647
0.9531 1.6343 2.0931
-0.5368 0.5949 1.7922
1.6397 1.2592 2.4667
0.0485 -0.6272 1.6547
1.2401 1.6324 2.7790
1.5250 1.6292 3.0984
1.0072 1.6360 2.7117
1.1561 -0.3875 1.6861
1.6556 0.7750 2.2953
1.2018 0.5241 1.8406
1.0466 0.6031 2.1584
1.6549 1.0136 2.7116
-0.3151 1.6679 2.2018
1.5467 1.0940 2.8690
-0.1101 1.6776 2.4324
-0.6707 1.0487 2.1654
0.0001 1.6516 2.5599
-0.0570 1.6553 2.5741
1.6750 1.0777 3.2478
0.0477 1.6490 2.6012
-0.5777 1.7058 2.3776
-0.5777 1.7058 2.3776
1.6145 1.6687 4.0236
1.6145 1.6687 4.0236
1.6145 1.6687 4.0236
-0.1791 1.6608 2.6348
1.6694 0.2658 2.3639
0.0922 1.6466 2.6706
1.6677 0.2668 2.3771
1.6619 1.1608 3.5320
1.6619 1.1608 3.5320
1.1100 1.6560 3.6221
1.1561 1.6295 3.6960
1.1561 1.6295 3.6960
1.6284 1.6264 4.2530
1.6284 1.6264 4.2530
1.6284 1.6264 4.2530
1.6284 1.6264 4.2530
1.6284 1.6264 4.2530
1.6284 1.6264 4.2530
1.6284 1.6264 4.2530
1.6284 1.6264 4.2530
1.6284 1.6264 4.2530
1.6327 1.6238 4.2487
1.6327 1.6238 4.2487
1.6327 1.6238 4.2487
1.6327 1.6238 4.2487
1.6306 1.6318 4.2524
1.6306 1.6318 4.2524
1.6306 1.6318 4.2524
1.6306 1.6318 4.2524
0.1703 1.6607 2.6400
1.6590 1.0863 3.4700
1.6590 1.0863 3.4700
1.6590 1.0863 3.4700
1.1508 1.6196 3.7069
1.1081 1.6302 3.7099
-0.5419 1.6796 2.5718
-0.5419 1.6796 2.5718
1.1140 1.6309 3.7298
1.6923 -0.5830 2.6264
1.6923 -0.5830 2.6264
1.1190 1.6273 3.7424
0.6211 1.6582 3.1362
0.6211 1.6582 3.1362
1.1227 1.6319 3.7480
1.6801 0.6040 2.8767
1.6801 0.6040 2.8767
1.6801 0.6040 2.8767
1.6801 0.6040 2.8767
1.6801 0.6040 2.8767
0.6439 1.6332 3.2503
0.6378 1.6325 3.2548
0.6283 1.6418 3.2330
0.6279 1.6418 3.2327
0.6189 1.6420 3.2219
0.6189 1.6420 3.2219
1.6283 1.1112 3.7216
1.6283 1.1112 3.7216
1.6283 1.1112 3.7216
1.1908 1.0814 2.7302
1.1908 1.0814 2.7302
1.6566 -0.5567 2.8919
1.6566 -0.5567 2.8919
1.6566 -0.5567 2.8919
1.6278 -0.7146 2.9341
1.6278 -0.7146 2.9341
1.6278 -0.7146 2.9341
1.6143 0.0782 2.6649
1.6143 0.0782 2.6649
1.6143 0.0782 2.6649
