0.7625 1.3035 0.0681
1.6269 1.3817 1.2496
-0.2768 -0.4842 0.8129
-0.1785 -0.3028 0.9531
1.2214 0.4991 1.4241
1.6076 1.5039 2.6432
1.5983 0.9769 2.2302
0.4363 1.6001 2.2094
0.3347 1.6004 2.2316
1.2346 1.6203 2.8542
1.5409 1.6241 3.3807
1.6109 1.5456 3.4233
1.2238 1.6218 3.0164
1.0942 1.2138 2.5468
1.5854 1.0456 2.9605
1.5559 1.1187 3.1204
0.2429 1.5949 2.5041
1.6313 1.1975 3.3600
0.1939 1.0957 2.1479
0.1872 0.6587 1.7333
0.7231 1.5960 2.7305
1.5693 0.7159 2.4986
0.1850 1.1076 2.2161
0.1819 1.1111 2.2314
0.5449 1.6002 2.8147
0.6643 0.1078 1.6902
1.6117 1.1765 3.5276
1.6327 1.1808 3.5274
1.6036 1.6065 4.1094
1.6149 1.5989 4.1156
1.6057 1.6074 4.1272
1.6081 1.6112 4.1589
0.1773 1.6008 2.6677
0.0374 1.0943 2.0308
0.1440 1.5932 2.6072
0.1439 1.5932 2.6075
0.1728 1.6000 2.6639
0.1778 1.6016 2.6732
1.6008 1.6288 4.1542
1.6130 1.0692 3.4121
1.6069 1.6183 4.1782
1.1208 0.7032 2.5092
0.5692 1.6028 2.9754
1.1765 1.1269 3.0649
1.6144 1.6267 4.2263
1.6188 1.6267 4.2401
1.6176 1.6304 4.2373
1.6195 1.6273 4.2423
1.6194 1.6276 4.2422
1.6212 1.6245 4.2439
1.6208 1.6266 4.2448
1.6212 1.6287 4.2463
1.6191 1.6350 4.2368
1.6209 1.6308 4.2452
1.6219 1.6292 4.2476
1.6236 1.6335 4.2476
1.6245 1.6368 4.2433
1.5988 1.1055 3.5855
1.6246 1.6369 4.2431
1.6247 1.6374 4.2423
1.6251 1.6388 4.2393
1.6308 1.1590 3.6812
1.1708 1.1183 3.0964
1.6319 1.0824 3.5568
-0.1791 0.6559 1.7463
-0.1791 0.6559 1.7463
1.1244 0.2209 2.2035
1.1244 0.2209 2.2035
1.1244 0.2209 2.2035
0.6152 1.5971 3.1105
1.6215 1.1372 3.7437
-0.6370 -0.6900 2.1018
0.6469 1.5987 3.1350
1.6275 1.1279 3.7538
1.6295 1.1289 3.7544
1.6362 1.1108 3.7131
0.5823 0.6803 2.0232
0.6438 1.6020 3.1614
1.5605 0.6421 2.7032
1.5605 0.6421 2.7032
1.5605 0.6421 2.7032
1.5605 0.6421 2.7032
0.6363 1.6028 3.1707
0.6376 1.6044 3.1805
1.1191 0.6600 2.7132
1.0911 1.1093 3.0812
-0.6229 -0.6596 2.2208
-0.6227 -0.6582 2.2241
-0.6227 -0.6582 2.2241
-0.6223 -0.6578 2.2247
1.1443 1.6181 3.7230
1.1474 1.6270 3.7288
1.1397 1.6176 3.7311
1.1165 0.6166 2.7234
1.1374 1.6213 3.7431
1.0901 1.6433 3.5873
1.1332 1.6226 3.7491
1.1257 1.6258 3.7514
1.1244 1.6298 3.7512
1.1067 1.6369 3.6961
