1.1142 1.3853 0.7304
1.3731 1.6071 1.1940
1.1733 0.9152 1.1627
0.0090 0.4565 0.7636
0.8520 1.6305 1.8099
0.5192 0.2581 1.0977
1.0514 1.0798 2.5437
0.3854 1.5963 2.1116
0.3768 1.6086 2.1978
1.1969 1.1195 2.8579
1.5751 1.5527 3.2294
0.7014 1.1495 2.4975
0.5883 0.2136 1.6210
0.7066 1.6513 2.9285
1.1374 1.1510 3.2137
1.0768 1.6555 3.4205
1.5724 1.1738 3.2009
1.1220 1.1364 3.2459
1.1292 1.1312 3.2554
1.1294 1.1310 3.2555
-0.0550 0.5960 1.5920
0.6786 0.6583 2.1318
1.1629 1.6436 3.6324
1.1617 1.6435 3.6393
1.1279 1.6072 3.6943
1.1274 1.6072 3.6939
1.1009 1.6438 3.6490
1.1011 1.6435 3.6512
1.1534 1.6350 3.7026
1.6624 1.1924 3.2721
0.6484 1.1655 2.6386
1.1400 1.6325 3.7450
1.1395 1.6325 3.7459
1.1207 1.6432 3.7194
0.6478 1.1646 2.6446
1.1257 1.6305 3.7523
0.6604 1.0989 2.6364
0.6184 0.6253 2.2415
0.5768 1.6218 3.0945
0.5945 1.6168 3.1597
0.1642 1.5784 2.4606
0.6137 1.6148 3.2090
0.6009 1.6219 3.1943
0.6434 1.6234 3.2493
0.6411 1.6374 3.2456
0.6068 1.6391 3.2045
1.6418 1.5618 3.6997
1.5999 1.0804 3.4357
1.6018 1.1577 3.5953
1.6072 1.1575 3.6291
1.5981 1.5857 3.9043
1.6359 1.1632 3.6520
1.6350 1.1623 3.6592
1.6088 1.1437 3.6878
0.1323 1.5902 2.5721
0.1390 1.5924 2.5971
0.1392 1.5924 2.5979
1.1644 0.6607 2.6199
0.1459 1.5946 2.6206
0.1452 1.5948 2.6223
0.1452 1.5948 2.6223
1.6085 1.1331 3.7013
1.6281 1.0837 3.5677
1.6151 1.1322 3.7303
1.6159 1.1076 3.6864
1.6186 1.1055 3.6858
1.1425 0.6623 2.7060
1.1423 0.6619 2.7076
1.5947 1.6126 4.0735
1.6407 1.1074 3.6893
1.6389 1.1272 3.7408
1.6083 1.5980 4.0800
1.5957 1.6135 4.0851
1.6003 1.6088 4.0994
1.6103 1.6070 4.1492
1.6188 1.6232 4.2367
1.6215 1.6224 4.2414
1.6215 1.6224 4.2414
1.6220 1.6224 4.2423
1.6187 1.6279 4.2404
1.6209 1.6250 4.2437
1.6212 1.6245 4.2439
1.6208 1.6251 4.2437
-0.6241 -0.6845 2.1261
-0.6241 -0.6845 2.1261
1.6202 1.6278 4.2441
-0.6230 -0.6836 2.1291
1.6179 1.6472 4.1949
1.6179 1.6472 4.1949
1.6232 1.6481 4.2021
1.6251 1.6388 4.2393
1.6251 1.6388 4.2393
-0.6216 -0.6581 2.2229
-0.6210 -0.6573 2.2241
1.1656 0.2413 2.0432
1.1656 0.2413 2.0432
1.1597 0.2363 2.0916
1.1597 0.2363 2.0916
1.5605 0.6421 2.7032
1.5605 0.6421 2.7032
