1.3587 0.7959 -0.7649
1.2932 0.9616 -0.1142
0.8970 1.2283 0.4680
0.0987 0.8182 0.4747
0.8842 1.1037 1.1860
1.1496 1.2889 1.4901
0.9781 1.1224 1.8557
0.8617 1.6405 1.7598
1.5229 0.7168 1.7221
0.6288 1.5278 2.1514
1.0244 0.6171 1.9231
0.5155 0.6086 1.6958
0.5970 1.1541 2.6384
0.6127 0.5397 1.8637
1.1429 1.1859 2.9688
1.1002 1.1666 3.0582
1.1644 1.0998 3.0694
1.5621 1.0687 2.9112
1.1368 0.6923 2.5837
0.2114 1.1356 2.2240
1.1680 0.5772 2.4775
1.1957 1.5664 2.9155
0.1462 1.0900 2.1273
1.1495 1.1343 3.2222
0.7210 1.6406 2.8662
0.6317 0.6172 2.2437
1.1388 1.5526 3.0745
0.0054 0.6081 1.5949
0.6844 1.6059 3.0624
1.1102 0.6191 2.7087
0.0702 1.5788 2.3740
1.1297 1.5652 3.2720
1.5640 0.6798 2.6513
1.5923 1.1745 3.4147
0.5880 1.6134 3.1220
0.6226 1.6173 3.2321
0.6106 1.6327 3.2257
1.2028 1.6341 3.2957
1.0709 1.6154 3.4368
1.5643 0.6065 2.7216
1.5657 0.6300 2.7796
1.6221 1.1545 3.6971
1.6117 1.1284 3.7165
1.6277 1.1507 3.7179
1.6251 1.1474 3.7272
1.6227 1.1103 3.7134
1.6299 1.1470 3.7303
1.0813 1.6324 3.5474
1.6231 1.1113 3.7173
1.1672 1.6780 3.3261
1.6396 1.1456 3.7195
1.6283 1.1112 3.7216
0.0768 1.6529 2.6155
1.6254 1.1324 3.7529
1.6298 1.1128 3.7267
1.6575 1.1308 3.6492
1.6305 1.1384 3.7489
0.0806 1.6521 2.6256
1.6285 1.1255 3.7524
1.6288 1.1265 3.7532
-0.0255 1.6413 2.6151
-0.0255 1.6413 2.6151
-0.0255 1.6413 2.6151
-0.0255 1.6413 2.6151
1.1206 1.6344 3.7419
1.1215 0.1966 2.2427
1.5662 0.2176 2.2443
1.5662 0.2176 2.2443
1.1364 1.6452 3.7172
-0.7139 -0.6096 1.9111
-0.7139 -0.6096 1.9111
1.6082 1.6398 4.1840
1.6120 1.6300 4.2175
1.6120 1.6300 4.2175
1.6308 1.6320 4.2522
1.6308 1.6320 4.2522
1.6308 1.6320 4.2521
1.6308 1.6320 4.2521
1.6313 1.6317 4.2521
1.6313 1.6317 4.2521
1.6313 1.6319 4.2520
1.6313 1.6319 4.2520
1.6314 1.6319 4.2519
1.6314 1.6319 4.2519
1.6305 1.6530 4.1783
1.6305 1.6530 4.1783
1.6374 1.6319 4.2434
1.6374 1.6319 4.2434
1.6347 1.6347 4.2451
1.6347 1.6347 4.2451
1.6342 1.6353 4.2449
1.6342 1.6353 4.2449
1.6316 1.6381 4.2420
1.6316 1.6381 4.2420
1.6389 1.6324 4.2393
1.6389 1.6324 4.2393
1.6459 1.6372 4.2073
1.6459 1.6372 4.2073
-0.6844 -0.6418 2.1302
-0.6844 -0.6418 2.1302
