1.8292 1.8436 -2.2370
0.3417 1.8283 -0.8350
1.7815 1.8210 -1.1049
0.2797 1.4000 -0.4337
1.9218 0.7280 -0.3999
0.6108 1.8644 -0.2466
1.8474 0.6129 -0.1316
1.7627 1.7828 0.0052
1.7636 1.7704 0.2515
1.8938 1.5674 0.3335
1.3931 1.7022 0.6044
1.7903 0.6442 0.7574
1.9516 1.6842 1.1236
1.6112 1.3459 1.3302
1.6858 0.8467 1.4236
-0.2747 1.5146 1.1933
1.0483 1.2555 1.5106
0.6353 1.2657 1.3822
1.5117 1.7042 2.1508
0.9494 1.6697 1.8490
1.6289 1.4819 2.2921
1.6567 1.7507 2.5123
1.6818 0.3454 1.9499
1.1262 1.2566 2.0224
1.7382 1.1112 2.3516
1.7032 -0.2971 1.7785
1.6654 0.4519 2.1990
1.7049 0.6741 2.4653
1.6230 1.2476 2.6598
1.7032 -0.1147 2.0594
0.6639 1.7111 2.3904
-0.2214 1.5620 2.1754
1.6489 1.7176 3.2553
1.6448 0.2852 2.4717
1.6552 0.6915 3.0014
1.6552 0.6915 3.0014
1.6386 0.5320 2.8230
1.6386 0.5320 2.8230
1.0290 1.6287 2.9931
1.6275 0.5719 3.0761
1.6496 0.0716 2.6276
1.6496 0.0716 2.6276
1.6731 -0.2047 2.4869
-0.6106 1.6572 3.1238
-0.6106 1.6572 3.1238
-0.6106 1.6572 3.1238
-0.6106 1.6572 3.1238
-0.6106 1.6572 3.1238
-0.6106 1.6572 3.1238
-0.6106 1.6572 3.1238
-0.6106 1.6572 3.1238
-0.6106 1.6572 3.1238
-0.6106 1.6572 3.1238
-0.6106 1.6572 3.1238
1.5699 1.6170 3.8177
1.6760 1.1452 3.4521
1.6293 1.5735 3.8817
0.6948 1.6218 3.0649
0.5401 1.6393 2.8736
0.5401 1.6393 2.8736
1.6548 -0.1306 2.6701
1.6587 1.1077 3.5935
1.6587 1.1077 3.5935
1.6327 1.0941 3.6379
1.6356 1.6608 4.1168
1.6342 -0.9564 2.1249
1.6196 1.1112 3.7105
1.6196 1.1112 3.7105
1.6196 1.1112 3.7105
1.6165 1.6361 4.2275
1.6323 1.6183 4.2379
1.6323 1.6183 4.2379
1.6323 1.6183 4.2379
1.6323 1.6183 4.2379
1.6278 1.6277 4.2536
0.6279 1.6418 3.2327
0.6279 1.6418 3.2327
0.6279 1.6418 3.2327
1.1467 1.5918 3.5593
1.1467 1.5918 3.5593
1.1548 1.6597 3.5791
1.1100 1.6560 3.6221
1.1498 1.6266 3.7209
1.1498 1.6266 3.7209
1.6691 -0.6802 2.9419
1.6691 -0.6802 2.9419
1.6691 -0.6802 2.9419
1.6691 -0.6802 2.9419
1.6691 -0.6802 2.9419
1.6691 -0.6802 2.9419
1.6691 -0.6802 2.9419
1.6691 -0.6802 2.9419
1.1046 1.1386 3.1904
-0.0072 1.6467 2.5863
1.1119 1.1284 3.2243
0.6380 1.1272 2.7563
0.6380 1.1272 2.7563
0.6380 1.1272 2.7563
1.1156 1.1082 3.1916
0.6244 1.1292 2.7520
