1.3852 1.5023 -0.3298
1.1847 1.3008 1.0924
1.6084 1.4215 1.3880
0.3207 0.0911 0.8341
1.1328 0.8109 1.5659
0.7985 1.6181 2.1550
1.0466 1.1882 2.4108
1.0912 1.2052 2.6376
1.5313 1.6232 3.2102
1.1093 1.5587 3.1368
1.0886 1.0412 2.4925
0.1700 0.1401 1.2811
1.1999 1.6293 3.3331
1.5764 1.5662 3.4489
1.0496 1.6315 3.2382
1.1758 1.6656 3.3982
1.1818 1.6258 3.5191
1.5537 1.6288 3.5974
1.1734 1.1460 3.0698
1.1054 1.0658 2.8561
1.5790 1.1787 3.2425
1.0755 1.6277 3.5012
1.6170 1.5653 3.7543
1.1550 1.6449 3.6678
1.5764 1.1647 3.3142
1.1331 1.6417 3.7328
1.1331 1.6417 3.7328
1.1316 1.6355 3.7489
1.1092 1.1417 3.2042
1.1092 1.1417 3.2042
1.1170 1.1414 3.2285
1.5887 1.6129 4.0208
0.7074 0.6978 1.7868
1.5939 1.6118 4.0631
1.6141 1.5900 4.0380
1.6017 1.6018 4.0677
1.6303 1.5845 4.0103
1.0515 0.6174 2.2488
1.6004 1.6226 4.1460
1.6074 1.6101 4.1502
1.6376 1.5949 4.0997
1.6124 1.6094 4.1710
1.6189 1.6043 4.1643
1.6088 1.6232 4.1986
1.6088 1.6232 4.1986
1.6090 1.6233 4.1997
1.6343 1.0526 3.2698
1.6102 1.6238 4.2062
1.6097 1.6252 4.2050
1.6259 1.6077 4.1958
1.6171 1.0629 3.3647
1.6171 1.0629 3.3647
1.5989 1.1458 3.6208
1.6188 1.6273 4.2406
1.6063 1.0762 3.4424
1.6195 1.6275 4.2423
1.6196 1.6274 4.2425
1.6200 1.6277 4.2436
1.6202 1.6278 4.2441
1.6202 1.6278 4.2441
1.6202 1.6278 4.2441
1.6202 1.6278 4.2441
1.6066 1.1430 3.6776
1.5983 1.1139 3.6121
1.6033 1.1002 3.5914
0.6791 1.6420 3.1331
1.0845 0.6578 2.5496
0.5897 1.0224 1.8165
1.6154 1.1320 3.7313
1.6154 1.1320 3.7313
1.0817 0.5955 2.4803
0.6478 1.6593 3.1292
1.6273 1.1208 3.7458
0.6300 1.6048 3.1819
0.6502 1.6198 3.2343
0.6080 1.6079 3.1649
0.6406 1.6375 3.2457
0.6137 1.6148 3.2090
0.5945 1.6168 3.1597
-0.5849 -0.6445 2.1372
1.1033 0.6132 2.6691
1.1033 0.6132 2.6691
0.6065 1.6391 3.2038
1.1349 0.5724 2.5781
-0.6008 -0.6357 2.2032
-0.6040 -0.6469 2.2057
-0.6211 -0.6624 2.2110
0.6401 0.6709 2.1910
0.6401 0.6709 2.1910
0.6632 1.1572 2.6522
-0.0528 0.6596 1.6307
-0.0528 0.6596 1.6307
1.1597 0.2363 2.0916
1.1597 0.2363 2.0916
1.5492 0.5675 2.3241
1.5492 0.5675 2.3241
1.5492 0.5675 2.3241
0.1452 1.5948 2.6223
0.1452 1.5948 2.6223
0.1452 1.5948 2.6223
