1.8609 -0.2341 -0.7855
1.4413 0.8906 -0.8435
1.4051 0.4746 -0.4549
1.3263 1.2616 -0.2686
1.7551 0.8415 0.1203
1.1775 1.8307 0.3755
1.7368 0.8328 0.5687
1.7606 0.5044 0.7940
1.7610 0.0681 0.8091
1.0183 1.7493 1.2482
1.3227 1.6312 1.5795
1.4495 1.6390 1.7545
1.7075 0.3662 1.5044
1.6627 1.7821 1.7798
1.7300 0.2036 1.5432
0.8174 1.6590 1.8973
1.6789 0.4269 1.9696
1.0529 1.7140 2.3984
1.2293 0.7197 1.5837
0.9761 1.1083 1.7953
1.6287 0.7786 2.3533
1.6411 0.4823 2.5011
1.6706 0.7266 2.6142
0.3063 1.6722 2.1879
1.0400 1.6040 3.0499
1.6094 1.2365 2.7868
1.6543 0.2664 2.4891
1.6342 1.2311 2.9134
1.1452 1.5743 3.3734
1.6349 0.5600 3.0058
1.6303 0.6963 3.0618
1.6348 0.5658 3.0391
1.6869 -0.0279 2.2119
1.6320 1.2211 3.0592
1.5818 1.6741 3.7195
0.5987 1.5759 2.8515
1.1548 1.6597 3.5791
1.6221 0.5880 3.1469
1.6305 0.6621 3.2181
1.1545 1.6295 3.7031
1.1100 1.6560 3.6221
1.1498 1.6266 3.7209
1.1401 1.6357 3.7406
1.1081 1.6302 3.7099
1.1190 1.6273 3.7424
1.6341 1.5815 3.9749
0.6543 1.6418 3.2159
0.6577 1.6218 3.2233
0.6542 1.6170 3.2194
0.6279 1.6418 3.2327
0.6279 1.6418 3.2327
0.6279 1.6418 3.2327
0.6443 1.6264 3.2516
0.6378 1.6325 3.2548
1.1764 1.1397 3.0594
1.6202 0.1386 2.7538
1.6074 1.6386 4.1832
1.6206 0.1191 2.7370
1.6166 1.6136 4.2045
1.6750 1.0777 3.2478
1.6303 1.6225 4.2484
1.6284 1.6264 4.2530
1.6284 1.6264 4.2530
1.6284 1.6264 4.2530
1.6278 1.6277 4.2536
1.6340 1.6406 4.2328
1.6305 1.6317 4.2525
1.6339 1.6385 4.2387
1.6339 1.6385 4.2387
1.0823 1.1016 2.9847
1.0920 1.1518 3.0867
1.0932 1.1100 3.0976
1.1493 1.1393 3.2171
1.6771 -0.3125 2.1090
1.1046 1.1386 3.1904
1.1317 1.1390 3.2491
1.1156 1.1082 3.1916
1.6603 1.1610 3.5444
-0.1222 1.6817 2.3953
0.0387 1.6492 2.5918
0.0668 1.6493 2.6226
-0.4837 1.6925 2.0201
0.1134 1.1744 2.0676
0.2306 0.5926 1.5998
0.2306 0.5926 1.5998
-0.5777 1.7058 2.3776
-0.5714 1.0591 2.1628
-0.5714 1.0591 2.1628
1.6923 -0.5830 2.6264
1.6923 -0.5830 2.6264
-0.6477 1.1422 2.7372
-0.6477 1.1422 2.7372
-0.6477 1.1422 2.7372
-0.6477 1.1422 2.7372
1.1458 -0.6363 2.7368
1.1458 -0.6363 2.7368
1.1458 -0.6363 2.7368
1.1458 -0.6363 2.7368
1.1458 -0.6363 2.7368
1.1458 -0.6363 2.7368
