1.5116 0.6924 1.6785
1.5706 1.5299 2.7785
1.5636 1.5533 3.0855
1.5257 1.6240 3.1073
0.7792 1.1416 1.8376
0.7258 1.5731 2.4672
1.1847 0.3075 1.6628
1.6810 1.5616 3.3734
1.2192 1.1090 2.5465
0.1970 1.5700 2.3311
1.5864 1.0454 2.9679
1.6587 1.5672 3.6832
1.5760 1.1816 3.1823
-0.6040 -0.6469 2.2057
1.5674 1.6275 3.8010
1.0247 1.6422 2.9169
1.1835 1.5760 3.1643
-0.6211 -0.6624 2.2110
1.6509 1.5730 3.8131
1.1976 1.0814 2.6557
1.5624 1.0985 3.1422
-0.0528 0.6596 1.6307
1.6001 1.1850 3.3869
1.5511 0.6371 2.5592
1.5634 0.6675 2.6920
1.6160 1.5997 4.1250
1.6014 1.6145 4.1317
0.6488 1.5856 3.0149
0.1933 1.5974 2.6289
0.1911 1.5973 2.6304
1.6279 1.6020 4.1627
1.6175 1.6590 4.1201
1.6215 1.6598 4.1233
1.6484 1.6085 4.1519
1.0559 1.0874 2.6503
1.6130 1.6255 4.2201
1.6130 1.6286 4.2216
1.6153 1.6249 4.2281
1.6165 1.6245 4.2316
1.6190 1.6224 4.2358
1.6188 1.6233 4.2368
1.6179 1.6472 4.1949
1.6220 1.6224 4.2423
1.6212 1.6245 4.2439
1.5605 0.6421 2.7032
1.6202 1.6278 4.2441
1.6232 1.6481 4.2021
0.6914 1.6367 3.0837
1.6255 1.6388 4.2397
0.5735 1.6200 3.0742
0.1452 1.5948 2.6223
0.1452 1.5948 2.6223
1.1597 0.2363 2.0916
1.1597 0.2363 2.0916
0.6603 1.6087 3.1716
1.5996 1.1525 3.6029
0.5945 1.6168 3.1597
1.6604 1.1591 3.5534
0.6009 1.6219 3.1943
0.6137 1.6148 3.2090
1.6206 1.0820 3.5462
0.6065 1.6391 3.2038
1.0768 1.6555 3.4205
0.5883 0.2136 1.6210
1.6267 1.0834 3.5653
0.6430 1.6238 3.2502
1.0728 1.6448 3.4441
1.6037 1.1359 3.6720
0.6406 1.6375 3.2457
1.1629 1.6436 3.6324
1.6176 1.0931 3.6172
1.1615 1.6435 3.6403
1.6076 1.1314 3.6971
1.6067 1.1200 3.6824
1.6126 1.1066 3.6699
1.6629 1.1336 3.6045
1.0852 1.0871 2.9182
1.6130 1.1210 3.7142
0.6395 0.7005 2.0374
1.6154 1.1320 3.7313
1.1534 1.6350 3.7026
1.6328 1.1198 3.7424
1.1279 1.6072 3.6943
1.1383 1.6423 3.7261
1.1590 1.1227 3.1770
1.1009 1.6438 3.6490
0.6969 1.1402 2.5511
1.1259 1.6305 3.7525
0.5756 0.6026 2.0473
1.0924 1.1399 3.1219
1.1646 0.6605 2.6190
1.1277 1.1515 3.2154
1.1349 1.1193 3.2426
1.1294 1.1310 3.2555
0.6860 1.1267 2.6207
0.6484 1.1655 2.6386
0.6401 0.6709 2.1910
0.6163 0.6572 2.2167
1.1423 0.6619 2.7076
0.6604 1.0989 2.6364
