1.3717 0.8283 -1.0602
1.2424 1.4414 0.1501
1.6073 1.4139 1.3193
0.8169 1.0786 1.2915
1.0488 1.2392 1.7706
1.2578 1.6176 2.4870
1.0137 1.1203 2.2925
0.7988 1.6087 2.1155
0.5053 1.1917 1.8307
0.4838 0.6147 1.5116
1.0316 1.1165 2.5096
1.5785 1.0138 2.4919
1.1977 0.6456 2.3557
0.7607 1.6110 2.4843
0.6114 1.0615 2.3436
1.0707 1.1264 2.9573
1.1166 0.5619 2.5049
0.6687 1.1092 2.6581
0.6166 0.6503 2.2309
0.6172 0.6503 2.2321
0.7309 1.6101 2.7555
1.1195 0.6540 2.7278
0.6408 0.6287 2.2563
0.6443 1.1114 2.7208
0.6345 1.1383 2.7524
0.7109 1.6012 2.8656
-0.2244 -0.1033 1.1704
1.6086 1.6127 4.1681
-0.6224 -0.6579 2.2245
-0.6226 -0.6581 2.2243
-0.6193 -0.6559 2.2248
-0.6215 -0.6567 2.2261
-0.6200 -0.6548 2.2281
1.6102 1.6157 4.1869
1.6116 1.6158 4.1937
1.6117 1.6190 4.2039
1.6147 1.6234 4.2243
1.6152 1.6235 4.2262
1.6156 1.6257 4.2300
1.6162 1.6253 4.2317
1.6165 1.6252 4.2324
1.6167 1.6256 4.2334
1.6168 1.6261 4.2343
1.6174 1.6263 4.2360
1.6181 1.6269 4.2384
1.6184 1.6279 4.2396
1.6192 1.6272 4.2416
1.6194 1.6276 4.2422
1.6191 1.6285 4.2417
1.6188 1.6302 4.2407
1.6191 1.6296 4.2416
1.6200 1.6272 4.2435
1.6200 1.6296 4.2437
1.6187 1.6334 4.2380
1.6215 1.6276 4.2466
0.5402 1.6072 2.8291
1.6208 1.6329 4.2434
1.6207 1.6349 4.2406
1.6231 1.6335 4.2468
0.1932 1.5942 2.6028
1.6240 1.6373 4.2415
1.0923 1.6191 3.6159
1.5587 0.6432 2.6741
1.5587 0.6428 2.6749
0.1839 1.5988 2.6490
0.1514 1.5922 2.6021
0.1514 1.5922 2.6021
1.1152 1.6109 3.6925
1.5595 0.6417 2.6876
1.1232 1.6116 3.7118
1.5598 0.6419 2.6921
1.1364 1.6224 3.7463
0.1788 1.6010 2.6685
0.5646 1.6038 2.9570
1.5605 0.6421 2.7032
1.5605 0.6421 2.7032
0.1470 1.5937 2.6138
0.1782 1.6017 2.6735
1.1221 1.6172 3.7309
0.5710 1.6052 3.0001
1.1244 0.2209 2.2035
1.1244 0.2209 2.2035
1.1244 0.2209 2.2035
0.5735 1.6075 3.0268
0.1855 1.0994 2.1776
1.6165 1.1005 3.6558
1.6080 1.1259 3.6975
1.6168 1.1047 3.6771
1.6195 1.1347 3.7419
0.6470 1.6089 3.1988
1.6250 1.1050 3.6954
1.6232 1.1117 3.7190
1.6232 1.1117 3.7190
1.6232 1.1117 3.7190
1.6319 1.1341 3.7524
1.6268 1.1285 3.7538
1.6275 1.1279 3.7538
0.6259 1.6114 3.2137
0.0735 1.0972 2.0898
0.0386 1.0970 2.0476
