-0.4677 1.4768 0.3902
-0.4765 0.0303 0.8727
-0.4950 0.1701 1.1125
-0.7537 0.1117 1.0752
0.5067 0.1669 1.1868
1.0310 0.1135 1.5042
1.1313 0.3572 1.7795
-0.5664 -0.1245 1.5442
-0.3473 1.6746 2.0330
-0.6506 0.0524 1.6493
1.5566 1.0616 2.7584
0.0633 -0.6058 1.6335
1.5433 1.1586 2.8554
1.0189 1.6238 2.8633
1.1594 1.5380 2.7591
0.6422 0.5604 2.0132
0.6429 1.5722 2.8648
1.5673 0.6265 2.7991
0.6440 0.5708 2.0691
1.1560 0.7184 2.3472
-0.5250 1.5787 2.4815
-0.6531 0.5650 2.0246
-0.7413 1.5617 2.1740
0.6647 1.6048 3.1369
-0.5419 1.6796 2.5718
-0.5419 1.6796 2.5718
1.6474 1.0665 3.3739
1.6948 0.2381 2.1182
0.5541 1.6411 2.9560
1.6073 1.0730 3.4201
1.6578 1.1839 3.3931
1.5945 1.1759 3.4224
1.6213 0.5925 3.1631
1.6213 0.5925 3.1631
1.6213 0.5925 3.1631
0.1038 1.1572 2.1640
0.6378 1.6325 3.2548
0.6378 1.6325 3.2548
1.6213 0.5970 3.1801
1.6213 0.5970 3.1801
1.6213 0.5970 3.1801
0.6329 1.6371 3.2479
0.6329 1.6371 3.2479
1.1068 0.6798 2.6028
1.6245 0.6454 3.2488
1.6239 0.6432 3.2502
1.6565 1.1117 3.6246
1.6563 1.1162 3.6392
1.6544 1.1129 3.6432
1.6542 1.1158 3.6524
1.6499 1.1127 3.6689
1.6479 1.1125 3.6788
1.6545 1.1310 3.6696
1.6347 1.1117 3.7186
1.6348 1.1119 3.7194
1.6327 1.1115 3.7207
1.6327 1.1115 3.7207
1.6283 1.1112 3.7216
-0.6392 -0.5940 2.1787
-0.6392 -0.5940 2.1787
-0.6392 -0.5940 2.1787
1.0846 1.6315 3.5741
1.6299 1.5388 3.3485
0.6377 1.0856 2.5850
1.1100 1.6560 3.6221
1.5389 1.6450 3.3155
1.1140 1.6309 3.7298
1.1190 1.6273 3.7424
1.1217 1.6338 3.7446
1.1217 1.6338 3.7446
1.1219 1.6334 3.7452
1.1225 1.6322 3.7475
1.1561 1.6295 3.6960
1.1259 1.6341 3.7492
-0.1154 1.6139 2.7128
1.6995 0.1522 2.1516
1.6995 0.1522 2.1516
-0.0047 1.6155 2.6044
1.1777 1.1345 3.0553
1.1777 1.1345 3.0553
1.6332 1.5906 4.0689
1.6274 1.5910 4.0749
1.6274 1.5910 4.0749
1.6426 1.6580 4.1197
1.6426 1.6580 4.1197
1.6327 1.6238 4.2487
1.6327 1.6238 4.2487
1.6313 1.6314 4.2524
1.6313 1.6314 4.2524
1.6313 1.6314 4.2524
1.6306 1.6318 4.2524
1.6306 1.6318 4.2524
1.6306 1.6318 4.2524
1.6306 1.6318 4.2524
1.6308 1.6318 4.2523
1.6308 1.6318 4.2523
1.6314 1.6319 4.2519
1.6314 1.6319 4.2519
1.6355 1.6449 4.2148
1.6355 1.6449 4.2148
