1.3399 0.8174 -0.8245
0.7548 1.4161 -0.2768
1.2292 1.4232 0.1486
1.4997 0.8080 0.4557
1.4827 0.5217 0.8207
0.5059 1.2525 0.9978
1.2136 0.7719 1.3262
1.5852 0.8423 1.6186
1.5063 0.6607 1.7150
0.5991 1.2447 1.6511
1.5089 1.5333 1.7910
0.3809 1.1739 1.5792
1.2302 0.6582 1.9044
0.9502 1.6268 2.0695
0.7464 1.0553 1.7096
0.7919 1.6138 2.1996
0.3926 1.6040 2.1657
0.1646 -0.0508 1.1750
0.3504 1.6046 2.2183
1.5477 0.6048 2.4590
0.7206 1.1697 2.2501
1.1966 0.6485 2.3645
1.1200 0.3384 1.8145
1.1858 0.2760 1.7675
0.2883 1.6047 2.4193
1.5706 0.6461 2.8407
1.5745 1.0606 3.0005
1.5688 0.6169 2.8079
1.2342 1.6388 2.8569
1.5760 0.6365 2.9164
1.5792 0.6292 2.9533
0.5780 1.1453 2.5884
1.1892 1.5797 3.1541
1.5881 0.6090 3.0173
0.6132 1.1441 2.7178
1.5913 0.6016 3.0271
1.5913 0.6016 3.0271
1.5913 0.6016 3.0271
1.0408 1.6170 3.1190
-0.0987 1.2311 1.3825
1.6094 1.5101 2.7703
0.5848 1.6164 3.1187
0.5848 1.6164 3.1187
1.5957 0.5895 3.0206
0.1946 1.5960 2.6155
1.5790 1.1787 3.2425
1.6343 1.0526 3.2698
0.5980 1.6254 3.1894
1.5191 1.6307 2.9872
0.6478 1.6593 3.1292
0.6478 1.6593 3.1292
0.2135 1.6200 2.7114
1.0925 0.5845 2.5129
0.6065 1.6391 3.2038
0.6346 1.6503 3.1978
1.6063 1.0762 3.4424
1.1080 1.5773 3.3853
0.6406 1.6375 3.2457
0.1452 1.5948 2.6223
0.1452 1.5948 2.6223
1.1163 1.5835 3.4831
1.0804 0.1888 2.0462
1.0804 0.1888 2.0462
1.0740 0.1582 2.0053
0.0606 1.0558 1.7233
1.1395 1.6012 3.6505
1.1170 1.1414 3.2285
1.1477 1.6074 3.6696
1.1437 1.6060 3.6724
1.1492 1.6409 3.7047
1.1492 1.6409 3.7047
1.1482 1.6349 3.7221
-0.5875 -0.6438 2.1495
-0.5875 -0.6438 2.1495
1.1331 1.6417 3.7328
1.1331 1.6417 3.7328
1.1331 1.6417 3.7328
1.1331 1.6417 3.7328
1.1331 1.6417 3.7328
1.1316 1.6355 3.7489
-0.5966 -0.6318 2.1885
-0.5966 -0.6318 2.1885
-0.5966 -0.6318 2.1885
-0.5966 -0.6318 2.1885
1.5660 1.6061 3.7157
1.5774 1.6106 3.8877
1.5774 1.6106 3.8877
1.5824 1.6041 3.9101
1.5824 1.6041 3.9101
1.6088 1.6232 4.1986
1.6088 1.6232 4.1986
1.6088 1.6232 4.1986
1.6202 1.6278 4.2441
1.6202 1.6278 4.2441
1.6202 1.6278 4.2441
1.6202 1.6278 4.2441
1.6202 1.6278 4.2441
1.6202 1.6278 4.2441
1.6202 1.6278 4.2441
1.6202 1.6278 4.2441
