0.3925 -0.4566 0.3802
-0.3746 -0.1064 0.7288
-0.3075 1.0253 1.1175
-0.0630 -0.0510 1.0752
0.1517 0.5377 1.3884
0.6953 -0.0332 1.4544
0.0218 0.6326 1.6356
0.6084 0.2280 1.6574
0.2467 1.1452 2.1189
0.5116 1.1513 2.1630
-0.5665 -0.2099 1.5216
1.1276 1.5198 2.5016
1.0770 -0.1922 2.0148
0.1322 1.1211 2.2515
0.3708 1.6502 2.1981
1.2564 1.6223 2.5210
1.2467 1.6658 2.5036
1.1384 0.1874 2.2550
1.0131 1.6284 2.7931
1.0532 1.5735 2.9083
-0.6293 0.1930 1.7551
1.6223 -0.0658 2.6698
1.5940 0.1429 2.6142
1.6227 -0.0869 2.6991
0.7145 1.6269 2.9349
1.0920 1.1518 3.0867
1.6279 -0.1995 2.7451
1.0932 1.1100 3.0976
1.1015 1.1047 3.1229
-0.2844 1.6713 2.2771
-0.6120 1.1158 2.7123
-0.6114 1.1209 2.7219
-0.6091 1.1390 2.7185
-0.6098 1.1339 2.7254
1.6233 0.1428 2.7621
1.1493 1.1393 3.2171
1.1184 1.1194 3.2312
1.1770 0.5789 2.4193
-0.6477 1.1422 2.7372
-0.6477 1.1422 2.7372
1.6923 -0.5830 2.6264
1.6923 -0.5830 2.6264
0.0477 1.6490 2.6012
-0.5777 1.7058 2.3776
-0.5777 1.7058 2.3776
0.0001 1.6516 2.5599
1.5467 1.0940 2.8690
0.6439 1.6332 3.2503
0.6378 1.6325 3.2548
0.6283 1.6418 3.2330
0.6279 1.6418 3.2327
0.6189 1.6420 3.2219
0.0922 1.6466 2.6706
-0.0570 1.6553 2.5741
1.6566 -0.5567 2.8919
1.6566 -0.5567 2.8919
1.1100 1.6560 3.6221
1.1081 1.6302 3.7099
-0.5419 1.6796 2.5718
-0.5419 1.6796 2.5718
1.1508 1.6196 3.7069
1.1140 1.6309 3.7298
1.1561 1.6295 3.6960
1.1561 1.6295 3.6960
1.1190 1.6273 3.7424
1.1227 1.6319 3.7480
1.5250 1.6292 3.0984
1.6278 -0.7146 2.9341
1.6278 -0.7146 2.9341
1.6750 1.0777 3.2478
1.6801 0.6040 2.8767
1.6801 0.6040 2.8767
1.6801 0.6040 2.8767
1.6801 0.6040 2.8767
1.6590 1.0863 3.4700
1.6590 1.0863 3.4700
1.6619 1.1608 3.5320
1.6619 1.1608 3.5320
1.6283 1.1112 3.7216
1.6283 1.1112 3.7216
1.6283 1.1112 3.7216
1.6145 1.6687 4.0236
1.6145 1.6687 4.0236
1.6145 1.6687 4.0236
1.6284 1.6264 4.2530
1.6284 1.6264 4.2530
1.6284 1.6264 4.2530
1.6284 1.6264 4.2530
1.6284 1.6264 4.2530
1.6284 1.6264 4.2530
1.6284 1.6264 4.2530
1.6284 1.6264 4.2530
1.6306 1.6318 4.2524
1.6306 1.6318 4.2524
1.6306 1.6318 4.2524
1.6306 1.6318 4.2524
1.6327 1.6238 4.2487
1.6327 1.6238 4.2487
1.6327 1.6238 4.2487
1.6327 1.6238 4.2487
