0.8959 1.4657 -0.4781
0.2204 0.8269 0.3997
0.5195 0.4574 0.8924
1.2841 1.1107 1.5591
0.4861 0.1864 1.0492
1.0718 1.4966 1.7772
0.6989 0.5495 1.7390
-0.1167 -0.1564 1.2605
1.6229 1.4837 2.3203
1.6272 1.2570 2.5166
1.0572 1.0510 2.3250
1.5825 0.7576 2.2897
0.6438 0.6642 2.2112
1.1542 0.4931 2.0345
0.9739 1.6249 2.3117
-0.3220 1.5794 2.0735
0.1099 1.0811 2.0290
-0.2740 1.5910 2.3661
0.6583 1.1619 2.6409
1.1702 1.1058 3.0605
-0.2992 1.6184 2.4396
0.6197 1.1460 2.7247
1.5657 0.6300 2.7796
1.5788 1.1368 3.4445
-0.1527 1.1261 2.2696
-0.2602 1.6190 2.5812
1.5712 0.6374 2.8559
1.6167 1.0724 3.4549
1.6242 1.0763 3.5048
-0.2333 -0.6314 1.6779
1.5893 0.5529 2.7736
1.5893 0.5529 2.7736
1.2178 1.6234 3.1022
1.2178 1.6234 3.1022
1.5769 0.6274 2.9243
1.6257 1.0859 3.5827
-0.1895 1.6201 2.7477
-0.1030 1.6194 2.7145
-0.1505 1.6208 2.7613
1.6075 1.1366 3.6932
0.7196 1.6354 2.8897
1.6284 1.1033 3.6892
1.6300 1.1027 3.6864
1.6299 1.1055 3.6994
1.6299 1.1100 3.7172
1.5873 1.5617 3.5062
1.5873 1.5617 3.5062
1.5857 0.6116 2.9995
1.6298 1.1128 3.7267
1.6298 1.1128 3.7267
1.6298 1.1128 3.7267
1.6235 1.1329 3.7505
1.6235 1.1329 3.7505
1.6254 1.1324 3.7529
1.6277 1.1353 3.7525
1.5913 0.6016 3.0271
-0.5730 -0.6256 2.0805
-0.5730 -0.6256 2.0805
-0.5730 -0.6256 2.0805
-0.5730 -0.6256 2.0805
1.0740 0.1582 2.0053
0.6124 1.5952 3.0892
1.1403 1.5753 3.3971
0.5579 1.6422 2.9751
0.1827 1.6076 2.7060
0.5848 1.6164 3.1187
0.5848 1.6164 3.1187
0.1824 1.6119 2.7272
0.1824 1.6119 2.7272
0.1824 1.6119 2.7272
0.6545 1.6125 3.2028
0.6065 1.6391 3.2038
1.1356 1.6181 3.7376
1.1331 1.6417 3.7328
1.1331 1.6417 3.7328
1.1331 1.6417 3.7328
1.1331 1.6417 3.7328
1.1331 1.6417 3.7328
1.1316 1.6355 3.7489
1.1316 1.6355 3.7489
1.6202 1.6278 4.2441
1.6202 1.6278 4.2441
1.6202 1.6278 4.2441
1.6202 1.6278 4.2441
1.6202 1.6278 4.2441
1.6202 1.6278 4.2441
1.6202 1.6278 4.2441
1.6202 1.6278 4.2441
1.6202 1.6278 4.2441
1.6202 1.6278 4.2441
1.6202 1.6278 4.2441
1.6202 1.6278 4.2441
1.6202 1.6278 4.2441
1.6202 1.6278 4.2441
1.6202 1.6278 4.2441
1.6202 1.6278 4.2441
1.6202 1.6278 4.2441
1.6202 1.6278 4.2441
1.6202 1.6278 4.2441
1.6202 1.6278 4.2441
