1.2927 1.4327 -0.7327
0.7989 1.2594 0.3921
1.4565 0.6071 0.8352
1.6134 1.3455 1.3424
-0.0940 -0.4398 0.7850
-0.3096 -0.1033 0.8886
0.7896 1.6013 2.1535
1.2040 1.5765 2.9517
1.2192 1.6047 3.0129
1.0070 1.6391 2.7021
1.1741 0.3751 1.5826
-0.0250 1.5531 1.9686
1.5575 1.5489 2.9220
-0.1593 0.0188 1.1491
0.1875 0.7196 1.4007
1.1041 0.7469 2.0949
0.5835 1.2016 2.1928
1.1941 1.6119 3.3617
-0.2008 -0.5595 1.4971
0.6203 0.7101 1.9602
0.6835 0.6822 2.0205
0.7057 0.6270 1.9998
1.5757 1.1834 3.1619
0.5185 1.1542 2.1965
1.1786 1.0773 2.8107
0.5458 1.5900 2.7353
1.5668 1.1343 3.2924
1.1555 1.6179 3.6834
1.1553 1.6188 3.6866
1.1562 1.6270 3.6949
1.1557 1.6414 3.6774
1.1557 1.6414 3.6775
-0.2135 1.5761 2.3826
-0.2135 1.5761 2.3826
1.0914 0.5339 2.2162
0.6637 0.6318 2.2161
1.1331 1.6417 3.7328
1.1331 1.6417 3.7328
1.1331 1.6417 3.7328
1.1331 1.6417 3.7328
1.1331 1.6417 3.7328
1.1331 1.6417 3.7328
1.1331 1.6417 3.7328
0.2428 0.6173 1.6363
0.7095 1.6498 2.9165
1.1316 1.6355 3.7489
1.5788 1.1368 3.4445
1.5873 1.5617 3.5062
-0.1731 1.5798 2.4741
1.5657 0.6300 2.7796
1.5657 0.6300 2.7796
0.7037 1.6287 3.0136
0.6386 0.6373 2.2590
1.5739 0.6583 2.8618
1.1226 1.1597 3.1730
1.0742 0.5841 2.3714
0.6185 0.6226 2.2387
1.5712 0.6374 2.8559
-0.2992 1.6184 2.4396
-0.2992 1.6184 2.4396
-0.2992 1.6184 2.4396
0.6678 1.0795 2.4812
0.2478 1.6129 2.6012
1.6167 1.0724 3.4549
0.5579 1.6422 2.9751
0.6124 1.5952 3.0892
-0.1228 -0.6213 1.7433
1.1318 1.1370 3.2518
1.5971 1.1328 3.6273
1.5893 0.5529 2.7736
1.5893 0.5529 2.7736
0.1586 1.1553 2.2174
1.1084 1.1375 3.2080
1.1084 1.1375 3.2080
1.1194 1.0958 3.1396
1.6242 1.0763 3.5048
1.6075 1.1366 3.6932
1.6084 0.6864 3.0656
0.6545 1.6125 3.2028
-0.1030 1.6194 2.7145
1.0946 0.5979 2.5790
-0.1505 1.6208 2.7613
0.1824 1.6119 2.7272
0.1824 1.6119 2.7272
1.6300 1.1027 3.6864
0.1419 1.6083 2.7116
1.6235 1.1329 3.7505
1.1008 0.6451 2.6749
1.6254 1.1324 3.7529
1.6277 1.1353 3.7525
1.1222 0.2923 1.9732
1.5913 0.6016 3.0271
0.6065 1.6391 3.2038
1.6298 1.1128 3.7267
1.6298 1.1128 3.7267
0.0892 1.1327 2.2077
1.6202 1.6278 4.2441
-0.5730 -0.6256 2.0805
-0.5730 -0.6256 2.0805
-0.5730 -0.6256 2.0805
