1.4709 0.7827 0.1607
1.0402 0.9813 1.2749
1.0967 0.7913 1.6357
0.7082 0.5453 1.6491
1.0781 0.4639 1.6930
0.8722 1.6432 1.7289
0.6191 0.2453 1.6319
-0.0152 1.0392 1.4944
0.5871 1.1683 2.5211
0.6377 1.0856 2.5850
1.0560 1.0940 2.6955
1.1578 0.6871 2.5495
1.0828 0.5834 2.4396
1.0839 -0.0665 1.9916
1.6111 0.7443 2.6400
1.1003 0.1349 2.1816
1.1091 0.6471 2.7092
0.1140 -0.0550 1.1479
0.4834 1.6254 2.5256
-0.2651 1.5781 2.2618
1.1336 1.1386 3.2491
1.6972 0.1836 2.1815
-0.1154 1.6139 2.7128
-0.1154 1.6139 2.7128
-0.1154 1.6139 2.7128
-0.1154 1.6139 2.7128
-0.1072 1.6186 2.7179
-0.0982 1.6238 2.7163
1.5623 0.1724 2.2453
1.5623 0.1724 2.2453
0.5430 1.6266 2.9055
1.6033 1.2008 3.2401
0.1504 1.6172 2.7522
1.6296 1.0691 3.4426
1.6632 0.6545 3.0855
1.6618 0.6473 3.1093
1.6665 0.6091 3.0423
1.6650 0.6054 3.0462
1.5876 1.1133 3.5168
1.6239 0.6432 3.2502
1.6239 0.6432 3.2502
1.6477 1.0889 3.5596
1.6297 1.0875 3.5960
1.6213 0.5970 3.1801
1.6213 0.5970 3.1801
1.6111 1.0958 3.6095
1.6090 1.0974 3.6085
1.6412 1.0915 3.6034
1.6300 1.0961 3.6513
0.6143 1.6367 3.2278
0.6512 1.6394 3.2287
0.6298 1.6504 3.1959
0.6329 1.6371 3.2479
0.6329 1.6371 3.2479
1.6283 1.1112 3.7216
1.6152 1.1581 3.6622
1.6302 1.1114 3.7218
1.6302 1.1114 3.7218
1.6117 1.1284 3.7165
1.6230 1.1180 3.7361
1.6164 1.1539 3.6856
1.1218 1.6335 3.7451
1.1218 1.6335 3.7451
1.1218 1.6335 3.7451
1.1217 1.6338 3.7446
1.1217 1.6338 3.7446
1.1217 1.6338 3.7446
1.1419 1.6381 3.7322
1.1419 1.6381 3.7322
1.1419 1.6381 3.7322
1.6000 1.6016 4.0540
1.6000 1.6016 4.0540
1.6000 1.6016 4.0540
1.6136 1.6006 4.1231
1.6136 1.6006 4.1231
1.6136 1.6006 4.1231
1.6146 1.6160 4.2066
1.6146 1.6160 4.2066
1.6146 1.6160 4.2066
1.6161 1.6174 4.2161
1.6161 1.6174 4.2161
1.6161 1.6174 4.2161
1.6161 1.6174 4.2161
1.6314 1.6135 4.2226
1.6314 1.6135 4.2226
1.6314 1.6135 4.2226
1.6308 1.6318 4.2523
1.6308 1.6318 4.2523
1.6308 1.6318 4.2523
1.6308 1.6318 4.2523
1.6308 1.6320 4.2521
1.6308 1.6320 4.2521
1.6308 1.6320 4.2521
1.6314 1.6319 4.2519
1.6314 1.6319 4.2519
1.6314 1.6319 4.2519
1.6314 1.6319 4.2519
1.6328 1.6371 4.2432
1.6328 1.6371 4.2432
1.6328 1.6371 4.2432
