0.5340 1.2737 0.8480
1.6362 1.4510 1.7819
-0.0796 -0.2428 1.0891
1.4950 1.6128 2.4994
0.4373 0.6037 1.2724
1.2378 1.1232 2.3127
1.5061 1.6447 2.7091
0.4078 1.6056 2.1843
0.4316 1.6196 2.2890
0.3171 1.6031 2.3062
1.0144 1.6417 2.7882
0.7422 1.6234 2.6960
0.7151 1.6731 2.6809
1.6268 1.2171 3.1158
0.7076 0.6737 1.9109
1.0722 1.0850 2.7954
1.1993 1.6444 3.3096
1.6644 1.2018 3.1485
0.1642 1.5784 2.4606
0.7024 1.6097 2.9751
1.1644 0.6607 2.6199
1.1644 1.1398 3.1448
1.6418 1.5618 3.6997
1.1656 0.2413 2.0432
0.6944 1.6259 3.0725
0.1323 1.5902 2.5721
1.1423 0.6619 2.7076
0.1390 1.5924 2.5971
0.1408 1.5930 2.6036
1.1170 1.5838 3.4873
0.1459 1.5946 2.6206
0.1452 1.5948 2.6223
1.1705 1.6203 3.6022
1.1408 1.1512 3.2078
1.5981 1.5857 3.9043
1.1550 1.6643 3.5392
1.1597 0.2363 2.0916
1.1647 1.6438 3.6207
1.1319 1.1459 3.2343
1.6006 1.5887 3.9522
0.0247 0.5816 1.5048
1.1394 1.6668 3.5628
0.5920 1.6225 3.1634
1.1572 1.6367 3.6826
0.5979 1.6243 3.1879
0.6009 1.6219 3.1943
1.6018 1.1577 3.5953
1.6058 1.5950 4.0427
1.5999 1.0804 3.4357
1.1429 1.6503 3.6819
0.6644 1.1700 2.5728
0.6068 1.6391 3.2045
1.6072 1.1575 3.6291
1.5947 1.6126 4.0735
0.6434 1.6234 3.2493
0.6587 1.1707 2.5835
1.5957 1.6135 4.0851
0.6411 1.6374 3.2456
1.6003 1.6088 4.0994
1.1310 1.6478 3.7084
1.6075 1.1516 3.6566
1.1094 1.6440 3.6856
1.6359 1.1632 3.6520
1.6350 1.1623 3.6592
1.6103 1.6070 4.1492
1.6088 1.1437 3.6878
1.6082 1.1391 3.6937
1.6085 1.1331 3.7013
1.6281 1.0837 3.5677
1.6151 1.1322 3.7303
1.6188 1.6232 4.2367
1.6159 1.1076 3.6864
1.6191 1.6243 4.2391
1.6215 1.6224 4.2414
1.6215 1.6224 4.2414
1.6220 1.6224 4.2423
1.6187 1.6279 4.2404
1.6186 1.1055 3.6858
1.6209 1.6250 4.2437
1.6212 1.6245 4.2439
1.6208 1.6251 4.2437
1.6199 1.6267 4.2428
1.6202 1.6278 4.2441
-0.6241 -0.6845 2.1261
-0.6241 -0.6845 2.1261
1.6179 1.6472 4.1949
1.6179 1.6472 4.1949
-0.6230 -0.6836 2.1291
0.6060 0.2228 1.6634
1.6232 1.6481 4.2021
1.6251 1.6388 4.2393
1.6251 1.6388 4.2393
1.6389 1.1272 3.7408
1.6407 1.1074 3.6893
-0.0289 0.6489 1.6302
-0.6216 -0.6581 2.2229
-0.6210 -0.6573 2.2241
1.5605 0.6421 2.7032
1.5605 0.6421 2.7032
1.5605 0.6421 2.7032
