1.6935 1.2389 2.2763
1.5384 1.0843 2.6596
1.5548 1.5725 3.2306
1.5462 1.1480 2.9485
1.6768 1.5614 3.4229
0.5182 1.5657 2.2687
-0.2057 0.0523 1.1406
1.5640 1.6596 3.6319
1.6545 1.5708 3.7623
0.7444 1.6096 2.6321
1.5894 1.5903 3.8751
0.6419 1.5536 2.5969
-0.0439 -0.5437 1.3067
0.7265 1.6018 2.7458
0.2602 0.6712 1.5281
1.6626 1.6616 3.9694
1.6613 1.6604 3.9900
1.5905 1.6394 4.0556
1.6033 1.1554 3.6162
0.7219 1.6477 2.8310
1.6273 1.0817 3.5524
1.6289 1.6126 4.2198
1.6117 1.6355 4.2103
1.6419 1.6477 4.1862
1.6409 1.6461 4.1969
1.6406 1.6456 4.2000
1.6377 1.1571 3.6812
1.6215 1.1538 3.6991
1.6357 1.6363 4.2409
1.6352 1.6368 4.2407
1.6343 1.6353 4.2448
1.6342 1.6353 4.2449
1.6342 1.6353 4.2449
1.6342 1.6353 4.2449
1.6352 1.6342 4.2450
1.6354 1.6340 4.2450
1.6341 1.6352 4.2452
1.6320 1.6338 4.2495
1.6319 1.6337 4.2497
1.6262 1.6361 4.2462
1.6075 1.1366 3.6932
0.7095 1.6498 2.9165
0.2897 1.0829 1.7967
1.6300 1.1027 3.6864
1.6235 1.1329 3.7505
1.6277 1.1353 3.7525
1.6254 1.1324 3.7529
1.6298 1.1128 3.7267
1.5657 0.6300 2.7796
1.5657 0.6300 2.7796
1.5739 0.6583 2.8618
0.7037 1.6287 3.0136
0.7028 1.6320 3.0189
1.5712 0.6374 2.8559
0.5579 1.6422 2.9751
1.6084 0.6864 3.0656
1.5893 0.5529 2.7736
1.5893 0.5529 2.7736
1.1983 1.6407 3.3341
1.1615 1.0915 3.0374
1.1941 1.6119 3.3617
-0.1228 -0.6213 1.7433
0.6065 1.6391 3.2038
-0.5730 -0.6256 2.0805
1.1222 0.2923 1.9732
1.5913 0.6016 3.0271
0.6835 0.6822 2.0205
1.0914 0.5339 2.2162
1.1226 1.1597 3.1730
1.1318 1.1370 3.2518
0.5185 1.1542 2.1965
1.1084 1.1375 3.2080
1.1084 1.1375 3.2080
1.0742 0.5841 2.3714
0.6637 0.6318 2.2161
0.6185 0.6226 2.2387
1.1555 1.6179 3.6834
1.1553 1.6188 3.6866
0.6386 0.6373 2.2590
1.1557 1.6414 3.6774
1.1557 1.6414 3.6775
1.1562 1.6270 3.6949
0.1586 1.1553 2.2174
0.2478 1.6129 2.6012
0.0892 1.1327 2.2077
1.1331 1.6417 3.7328
1.1331 1.6417 3.7328
1.1331 1.6417 3.7328
1.1331 1.6417 3.7328
1.1331 1.6417 3.7328
1.1331 1.6417 3.7328
0.5656 1.1306 2.5430
0.1824 1.6119 2.7272
0.1824 1.6119 2.7272
-0.2135 1.5761 2.3826
-0.2135 1.5761 2.3826
-0.2135 1.5761 2.3826
-0.2992 1.6184 2.4396
-0.2992 1.6184 2.4396
-0.2992 1.6184 2.4396
