0.4668 1.3425 -0.4214
1.1440 1.3907 0.7479
1.5774 1.4146 1.0602
1.5569 0.8691 1.1543
1.1820 0.9729 1.5669
1.1562 0.9768 1.7882
0.2056 0.0390 1.1272
1.1778 1.5268 2.4320
0.1835 0.7481 1.1539
1.6064 0.9651 2.1529
0.4356 0.6382 1.3142
1.1391 1.0364 2.5784
1.1734 1.1508 3.0535
1.0294 1.6562 2.9018
0.7166 1.5716 2.5232
1.6171 1.2231 3.0147
1.1509 1.1503 3.1832
1.0878 1.1241 3.0951
1.6127 1.2136 3.1299
1.1308 1.1355 3.2535
0.4351 1.5994 2.2004
1.0868 1.6145 3.5645
1.0868 1.6145 3.5645
1.0621 0.6802 2.2703
0.6895 1.5789 2.7971
1.6054 1.0491 3.1640
0.5998 1.5586 2.6161
1.0937 1.6350 3.6323
1.0937 1.6350 3.6323
1.5955 1.1637 3.5157
1.1339 1.6190 3.7413
-0.1618 1.1849 2.0098
-0.1618 1.1849 2.0098
-0.0564 1.0956 2.0586
1.1497 1.6444 3.6907
0.0253 1.1199 2.1255
1.1206 1.6344 3.7419
1.1232 1.6362 3.7430
1.5510 1.6165 3.5343
1.1364 1.6452 3.7172
1.1331 1.6417 3.7328
0.0764 1.1351 2.1886
0.1581 1.1593 2.1977
0.7095 1.6498 2.9165
1.0733 0.2980 1.6858
0.5230 1.5974 2.6515
1.1583 0.6745 2.6067
-0.6844 -0.6418 2.1302
-0.6844 -0.6418 2.1302
-0.6844 -0.6418 2.1302
-0.6844 -0.6418 2.1302
0.7028 1.6320 3.0189
1.5721 0.6749 2.7842
1.6385 1.1573 3.6785
0.6025 0.5827 2.0809
1.6528 1.1461 3.6589
1.5657 0.6300 2.7796
1.5657 0.6300 2.7796
1.5657 0.6300 2.7796
1.6231 1.1113 3.7173
-0.6391 -0.6029 2.2088
-0.6391 -0.6029 2.2088
1.6300 1.1027 3.6864
1.6254 1.1324 3.7529
1.6277 1.1353 3.7525
1.6350 1.5654 3.7690
1.1651 0.6242 2.6444
1.6298 1.1128 3.7267
1.6298 1.1128 3.7267
1.6285 1.1255 3.7524
1.5893 0.5529 2.7736
1.5893 0.5529 2.7736
0.5579 1.6422 2.9751
0.5579 1.6422 2.9751
1.6084 0.6864 3.0656
-0.0014 1.6471 2.5840
-0.0014 1.6471 2.5840
-0.0014 1.6471 2.5840
0.1422 1.6596 2.6437
0.1422 1.6596 2.6437
1.6006 1.6388 4.1402
-0.0145 1.6436 2.6014
-0.0145 1.6436 2.6014
-0.0145 1.6436 2.6014
0.0818 1.6186 2.6834
0.0818 1.6186 2.6834
1.6524 1.6700 3.9657
1.6524 1.6700 3.9657
1.6319 1.6337 4.2497
1.6319 1.6337 4.2497
1.6459 1.6563 4.1193
1.6342 1.6353 4.2449
1.6342 1.6353 4.2449
1.6342 1.6353 4.2449
1.6342 1.6353 4.2449
1.6342 1.6353 4.2449
1.6342 1.6353 4.2449
1.6354 1.6340 4.2450
1.6354 1.6340 4.2450
1.6419 1.6477 4.1862
