0.1952 0.8706 0.2548
0.4604 1.0062 0.8581
1.4658 1.5517 1.3289
0.2113 0.7382 1.2078
0.3454 0.6321 1.3077
-0.1994 0.2412 1.1450
1.5403 1.2309 2.0406
1.6254 0.8431 1.8493
-0.3225 0.5577 1.1152
1.0803 0.9893 1.7814
0.1618 1.0509 1.7720
1.6232 0.8008 2.1455
1.2003 -0.2762 1.6128
-0.1405 1.0361 1.5919
1.0818 -0.3047 1.7329
0.6919 1.0850 2.4126
0.5449 1.1512 2.3806
1.6094 1.2167 3.0723
0.6386 0.1745 1.7711
1.1702 0.0103 1.9876
0.6718 1.1457 2.6661
0.6718 1.1457 2.6661
0.6550 1.1281 2.7362
0.6317 -0.0297 1.6403
1.1191 0.0028 2.1162
1.6243 1.2013 3.3139
1.1380 1.0486 2.7240
1.5984 1.5988 4.0231
1.6304 1.5962 4.1193
1.6311 1.5962 4.1195
1.6306 1.5979 4.1331
1.6294 1.6005 4.1520
1.6307 1.6006 4.1523
1.5964 1.6321 4.1197
1.5982 1.6308 4.1351
1.6310 1.6024 4.1648
1.5982 1.6376 4.1255
1.5983 1.6371 4.1273
1.6024 1.6320 4.1640
1.6114 1.6207 4.2065
1.6257 1.6166 4.2332
1.6138 1.6320 4.2237
1.6245 1.6205 4.2423
1.6247 1.6209 4.2434
1.6258 1.6238 4.2493
1.6267 1.6252 4.2516
1.6308 1.6257 4.2521
1.6251 1.6316 4.2511
1.6304 1.6305 4.2532
1.6312 1.6315 4.2523
1.6308 1.6318 4.2523
1.6308 1.6318 4.2523
1.6308 1.6320 4.2521
1.6308 1.6320 4.2521
1.6314 1.6319 4.2519
1.6314 1.6319 4.2519
1.6314 1.6319 4.2519
1.6314 1.6319 4.2519
1.6328 1.6371 4.2432
1.6328 1.6371 4.2432
1.1075 -0.7028 2.4740
1.1075 -0.7028 2.4740
1.1075 -0.7028 2.4740
1.1075 -0.7028 2.4740
-0.4526 1.5325 1.3545
1.6241 0.6772 3.1605
1.5995 1.1213 3.6381
1.6090 1.0974 3.6085
1.6477 1.0889 3.5596
1.6412 1.0915 3.6034
1.6094 1.1184 3.6931
1.6300 1.0961 3.6513
1.6117 1.1284 3.7165
1.6142 1.1336 3.7263
1.6142 1.1336 3.7263
1.1702 -0.6139 2.5946
1.6247 1.1339 3.7515
1.6230 1.1180 3.7361
1.6283 1.1112 3.7216
1.1098 -0.6773 2.6257
1.1098 -0.6773 2.6257
1.1098 -0.6773 2.6257
1.1098 -0.6773 2.6257
1.6239 0.6432 3.2502
1.6239 0.6432 3.2502
1.6217 0.6327 3.2500
1.6217 0.6327 3.2500
1.6217 0.6327 3.2500
1.6213 0.5970 3.1801
1.6213 0.5970 3.1801
1.6213 0.5970 3.1801
1.6222 0.6140 3.2293
1.6222 0.6140 3.2293
0.7486 1.6069 2.5785
-0.0907 1.5497 1.9893
-0.0907 1.5497 1.9893
0.6237 1.6159 3.2291
0.6237 1.6159 3.2291
0.6237 1.6159 3.2291
0.6237 1.6159 3.2291
