1.6203 1.4284 1.4986
1.2330 0.7324 1.4220
1.6298 1.2733 2.2594
1.5969 1.5010 2.5166
1.1648 1.0027 2.0553
1.1703 1.2211 2.4191
1.6164 1.2148 3.1271
0.7857 1.6082 2.2314
1.1281 0.7281 2.3250
1.1587 1.1795 2.9695
1.1767 1.1265 3.0636
1.6325 1.1810 3.5257
1.1708 1.1182 3.0963
1.0145 1.6300 2.8100
1.1107 1.0784 2.9916
1.0750 0.5469 2.1737
0.6985 1.0861 2.3804
1.6138 1.0704 3.4260
1.0911 1.1093 3.0812
1.0280 1.6207 2.9725
1.1303 0.3363 1.8304
1.1981 1.6200 3.3436
1.1971 1.6208 3.3574
1.1955 1.6220 3.3766
1.6080 1.1259 3.6975
1.6195 1.1347 3.7418
1.6350 1.1365 3.7468
1.1813 1.6045 3.4489
1.6232 1.1117 3.7190
1.6275 1.1279 3.7538
1.1891 1.6269 3.4500
1.6362 1.1108 3.7131
1.1825 1.6186 3.5008
1.6052 1.6074 4.1240
1.5698 0.7115 2.5380
1.6066 1.6108 4.1489
1.1190 0.5585 2.4904
1.1192 0.6601 2.7132
1.6001 1.6287 4.1494
1.6067 1.6181 4.1768
1.6102 1.6157 4.1869
1.6116 1.6158 4.1937
1.6128 1.6197 4.2100
0.1932 1.5942 2.6028
1.1184 0.6472 2.7368
1.6161 1.6246 4.2306
1.6187 1.6266 4.2398
1.6182 1.6279 4.2392
1.6184 1.6279 4.2396
1.6192 1.6272 4.2416
1.6194 1.6276 4.2422
1.6208 1.6266 4.2448
1.6205 1.6301 4.2447
1.6216 1.6290 4.2470
1.6187 1.6334 4.2380
0.1668 1.5938 2.6173
1.6191 1.6350 4.2368
1.6209 1.6338 4.2425
1.6236 1.6335 4.2476
1.6232 1.6353 4.2445
1.6247 1.6374 4.2423
0.1495 1.5935 2.6126
0.1489 1.5935 2.6129
0.1470 1.5937 2.6138
0.1464 1.5938 2.6140
0.6350 1.1390 2.7514
0.6350 1.1390 2.7514
0.1782 1.6017 2.6735
1.1435 1.6181 3.7247
1.0916 1.6191 3.6112
1.1357 1.6224 3.7469
0.5646 1.6038 2.9569
0.5646 1.6038 2.9569
1.1257 1.6258 3.7514
0.5695 1.6052 2.9924
1.1261 1.6287 3.7529
0.5725 1.6042 3.0019
0.5807 1.5990 3.0075
-0.6227 -0.6582 2.2241
-0.6226 -0.6581 2.2243
-0.6224 -0.6579 2.2245
-0.6223 -0.6578 2.2247
-0.6223 -0.6578 2.2247
1.5605 0.6421 2.7032
1.5605 0.6421 2.7032
1.5605 0.6421 2.7032
1.5605 0.6421 2.7032
1.5605 0.6421 2.7032
0.1843 1.1002 2.1825
0.1854 1.1083 2.2185
0.1854 1.1083 2.2185
0.6166 0.6503 2.2309
0.6166 0.6503 2.2309
0.2079 0.6497 1.7235
0.6448 1.5999 3.1461
0.6448 1.5999 3.1461
0.6464 1.6089 3.1994
0.0377 1.0963 2.0429
1.1244 0.2209 2.2035
1.1244 0.2209 2.2035
