1.3470 1.4321 -1.3430
1.4295 1.9481 -1.2885
1.9651 -0.8844 -0.7132
0.0048 1.8861 -0.8676
1.4766 1.8341 -1.0254
1.4387 0.8419 -0.7724
0.3830 1.3893 -0.7480
0.7306 1.9193 -0.4537
1.3853 1.7564 -0.5146
1.3610 0.0852 -0.2651
-0.0266 1.8128 -0.2776
1.7264 1.9084 -0.2385
-0.4545 1.7926 -0.1611
0.4204 0.9077 -0.1861
1.9419 0.7283 -0.0986
1.4592 0.3598 -0.0684
1.3810 -0.6994 0.0382
1.4874 -0.8210 0.1256
0.8134 -0.3256 0.1532
1.2746 -0.3903 0.2284
0.1645 0.8916 0.2724
1.3489 0.6732 0.2766
0.3516 0.3721 0.2917
-0.6075 1.9400 0.2646
0.9666 1.9895 0.3431
0.9836 -0.3926 0.4156
0.2536 0.9583 0.5092
1.9867 -0.3613 0.3141
0.2972 -0.3835 0.4527
1.5714 1.8307 0.6731
1.8015 0.6199 0.5322
1.1877 1.9514 0.7187
0.4273 -0.2570 0.6391
1.5775 1.9326 0.8565
0.8860 1.0441 0.6725
1.3563 1.6835 0.9299
0.8196 0.5871 0.8932
0.2755 0.7494 0.9191
0.8165 0.6053 0.9813
1.2718 1.0210 0.9220
-0.3980 0.7464 0.6526
-0.1770 0.3246 0.8788
0.4918 -0.1149 1.0637
0.1247 1.0131 1.2908
1.2505 -0.5241 1.1485
0.0055 0.2522 0.9935
1.0134 0.9975 1.1389
1.7469 1.0063 1.1476
-0.0423 0.2322 1.0729
0.7338 0.2238 1.2204
1.2887 1.6896 1.5614
0.6839 0.4893 1.4393
-0.1450 0.2390 1.1734
1.2114 -0.4784 1.4374
1.0822 0.7959 1.4954
0.4607 1.1998 1.4898
-0.3015 1.2337 1.0692
1.2032 1.7412 1.8602
0.1022 -0.5030 1.1172
0.6841 0.1821 1.6412
0.3002 1.1450 1.9318
1.1063 -0.8101 1.5206
0.1985 1.0882 2.0936
1.2103 -0.1501 1.7219
-0.7365 -0.4988 1.1172
1.0927 0.4749 1.8571
-0.8324 1.5628 1.3927
1.7356 -0.0767 1.3747
1.0656 -0.2156 1.8725
1.1133 -0.2931 1.9503
0.3926 1.6502 2.1854
1.5762 0.7743 2.0561
0.1530 1.6938 2.2430
0.3290 1.6359 2.3453
1.0272 1.7006 2.3333
1.0812 0.2620 1.8821
1.0899 -0.2170 2.0731
1.6657 -0.8430 1.6769
0.7595 1.6763 2.2496
1.0408 1.6973 2.5543
0.2164 1.5987 2.6009
1.1713 0.6566 2.5838
1.7372 1.6156 2.8824
0.5229 1.6389 2.7622
-0.2453 1.5814 2.3645
1.6935 0.0688 2.1565
0.5636 1.5889 2.8320
0.5401 1.6393 2.8736
1.0221 1.1398 2.3998
1.0221 1.1398 2.3998
-0.0983 1.6128 2.6868
1.6846 1.1971 2.9727
1.6199 1.0400 3.1170
1.6199 1.0400 3.1170
1.5866 1.1995 3.1174
1.5866 1.1995 3.1174
1.6100 1.6647 4.0434
1.6100 1.6647 4.0434
-0.5918 1.6652 2.9982
-0.5918 1.6652 2.9982
