1.2649 1.0732 1.6186
1.2554 1.6194 2.5306
1.6326 1.5225 3.0494
-0.0655 -0.1439 1.1878
-0.1239 -0.2053 1.2333
1.5618 1.5664 3.2555
1.2276 1.6345 2.9637
0.4924 1.6014 2.4846
1.5880 1.5736 3.6762
1.5891 1.5754 3.7094
0.7396 1.6379 2.7129
1.5727 1.6295 3.8717
1.5910 1.5932 3.9159
0.2061 1.6792 2.4127
1.5855 1.6274 4.0213
1.5945 1.6148 4.0804
0.5365 1.6200 2.8544
1.5976 1.6179 4.1151
1.5781 1.1488 3.4104
0.6024 1.5806 2.9194
1.6095 1.6174 4.1891
1.6200 1.6093 4.1950
-0.5730 -0.6256 2.0805
-0.5730 -0.6256 2.0805
1.6205 1.6103 4.2009
1.6205 1.6106 4.2021
1.6191 1.6260 4.2406
1.6202 1.6278 4.2441
1.6202 1.6278 4.2441
1.6202 1.6278 4.2441
1.6202 1.6278 4.2441
1.6202 1.6278 4.2441
1.6202 1.6278 4.2441
1.6202 1.6278 4.2441
1.6202 1.6278 4.2441
1.6202 1.6278 4.2441
1.6202 1.6278 4.2441
1.6202 1.6278 4.2441
1.6202 1.6278 4.2441
1.6202 1.6278 4.2441
1.6202 1.6278 4.2441
1.6202 1.6278 4.2441
1.6202 1.6278 4.2441
-0.0987 1.2311 1.3825
0.1946 1.5960 2.6155
1.6149 1.0754 3.4749
1.5888 1.1203 3.5454
1.1484 1.6069 3.6644
1.1477 1.6074 3.6696
0.2135 1.6200 2.7114
1.6082 1.1482 3.6723
1.6555 1.1489 3.6330
0.5848 1.6164 3.1187
0.5848 1.6164 3.1187
1.1494 1.6413 3.7028
1.1492 1.6409 3.7047
1.6294 1.1513 3.7160
1.1482 1.6349 3.7221
0.6794 1.6238 3.1502
0.6478 1.6593 3.1292
1.1331 1.6417 3.7328
1.1331 1.6417 3.7328
1.1331 1.6417 3.7328
1.1331 1.6417 3.7328
1.1331 1.6417 3.7328
1.6300 1.1027 3.6864
1.6235 1.1329 3.7505
1.6297 1.1348 3.7531
1.6287 1.1053 3.6986
1.6299 1.1055 3.6994
1.6254 1.1324 3.7529
1.1316 1.6355 3.7489
1.1316 1.6355 3.7489
1.6299 1.1100 3.7172
1.6295 1.1108 3.7200
1.6295 1.1301 3.7547
1.6298 1.1128 3.7267
1.6298 1.1128 3.7267
0.6065 1.6391 3.2038
1.6284 1.1228 3.7493
1.6296 1.1230 3.7495
0.1452 1.5948 2.6223
1.5543 0.6512 2.5957
0.6406 1.6375 3.2457
1.5706 0.6461 2.8407
1.5688 0.6169 2.8079
1.1507 0.7124 2.4152
1.5760 0.6365 2.9164
1.5760 0.6365 2.9164
1.1100 0.5488 2.4062
1.0804 0.1888 2.0462
1.0740 0.1582 2.0053
0.5780 1.1453 2.5884
1.5857 0.6116 2.9995
0.6132 1.1441 2.7178
0.6132 1.1441 2.7178
1.0925 0.5845 2.5129
1.5913 0.6016 3.0271
1.5913 0.6016 3.0271
1.5913 0.6016 3.0271
