0.8439 0.7607 0.1177
1.5266 1.4740 1.0276
0.6794 1.4766 1.0989
0.7666 1.0445 1.3946
1.2412 1.2223 1.5538
-0.4909 0.2843 0.8251
0.3577 1.0873 1.6183
1.5311 0.4513 1.3243
0.3153 1.1363 1.8943
1.2663 1.6079 2.3130
1.6358 1.5052 2.7182
1.6381 1.5113 2.8308
1.6307 1.5126 2.8655
1.1764 0.3710 1.5692
0.6504 1.1827 2.5023
1.6308 1.5204 3.0112
1.6290 1.2305 2.9251
0.6515 1.0762 2.4956
1.2494 1.6254 2.6345
1.5220 1.6238 3.0387
1.6396 1.2263 2.9722
0.6106 1.1574 2.6637
1.5937 1.0337 2.8972
0.6653 1.5619 2.6778
0.1505 1.1434 2.2558
0.5242 1.6049 2.7108
1.6207 1.5540 3.5930
1.0415 1.1191 2.6354
1.6026 1.1716 3.5158
0.1951 1.5969 2.6224
-0.6170 -0.1039 1.7142
-0.6170 -0.1039 1.7142
0.6172 1.5896 3.0489
1.1803 0.1446 2.0465
1.6312 1.1681 3.6268
1.1707 0.2033 2.0956
1.6532 1.0826 3.4831
0.1286 1.5959 2.6189
1.6104 1.0993 3.6259
-0.0665 1.5905 2.4925
-0.0665 1.5905 2.4925
-0.0665 1.5905 2.4925
-0.0665 1.5905 2.4925
-0.0665 1.5905 2.4925
1.6114 1.1217 3.7087
1.6117 1.1284 3.7165
1.1683 0.1324 2.1316
1.1683 0.1324 2.1316
1.6403 1.1057 3.6837
1.6230 1.1180 3.7361
1.6283 1.1112 3.7216
1.6283 1.1112 3.7216
1.6298 1.1128 3.7267
1.6254 1.1324 3.7529
1.6288 1.1265 3.7532
0.6237 1.6159 3.2291
0.6237 1.6159 3.2291
0.6237 1.6159 3.2291
0.6237 1.6159 3.2291
0.6134 1.6275 3.2336
0.6095 1.6341 3.2215
1.6316 0.7145 2.9340
1.6316 0.7145 2.9340
1.6306 1.6294 4.2535
1.6301 1.6304 4.2534
1.6301 1.6304 4.2534
1.6304 1.6305 4.2532
1.6304 1.6305 4.2532
1.6306 1.6307 4.2531
1.6306 1.6308 4.2530
1.6311 1.6314 4.2524
1.6311 1.6315 4.2524
1.6308 1.6318 4.2523
1.6308 1.6318 4.2523
1.6313 1.6317 4.2521
1.6313 1.6317 4.2521
1.6308 1.6320 4.2521
1.6308 1.6320 4.2521
1.6314 1.6319 4.2519
1.6314 1.6319 4.2519
1.6314 1.6319 4.2519
1.6310 1.6324 4.2517
1.6310 1.6324 4.2517
1.6324 1.6356 4.2464
1.6324 1.6356 4.2464
1.6374 1.6319 4.2434
1.6389 1.6324 4.2393
1.1267 1.0971 3.1569
-0.1495 1.0914 2.1377
1.1582 1.6012 3.5891
1.5833 0.5903 2.9053
1.5833 0.5903 2.9053
1.1242 1.6691 3.5435
1.6086 0.6542 3.1852
1.6086 0.6542 3.1852
1.1359 1.6235 3.7484
1.1359 1.6235 3.7484
1.1359 1.6235 3.7484
1.1359 1.6235 3.7484
1.1359 1.6235 3.7484
