1.4536 1.2160 0.7027
1.5391 1.2303 2.0277
1.1825 0.7831 1.5704
0.7858 1.6083 2.2311
1.1648 1.0028 2.0566
1.1703 1.2216 2.4125
1.5590 1.1961 2.8027
0.3381 1.5987 2.2096
1.0145 1.6300 2.8105
1.0455 1.5842 2.9465
1.1304 0.3363 1.8304
1.1281 0.7282 2.3245
1.6287 1.2143 3.1536
1.5628 1.6349 3.7311
1.1086 1.2051 2.7300
1.1971 1.6208 3.3573
1.0750 0.5471 2.1751
1.6229 1.5728 3.8685
1.1814 1.6048 3.4502
1.1892 1.6270 3.4494
1.6102 1.1919 3.3773
0.6697 1.1877 2.4045
1.6248 1.1924 3.4148
0.2535 1.6019 2.5238
1.6054 1.6075 4.1255
1.6068 1.6110 4.1509
1.6002 1.6288 4.1499
1.6068 1.6184 4.1779
1.6102 1.6157 4.1869
0.5807 1.5991 3.0085
1.6108 1.6165 4.1923
1.6117 1.6160 4.1948
1.6126 1.1783 3.5168
1.6123 1.6243 4.2161
1.6325 1.1810 3.5255
0.2110 1.5945 2.5784
1.6188 1.6267 4.2401
1.6184 1.6280 4.2397
1.6185 1.6279 4.2400
1.6194 1.6272 4.2419
1.6193 1.6277 4.2419
1.6194 1.6276 4.2422
1.6208 1.6266 4.2448
1.6187 1.6334 4.2380
1.6191 1.6350 4.2368
1.6216 1.6290 4.2470
1.6211 1.6307 4.2456
0.6448 1.5999 3.1461
1.6209 1.6338 4.2425
1.6236 1.6335 4.2476
1.1767 1.1265 3.0636
1.6247 1.6374 4.2423
1.6251 1.6388 4.2393
1.5698 0.7115 2.5380
1.1519 1.6181 3.6989
1.0916 1.6191 3.6112
1.1708 1.1182 3.0963
1.1652 1.1460 3.1256
1.1435 1.6181 3.7247
0.6985 1.0861 2.3804
1.1192 0.6601 2.7132
1.1357 1.6224 3.7469
1.1107 1.0784 2.9916
1.6138 1.0704 3.4260
1.1257 1.6258 3.7514
1.1184 0.6472 2.7368
1.1261 1.6287 3.7529
0.1495 1.5935 2.6126
0.1489 1.5935 2.6129
0.1470 1.5937 2.6138
-0.6223 -0.6578 2.2247
-0.6223 -0.6578 2.2247
-0.6227 -0.6582 2.2241
0.1464 1.5938 2.6140
0.1782 1.6017 2.6735
1.6308 1.1590 3.6812
1.6165 1.0789 3.5103
1.0911 1.1093 3.0812
1.6301 1.1530 3.7091
1.6080 1.1259 3.6975
1.6215 1.1372 3.7437
1.6281 1.1339 3.7537
1.6350 1.1365 3.7468
1.6232 1.1117 3.7190
1.6275 1.1279 3.7538
1.6322 1.1280 3.7527
1.6362 1.1108 3.7131
1.1244 0.2209 2.2035
0.6350 1.1390 2.7514
0.6350 1.1390 2.7514
1.5605 0.6421 2.7032
1.5605 0.6421 2.7032
1.5605 0.6421 2.7032
1.5605 0.6421 2.7032
0.2079 0.6497 1.7235
0.1843 1.1002 2.1825
0.1854 1.1083 2.2185
0.0377 1.0963 2.0429
0.6166 0.6503 2.2309
0.6166 0.6503 2.2309
