1.4220 0.9349 -0.8632
0.9870 0.8585 -0.0005
1.4681 1.0257 0.7525
1.4144 1.6022 1.2918
1.2153 0.9983 1.4917
1.1692 0.9583 1.5141
1.1521 0.7838 1.7631
1.5575 1.0224 2.3139
0.0757 1.0602 1.7890
1.5746 0.7605 2.1696
0.2460 1.0695 1.8320
-0.5801 -0.2272 1.5547
0.4565 1.5727 2.0075
1.2004 1.0571 2.3963
0.1221 0.1886 1.2535
1.6067 1.5444 3.3822
1.6208 1.5426 3.4056
-0.3858 0.6535 1.2298
0.5440 0.5861 1.8031
1.2288 0.1016 1.4213
1.6350 1.5654 3.7690
1.6337 1.5662 3.7813
1.6258 1.5680 3.8086
1.6266 1.1977 3.3584
1.5679 1.1211 3.3010
-0.6844 -0.6418 2.1302
-0.6844 -0.6418 2.1302
-0.6844 -0.6418 2.1302
0.5161 1.5771 2.4036
-0.2235 1.1063 2.1489
-0.6391 -0.6029 2.2088
1.6235 1.1793 3.5381
1.6524 1.6700 3.9657
1.6524 1.6700 3.9657
1.5993 1.6145 4.1165
1.6305 1.1718 3.6017
1.6459 1.6563 4.1193
0.1753 1.5899 2.5788
1.6087 1.6379 4.1912
1.6419 1.6477 4.1862
1.6419 1.6477 4.1862
1.6409 1.6461 4.1969
1.0914 0.5339 2.2162
1.6352 1.6369 4.2404
1.6342 1.6353 4.2449
1.6342 1.6353 4.2449
1.6342 1.6353 4.2449
1.6342 1.6353 4.2449
1.6342 1.6353 4.2449
1.6342 1.6353 4.2449
1.6342 1.6353 4.2449
1.6344 1.6351 4.2450
1.6352 1.6342 4.2450
1.6354 1.6340 4.2450
1.6354 1.6340 4.2450
1.6354 1.6340 4.2450
1.6262 1.6361 4.2462
1.6319 1.6337 4.2497
1.6319 1.6337 4.2497
1.6319 1.6337 4.2497
1.5657 0.6300 2.7796
1.5657 0.6300 2.7796
1.6207 1.1536 3.6982
1.6385 1.1573 3.6785
1.1615 1.0915 3.0374
1.5712 0.6374 2.8559
0.9850 1.6042 2.3657
1.6528 1.1461 3.6589
1.6300 1.1027 3.6864
1.6300 1.1027 3.6864
1.6298 1.1128 3.7267
1.6298 1.1128 3.7267
1.6298 1.1128 3.7267
1.6254 1.1324 3.7529
1.6277 1.1353 3.7525
1.6277 1.1353 3.7525
0.6386 0.6373 2.2590
1.6285 1.1255 3.7524
1.6084 0.6864 3.0656
1.1222 0.2923 1.9732
1.6029 0.6791 3.0695
1.5893 0.5529 2.7736
1.5893 0.5529 2.7736
1.1983 1.6407 3.3341
1.1084 1.1375 3.2080
1.1084 1.1375 3.2080
0.5579 1.6422 2.9751
0.5963 1.5945 3.0368
0.7095 1.6498 2.9165
0.7095 1.6498 2.9165
0.5700 1.6272 3.0658
0.7037 1.6287 3.0136
0.7028 1.6320 3.0189
0.7028 1.6320 3.0189
-0.2992 1.6184 2.4396
1.1331 1.6417 3.7328
1.1331 1.6417 3.7328
1.1331 1.6417 3.7328
1.1331 1.6417 3.7328
1.1331 1.6417 3.7328
