-0.4474 -0.3780 0.3478
-0.3628 -0.0707 0.6964
-0.8107 -0.5890 0.9695
1.3172 1.6223 1.6369
0.3932 0.6156 1.2284
-0.6846 0.7805 1.2094
0.8811 1.6305 1.7481
0.7950 1.1524 1.6588
-0.6988 0.2457 1.4328
0.0516 -0.5916 1.5715
0.7699 1.1671 1.8167
-0.6302 0.7396 1.7252
-0.8560 1.0964 1.1948
1.6209 1.2280 2.9543
1.2195 1.6634 2.9298
1.6580 0.4123 2.1495
1.6663 -0.4009 2.0671
-0.3520 1.0995 1.7058
1.6629 -0.4334 2.1558
1.6114 1.5551 3.5803
1.6177 1.5590 3.6633
-0.6000 0.6718 2.1295
1.6338 -0.4322 2.2987
1.6057 1.6865 3.7661
1.6057 1.6865 3.7661
1.6847 1.1799 3.1429
1.6065 1.6829 3.8203
1.6065 1.6827 3.8229
1.6886 1.6554 3.7132
1.6886 1.6554 3.7132
1.6628 0.5150 2.5753
1.6093 1.6685 4.0029
1.6093 1.6685 4.0029
1.0394 1.6538 3.0398
1.6100 1.6647 4.0434
1.6100 1.6647 4.0434
1.6100 1.6647 4.0434
1.6100 1.6647 4.0434
1.6146 1.6552 4.1378
1.6082 1.1769 3.5074
1.6082 1.1769 3.5074
1.6323 1.6183 4.2379
1.6323 1.6183 4.2379
1.6323 1.6183 4.2379
1.6323 1.6183 4.2379
1.6323 1.6183 4.2379
1.6448 0.2852 2.4717
1.6278 1.6277 4.2536
1.1467 1.5918 3.5593
1.1467 1.5918 3.5593
1.6386 0.5320 2.8230
1.6386 0.5320 2.8230
1.6774 0.2155 2.4175
1.1548 1.6597 3.5791
1.6587 1.1077 3.5935
1.6587 1.1077 3.5935
1.6327 1.0941 3.6379
1.6342 -0.9564 2.1249
1.6552 0.6915 3.0014
1.6552 0.6915 3.0014
1.6552 0.6915 3.0014
1.6552 0.6915 3.0014
1.1498 1.6266 3.7209
1.1498 1.6266 3.7209
1.6196 1.1112 3.7105
1.6196 1.1112 3.7105
1.6196 1.1112 3.7105
1.1156 1.1082 3.1916
0.6380 1.1272 2.7563
0.6380 1.1272 2.7563
1.1119 1.1284 3.2243
0.6244 1.1292 2.7520
1.6731 -0.2047 2.4869
1.6691 -0.6802 2.9419
1.6691 -0.6802 2.9419
1.6691 -0.6802 2.9419
1.6691 -0.6802 2.9419
1.6691 -0.6802 2.9419
1.6691 -0.6802 2.9419
1.6691 -0.6802 2.9419
0.6948 1.6218 3.0649
0.6948 1.6218 3.0649
0.5401 1.6393 2.8736
0.5401 1.6393 2.8736
1.6496 0.0716 2.6276
1.6496 0.0716 2.6276
0.6279 1.6418 3.2327
0.6279 1.6418 3.2327
0.6279 1.6418 3.2327
-0.6106 1.6572 3.1238
-0.6106 1.6572 3.1238
-0.6106 1.6572 3.1238
-0.6106 1.6572 3.1238
-0.6106 1.6572 3.1238
-0.6106 1.6572 3.1238
-0.6106 1.6572 3.1238
-0.6106 1.6572 3.1238
-0.6106 1.6572 3.1238
-0.6106 1.6572 3.1238
-0.6106 1.6572 3.1238
