1.2871 1.2620 0.2328
1.6492 1.4054 1.2691
1.4544 1.6516 1.7718
1.2690 1.5739 1.9612
-0.1681 -0.2730 1.0662
1.6988 1.2436 2.1179
1.6659 1.5104 2.6480
1.2454 1.6384 2.6868
1.2419 1.6235 2.7500
1.6305 1.2500 2.6273
1.0891 1.2359 2.1983
-0.0020 1.2121 1.5553
1.5442 1.6607 3.3107
1.6909 1.6991 3.1570
1.5498 1.6592 3.4162
1.6435 1.5519 3.5412
1.2008 1.6460 3.2846
0.4227 1.6583 2.1663
1.6827 1.6789 3.5688
1.5661 1.6300 3.7838
1.6771 1.6813 3.6079
1.1223 0.7387 2.2258
1.6384 1.5709 3.8362
1.6804 1.6418 3.8944
1.1683 1.6614 3.4896
1.1683 1.6614 3.4896
1.6760 1.6247 3.9681
1.6486 1.6694 3.9927
1.7049 1.1210 3.0346
0.4793 1.6638 2.3463
1.6657 1.6378 4.0696
1.6590 1.6444 4.1051
1.6551 1.1870 3.3832
1.6153 1.6482 4.1820
1.6524 1.6415 4.1619
1.6294 1.6453 4.2192
1.6324 1.6440 4.2228
1.6361 1.6380 4.2364
1.6357 1.6374 4.2385
1.6342 1.6353 4.2449
1.6342 1.6353 4.2449
1.6342 1.6353 4.2449
1.6342 1.6353 4.2449
1.6354 1.6340 4.2450
1.6319 1.6337 4.2497
1.1497 1.6444 3.6907
1.0868 1.6145 3.5645
1.0868 1.6145 3.5645
1.1734 1.1508 3.0535
1.1364 1.6452 3.7172
1.5955 1.1637 3.5157
1.1339 1.6190 3.7413
1.0937 1.6350 3.6323
1.0937 1.6350 3.6323
1.1331 1.6417 3.7328
1.1232 1.6362 3.7430
1.1206 1.6344 3.7419
1.1206 1.6344 3.7419
1.1583 0.6745 2.6067
-0.6844 -0.6418 2.1302
-0.6844 -0.6418 2.1302
-0.6844 -0.6418 2.1302
-0.6844 -0.6418 2.1302
1.1509 1.1503 3.1832
0.1422 1.6596 2.6437
1.6385 1.1573 3.6785
0.1581 1.1593 2.1977
0.7628 1.1574 1.9403
-0.1618 1.1849 2.0098
-0.1618 1.1849 2.0098
-0.1618 1.1849 2.0098
1.6528 1.1461 3.6589
1.1651 0.6242 2.6444
0.0818 1.6186 2.6834
1.6300 1.1027 3.6864
1.6231 1.1113 3.7173
1.6277 1.1353 3.7525
1.0878 1.1241 3.0951
1.6254 1.1324 3.7529
-0.6391 -0.6029 2.2088
-0.6391 -0.6029 2.2088
1.6298 1.1128 3.7267
1.6285 1.1255 3.7524
1.5721 0.6749 2.7842
1.1308 1.1355 3.2535
1.5658 0.5613 2.5431
-0.0014 1.6471 2.5840
-0.0014 1.6471 2.5840
1.0733 0.2980 1.6858
-0.0145 1.6436 2.6014
-0.0145 1.6436 2.6014
1.5657 0.6300 2.7796
1.5657 0.6300 2.7796
0.6895 1.5789 2.7971
0.6895 1.5789 2.7971
0.7028 1.6320 3.0189
1.6084 0.6864 3.0656
1.5893 0.5529 2.7736
1.5893 0.5529 2.7736
0.5579 1.6422 2.9751
