1.2779 1.4297 -0.5438
0.6355 0.8636 0.7753
1.5764 0.9316 1.5851
1.6213 1.2824 2.1125
0.1361 -0.2741 1.0529
1.5032 1.6054 2.6167
0.1959 0.2696 1.0573
1.2347 1.6204 2.8530
0.7178 1.0713 2.1192
1.6110 1.5456 3.4240
0.7129 0.0148 1.3232
0.5069 1.6017 2.5769
0.7350 1.6086 2.7125
1.6205 1.5573 3.6451
1.0595 1.1768 2.6563
1.6318 1.1977 3.3571
0.2430 1.5950 2.5041
1.5694 0.7169 2.4907
0.7102 1.6111 2.9276
-0.1566 0.5803 1.6354
0.5692 1.6028 2.9754
0.1851 1.1082 2.2184
1.6328 1.1808 3.5274
1.1970 1.6208 3.3580
1.5779 1.1217 3.4306
0.0374 1.0959 2.0406
1.6037 1.6067 4.1107
1.6059 1.6075 4.1284
1.6066 1.6086 4.1384
-0.1791 0.6559 1.7463
0.6054 0.2420 1.6114
1.6077 1.6101 4.1516
1.6009 1.6289 4.1547
0.6152 1.5971 3.1105
1.6069 1.6183 4.1782
1.6130 1.0695 3.4145
1.1765 1.1269 3.0649
0.6469 1.5987 3.1350
1.6070 1.6290 4.1932
0.6438 1.5999 3.1471
0.6394 1.6016 3.1618
1.6144 1.6267 4.2263
1.6088 1.0801 3.4883
1.1708 1.1183 3.0964
0.6363 1.6028 3.1707
1.6188 1.6267 4.2401
1.6184 1.6280 4.2397
0.6024 1.6096 3.1581
1.6195 1.6273 4.2423
1.6194 1.6276 4.2422
1.6208 1.6266 4.2448
0.6376 1.6044 3.1805
1.6212 1.6287 4.2463
1.6191 1.6350 4.2368
1.6209 1.6308 4.2452
1.6219 1.6292 4.2476
1.6207 1.6356 4.2395
1.6231 1.6345 4.2456
1.6236 1.6335 4.2476
1.6230 1.6364 4.2421
1.6030 1.0949 3.5597
1.6246 1.6369 4.2431
1.6247 1.6374 4.2423
0.1782 1.6017 2.6735
1.6251 1.6388 4.2393
0.1731 1.6001 2.6647
1.6308 1.1590 3.6812
0.1495 1.5935 2.6126
0.1464 1.5938 2.6140
0.6645 0.1079 1.6896
1.0911 1.1093 3.0812
1.6080 1.1259 3.6975
1.1191 0.6600 2.7132
1.6215 1.1372 3.7437
0.5823 0.6803 2.0232
1.6275 1.1279 3.7538
1.6295 1.1289 3.7544
1.6362 1.1108 3.7131
1.1165 0.6166 2.7234
1.1312 0.6342 2.7577
1.5605 0.6421 2.7032
1.5605 0.6421 2.7032
1.5605 0.6421 2.7032
1.5605 0.6421 2.7032
1.1244 0.2209 2.2035
1.1244 0.2209 2.2035
1.1244 0.2209 2.2035
-0.6229 -0.6596 2.2208
-0.6227 -0.6582 2.2241
-0.6227 -0.6582 2.2241
-0.6223 -0.6578 2.2247
1.1443 1.6181 3.7230
1.1474 1.6270 3.7288
1.1397 1.6176 3.7311
1.0901 1.6433 3.5873
1.1374 1.6213 3.7431
1.1332 1.6226 3.7491
1.1257 1.6258 3.7514
1.1067 1.6369 3.6961
1.1244 1.6298 3.7512
