-0.8751 0.9753 -0.1733
0.0464 0.8729 0.1530
0.0724 1.2896 0.4418
0.7695 0.2423 0.8372
0.2891 0.7348 1.0034
1.0184 0.2381 1.2686
1.5407 -0.8009 1.2754
0.4463 1.0689 1.5351
1.6228 1.3151 1.6629
0.6898 -0.0756 1.5348
-0.3782 -0.6973 1.0506
1.0937 0.0500 2.0398
0.1349 1.0721 1.9773
1.6388 0.9096 1.7892
0.2152 -0.5561 1.4513
1.6605 -0.3475 2.1711
0.5927 1.0909 2.5364
1.7056 -0.5940 2.4529
0.7454 1.6065 2.6067
0.2456 1.6687 2.4363
0.6380 1.1272 2.7563
0.6380 1.1272 2.7563
1.2359 1.6276 2.8442
1.6733 0.4248 2.0304
1.6342 -0.9564 2.1249
-0.6404 0.1626 1.7732
1.0243 1.6325 2.9331
1.0243 1.6325 2.9331
0.5401 1.6393 2.8736
-0.6131 -0.1928 1.7333
1.6691 -0.6802 2.9419
1.6691 -0.6802 2.9419
1.6691 -0.6802 2.9419
1.6691 -0.6802 2.9419
1.6691 -0.6802 2.9419
1.6691 -0.6802 2.9419
1.6731 -0.2047 2.4869
1.6496 0.0716 2.6276
0.1796 1.6358 2.7597
0.6948 1.6218 3.0649
0.0202 1.6466 2.5913
-0.0072 1.6467 2.5863
-0.6106 1.6572 3.1238
-0.6106 1.6572 3.1238
-0.6106 1.6572 3.1238
-0.6106 1.6572 3.1238
-0.6106 1.6572 3.1238
-0.6106 1.6572 3.1238
-0.6106 1.6572 3.1238
-0.6106 1.6572 3.1238
1.6548 -0.1306 2.6701
1.1982 1.6268 3.3529
1.5590 1.6864 3.2603
1.6284 -0.1404 2.7647
0.6279 1.6418 3.2327
0.6279 1.6418 3.2327
0.6279 1.6418 3.2327
1.6377 -0.6061 3.2060
-0.0954 1.6432 2.6892
1.1467 1.5918 3.5593
1.1467 1.5918 3.5593
1.1548 1.6597 3.5791
1.1046 1.1386 3.1904
1.1100 1.6560 3.6221
1.1498 1.6266 3.7209
1.1498 1.6266 3.7209
1.1156 1.1082 3.1916
1.1156 1.1082 3.1916
1.1119 1.1284 3.2243
1.5699 1.6170 3.8177
1.6293 1.5735 3.8817
1.6293 1.5735 3.8817
1.6760 1.1452 3.4521
1.6508 0.5218 2.7059
1.6587 1.1077 3.5935
1.6587 1.1077 3.5935
1.6587 1.1077 3.5935
1.6587 1.1077 3.5935
1.6327 1.0941 3.6379
1.6196 1.1112 3.7105
1.6196 1.1112 3.7105
1.6196 1.1112 3.7105
1.6196 1.1112 3.7105
1.6196 1.1112 3.7105
1.6196 1.1112 3.7105
1.6356 1.6608 4.1168
1.6356 1.6608 4.1168
1.6165 1.6361 4.2275
1.6323 1.6183 4.2379
1.6323 1.6183 4.2379
1.6323 1.6183 4.2379
1.6323 1.6183 4.2379
1.6323 1.6183 4.2379
1.6323 1.6183 4.2379
1.6323 1.6183 4.2379
1.6323 1.6183 4.2379
1.6278 1.6277 4.2536
1.6278 1.6277 4.2536
1.0795 -0.6400 2.5362
1.0795 -0.6400 2.5362
