0.9046 1.5173 0.4845
-0.2858 -0.4898 0.8129
1.5390 1.2300 2.0289
1.4959 1.6188 2.5369
0.7857 1.6083 2.2325
1.1499 1.5233 2.5328
1.6084 1.5214 2.9775
1.1394 0.3914 1.7377
0.6312 1.2274 1.9737
1.1703 1.2213 2.4163
1.0136 1.6179 2.7836
1.0145 1.6300 2.8101
0.7331 1.6071 2.7213
0.7319 1.6070 2.7315
1.1281 0.7281 2.3250
0.5196 1.6004 2.6509
1.1971 1.6208 3.3573
0.7100 1.6110 2.9281
1.1814 1.6048 3.4506
1.1085 1.2049 2.7313
0.2534 1.6019 2.5240
0.5683 1.6027 2.9701
1.5936 1.6318 4.0970
1.6054 1.6074 4.1251
1.6062 1.6102 4.1437
1.1191 0.6600 2.7132
1.6002 1.6286 4.1498
1.6068 1.6184 4.1778
1.1184 0.6472 2.7366
0.6463 1.5984 3.1333
1.6046 1.6298 4.1790
1.6107 1.6164 4.1919
1.6116 1.6160 4.1946
0.6447 1.5999 3.1462
1.6071 1.6292 4.1938
1.1312 0.6342 2.7577
1.6122 1.6243 4.2156
0.6389 1.6015 3.1613
1.6125 1.1782 3.5171
1.1687 1.0666 2.7891
1.6188 1.6267 4.2401
1.6184 1.6280 4.2397
1.6189 1.6268 4.2406
1.6194 1.6272 4.2419
1.6185 1.6293 4.2401
1.6194 1.6276 4.2422
1.6208 1.6266 4.2448
1.6187 1.6334 4.2380
1.6325 1.1810 3.5255
1.6191 1.6350 4.2368
1.6211 1.6307 4.2456
1.6219 1.6292 4.2476
1.6207 1.6356 4.2395
1.6236 1.6335 4.2476
1.0844 1.6324 3.5718
1.6239 1.6345 4.2466
1.6247 1.6374 4.2423
1.6251 1.6388 4.2393
1.0897 1.6431 3.5852
0.2079 0.6497 1.7235
1.1435 1.6181 3.7247
1.1472 1.6268 3.7293
1.1374 1.6213 3.7431
1.6138 1.0704 3.4260
0.1495 1.5935 2.6126
1.1067 1.6369 3.6961
0.1489 1.5935 2.6129
0.1782 1.6017 2.6735
1.1257 1.6258 3.7514
0.1470 1.5937 2.6138
0.1464 1.5938 2.6140
1.1244 1.6298 3.7512
1.1767 1.1265 3.0636
1.5605 0.6421 2.7032
1.5605 0.6421 2.7032
1.5605 0.6421 2.7032
1.5605 0.6421 2.7032
1.6308 1.1590 3.6812
0.6166 0.6503 2.2309
1.6301 1.1530 3.7091
1.1708 1.1182 3.0963
-0.6229 -0.6596 2.2208
-0.6227 -0.6582 2.2241
-0.6227 -0.6582 2.2241
-0.6223 -0.6578 2.2247
-0.6223 -0.6578 2.2247
1.6080 1.1259 3.6975
1.6148 1.1357 3.7268
1.1244 0.2209 2.2035
1.1244 0.2209 2.2035
1.6215 1.1372 3.7437
1.6350 1.1365 3.7468
1.6281 1.1339 3.7537
1.6275 1.1279 3.7538
1.6362 1.1108 3.7131
0.1854 1.1083 2.2185
1.0911 1.1093 3.0812
0.6350 1.1390 2.7514
0.6350 1.1390 2.7514
0.0377 1.0963 2.0429
