0.8558 1.4155 -1.0674
0.9824 1.4234 -0.3829
0.6977 1.4167 0.2001
1.3542 1.1143 0.7961
0.9501 1.5352 1.1007
0.5882 1.4860 1.2656
0.4895 0.7188 1.2099
0.7866 1.1672 1.6573
0.2102 0.2135 1.1954
0.6546 1.5226 2.0374
0.3534 1.5737 1.9168
-0.2507 -0.2271 1.0623
0.7785 1.6549 2.2668
0.3042 1.5837 2.1840
0.3643 1.6479 2.2193
0.6602 1.0523 2.2400
1.6196 1.0214 2.8869
1.6476 1.5197 2.9540
0.2952 1.6415 2.4473
0.6439 0.6282 2.2535
0.6439 0.6282 2.2535
1.2162 1.6141 3.1001
0.6809 1.1568 2.5852
0.6761 1.0940 2.5534
0.0829 1.6545 2.6138
0.0768 1.6529 2.6155
-0.0100 1.6188 2.6151
1.1504 1.5710 3.3152
-0.0255 1.6413 2.6151
-0.0255 1.6413 2.6151
-0.0255 1.6413 2.6151
-0.0255 1.6413 2.6151
-0.0255 1.6413 2.6151
0.5273 1.6295 2.8044
1.1310 0.2685 2.0660
0.6269 0.1810 1.7648
-0.7139 -0.6096 1.9111
1.6040 1.5472 3.4132
1.5815 0.7120 2.6779
1.6277 1.1507 3.7179
1.6299 1.1470 3.7303
-0.3778 0.6560 1.2293
1.6252 1.1419 3.7415
1.6396 1.1456 3.7195
1.6253 1.1380 3.7482
1.6231 1.1113 3.7173
1.6305 1.1384 3.7489
1.6277 1.1353 3.7525
1.6254 1.1324 3.7529
1.6253 1.1229 3.7478
1.0757 1.6236 3.4991
1.6298 1.1128 3.7267
1.6285 1.1255 3.7524
0.6215 1.6044 3.1720
1.0813 1.6324 3.5474
0.0558 0.7032 1.4263
1.5658 0.5613 2.5431
1.1683 1.6614 3.4896
0.6505 1.6458 3.2071
0.6505 1.6458 3.2071
1.1108 0.1998 2.2110
0.6242 1.6379 3.2407
1.0937 1.6350 3.6323
-0.6844 -0.6418 2.1302
-0.6844 -0.6418 2.1302
-0.6844 -0.6418 2.1302
1.1233 1.6139 3.7211
1.1215 0.1966 2.2427
1.1215 0.1966 2.2427
1.1215 0.1966 2.2427
1.1206 1.6344 3.7419
1.5657 0.6300 2.7796
1.5657 0.6300 2.7796
1.1232 1.6362 3.7430
1.1364 1.6452 3.7172
1.5893 0.5529 2.7736
1.5893 0.5529 2.7736
-0.5486 0.1783 1.4542
1.6493 1.5884 3.9963
1.6493 1.5884 3.9963
1.5662 0.2176 2.2443
1.5662 0.2176 2.2443
1.5662 0.2176 2.2443
1.6319 1.6337 4.2497
1.6319 1.6337 4.2497
1.6363 1.6319 4.2456
1.6354 1.6339 4.2451
1.6354 1.6339 4.2451
1.6354 1.6340 4.2450
1.6354 1.6340 4.2450
1.6342 1.6353 4.2449
1.6342 1.6353 4.2449
1.6342 1.6353 4.2449
1.6342 1.6353 4.2449
1.6508 1.6530 4.1165
1.6508 1.6530 4.1165
-0.1963 1.1636 2.1523
-0.1963 1.1636 2.1523
-0.1963 1.1636 2.1523
-0.1963 1.1636 2.1523
