0.5566 1.2990 0.6133
1.6402 1.4142 1.3646
1.2747 1.5632 1.7257
1.1373 0.9239 1.3690
1.2820 1.6148 2.0995
1.6412 1.2674 2.3326
1.2306 1.5602 2.3685
1.2093 1.0224 1.8752
1.5135 1.6296 2.8829
1.6291 1.2464 2.6837
1.2470 1.6430 2.6478
1.5237 1.6375 3.0636
1.5887 0.7971 1.9814
1.2371 1.6371 2.8174
1.1490 0.7722 1.8846
1.6362 1.0042 2.6736
1.6693 1.5683 3.6045
1.6791 1.1881 3.1399
1.6562 1.0203 2.7884
1.6916 1.0607 2.8660
1.5810 1.6276 3.9718
1.6493 1.5884 3.9963
1.6315 1.5904 4.0682
1.5908 1.6342 4.0698
1.5939 1.6284 4.1006
0.4356 1.5981 2.1924
0.4035 1.6580 2.1393
1.6753 1.1538 3.4303
0.5535 0.5118 1.4204
1.6212 1.6099 4.2005
1.6508 1.6530 4.1165
1.6508 1.6530 4.1165
1.6549 1.6342 4.1626
1.6466 1.6487 4.1623
1.6272 1.6288 4.2535
1.6363 1.6319 4.2456
1.6354 1.6339 4.2451
1.6354 1.6339 4.2451
1.6354 1.6340 4.2451
1.6354 1.6340 4.2450
1.6354 1.6340 4.2450
1.6319 1.6337 4.2497
1.6319 1.6337 4.2497
1.6342 1.6353 4.2449
1.6342 1.6353 4.2449
1.6342 1.6353 4.2449
1.6342 1.6353 4.2449
1.6342 1.6353 4.2449
1.6361 1.6380 4.2364
1.6385 1.1573 3.6785
1.1683 1.6614 3.4896
1.1683 1.6614 3.4896
1.6528 1.1461 3.6589
1.1734 1.1508 3.0535
1.6277 1.1353 3.7525
1.6254 1.1324 3.7529
1.6300 1.1027 3.6864
1.6285 1.1255 3.7524
1.6231 1.1113 3.7173
1.6298 1.1128 3.7267
1.0868 1.6145 3.5645
1.0868 1.6145 3.5645
1.0878 1.1241 3.0951
1.1364 1.6452 3.7172
1.1364 1.6452 3.7172
1.1339 1.6190 3.7413
1.1233 1.6139 3.7211
1.0937 1.6350 3.6323
1.0937 1.6350 3.6323
1.1355 1.6305 3.7522
1.1232 1.6362 3.7430
1.1206 1.6344 3.7419
1.1206 1.6344 3.7419
1.5658 0.5613 2.5431
1.5721 0.6749 2.7842
1.1308 1.1355 3.2535
0.2382 1.6420 2.6398
1.5657 0.6300 2.7796
1.5657 0.6300 2.7796
-0.6844 -0.6418 2.1302
-0.6844 -0.6418 2.1302
-0.6844 -0.6418 2.1302
-0.6844 -0.6418 2.1302
0.1851 1.6571 2.6592
0.1422 1.6596 2.6437
-0.6391 -0.6029 2.2088
-0.6391 -0.6029 2.2088
1.5893 0.5529 2.7736
1.6084 0.6864 3.0656
1.1651 0.6242 2.6444
1.1651 0.6242 2.6444
0.0818 1.6186 2.6834
-0.0014 1.6471 2.5840
-0.0014 1.6471 2.5840
0.1581 1.1593 2.1977
-0.0145 1.6436 2.6014
-0.0145 1.6436 2.6014
-0.1618 1.1849 2.0098
-0.1618 1.1849 2.0098
-0.1618 1.1849 2.0098
