0.9605 0.7859 0.2001
1.6056 1.4317 1.4752
1.6168 1.4570 1.8581
1.1424 1.4748 1.6558
1.6191 1.2780 2.1738
1.6176 1.2719 2.2650
0.1091 -0.0812 1.1761
0.4838 0.6147 1.5116
0.9631 1.6151 2.1723
1.5785 1.0138 2.4919
0.3161 1.5978 2.2717
1.5916 1.2155 2.9641
1.0316 1.1165 2.5096
0.5394 1.6005 2.7812
0.5402 1.6072 2.8291
0.7309 1.6101 2.7555
0.6166 0.6503 2.2309
0.5646 1.6038 2.9570
0.5675 1.6050 2.9805
0.5706 1.6063 3.0049
0.5735 1.6075 3.0268
0.1932 1.5942 2.6028
0.1839 1.5988 2.6490
0.6345 1.1383 2.7524
0.6443 1.1114 2.7208
0.1782 1.6017 2.6735
0.1514 1.5922 2.6021
0.1514 1.5922 2.6021
1.5587 0.6432 2.6741
1.5587 0.6428 2.6749
0.1470 1.5937 2.6138
1.1166 0.5619 2.5049
1.0707 1.1264 2.9573
1.5598 0.6419 2.6921
1.5605 0.6421 2.7032
0.6470 1.6089 3.1988
0.6259 1.6114 3.2137
1.1195 0.6540 2.7278
1.6086 1.6127 4.1681
1.6102 1.6157 4.1869
1.6116 1.6158 4.1937
1.6165 1.1005 3.6558
1.6080 1.1259 3.6975
1.6147 1.6234 4.2243
1.6152 1.6235 4.2262
1.6168 1.1047 3.6771
1.6156 1.6257 4.2300
1.6162 1.6253 4.2317
1.6167 1.6256 4.2334
1.6168 1.6261 4.2343
1.6174 1.6263 4.2360
1.6173 1.6266 4.2361
1.6181 1.6269 4.2384
1.6184 1.6279 4.2396
1.6183 1.6281 4.2393
1.6192 1.6272 4.2416
1.6194 1.6276 4.2422
1.6200 1.6272 4.2435
1.6191 1.6296 4.2416
1.6188 1.6302 4.2407
1.6200 1.6296 4.2437
1.6195 1.1347 3.7419
1.6215 1.6276 4.2466
1.6204 1.6301 4.2445
1.6187 1.6334 4.2380
1.6250 1.1050 3.6954
1.6208 1.6329 4.2434
1.6207 1.6349 4.2406
1.6232 1.1117 3.7190
1.6232 1.1117 3.7190
1.6232 1.1117 3.7190
1.6231 1.6335 4.2468
1.6240 1.6373 4.2415
1.6319 1.1341 3.7524
1.6268 1.1285 3.7538
1.6275 1.1279 3.7538
1.0666 1.6149 3.3935
0.1855 1.0994 2.1776
-0.6226 -0.6581 2.2243
-0.6224 -0.6579 2.2245
-0.6193 -0.6559 2.2248
-0.6215 -0.6567 2.2261
-0.6200 -0.6548 2.2281
1.0923 1.6191 3.6159
1.0923 1.6191 3.6159
1.1339 1.6085 3.7010
1.1152 1.6109 3.6925
1.1232 1.6116 3.7118
1.1364 1.6224 3.7463
1.1364 1.6224 3.7463
1.1066 1.6202 3.6945
1.1244 0.2209 2.2035
1.1244 0.2209 2.2035
1.1244 0.2209 2.2035
1.1244 0.2209 2.2035
1.1221 1.6172 3.7309
1.1220 1.6213 3.7408
0.0735 1.0972 2.0898
0.0735 1.0972 2.0898
0.0386 1.0970 2.0476
