1.4015 1.2050 0.3215
0.9659 0.2559 0.5800
0.8238 1.0760 1.2188
0.3595 0.1429 0.7865
1.1236 1.0060 2.1990
0.8078 1.6172 2.0731
1.1329 1.2009 2.8221
1.1264 1.0613 2.8658
1.0707 1.1264 2.9573
1.5917 1.1965 3.1997
1.1708 1.1182 3.0963
1.1291 1.1597 3.1787
1.0998 1.1287 3.1727
1.5846 1.0697 3.2062
1.1819 1.6038 3.4394
1.1897 1.6269 3.4439
0.6305 1.0985 2.6672
1.5925 1.1682 3.4617
0.4312 1.6069 2.2373
1.1825 1.6187 3.5007
0.6166 0.6503 2.2309
0.6172 0.6503 2.2321
0.6345 1.1383 2.7524
0.6431 0.6323 2.2562
0.6408 0.6287 2.2563
1.0750 0.5469 2.1738
1.1529 1.6119 3.6727
1.1441 1.6168 3.7195
1.1435 1.6181 3.7247
1.0923 1.6191 3.6159
1.6080 1.1259 3.6975
1.6165 1.1005 3.6558
1.1232 1.6116 3.7118
1.1152 1.6109 3.6925
1.6168 1.1047 3.6771
1.1364 1.6224 3.7463
1.1257 1.6166 3.7334
1.1244 1.6166 3.7320
1.6195 1.1347 3.7419
1.6250 1.1050 3.6954
1.6232 1.1117 3.7190
1.6066 1.6108 4.1489
1.1267 1.6280 3.7533
1.6319 1.1341 3.7524
1.6268 1.1285 3.7538
1.6362 1.1108 3.7132
1.6275 1.1279 3.7538
1.6086 1.6127 4.1681
1.6102 1.6157 4.1869
1.6116 1.6158 4.1937
0.1855 1.0994 2.1776
1.6117 1.6190 4.2039
0.1843 1.1002 2.1825
1.6128 1.6197 4.2100
1.6147 1.6234 4.2243
1.6161 1.6246 4.2306
1.6156 1.6257 4.2300
1.6187 1.6266 4.2398
1.6184 1.6279 4.2396
1.6192 1.6272 4.2416
1.6194 1.6276 4.2422
1.6191 1.6285 4.2417
1.6191 1.6303 4.2413
1.6200 1.6296 4.2437
1.6187 1.6334 4.2380
1.1192 0.6601 2.7132
1.6215 1.6276 4.2466
1.6191 1.6350 4.2368
1.6216 1.6290 4.2470
1.6207 1.6349 4.2406
1.6231 1.6335 4.2468
1.6240 1.6373 4.2415
1.1195 0.6540 2.7278
1.1197 0.5600 2.5003
0.0377 1.0963 2.0429
0.0386 1.0970 2.0476
0.1932 1.5942 2.6028
1.5586 0.6434 2.6736
1.5587 0.6428 2.6749
1.5587 0.6414 2.6764
0.1514 1.5922 2.6021
0.1514 1.5922 2.6021
0.1788 1.6010 2.6685
0.5646 1.6038 2.9570
1.5605 0.6421 2.7032
1.5605 0.6421 2.7032
1.5605 0.6421 2.7032
0.5661 1.6031 2.9607
0.1782 1.6017 2.6735
0.1470 1.5937 2.6138
-0.6226 -0.6581 2.2243
-0.6224 -0.6579 2.2245
-0.6224 -0.6579 2.2245
-0.6193 -0.6559 2.2248
0.5710 1.6052 3.0001
-0.6200 -0.6548 2.2281
0.6470 1.6089 3.1988
0.6259 1.6114 3.2137
0.6259 1.6114 3.2137
1.1244 0.2209 2.2035
