0.7734 1.3055 -0.0627
0.5278 1.3003 0.4120
1.6359 1.4213 1.4328
1.2756 1.0364 1.0547
1.6272 1.4656 2.0118
1.5623 1.2565 1.9993
1.6365 1.2723 2.2670
1.7669 1.1306 1.7547
0.9404 1.6206 1.9780
1.0060 0.7115 1.4068
1.4985 0.5516 1.3045
1.6417 1.2437 2.7039
1.1294 0.7915 1.7332
1.7069 1.6319 3.5061
-0.3608 0.7069 1.0095
1.6964 1.6207 3.6763
0.4304 1.6041 2.2190
1.0670 1.5612 2.8812
0.4859 1.0940 1.9266
0.4737 1.6020 2.3820
1.6234 1.6747 3.9816
1.6418 1.2008 3.3009
0.3037 1.1397 1.9305
1.6257 1.6622 4.1096
1.6562 1.6427 4.1332
1.6267 1.6120 4.2167
1.6257 1.6166 4.2332
1.6126 1.6296 4.2200
1.6245 1.6205 4.2423
1.6247 1.6209 4.2434
1.6272 1.6210 4.2456
1.6302 1.6205 4.2447
1.6290 1.6217 4.2472
1.6258 1.6238 4.2493
1.6265 1.6240 4.2501
1.6267 1.6252 4.2516
1.6278 1.6267 4.2531
1.6299 1.6260 4.2527
1.6255 1.6278 4.2523
1.0852 1.5634 3.0705
1.0852 1.5634 3.0705
1.6293 1.6274 4.2536
1.6291 1.6289 4.2539
1.6294 1.6290 4.2539
1.6300 1.6299 4.2536
1.6304 1.6305 4.2532
1.6312 1.6315 4.2523
1.6308 1.6318 4.2523
1.6308 1.6320 4.2521
1.6314 1.6319 4.2519
1.6314 1.6319 4.2519
1.6314 1.6319 4.2519
1.6389 1.6324 4.2393
1.6324 1.6356 4.2464
0.6090 1.5691 2.7945
0.5950 1.5783 2.8672
0.2609 1.1130 2.0649
0.6181 1.5930 3.0817
0.6560 1.5997 3.1261
0.1443 0.7132 1.4583
0.2234 1.1189 2.1889
0.6237 1.6159 3.2291
0.6237 1.6159 3.2291
0.6237 1.6159 3.2291
0.6237 1.6159 3.2291
0.6237 1.6159 3.2291
0.6237 1.6159 3.2291
0.6237 1.6159 3.2291
0.6776 0.6854 2.0324
-0.0907 1.5497 1.9893
-0.0907 1.5497 1.9893
0.0592 1.1532 2.1217
0.0592 1.1532 2.1217
1.1232 1.5963 3.6166
1.6104 1.0993 3.6259
1.6117 1.1284 3.7165
1.6117 1.1284 3.7165
1.6254 1.1324 3.7529
1.6230 1.1180 3.7361
1.6403 1.1057 3.6837
1.6283 1.1112 3.7216
1.6298 1.1128 3.7267
1.1359 1.6235 3.7484
1.1359 1.6235 3.7484
0.1107 1.5684 2.2970
0.9965 -0.6492 1.5759
0.6508 1.1206 2.7357
0.7080 -0.6934 1.8095
0.7080 -0.6934 1.8095
0.7080 -0.6934 1.8095
1.7137 0.6840 2.2582
1.7137 0.6840 2.2582
0.6493 0.5742 2.0807
1.5651 0.5230 2.2908
1.5651 0.5230 2.2908
-0.0665 1.5905 2.4925
-0.0665 1.5905 2.4925
-0.6170 -0.1039 1.7142
-0.6170 -0.1039 1.7142
-0.6170 -0.1039 1.7142
