1.2484 0.3413 0.7145
1.4713 1.6305 2.1069
1.2624 1.5925 2.2651
-0.0134 0.1528 1.1458
1.2437 1.6236 2.7225
1.1187 1.2201 2.5633
0.1732 -0.0568 1.1795
0.7661 1.6095 2.4255
1.2072 1.6188 3.2326
1.6102 1.6157 4.1869
1.6126 1.6183 4.2058
1.6133 1.6199 4.2124
1.6167 1.1793 3.5235
1.6157 1.6233 4.2277
1.6160 1.6242 4.2296
1.6156 1.6257 4.2300
1.6165 1.6263 4.2332
1.6169 1.6269 4.2349
1.6172 1.6279 4.2364
1.6181 1.6269 4.2384
1.6178 1.6277 4.2379
1.6185 1.6271 4.2395
1.6183 1.6281 4.2393
1.6184 1.6279 4.2396
1.6190 1.6274 4.2412
1.6194 1.6276 4.2422
1.6191 1.6288 4.2417
1.6197 1.6304 4.2427
1.6200 1.6296 4.2437
1.6194 1.6323 4.2409
1.6200 1.6315 4.2428
1.6215 1.6276 4.2466
1.6207 1.6305 4.2450
1.6208 1.6329 4.2434
1.6207 1.6349 4.2406
1.6227 1.6324 4.2473
1.6226 1.6350 4.2441
1.0425 1.6134 3.1271
1.0718 1.1152 2.9480
-0.1242 0.5969 1.6842
0.7266 1.6083 2.7836
0.5148 1.6031 2.6383
1.1214 1.5802 3.4569
0.0735 1.0972 2.0898
1.0666 1.6149 3.3935
1.1385 1.1082 3.2057
0.5291 1.6033 2.7330
1.6080 1.1259 3.6975
1.6165 1.1005 3.6558
1.1196 1.1407 3.2356
1.1312 1.1093 3.2155
1.1128 1.1120 3.1970
1.1202 1.1109 3.2117
1.6195 1.1347 3.7419
1.6208 1.1077 3.7001
1.1162 1.1173 3.2213
1.6250 1.1050 3.6954
1.6232 1.1117 3.7190
1.6244 1.1163 3.7340
1.6268 1.1285 3.7538
1.5587 0.6432 2.6741
1.6263 1.1232 3.7490
1.6275 1.1279 3.7538
1.5587 0.6428 2.6749
0.1855 1.0994 2.1776
1.0919 1.6083 3.5718
1.5598 0.6419 2.6921
1.5598 0.6419 2.6921
1.0923 1.6191 3.6159
0.5504 1.6036 2.8718
1.0947 1.6202 3.6336
1.1195 0.6540 2.7278
1.0994 1.6196 3.6590
1.1244 0.2209 2.2035
1.1244 0.2209 2.2035
1.1059 1.6201 3.6911
1.1066 1.6202 3.6945
1.1164 1.6192 3.7247
1.1220 1.6213 3.7408
1.1156 1.6208 3.7264
1.1221 0.6200 2.7401
0.5646 1.6038 2.9570
-0.6226 -0.6581 2.2243
-0.6224 -0.6579 2.2245
-0.6193 -0.6559 2.2248
-0.6215 -0.6567 2.2261
-0.6200 -0.6548 2.2281
0.6166 0.6503 2.2309
0.6166 0.6503 2.2309
0.1932 1.5942 2.6028
0.6359 1.1497 2.7248
0.6359 1.1497 2.7248
0.6345 1.1383 2.7524
0.1839 1.5988 2.6490
0.1514 1.5922 2.6021
0.1782 1.6017 2.6735
0.1470 1.5937 2.6138
0.6069 1.6070 3.1572
0.6069 1.6070 3.1572
0.6470 1.6089 3.1988
