0.7039 1.4353 0.3424
1.5172 1.5261 1.8164
0.4749 0.6914 1.3170
1.5083 0.1913 1.2858
0.9961 1.1912 1.7540
-0.1916 1.0267 1.4669
-0.0779 -0.1709 1.2078
0.6656 0.1447 1.7212
0.4488 1.5815 2.0818
0.7021 0.6680 1.9702
1.1357 0.2854 2.0025
1.5351 1.1096 2.7449
-0.6285 -0.2761 1.5390
1.6035 1.5549 3.5348
-0.0157 1.5713 2.2305
1.5538 1.6293 3.5998
-0.0535 1.0726 1.8815
1.5660 1.0693 2.9734
1.1683 0.1324 2.1316
-0.1101 1.5671 2.2779
0.6619 1.5568 2.6118
1.1114 0.1782 2.2352
1.5854 1.6019 3.9283
-0.0145 1.1326 2.1301
-0.0665 1.5905 2.4925
-0.0665 1.5905 2.4925
-0.0665 1.5905 2.4925
1.6316 0.7145 2.9340
1.6304 1.5902 4.0669
1.6306 1.5928 4.0905
1.5922 1.6336 4.0830
1.6306 1.6308 4.2530
1.6306 1.6307 4.2531
1.6307 1.6309 4.2530
1.6304 1.6305 4.2532
1.6301 1.6304 4.2534
1.6301 1.6304 4.2534
1.6308 1.6318 4.2523
1.6308 1.6318 4.2523
1.6311 1.6314 4.2524
1.6308 1.6320 4.2522
1.6308 1.6320 4.2521
1.6313 1.6317 4.2521
1.6313 1.6317 4.2521
1.6313 1.6319 4.2520
1.6314 1.6319 4.2519
1.6314 1.6319 4.2519
1.6314 1.6319 4.2519
1.6310 1.6324 4.2517
1.6306 1.6294 4.2535
1.6324 1.6356 4.2464
1.6369 1.6319 4.2444
1.6374 1.6319 4.2434
1.6389 1.6324 4.2393
1.5833 0.5903 2.9053
1.5833 0.5903 2.9053
1.5924 1.1515 3.5490
0.7000 1.6170 3.0206
1.6249 1.0718 3.4657
1.5877 1.1298 3.5437
1.5867 0.6297 3.0348
1.1733 1.5848 3.3503
1.6236 1.1569 3.6886
1.0415 1.6192 3.1338
1.6285 1.1505 3.7189
1.6086 0.6542 3.1852
1.6086 0.6542 3.1852
1.6114 1.1217 3.7087
1.6117 1.1284 3.7165
1.6396 1.1456 3.7195
1.6403 1.1057 3.6837
1.6283 1.1112 3.7216
1.6283 1.1112 3.7216
1.6230 1.1180 3.7361
1.6298 1.1128 3.7267
1.6254 1.1324 3.7529
1.6288 1.1265 3.7532
0.6237 1.6159 3.2291
0.6237 1.6159 3.2291
0.6237 1.6159 3.2291
0.6237 1.6159 3.2291
0.6226 1.6173 3.2321
0.6134 1.6275 3.2336
0.6095 1.6341 3.2215
0.6106 1.6327 3.2257
1.1644 1.0998 3.0694
1.1625 1.6662 3.4835
1.1582 1.6012 3.5891
1.1469 1.5936 3.5745
1.1242 1.6691 3.5435
1.1267 1.0971 3.1569
1.1267 1.0971 3.1569
1.1359 1.6235 3.7484
1.1359 1.6235 3.7484
1.1359 1.6235 3.7484
1.1359 1.6235 3.7484
1.1359 1.6235 3.7484
1.1359 1.6235 3.7484
1.1359 1.6235 3.7484
-0.6764 -0.5916 2.0802
