1.4011 1.3179 -1.3200
1.3690 0.9446 -0.9708
1.7624 1.8299 -0.8187
0.4706 1.3804 -0.5470
0.8227 1.2974 -0.3784
0.9520 1.2919 -0.1894
0.8962 1.2628 -0.0670
1.3351 1.7362 0.1288
1.7201 1.9332 0.1912
1.1523 1.8369 0.4548
0.5045 0.9367 0.3593
0.9676 0.4861 0.5328
0.9299 1.0524 0.9270
1.5066 1.0100 1.2523
1.3246 1.6157 1.5366
0.8844 1.6246 1.7463
0.9361 1.6375 1.9439
0.9456 1.6311 2.0292
0.8093 1.6349 2.0731
0.6529 1.7384 1.8659
1.1668 1.2372 2.2066
1.5264 1.6971 2.5435
1.7125 1.0704 2.6058
1.7365 1.6508 2.8579
1.5892 1.0437 2.9763
1.1905 1.0861 2.7686
1.6166 1.2109 3.1787
1.0712 1.0763 2.7159
1.5393 1.6413 3.3373
1.1135 1.5919 3.5586
1.1306 1.5890 3.5570
1.5868 1.0825 3.3387
1.1382 1.6013 3.6533
1.1050 1.6402 3.6806
1.1073 1.6403 3.6903
1.1113 1.6309 3.7214
1.1461 1.6189 3.7202
1.1140 1.6309 3.7298
1.1499 1.6247 3.7189
0.6467 1.5987 3.1347
1.1217 1.6338 3.7446
1.1218 1.6335 3.7451
1.1419 1.6381 3.7322
1.6296 1.0691 3.4426
1.5876 1.1133 3.5168
0.6512 1.6394 3.2287
0.6298 1.6504 3.1959
1.6324 1.0799 3.5364
0.6329 1.6371 3.2479
0.6329 1.6371 3.2479
1.6477 1.0889 3.5596
1.1007 1.0990 3.0906
1.6297 1.0875 3.5960
1.6412 1.0915 3.6034
0.6143 1.6367 3.2278
0.3092 1.0935 1.7995
1.6300 1.0961 3.6513
0.7082 0.5453 1.6491
1.1336 1.1386 3.2491
0.2578 1.6852 2.1999
1.6117 1.1284 3.7165
1.6283 1.1112 3.7216
1.6302 1.1114 3.7218
1.6302 1.1114 3.7218
1.6230 1.1180 3.7361
1.1107 0.2627 2.0512
0.6703 1.1031 2.6261
1.0943 0.0613 2.0566
1.0622 -0.1352 1.8826
1.0839 -0.0665 1.9916
0.6377 1.0856 2.5850
1.6000 1.6016 4.0540
1.6136 1.6006 4.1231
1.1003 0.1349 2.1816
0.5326 0.6048 1.7977
0.5326 0.6048 1.7977
1.6314 1.6135 4.2226
1.6328 1.6371 4.2432
1.6308 1.6320 4.2521
1.6308 1.6318 4.2523
1.6314 1.6319 4.2519
1.1535 0.6767 2.6191
1.1068 0.6798 2.6028
1.6972 0.1836 2.1815
1.6972 0.1836 2.1815
1.6995 0.1522 2.1516
1.5623 0.1724 2.2453
1.5623 0.1724 2.2453
1.6239 0.6432 3.2502
1.6239 0.6432 3.2502
-0.2651 1.5781 2.2618
0.1504 1.6172 2.7522
0.1504 1.6172 2.7522
1.6213 0.5970 3.1801
1.6213 0.5970 3.1801
-0.1154 1.6139 2.7128
-0.1154 1.6139 2.7128
-0.1154 1.6139 2.7128
-0.1154 1.6139 2.7128
-0.1154 1.6139 2.7128
