1.0316 0.8550 0.5703
1.3307 1.6369 1.4886
0.4867 0.7263 1.1326
0.9685 1.5983 2.1358
1.5913 0.8323 1.7354
0.4378 0.6444 1.3171
0.1013 0.2249 1.1665
1.5776 1.2304 2.6062
1.2175 1.6026 3.0234
0.7432 1.6185 2.6770
0.7219 1.0674 2.0491
0.5626 1.0446 1.9538
1.5581 1.0479 2.6332
1.1916 1.5939 3.2721
1.5781 1.0333 2.7310
1.5421 1.1058 2.8517
1.1839 1.6535 3.4225
1.0893 1.5987 3.4939
0.6713 1.5978 3.0665
1.0844 1.6135 3.5432
0.5527 1.6104 2.9231
1.5850 1.0547 3.0583
1.5544 1.1292 3.1092
1.0968 1.6572 3.5520
0.2458 1.5895 2.4472
1.1568 1.6362 3.6858
1.1046 1.6140 3.6673
1.1512 1.6264 3.7154
0.6068 1.6000 3.1123
0.5884 1.6055 3.0845
1.1341 1.6148 3.7281
0.6380 1.6049 3.1832
1.1292 1.6357 3.7486
1.1261 1.6387 3.7405
0.6387 1.6149 3.2312
0.5740 0.6050 2.0460
-0.6270 -0.6875 2.1130
-0.6297 -0.6861 2.1225
1.2081 0.6730 2.1611
1.1071 1.1608 3.1249
0.6183 1.1004 2.6643
-0.6225 -0.6605 2.2181
-0.6223 -0.6593 2.2210
-0.6220 -0.6576 2.2249
1.1655 1.1182 3.1317
1.6002 1.1012 3.5751
1.6143 1.6011 4.1293
0.1763 1.6004 2.6651
0.1763 1.6004 2.6651
0.1763 1.6004 2.6651
1.6043 1.6180 4.1619
1.6043 1.6180 4.1619
1.1085 1.1038 3.1498
1.6099 1.6214 4.2007
0.1391 1.5927 2.6001
0.1391 1.5927 2.6001
1.6125 1.6212 4.2121
1.6129 1.6214 4.2141
0.0368 1.0926 2.0196
0.0368 1.0926 2.0196
0.0368 1.0926 2.0196
1.6192 1.1563 3.6832
1.6146 1.6243 4.2252
1.6169 1.6257 4.2342
1.6179 1.6264 4.2377
1.6191 1.6243 4.2391
1.6191 1.6243 4.2391
1.6180 1.6464 4.1991
1.6187 1.6270 4.2401
1.6063 1.1321 3.6899
1.6199 1.6267 4.2428
1.6199 1.6267 4.2428
1.6208 1.6251 4.2437
1.6208 1.6251 4.2437
1.6212 1.6245 4.2439
1.6202 1.6278 4.2441
1.6202 1.6278 4.2441
1.6220 1.6224 4.2423
1.6189 1.6388 4.2284
1.6193 1.6353 4.2368
1.6251 1.6388 4.2393
1.6251 1.6388 4.2393
1.6251 1.6388 4.2393
1.6251 1.6388 4.2393
1.5605 0.6421 2.7032
1.5605 0.6421 2.7032
1.5605 0.6421 2.7032
1.5605 0.6421 2.7032
1.6399 1.1073 3.6915
1.6362 1.1100 3.7103
1.6362 1.1100 3.7103
1.6362 1.1100 3.7103
1.6262 1.1375 3.7495
1.6293 1.1288 3.7544
1.1210 0.7076 2.4786
1.1501 0.2826 1.9807
1.1501 0.2826 1.9807
1.1269 0.2330 2.1760
1.1269 0.2330 2.1760
1.1269 0.2330 2.1760
