1.8787 0.9375 -1.5399
1.8230 0.4109 -0.8166
1.8335 0.6722 -0.0329
1.7794 0.7685 0.1812
1.7382 1.9693 0.5174
1.5921 1.8384 0.8115
1.0716 1.7987 0.8054
1.3879 1.6536 1.1783
1.7801 1.6930 1.4546
1.6943 0.9238 1.3362
1.5257 1.2246 1.8678
0.9870 1.6069 2.4056
1.6968 1.5697 3.2573
-0.5714 1.0591 2.1628
0.2516 0.6086 1.5906
0.2306 0.5926 1.5998
1.6094 1.5792 3.9037
-0.4491 1.6925 1.8505
1.6211 1.5918 4.0746
1.1532 -0.6018 2.6581
0.6742 1.6182 3.1615
0.6716 1.6178 3.1709
1.6023 1.6184 4.1507
1.1459 -0.6092 2.7040
1.1458 -0.6363 2.7368
1.1458 -0.6363 2.7368
1.1458 -0.6363 2.7368
1.1458 -0.6363 2.7368
1.1458 -0.6363 2.7368
1.6074 1.6386 4.1832
1.6166 1.6136 4.2045
1.0940 1.0833 2.9504
0.6543 1.6418 3.2159
0.6539 1.6418 3.2167
1.6166 1.6276 4.2345
0.6591 1.6263 3.2255
1.6339 1.6385 4.2387
1.6338 1.6384 4.2390
1.6205 1.6264 4.2441
1.6218 1.6252 4.2456
1.6327 1.6238 4.2487
0.6577 1.6218 3.2233
1.6284 1.6264 4.2530
1.6284 1.6264 4.2530
1.6306 1.6318 4.2524
1.6305 1.6317 4.2525
1.0823 1.1016 2.9847
-0.6120 1.1158 2.7123
-0.6091 1.1390 2.7185
0.6439 1.6332 3.2503
0.6443 1.6264 3.2516
0.6283 1.6418 3.2330
1.6750 1.0777 3.2478
0.6279 1.6418 3.2327
0.6378 1.6325 3.2548
1.1764 1.1397 3.0594
-0.6477 1.1422 2.7372
-0.6477 1.1422 2.7372
0.6189 1.6420 3.2219
1.0920 1.1518 3.0867
0.6194 1.6237 3.2413
1.0932 1.1100 3.0976
1.0912 1.1303 3.1222
1.6801 0.6040 2.8767
1.1156 1.1082 3.1916
1.1492 1.1122 3.1942
1.1493 1.1393 3.2171
1.6619 1.1608 3.5320
1.1184 1.1194 3.2312
1.1317 1.1390 3.2491
1.6590 1.0863 3.4700
1.6680 -0.2910 2.2868
1.1100 1.6560 3.6221
1.1561 1.6295 3.6960
-0.1222 1.6817 2.3953
1.1508 1.6196 3.7069
1.1498 1.6266 3.7209
1.1081 1.6302 3.7099
1.1401 1.6357 3.7406
1.1190 1.6273 3.7424
1.5940 0.1429 2.6142
1.1286 1.6326 3.7526
1.6925 -0.5539 2.4661
1.6202 0.1386 2.7538
1.6206 0.1191 2.7370
1.6233 0.1428 2.7621
0.0387 1.6492 2.5918
0.0477 1.6490 2.6012
-0.0956 1.6578 2.6081
0.0668 1.6493 2.6226
-0.5777 1.7058 2.3776
0.0922 1.6466 2.6706
1.6923 -0.5830 2.6264
1.6923 -0.5830 2.6264
1.6923 -0.5830 2.6264
0.1134 1.1744 2.0676
0.1284 1.1740 2.0863
-0.5419 1.6796 2.5718
1.6566 -0.5567 2.8919
1.6566 -0.5567 2.8919
