-0.8577 0.5750 0.6279
-0.7498 0.2090 1.1046
-0.1167 1.5248 1.5829
-0.5377 -0.6041 1.8286
1.5647 -0.1117 2.2466
1.5760 -0.5589 2.6642
-0.5207 1.0884 2.1094
1.5702 -0.5826 2.7138
1.5954 -0.1312 2.6172
1.6204 -0.5500 2.9409
-0.1477 -0.6414 1.7696
-0.5655 1.6565 2.9428
1.6305 0.7816 2.3244
-0.5580 1.6446 2.9668
1.6284 -0.1404 2.7647
-0.6015 -0.6348 2.2055
-0.5878 1.5945 3.0031
1.6351 0.4521 2.3660
1.6375 -0.5719 3.0665
-0.5935 1.6570 3.0724
1.6215 0.4694 2.4437
-0.6106 1.6572 3.1238
-0.6106 1.6572 3.1238
-0.6106 1.6572 3.1238
-0.6106 1.6572 3.1238
-0.6182 1.5932 3.0837
1.6372 -0.5865 3.1373
1.6025 -0.6045 3.1235
1.6110 -0.6044 3.1704
1.0607 1.6313 3.3586
1.6377 -0.6061 3.2060
1.6377 -0.6061 3.2060
1.6377 -0.6061 3.2060
1.6377 -0.6061 3.2060
1.6377 -0.6061 3.2060
1.0859 1.5910 3.4053
-0.6170 1.6288 3.2409
0.2857 1.1733 1.8402
1.0985 1.5957 3.5267
0.0216 1.6494 2.5785
1.0823 1.1016 2.9847
1.1625 1.5986 3.5474
0.0387 1.6492 2.5918
1.0920 1.1518 3.0867
1.1764 1.1397 3.0594
-0.6477 1.1422 2.7372
1.6206 0.1191 2.7370
1.1548 1.6597 3.5791
1.1548 1.6597 3.5791
0.0668 1.6493 2.6226
1.0932 1.1100 3.0976
1.1100 1.6560 3.6221
1.1100 1.6560 3.6221
1.6202 0.1386 2.7538
1.6039 0.7211 2.8041
0.5987 1.5759 2.8515
1.1046 1.1386 3.1904
1.1081 1.6302 3.7099
1.1545 1.6295 3.7031
1.1099 1.6391 3.7033
1.1498 1.6266 3.7209
1.1190 1.6273 3.7424
1.1156 1.1082 3.1916
1.1401 1.6357 3.7406
1.1119 1.1284 3.2243
1.6349 0.5600 3.0058
1.6349 0.5600 3.0058
1.6348 0.5658 3.0391
0.6543 1.6418 3.2159
0.6542 1.6170 3.2194
1.6303 0.6963 3.0618
1.6303 0.6963 3.0618
0.6404 1.6286 3.2554
0.6279 1.6418 3.2327
0.6279 1.6418 3.2327
0.6279 1.6418 3.2327
0.6279 1.6418 3.2327
0.6279 1.6418 3.2327
1.6221 0.5880 3.1469
1.6305 0.6621 3.2181
1.6305 0.6621 3.2181
1.5719 1.5838 3.6112
1.6309 1.5765 3.9185
1.6341 1.5815 3.9749
1.6341 1.5815 3.9749
1.6074 1.6386 4.1832
1.6074 1.6386 4.1832
1.6166 1.6136 4.2045
1.6166 1.6136 4.2045
1.6284 1.6264 4.2530
1.6284 1.6264 4.2530
1.6284 1.6264 4.2530
1.6278 1.6277 4.2536
1.6278 1.6277 4.2536
1.6303 1.6225 4.2484
1.6303 1.6225 4.2484
1.6340 1.6406 4.2328
1.6340 1.6406 4.2328
1.6339 1.6385 4.2387
1.6339 1.6385 4.2387
