1.3861 1.3671 -1.7329
1.3243 1.4376 -1.0806
1.0061 1.8303 -0.4712
1.3152 1.2699 -0.2748
1.9474 0.7038 0.1898
1.7361 1.4592 0.5849
1.3708 1.1249 0.7561
1.3944 1.6197 1.2630
1.7610 1.2167 1.2513
1.9663 0.6789 0.7210
1.2336 1.5092 1.4271
0.8094 0.6794 0.9768
0.3604 -0.0823 0.7164
0.2806 1.2552 0.8122
1.7605 0.6688 1.3376
1.6965 0.7856 1.7171
0.4004 1.2157 1.1272
0.6282 0.9827 1.4160
1.6401 1.2305 2.9097
1.5544 1.1751 2.9314
0.3762 0.6889 1.1023
1.5389 1.6450 3.3155
1.1569 1.5519 3.0069
1.0252 0.6816 1.8354
1.6786 1.1648 3.3340
1.0444 0.6963 1.9873
1.2021 1.1271 2.8069
1.0553 1.6315 3.3013
1.6274 1.5910 4.0749
1.6274 1.5910 4.0749
1.6565 1.1117 3.6246
1.6563 1.1162 3.6392
1.1230 1.6791 3.4281
1.6544 1.1129 3.6432
1.6542 1.1158 3.6524
1.6499 1.1127 3.6689
1.6479 1.1125 3.6788
1.6348 1.1119 3.7194
1.6327 1.1115 3.7207
1.6327 1.1115 3.7207
1.6302 1.1114 3.7218
1.6283 1.1112 3.7216
1.6678 0.3605 2.0776
1.0846 1.6315 3.5741
1.6231 1.6586 4.1356
1.6426 1.6580 4.1197
1.6426 1.6580 4.1197
1.1100 1.6560 3.6221
1.6327 1.6238 4.2487
1.6327 1.6238 4.2487
1.6313 1.6314 4.2524
1.6313 1.6314 4.2524
1.6306 1.6318 4.2524
1.6306 1.6318 4.2524
1.6306 1.6318 4.2524
1.6308 1.6318 4.2523
1.6308 1.6318 4.2523
1.6314 1.6319 4.2519
1.6314 1.6319 4.2519
1.6378 1.6468 4.2021
1.6355 1.6449 4.2148
1.6361 1.6426 4.2227
-0.1026 0.5378 1.3444
1.1140 1.6309 3.7298
1.1217 1.6338 3.7446
1.1217 1.6338 3.7446
1.1219 1.6334 3.7452
1.1225 1.6322 3.7475
1.1259 1.6341 3.7492
0.6996 1.5874 2.8270
1.1777 1.1345 3.0553
1.1777 1.1345 3.0553
0.6861 1.6224 3.1150
1.1068 0.6798 2.6028
1.1068 0.6798 2.6028
0.6465 1.5897 3.0590
0.6377 1.0856 2.5850
1.6995 0.1522 2.1516
1.6995 0.1522 2.1516
1.6995 0.1522 2.1516
0.6329 1.6371 3.2479
0.6329 1.6371 3.2479
0.6329 1.6371 3.2479
-0.6392 -0.5940 2.1787
-0.6392 -0.5940 2.1787
-0.6392 -0.5940 2.1787
-0.6392 -0.5940 2.1787
-0.6392 -0.5940 2.1787
1.6245 0.6454 3.2488
1.6239 0.6432 3.2502
1.6239 0.6432 3.2502
1.6213 0.5970 3.1801
1.6213 0.5970 3.1801
-0.3140 1.5931 2.2409
-0.3140 1.5931 2.2409
-0.1154 1.6139 2.7128
-0.1154 1.6139 2.7128
-0.0047 1.6155 2.6044
-0.0047 1.6155 2.6044
-0.0047 1.6155 2.6044
