0.9072 1.3686 -1.1981
1.4365 0.8417 -0.7975
0.9920 1.3820 -0.4761
1.0113 1.9532 0.0587
0.6648 1.8123 0.3055
0.7192 1.4497 0.4156
0.6477 1.7935 0.6887
1.4008 1.1134 0.7736
1.6705 1.3987 1.0673
1.3766 1.6279 1.2505
-0.1493 1.7625 0.8669
1.6795 1.7664 1.9401
1.5443 0.4999 1.8159
0.7456 1.6929 2.1546
1.6537 0.7917 2.1515
0.6593 0.9834 1.3954
0.4767 1.6757 2.2095
0.4826 1.6752 2.2482
1.7081 0.6811 2.3763
0.7362 1.0425 1.6575
1.0512 1.6967 2.6849
1.6119 1.7195 3.2330
-0.1915 1.7312 1.5331
1.0645 1.6916 2.9039
1.6436 0.5328 2.8119
0.2867 1.6548 2.4124
1.6446 0.5384 2.8447
1.1908 1.0814 2.7302
1.1359 1.7103 2.9433
1.6801 0.6040 2.8767
1.6801 0.6040 2.8767
1.6801 0.6040 2.8767
0.2795 1.6550 2.4375
0.5801 0.5433 1.7715
1.6615 1.6849 3.7195
0.6211 1.6582 3.1362
0.6283 1.6418 3.2330
0.6279 1.6418 3.2327
0.6189 1.6420 3.2219
0.6439 1.6332 3.2503
0.6329 1.6371 3.2479
0.6378 1.6325 3.2548
1.6213 0.5925 3.1631
1.6213 0.5970 3.1801
1.6451 1.6557 4.1267
1.6449 1.6555 4.1291
1.6327 1.6238 4.2487
1.6327 1.6238 4.2487
1.6327 1.6238 4.2487
1.6284 1.6264 4.2530
1.6284 1.6264 4.2530
1.6284 1.6264 4.2530
1.6284 1.6264 4.2530
1.6284 1.6264 4.2530
1.6284 1.6264 4.2530
1.6284 1.6264 4.2530
1.6284 1.6264 4.2530
1.6284 1.6264 4.2530
1.6306 1.6318 4.2524
1.6306 1.6318 4.2524
1.6306 1.6318 4.2524
1.6435 0.1898 2.7296
1.1100 1.6560 3.6221
1.1561 1.6295 3.6960
1.6433 0.1819 2.7372
1.1508 1.6196 3.7069
1.6590 1.0863 3.4700
1.6590 1.0863 3.4700
1.6590 1.0863 3.4700
1.1140 1.6309 3.7298
1.1190 1.6273 3.7424
1.1214 1.6342 3.7436
1.1227 1.6319 3.7480
1.1259 1.6341 3.7492
1.6565 1.1117 3.6246
1.6563 1.1162 3.6392
1.6544 1.1129 3.6432
1.6541 1.1174 3.6569
0.1703 1.6607 2.6400
1.6283 1.1112 3.7216
1.6283 1.1112 3.7216
1.6143 0.0782 2.6649
1.6143 0.0782 2.6649
1.6143 0.0782 2.6649
1.6923 -0.5830 2.6264
1.6923 -0.5830 2.6264
0.3500 1.1354 1.7929
0.3500 1.1354 1.7929
1.6566 -0.5567 2.8919
1.6566 -0.5567 2.8919
1.6566 -0.5567 2.8919
1.6566 -0.5567 2.8919
1.6278 -0.7146 2.9341
1.6278 -0.7146 2.9341
1.6278 -0.7146 2.9341
1.6278 -0.7146 2.9341
-0.5419 1.6796 2.5718
-0.5419 1.6796 2.5718
-0.5419 1.6796 2.5718
-0.5419 1.6796 2.5718
