0.5104 1.3833 -0.3094
0.2154 1.5005 1.0998
0.4829 0.7171 1.1853
1.1768 0.3739 1.5624
1.5178 1.5917 2.7916
1.5647 1.0214 2.4080
0.5280 0.7037 1.5687
1.5664 0.7417 2.2383
1.1898 1.5591 2.8701
0.7268 1.5647 2.3463
1.5695 1.5729 3.4504
1.2136 1.6018 3.0704
1.1263 0.2806 2.0211
0.0977 0.2226 1.1673
1.5799 1.0531 2.9842
1.2103 1.1686 2.5763
1.5519 1.1257 3.0673
1.6045 1.5693 3.7518
1.2038 1.6286 3.2871
1.5651 1.6340 3.7657
0.7402 1.6030 2.6335
1.6156 1.5698 3.8120
1.5711 1.6253 3.8490
1.5768 1.6199 3.9127
1.1269 0.2330 2.1760
1.0372 1.6216 3.0881
0.7127 1.0659 2.1069
0.7237 1.5995 2.7528
1.1911 0.6660 2.3832
1.1815 1.6146 3.4969
1.0505 1.6118 3.2127
0.7044 1.5898 2.8184
1.6043 1.6180 4.1619
1.6043 1.6180 4.1619
1.6055 1.6188 4.1716
1.6099 1.6214 4.2007
-0.6319 -0.6871 2.1179
1.6125 1.6212 4.2121
1.6146 1.6243 4.2252
1.6156 1.6250 4.2294
1.6179 1.6264 4.2377
1.6191 1.6243 4.2391
1.6191 1.6246 4.2392
1.6188 1.6267 4.2401
1.6180 1.6464 4.1991
1.6199 1.6267 4.2428
1.6208 1.6251 4.2437
1.6220 1.6224 4.2423
1.6212 1.6245 4.2439
1.6202 1.6278 4.2441
1.6216 1.6260 4.2459
1.6193 1.6353 4.2368
1.6247 1.6374 4.2423
1.6251 1.6388 4.2393
1.6251 1.6388 4.2393
0.7185 1.1551 2.3507
0.0368 1.0926 2.0196
0.0368 1.0926 2.0196
0.5411 1.6093 2.8457
-0.6223 -0.6593 2.2210
-0.6220 -0.6576 2.2249
0.5671 0.6038 2.0063
0.1935 1.0934 2.1348
0.1870 1.0925 2.1360
0.6688 1.5854 2.9633
1.1210 0.7076 2.4786
1.1507 1.6184 3.7042
1.5605 0.6421 2.7032
1.5605 0.6421 2.7032
1.5605 0.6421 2.7032
1.5605 0.6421 2.7032
0.1763 1.6004 2.6651
0.1763 1.6004 2.6651
1.6125 1.1532 3.6742
1.6192 1.1563 3.6832
1.1495 1.6237 3.7190
0.1391 1.5927 2.6001
0.1391 1.5927 2.6001
1.1454 1.6178 3.7193
1.6063 1.1321 3.6899
1.0979 1.6126 3.6281
1.0891 1.6433 3.5804
1.1032 1.6132 3.6575
1.1075 1.6131 3.6758
1.6399 1.1073 3.6915
1.1257 1.6258 3.7514
1.6362 1.1100 3.7103
1.6362 1.1100 3.7103
1.6362 1.1100 3.7103
1.6362 1.1100 3.7103
1.1244 1.6298 3.7512
1.6293 1.1288 3.7544
0.6376 1.6044 3.1805
1.1216 0.6601 2.7175
0.6374 1.6140 3.2285
1.1655 1.1182 3.1317
1.0847 1.1575 3.0110
0.6183 1.1004 2.6643
1.0954 1.1083 3.1043
1.1085 1.1038 3.1498
