1.7970 1.8253 -1.4818
1.7728 1.8296 -1.0421
1.9707 1.4442 -0.6418
1.4632 0.8413 -0.4198
-0.1405 1.3648 -0.2157
0.8247 1.4770 -0.0870
0.0750 1.4395 0.0683
1.1919 1.8352 0.1849
1.7209 1.3567 0.2941
0.9262 0.5059 0.2966
-0.0372 0.9338 0.3268
1.9740 -0.0430 0.3895
1.4314 1.6968 0.9652
1.4321 1.5795 1.2499
0.8212 0.6755 0.9035
1.4882 1.1406 1.8985
1.5892 1.2785 1.9827
1.1174 1.2643 1.8861
1.5894 1.9827 2.0060
1.5228 0.2574 1.4059
0.6932 -0.3105 1.2397
0.9515 1.6513 2.0179
1.6321 0.7907 2.2385
-0.3681 1.5833 2.0041
1.0651 0.7421 1.8509
1.5460 1.0891 2.8247
1.6469 0.7769 2.3274
0.3588 1.6021 2.1851
1.6657 -0.8430 1.6769
0.3926 1.6502 2.1854
1.7065 1.0816 2.8116
-0.0505 1.5714 2.2576
-0.2418 0.0287 1.0350
1.6846 1.1971 2.9727
1.2436 1.6607 2.5967
-0.4543 1.5865 2.1578
1.5866 1.1995 3.1174
0.1022 -0.5030 1.1172
-0.2453 1.5814 2.3645
1.6199 1.0400 3.1170
1.5870 1.1905 3.2197
1.0221 1.1398 2.3998
1.2366 1.6234 2.8299
1.6626 -0.4215 2.1286
-0.1854 1.5859 2.5328
1.0902 1.2025 2.6628
1.0482 0.5998 2.1670
1.6604 -0.3651 2.1362
0.6699 1.7092 2.4036
1.2195 1.6634 2.9298
1.6082 1.1769 3.5074
-0.2200 1.6585 2.5944
-0.0983 1.6128 2.6868
1.6587 1.1077 3.5935
-0.1599 1.6469 2.7296
1.6196 1.1112 3.7105
1.6886 1.6554 3.7132
1.1303 0.5427 2.4053
1.1713 0.6566 2.5838
1.6492 -0.4797 2.4525
1.6057 1.6865 3.7661
-0.2813 1.1556 1.9636
-0.4866 1.1856 1.7770
1.1701 0.0127 1.9890
1.6065 1.6827 3.8229
-0.5989 -0.3272 1.2969
0.5401 1.6393 2.8736
1.0394 1.6538 3.0398
1.0899 -0.2170 2.0731
1.6552 0.6915 3.0014
1.6093 1.6685 4.0029
1.6613 -0.2639 2.4454
1.6100 1.6647 4.0434
1.6100 1.6647 4.0434
0.1985 1.0882 2.0936
1.1062 -0.1052 2.1776
1.5702 -0.7030 2.6030
0.6948 1.6218 3.0649
1.6323 1.6183 4.2379
1.6323 1.6183 4.2379
1.6386 0.5320 2.8230
1.1467 1.5918 3.5593
1.6774 0.2155 2.4175
1.5969 -0.2306 2.5537
0.6425 0.5832 2.1318
0.5494 1.0882 2.2932
0.6279 1.6418 3.2327
-0.5918 1.6652 2.9982
-0.5918 1.6652 2.9982
-0.5918 1.6652 2.9982
-0.5918 1.6652 2.9982
1.6691 -0.6802 2.9419
1.6691 -0.6802 2.9419
1.6691 -0.6802 2.9419
1.6691 -0.6802 2.9419
1.6691 -0.6802 2.9419
1.0457 -0.6193 2.1853
-0.6106 1.6572 3.1238
-0.6106 1.6572 3.1238
-0.6106 1.6572 3.1238
