0.7450 1.3641 -0.3041
1.3574 1.1034 0.7388
0.8695 1.1661 1.1467
0.8387 1.1032 1.3096
0.9311 1.6099 1.8716
0.3179 0.5540 1.1081
0.7857 1.6082 2.2314
0.2131 0.1184 1.2132
0.1944 -0.2470 1.1343
1.0280 1.6207 2.9726
1.1281 0.7281 2.3249
1.6164 1.2148 3.1271
1.1107 1.0784 2.9918
1.1708 1.1182 3.0963
1.0561 1.6107 3.2689
1.0573 1.6151 3.3000
1.0750 0.5469 2.1738
0.2079 0.6497 1.7235
0.6325 1.1607 2.6756
1.0998 1.1287 3.1727
1.1813 1.6045 3.4488
1.1891 1.6269 3.4498
0.5646 1.6038 2.9569
1.5698 0.7115 2.5382
1.1825 1.6187 3.5007
0.5695 1.6052 2.9924
0.6350 1.1390 2.7514
1.5925 1.1682 3.4617
0.6448 1.5999 3.1461
0.6305 1.0985 2.6672
0.6464 1.6089 3.1994
1.6325 1.1810 3.5255
1.0916 1.6191 3.6112
0.6259 1.6114 3.2137
1.1190 0.5585 2.4905
1.1192 0.6601 2.7132
1.1232 1.6116 3.7118
1.1435 1.6181 3.7247
1.1188 0.6532 2.7279
1.1257 1.6166 3.7334
1.1357 1.6224 3.7469
1.1184 0.6472 2.7368
1.1261 1.6287 3.7529
1.6052 1.6074 4.1240
1.6066 1.6108 4.1489
0.1932 1.5942 2.6028
1.6165 1.1005 3.6558
1.6080 1.1259 3.6975
1.6068 1.6182 4.1769
1.6168 1.1047 3.6771
1.6102 1.6157 4.1869
1.6116 1.6158 4.1937
1.6128 1.6197 4.2100
1.6195 1.1347 3.7419
0.1843 1.1002 2.1825
1.6153 1.6235 4.2267
1.6232 1.1117 3.7190
1.6157 1.6240 4.2286
1.6161 1.6246 4.2306
1.5605 0.6421 2.7032
1.5605 0.6421 2.7032
1.5605 0.6421 2.7032
1.5605 0.6421 2.7032
1.5605 0.6421 2.7032
0.1854 1.1083 2.2185
1.6187 1.6266 4.2398
1.6182 1.6279 4.2392
1.6184 1.6279 4.2396
1.6192 1.6272 4.2416
1.6350 1.1365 3.7468
1.6194 1.6276 4.2422
0.1495 1.5935 2.6126
1.6191 1.6303 4.2413
0.1489 1.5935 2.6129
1.6190 1.6307 4.2410
1.6275 1.1279 3.7538
1.6187 1.6334 4.2380
1.6205 1.6301 4.2447
1.6362 1.1108 3.7132
1.6191 1.6350 4.2368
1.6216 1.6290 4.2470
0.1470 1.5937 2.6138
1.6209 1.6338 4.2425
0.1464 1.5938 2.6140
1.6217 1.6361 4.2406
1.6221 1.6362 4.2409
1.6236 1.6335 4.2476
1.6247 1.6374 4.2423
0.1782 1.6017 2.6735
0.0377 1.0963 2.0429
-0.6227 -0.6582 2.2241
-0.6226 -0.6581 2.2243
-0.6224 -0.6579 2.2245
-0.6223 -0.6578 2.2247
-0.6223 -0.6578 2.2247
0.6166 0.6503 2.2309
0.6166 0.6503 2.2309
0.6166 0.6503 2.2309
1.1244 0.2209 2.2035
1.1244 0.2209 2.2035
