1.3417 1.0864 0.7348
1.4583 1.6232 1.8927
1.2904 1.6157 1.9774
-0.3454 -0.0591 0.7183
0.9753 1.6161 2.3080
1.1870 1.5364 2.5227
1.1298 1.5220 2.5429
0.1281 0.0985 1.2210
1.2214 1.5979 2.9364
1.5425 1.6106 3.3696
0.5573 0.5103 1.4335
0.7227 1.6029 2.7848
0.4812 1.6012 2.4170
0.2913 1.0624 1.6061
1.6253 1.2081 3.2330
0.4823 0.6010 1.4674
0.5181 1.6051 2.6721
0.6959 1.6064 3.0001
1.1868 1.0755 2.7207
1.5993 1.5916 3.9698
-0.6364 -0.6899 2.1030
1.6028 1.6069 4.1060
1.6055 1.6051 4.1125
1.6048 1.6095 4.1321
-0.6223 -0.6593 2.2210
-0.6223 -0.6593 2.2210
-0.6222 -0.6587 2.2223
-0.6221 -0.6582 2.2236
-0.6220 -0.6576 2.2249
1.6035 1.6142 4.1446
0.6549 1.5976 3.1128
1.6066 1.6119 4.1539
1.6086 1.6145 4.1749
0.6697 1.6122 3.1583
1.6114 1.6133 4.1840
1.6108 1.6160 4.1910
0.6493 1.5993 3.1356
1.6120 1.6192 4.2053
1.6186 1.6160 4.2190
0.6491 1.6034 3.1643
1.0891 1.6433 3.5804
1.6191 1.6246 4.2392
1.6188 1.6267 4.2401
1.6220 1.6224 4.2423
1.6199 1.6267 4.2428
1.1440 1.6180 3.7233
1.6212 1.6245 4.2439
1.6202 1.6279 4.2440
1.6201 1.6292 4.2439
1.6212 1.6287 4.2463
1.6191 1.6350 4.2368
1.6209 1.6308 4.2452
1.6226 1.6298 4.2488
1.1394 1.6174 3.7309
1.1458 1.6269 3.7334
1.6236 1.6335 4.2476
0.6376 1.6044 3.1805
1.6245 1.6368 4.2433
1.6247 1.6374 4.2423
1.6251 1.6388 4.2393
1.1257 1.6231 3.7484
1.1257 1.6258 3.7514
1.1244 1.6298 3.7512
1.6306 1.1629 3.6599
1.1704 1.1181 3.0992
1.6192 1.1563 3.6832
1.6305 1.1588 3.6826
0.1852 0.6586 1.7353
0.1391 1.5927 2.6001
0.1391 1.5927 2.6001
0.1391 1.5927 2.6001
0.1391 1.5927 2.6001
0.1391 1.5927 2.6001
1.6300 1.1465 3.7316
1.6213 1.1371 3.7435
0.1763 1.6004 2.6651
0.1763 1.6004 2.6651
0.1763 1.6004 2.6651
1.1208 0.7032 2.5092
1.5605 0.6421 2.7032
1.5605 0.6421 2.7032
1.5605 0.6421 2.7032
1.5605 0.6421 2.7032
1.5605 0.6421 2.7032
1.6293 1.1288 3.7544
1.6274 1.1261 3.7526
1.6399 1.1073 3.6915
1.6399 1.1073 3.6915
1.6362 1.1100 3.7103
1.6362 1.1100 3.7103
1.6362 1.1100 3.7103
0.1935 1.0934 2.1348
1.0909 1.1085 3.0771
0.1870 1.0925 2.1360
0.0368 1.0926 2.0196
0.1809 1.1110 2.2317
0.1809 1.1110 2.2317
1.1244 0.2209 2.2035
1.1244 0.2209 2.2035
1.1191 0.6600 2.7132
