0.8619 0.9283 -0.5781
1.3611 0.5798 0.1487
0.9533 -0.5097 0.5343
0.4194 0.0864 0.7207
-0.1416 -0.4203 0.7845
0.5681 0.4707 1.2593
-0.8268 0.6069 0.9114
0.7619 0.6934 1.3386
0.6318 0.2690 1.5659
0.0704 0.1740 1.1964
0.0654 0.5912 1.5865
0.0407 0.6440 1.6456
0.6217 -0.4967 1.6006
0.1062 -0.6713 1.6640
-0.6673 -0.1255 1.7006
1.1197 -0.4196 1.7617
0.4543 1.6432 2.3538
0.7286 1.5907 2.6385
-0.5153 1.1964 1.8444
0.0119 1.0884 1.9774
0.6058 1.0846 2.5358
-0.9761 -0.6547 1.3209
1.6356 1.6608 4.1168
1.6356 1.6608 4.1168
0.5629 1.6417 3.0056
1.6323 1.6183 4.2379
1.6323 1.6183 4.2379
1.6323 1.6183 4.2379
1.6323 1.6183 4.2379
1.6323 1.6183 4.2379
1.6323 1.6183 4.2379
1.6323 1.6183 4.2379
1.6323 1.6183 4.2379
1.6323 1.6183 4.2379
1.6323 1.6183 4.2379
1.6323 1.6183 4.2379
1.6323 1.6183 4.2379
1.6323 1.6183 4.2379
1.6165 1.6361 4.2275
1.6165 1.6361 4.2275
1.6303 1.6225 4.2484
1.6284 1.6264 4.2530
1.6284 1.6264 4.2530
1.6278 1.6277 4.2536
1.6340 1.6406 4.2328
1.6339 1.6385 4.2387
0.6279 1.6418 3.2327
0.6279 1.6418 3.2327
0.6279 1.6418 3.2327
0.6279 1.6418 3.2327
0.6279 1.6418 3.2327
1.1548 1.6597 3.5791
1.1548 1.6597 3.5791
1.1548 1.6597 3.5791
1.1764 1.1397 3.0594
1.1545 1.6295 3.7031
1.1046 1.1386 3.1904
1.1498 1.6266 3.7209
1.1498 1.6266 3.7209
1.1156 1.1082 3.1916
1.1156 1.1082 3.1916
1.1100 1.6560 3.6221
1.1100 1.6560 3.6221
1.1100 1.6560 3.6221
1.1119 1.1284 3.2243
1.1057 1.6306 3.7001
1.6305 0.7816 2.3244
-0.6106 1.6572 3.1238
-0.6106 1.6572 3.1238
-0.6106 1.6572 3.1238
-0.6106 1.6572 3.1238
-0.6106 1.6572 3.1238
-0.6106 1.6572 3.1238
-0.6106 1.6572 3.1238
-0.6106 1.6572 3.1238
-0.6106 1.6572 3.1238
1.6351 0.4521 2.3660
-0.7261 1.0968 2.2434
0.0387 1.6492 2.5918
0.0387 1.6492 2.5918
1.6377 -0.6061 3.2060
1.6377 -0.6061 3.2060
1.6377 -0.6061 3.2060
1.6377 -0.6061 3.2060
1.6377 -0.6061 3.2060
1.6377 -0.6061 3.2060
1.6377 -0.6061 3.2060
1.6377 -0.6061 3.2060
1.6377 -0.6061 3.2060
-0.0214 1.6499 2.5754
1.6548 -0.1306 2.6701
1.6548 -0.1306 2.6701
1.6284 -0.1404 2.7647
1.6284 -0.1404 2.7647
1.6284 -0.1404 2.7647
1.6284 -0.1404 2.7647
1.6349 0.5600 3.0058
1.6349 0.5600 3.0058
1.6303 0.6963 3.0618
1.6303 0.6963 3.0618
