1.3678 1.3741 -1.7361
1.7488 1.8689 -0.8361
1.7334 1.8580 -0.4562
1.3708 0.7183 -0.0906
0.0947 1.4446 0.1620
1.2181 1.7995 0.4257
1.6981 1.8048 0.8832
1.6471 1.8143 1.2721
0.5160 1.7512 1.0764
1.2357 1.5251 1.6940
1.5164 0.7173 1.5960
1.7031 1.7202 2.5757
1.6307 1.5048 2.7181
1.7390 1.1615 2.2804
-0.2914 1.5537 1.8261
-0.0308 -0.1977 1.1325
0.7600 1.6597 2.4087
1.5367 1.1731 2.6484
0.3395 1.6573 2.2160
1.0211 0.5355 1.4985
0.0383 1.6872 2.2154
1.1896 0.7429 1.8855
0.1713 1.5662 2.3004
1.2290 1.0718 2.1609
1.1845 1.5722 3.1069
1.1870 1.6755 3.1936
1.1943 1.6610 3.2635
-0.2970 1.6557 2.3682
1.1912 1.6546 3.3434
0.7148 1.6361 2.9262
0.1554 1.5943 2.6212
-0.1279 1.6695 2.5435
1.6343 1.5722 3.8617
1.5699 0.6552 2.8170
1.5775 1.1715 3.2822
1.6578 1.6637 3.9896
1.1852 1.6352 3.4837
1.0654 1.6340 3.4043
0.6448 1.6771 2.9551
1.6225 0.7119 2.9493
1.6578 1.1839 3.3931
1.6426 1.6580 4.1197
1.5945 1.1759 3.4224
0.5541 1.6411 2.9560
-0.1154 1.6139 2.7128
1.6355 1.6449 4.2148
1.6534 1.1759 3.4927
1.6314 1.6319 4.2519
1.6308 1.6318 4.2523
1.6306 1.6318 4.2524
1.6306 1.6318 4.2524
1.6313 1.6314 4.2524
1.6327 1.6238 4.2487
1.1100 1.6560 3.6221
1.1561 1.6295 3.6960
1.1140 1.6309 3.7298
1.1217 1.6338 3.7446
1.1217 1.6338 3.7446
1.1219 1.6334 3.7452
1.1190 1.6273 3.7424
1.1225 1.6322 3.7475
1.1259 1.6341 3.7492
0.6378 1.6325 3.2548
0.6378 1.6325 3.2548
0.6378 1.6325 3.2548
0.6329 1.6371 3.2479
0.6329 1.6371 3.2479
1.6565 1.1117 3.6246
1.6563 1.1162 3.6392
1.6563 1.1162 3.6392
1.6544 1.1129 3.6432
1.6499 1.1127 3.6689
1.6213 0.5925 3.1631
1.6213 0.5925 3.1631
1.6213 0.5925 3.1631
1.6213 0.5925 3.1631
1.6479 1.1125 3.6788
1.6213 0.5970 3.1801
1.6213 0.5970 3.1801
1.6213 0.5970 3.1801
1.6213 0.5970 3.1801
1.6347 1.1117 3.7186
1.6327 1.1115 3.7207
1.6327 1.1115 3.7207
1.6283 1.1112 3.7216
-0.5419 1.6796 2.5718
-0.5419 1.6796 2.5718
-0.5419 1.6796 2.5718
-0.5419 1.6796 2.5718
-0.6051 0.7556 1.5329
-0.7413 1.5617 2.1740
0.0633 -0.6058 1.6335
-0.5913 1.5709 2.7605
1.1068 0.6798 2.6028
1.1068 0.6798 2.6028
1.1777 1.1345 3.0553
1.6995 0.1522 2.1516
-0.6392 -0.5940 2.1787
-0.6392 -0.5940 2.1787
-0.6392 -0.5940 2.1787
