1.3816 1.5059 -0.2654
1.6048 1.3872 1.1824
0.3012 1.2223 1.2359
0.8268 1.6095 1.8999
-0.2244 -0.1033 1.1704
0.7988 1.6087 2.1155
1.6290 1.2550 2.5484
1.2208 1.1612 2.4806
1.2578 1.6176 2.4870
1.0675 1.0641 2.5682
0.4838 0.6147 1.5116
0.7074 1.0662 2.1488
0.5054 1.6014 2.5659
1.5928 1.2059 3.0988
0.7309 1.6101 2.7555
1.0707 1.1264 2.9573
1.0750 0.5469 2.1738
1.5587 0.6432 2.6741
1.5587 0.6428 2.6749
1.5595 0.6417 2.6876
1.5598 0.6419 2.6921
1.5605 0.6421 2.7032
1.5605 0.6421 2.7032
1.0790 1.1254 3.0292
1.5846 1.0697 3.2062
0.6114 1.0615 2.3436
0.0386 1.0970 2.0476
0.1855 1.0994 2.1776
0.5646 1.6038 2.9570
0.0735 1.0972 2.0898
0.5710 1.6052 3.0001
1.1192 0.6601 2.7132
0.5735 1.6075 3.0268
1.1195 0.6540 2.7278
1.1166 0.5619 2.5049
0.6470 1.6089 3.1988
0.6166 0.6503 2.2309
0.6172 0.6503 2.2321
0.6259 1.6114 3.2137
0.6408 0.6287 2.2563
0.6305 1.0985 2.6672
0.6345 1.1383 2.7524
0.1932 1.5942 2.6028
1.6165 1.1005 3.6558
1.6086 1.6127 4.1681
1.6168 1.1047 3.6771
1.6080 1.1259 3.6975
1.6102 1.6157 4.1869
1.6116 1.6158 4.1937
1.6118 1.6182 4.2020
1.6117 1.6190 4.2039
1.6250 1.1050 3.6954
1.6147 1.6234 4.2243
1.6152 1.6235 4.2262
1.6232 1.1117 3.7190
1.6232 1.1117 3.7190
1.6161 1.6246 4.2306
1.6156 1.6257 4.2300
1.6162 1.6253 4.2317
1.6195 1.1347 3.7419
1.6168 1.6261 4.2343
1.6170 1.6262 4.2350
1.6184 1.6279 4.2396
1.6192 1.6272 4.2416
1.6192 1.6279 4.2417
1.6194 1.6276 4.2422
1.6191 1.6285 4.2417
1.6200 1.6272 4.2435
1.6191 1.6296 4.2416
1.6191 1.6303 4.2413
1.6200 1.6296 4.2437
1.6215 1.6276 4.2466
1.6187 1.6334 4.2380
1.6216 1.6290 4.2470
0.1514 1.5922 2.6021
0.1514 1.5922 2.6021
0.1788 1.6010 2.6685
1.6207 1.6349 4.2406
1.6268 1.1285 3.7538
1.6231 1.6335 4.2468
0.1782 1.6017 2.6735
1.6275 1.1279 3.7538
1.6319 1.1341 3.7524
1.6240 1.6373 4.2415
0.1470 1.5937 2.6138
-0.6226 -0.6581 2.2243
-0.6224 -0.6579 2.2245
-0.6224 -0.6579 2.2245
-0.6193 -0.6559 2.2248
-0.6200 -0.6548 2.2281
1.0923 1.6191 3.6159
1.1152 1.6109 3.6925
1.1152 1.6109 3.6925
1.1232 1.6116 3.7118
1.1364 1.6224 3.7463
1.1257 1.6166 3.7334
1.1221 1.6172 3.7309
1.1244 0.2209 2.2035
1.1244 0.2209 2.2035
1.1244 0.2209 2.2035
