1.4258 0.0219 -0.1395
0.8873 -0.0238 0.1303
1.2281 0.9424 0.7091
0.5231 0.3972 0.7679
1.2138 0.4083 1.1606
1.5986 0.8790 1.6338
1.6194 1.2856 2.0596
1.6177 1.2766 2.1928
1.1779 0.3988 1.5457
1.5123 1.1630 2.2660
1.6159 1.2599 2.4482
0.9062 1.6161 1.7685
1.5136 0.6130 1.8632
0.7180 0.6751 1.8267
1.0586 0.1378 1.8474
1.0384 0.6902 1.9524
1.0769 0.1857 2.0206
-0.5579 0.9778 1.1013
0.1853 -0.7151 1.4382
0.6761 0.5860 2.0586
1.5654 0.2437 2.1654
0.6403 0.6672 2.2042
0.4223 1.5973 2.1514
1.5789 1.0790 3.2246
-0.3949 -0.5923 1.1604
1.0387 1.1082 2.5696
0.1064 -0.6711 1.6652
0.6744 1.0773 2.4377
1.5988 1.6060 4.0737
1.5995 1.1213 3.6381
0.6506 1.0721 2.4612
1.6145 1.1497 3.6955
1.6147 1.1496 3.6963
1.5988 1.6133 4.1085
1.6259 1.5998 4.1462
1.6312 1.6001 4.1484
1.6470 1.0903 3.5730
1.6305 1.6011 4.1560
1.6412 1.0915 3.6034
1.6094 1.1184 3.6931
1.6117 1.1284 3.7165
1.6267 1.6120 4.2167
1.6248 1.6156 4.2290
0.6090 1.5691 2.7945
1.6257 1.6166 4.2332
1.6280 1.6175 4.2371
1.6245 1.6205 4.2423
1.6247 1.6209 4.2434
1.6126 1.6296 4.2200
1.6324 1.6204 4.2430
1.6263 1.6237 4.2495
1.6258 1.6238 4.2493
1.6265 1.6240 4.2501
1.6267 1.6252 4.2516
1.6230 1.1180 3.7361
1.6254 1.1324 3.7529
1.6283 1.1112 3.7216
1.6299 1.6260 4.2527
1.6278 1.6267 4.2531
1.6308 1.6257 4.2521
1.6255 1.6278 4.2523
1.6291 1.6289 4.2539
1.6294 1.6290 4.2539
1.6298 1.1128 3.7267
1.6304 1.6305 4.2532
1.6312 1.6315 4.2523
1.6308 1.6318 4.2523
1.6308 1.6318 4.2523
1.6308 1.6320 4.2521
1.6314 1.6319 4.2519
1.6314 1.6319 4.2519
1.6314 1.6319 4.2519
1.6314 1.6319 4.2519
1.6324 1.6356 4.2464
1.6328 1.6371 4.2432
0.5950 1.5783 2.8672
-0.6170 -0.1039 1.7142
-0.0907 1.5497 1.9893
-0.0907 1.5497 1.9893
1.0380 1.5834 2.8485
1.0670 1.5612 2.8812
1.0670 1.5612 2.8812
0.6181 1.5930 3.0817
0.6560 1.5997 3.1261
0.6237 1.6159 3.2291
0.6237 1.6159 3.2291
0.6237 1.6159 3.2291
0.6237 1.6159 3.2291
0.6237 1.6159 3.2291
0.6237 1.6159 3.2291
0.6237 1.6159 3.2291
0.9965 -0.6492 1.5759
1.0852 1.5634 3.0705
1.0852 1.5634 3.0705
1.0852 1.5634 3.0705
0.1107 1.5684 2.2970
0.7080 -0.6934 1.8095
0.7080 -0.6934 1.8095
0.0592 1.1532 2.1217
0.0592 1.1532 2.1217
