1.4245 0.8370 -0.9012
1.1885 1.4495 0.9702
1.1053 1.3025 1.2733
0.8713 1.6061 1.6908
0.8289 1.6043 1.8565
1.4962 1.6331 2.5541
0.2634 1.2345 1.1942
-0.2705 0.1636 1.0756
1.5349 1.1514 2.7406
1.2154 1.6788 2.8224
1.6946 1.0454 2.6516
0.7973 -0.6710 1.1157
1.5520 1.6252 3.5681
0.2954 1.5845 2.2238
1.5531 1.6280 3.5880
0.4899 1.6063 2.5003
0.7134 1.5862 2.7174
1.2119 1.6243 3.1825
1.6297 1.5596 3.6883
1.1865 1.5832 3.2190
1.1894 1.5917 3.2748
0.7200 1.6187 2.8789
0.2356 1.5787 2.3618
1.5785 1.6448 3.9108
1.6288 1.1915 3.4263
1.6286 1.1912 3.4287
0.6957 1.5980 2.9457
1.5979 1.0712 3.3419
1.5986 1.0836 3.4521
0.5639 1.6102 2.9880
1.6291 1.6289 4.2539
1.6291 1.6289 4.2539
1.6293 1.6274 4.2536
1.6293 1.6274 4.2536
1.6294 1.6290 4.2539
1.6294 1.6279 4.2537
1.6297 1.6295 4.2538
1.6300 1.6299 4.2536
1.6301 1.6304 4.2534
1.6301 1.6304 4.2534
1.6301 1.6304 4.2534
1.6304 1.6305 4.2532
1.6304 1.6305 4.2532
1.6306 1.6294 4.2535
1.6306 1.6307 4.2531
1.6308 1.6318 4.2523
1.6308 1.6318 4.2523
1.6311 1.6315 4.2524
1.6308 1.6320 4.2521
1.6308 1.6320 4.2521
1.6313 1.6317 4.2521
1.6313 1.6317 4.2521
1.6314 1.6319 4.2519
1.6314 1.6319 4.2519
1.6314 1.6319 4.2519
1.6310 1.6324 4.2517
-0.6170 -0.1039 1.7142
-0.6170 -0.1039 1.7142
-0.6170 -0.1039 1.7142
1.6324 1.6356 4.2464
1.6324 1.6356 4.2464
1.6374 1.6319 4.2434
1.6389 1.6324 4.2393
1.6312 1.1681 3.6268
1.6532 1.0826 3.4831
1.6104 1.0993 3.6259
0.6237 1.6159 3.2291
0.6237 1.6159 3.2291
0.6237 1.6159 3.2291
0.6237 1.6159 3.2291
0.6095 1.6341 3.2215
0.6134 1.6275 3.2336
1.6117 1.1284 3.7165
1.6117 1.1284 3.7165
0.1951 1.5969 2.6224
1.6403 1.1057 3.6837
1.6283 1.1112 3.7216
1.6283 1.1112 3.7216
1.6230 1.1180 3.7361
1.6298 1.1128 3.7267
1.6254 1.1324 3.7529
1.1242 1.6691 3.5435
1.6316 0.7145 2.9340
1.6316 0.7145 2.9340
1.1359 1.6235 3.7484
1.1359 1.6235 3.7484
1.1359 1.6235 3.7484
0.0399 1.5944 2.4972
0.1286 1.5959 2.6189
0.4767 1.0720 1.7052
-0.0665 1.5905 2.4925
-0.0665 1.5905 2.4925
-0.0665 1.5905 2.4925
-0.0665 1.5905 2.4925
-0.0665 1.5905 2.4925
1.1803 0.1446 2.0465
1.1683 0.1324 2.1316
1.1683 0.1324 2.1316
0.6515 1.0762 2.4956
0.6515 1.0762 2.4956
