1.3985 1.4899 -0.5270
1.5573 1.4459 1.1182
0.7855 1.2288 0.9850
1.4985 1.5733 2.2246
1.5623 1.5153 2.3902
0.7782 1.5670 1.8988
1.5701 0.7502 2.2086
0.7985 1.1369 1.6668
0.7512 1.1903 1.8005
1.6206 1.0077 2.7149
1.2221 1.6006 2.9456
1.5498 1.1017 2.9631
1.2009 1.5823 3.0548
1.6047 1.0335 2.9753
0.2418 0.0141 1.0274
1.2049 1.6225 3.2685
0.5494 1.1843 2.1895
-0.0955 0.1561 1.2333
1.5950 0.7168 2.7730
1.5949 0.7164 2.7759
1.6149 1.0754 3.4749
0.7024 1.5685 2.5850
1.6085 1.5537 3.5442
1.5519 1.6214 3.5616
1.6082 1.1482 3.6723
1.5994 0.7085 2.8700
1.6555 1.1489 3.6330
0.0813 1.2127 1.6176
1.6130 1.1278 3.7216
1.6300 1.1027 3.6864
1.6287 1.1053 3.6986
1.6235 1.1329 3.7505
1.6263 1.1364 3.7508
1.6299 1.1100 3.7172
1.6297 1.1348 3.7531
1.6299 1.1107 3.7196
1.6298 1.1128 3.7267
1.6298 1.1128 3.7267
1.6284 1.1228 3.7493
1.6296 1.1249 3.7518
-0.0987 1.2311 1.3825
1.5660 1.6061 3.7157
1.1477 1.6074 3.6696
1.1437 1.6060 3.6724
1.5706 0.6461 2.8407
1.5688 0.6169 2.8079
1.1492 1.6409 3.7047
1.1482 1.6349 3.7221
1.1331 1.6417 3.7328
1.1331 1.6417 3.7328
1.1331 1.6417 3.7328
1.1331 1.6417 3.7328
0.5599 1.1507 2.4739
1.5760 0.6365 2.9164
1.5760 0.6365 2.9164
1.1316 1.6355 3.7489
0.2883 1.6047 2.4193
1.5774 1.6106 3.8877
1.5824 1.6041 3.9101
1.5792 0.6292 2.9533
1.1507 0.7124 2.4152
0.5780 1.1453 2.5884
1.5881 0.6090 3.0173
0.5470 1.6288 2.9318
1.5913 0.6016 3.0271
1.5913 0.6016 3.0271
1.5913 0.6016 3.0271
1.1100 0.5488 2.4062
0.6132 1.1441 2.7178
0.6132 1.1441 2.7178
0.5848 1.6164 3.1187
0.5848 1.6164 3.1187
0.5848 1.6164 3.1187
1.6088 1.6232 4.1986
0.6794 1.6238 3.1502
0.5980 1.6254 3.1894
1.0925 0.5845 2.5129
0.6478 1.6593 3.1292
0.6478 1.6593 3.1292
1.6202 1.6278 4.2441
1.6202 1.6278 4.2441
1.6202 1.6278 4.2441
1.0804 0.1888 2.0462
1.0804 0.1888 2.0462
0.6065 1.6391 3.2038
1.0740 0.1582 2.0053
0.1946 1.5960 2.6155
0.1946 1.5960 2.6155
0.6346 1.6503 3.1978
0.6406 1.6375 3.2457
0.2135 1.6200 2.7114
0.2135 1.6200 2.7114
0.1931 1.6156 2.7309
0.1452 1.5948 2.6223
0.1452 1.5948 2.6223
-0.5875 -0.6438 2.1495
-0.5875 -0.6438 2.1495
-0.5966 -0.6318 2.1885
-0.5966 -0.6318 2.1885
-0.5966 -0.6318 2.1885
