0.9031 0.9362 -0.5202
1.1388 1.3778 0.7448
1.1084 1.3299 0.9628
1.3735 1.6394 1.2394
0.8566 1.1015 1.2202
0.8367 1.1338 1.3851
1.5499 1.5101 2.1008
1.0399 1.5410 2.2595
1.1973 1.5527 2.6903
0.5224 1.5517 2.0847
1.5415 0.7228 2.0095
1.5269 1.5955 2.9932
1.1576 0.7146 2.3694
0.5726 1.5517 2.3922
1.1068 0.7124 2.4021
1.5840 1.2114 2.9431
1.5823 1.5481 3.2403
1.1018 1.1545 3.1314
1.1647 1.1167 3.1334
1.1470 1.1556 3.1746
1.5450 1.1058 2.9024
1.1445 0.6968 2.5422
0.5711 0.5911 1.9834
1.1828 1.6579 3.4028
1.5497 1.1044 2.9738
1.5311 0.6432 2.2104
1.0596 1.6457 3.3111
1.1398 0.3488 1.7901
-0.5400 -0.6147 1.8695
1.5482 0.6908 2.3496
1.0697 1.6147 3.4228
0.6101 1.1004 2.6474
1.5540 1.1328 3.1021
1.1664 1.6205 3.6299
1.1341 1.5959 3.6171
1.5658 1.0901 3.1390
1.1572 1.6367 3.6826
1.1075 1.6643 3.5464
1.1493 1.6249 3.7211
1.0944 1.6467 3.5999
1.1431 1.6201 3.7308
1.1421 1.6277 3.7427
1.1430 1.6315 3.7399
1.1310 1.6478 3.7084
1.1283 1.6477 3.7083
1.1250 1.6251 3.7500
1.1292 1.6357 3.7486
-0.6270 -0.6875 2.1130
-0.6297 -0.6861 2.1225
0.6893 1.6128 3.0704
0.2591 1.1659 1.9861
1.5746 1.6227 3.8914
0.2458 1.5895 2.4472
-0.6225 -0.6605 2.2181
1.1501 0.2826 1.9807
-0.6220 -0.6576 2.2249
0.5894 1.6071 3.0984
0.5946 1.6072 3.1188
0.6225 1.6082 3.1946
0.6523 1.6276 3.2410
0.6284 1.6175 3.2381
0.6008 1.6274 3.2000
0.6434 1.6234 3.2493
0.6395 1.6221 3.2500
0.6395 1.6221 3.2500
1.6002 1.1012 3.5751
1.5605 0.6421 2.7032
1.5605 0.6421 2.7032
1.5605 0.6421 2.7032
0.6068 1.6391 3.2045
1.6143 1.6011 4.1293
1.6192 1.1563 3.6832
1.6043 1.6180 4.1619
1.6043 1.6180 4.1619
1.6063 1.1321 3.6899
1.6125 1.6212 4.2121
1.6129 1.6214 4.2141
1.6191 1.6243 4.2391
1.6191 1.6243 4.2391
1.6187 1.6270 4.2401
1.6220 1.6224 4.2423
1.6199 1.6267 4.2428
1.6208 1.6251 4.2437
1.6208 1.6251 4.2437
1.6212 1.6245 4.2439
1.6180 1.6464 4.1991
1.6202 1.6278 4.2441
1.6251 1.6388 4.2393
1.6251 1.6388 4.2393
1.6251 1.6388 4.2393
1.6399 1.1073 3.6915
1.6362 1.1100 3.7103
1.6362 1.1100 3.7103
1.1269 0.2330 2.1760
0.1763 1.6004 2.6651
0.1763 1.6004 2.6651
0.1391 1.5927 2.6001
0.1391 1.5927 2.6001
0.0368 1.0926 2.0196
0.0368 1.0926 2.0196
