0.3641 0.7419 0.7147
-0.4072 1.5218 1.0374
0.2152 -0.1333 1.2238
-0.3132 -0.5623 1.1728
0.2920 1.0612 1.5911
-0.0853 0.6234 1.6981
-0.0797 1.5245 1.5289
1.1075 -0.7028 2.4740
0.7668 1.1378 1.9626
1.5928 1.0394 2.9586
0.6130 0.7035 1.9940
1.1098 -0.6773 2.6257
-0.5835 0.2195 1.5879
0.5791 0.6725 2.0417
0.5632 0.6175 2.0167
1.1682 -0.6160 2.6120
1.6091 1.5489 3.4699
1.1237 -0.6448 2.7485
1.1263 -0.6363 2.7560
1.1242 -0.6278 2.7516
1.6049 0.5560 2.9134
1.6102 1.5565 3.5975
1.6241 0.6772 3.1605
1.5932 0.6295 3.0965
1.6057 0.5716 3.0060
1.6052 0.5905 3.0914
0.6179 1.0535 2.2714
1.6223 0.6475 3.2432
1.6239 0.6432 3.2502
1.6164 0.6069 3.1982
1.6217 0.6327 3.2500
1.6217 0.6321 3.2498
1.6213 0.5970 3.1801
1.6213 0.5970 3.1801
1.6222 0.6140 3.2293
1.6222 0.6140 3.2293
0.7486 1.6069 2.5785
1.5744 1.6062 3.8287
1.6406 1.0767 3.4938
0.6015 -0.0092 1.5766
1.6477 1.0889 3.5596
1.6470 1.0903 3.5730
1.6090 1.0974 3.6085
1.6412 1.0915 3.6034
0.6506 1.0721 2.4612
1.5995 1.1213 3.6381
1.5988 1.6060 4.0737
1.6145 1.1497 3.6955
1.6147 1.1496 3.6963
1.6094 1.1184 3.6931
0.6090 1.5691 2.7945
1.5988 1.6133 4.1085
1.6117 1.1284 3.7165
1.6259 1.5998 4.1462
1.6142 1.1336 3.7263
1.6312 1.6001 4.1484
-0.0907 1.5497 1.9893
-0.0907 1.5497 1.9893
1.6305 1.6011 4.1560
1.6283 1.1112 3.7216
1.6298 1.1128 3.7267
1.6230 1.1180 3.7361
1.6247 1.1339 3.7515
1.6254 1.1324 3.7529
1.6267 1.6120 4.2167
1.6248 1.6156 4.2290
1.6257 1.6166 4.2332
1.6126 1.6296 4.2200
1.6245 1.6205 4.2423
1.6247 1.6209 4.2434
1.6324 1.6204 4.2430
1.6258 1.6238 4.2493
1.6267 1.6252 4.2516
1.6255 1.6278 4.2523
1.6308 1.6257 4.2521
1.6304 1.6305 4.2532
0.5950 1.5783 2.8672
1.6312 1.6315 4.2523
1.6308 1.6318 4.2523
1.6308 1.6318 4.2523
1.6308 1.6320 4.2521
1.6314 1.6319 4.2519
1.6314 1.6319 4.2519
1.6314 1.6319 4.2519
1.6314 1.6319 4.2519
1.6328 1.6371 4.2432
0.6181 1.5930 3.0817
0.6560 1.5997 3.1261
0.6237 1.6159 3.2291
0.6237 1.6159 3.2291
0.6237 1.6159 3.2291
0.6237 1.6159 3.2291
0.6237 1.6159 3.2291
1.0586 0.1378 1.8474
1.0586 0.1378 1.8474
1.0670 1.5612 2.8812
1.0769 0.1857 2.0206
1.0769 0.1857 2.0206
1.0852 1.5634 3.0705
1.0852 1.5634 3.0705
