0.0233 0.3394 0.7009
-0.0885 0.2300 1.1366
0.9412 1.1557 1.4374
1.0776 1.5547 2.8781
1.1424 1.5462 2.9630
-0.3546 1.1993 1.3706
1.0817 1.5728 3.1714
0.6502 1.5788 2.9379
1.5703 0.5545 2.5645
0.6839 1.6356 3.1260
1.5718 0.5773 2.7102
0.6670 1.6192 3.1912
1.0903 1.6230 3.6107
0.6413 1.5987 3.1402
1.0947 1.6316 3.6424
0.6512 1.6394 3.2287
0.6494 1.6365 3.2385
0.6298 1.6504 3.1959
1.1156 1.6170 3.7168
1.1391 1.6157 3.7260
0.6395 1.6238 3.2526
0.6328 1.6376 3.2469
0.6329 1.6371 3.2479
0.6329 1.6371 3.2479
1.1419 1.6381 3.7322
1.1419 1.6381 3.7322
1.1416 1.6381 3.7328
1.1251 1.6206 3.7431
1.1217 1.6338 3.7446
1.1217 1.6338 3.7446
1.1218 1.6335 3.7451
1.1218 1.6335 3.7451
1.1218 1.6335 3.7451
1.1348 1.6366 3.7455
1.1345 1.6365 3.7458
1.1295 1.6323 3.7531
0.6143 1.6367 3.2278
1.1723 0.5304 2.1688
1.6468 1.0719 3.4276
1.5697 1.6237 3.8295
1.1702 0.0103 1.9876
1.6241 0.6772 3.1605
1.1725 0.0358 1.9856
1.6090 1.0974 3.6085
1.6477 1.0889 3.5596
1.5995 1.1213 3.6381
-0.6021 0.0418 1.5983
1.6412 1.0915 3.6034
0.6920 0.6737 2.0126
1.6300 1.0961 3.6513
1.6094 1.1184 3.6931
1.6117 1.1284 3.7165
1.1380 1.0486 2.7240
1.6142 1.1336 3.7263
1.5984 1.5988 4.0231
1.6283 1.1112 3.7216
1.6230 1.1180 3.7361
1.6239 0.6432 3.2502
1.6239 0.6432 3.2502
1.6213 0.5970 3.1801
1.6213 0.5970 3.1801
1.6213 0.5970 3.1801
1.6247 1.1339 3.7515
1.6217 0.6327 3.2500
1.6217 0.6327 3.2500
1.1191 0.0028 2.1162
1.6222 0.6140 3.2293
1.5964 1.6321 4.1197
1.5982 1.6376 4.1255
1.5983 1.6371 4.1273
1.6304 1.5962 4.1193
1.6311 1.5962 4.1195
1.6306 1.5979 4.1331
1.6307 1.6006 4.1523
1.6114 1.6207 4.2065
1.6138 1.6320 4.2237
1.6245 1.6205 4.2423
1.6247 1.6209 4.2434
1.6258 1.6238 4.2493
1.6308 1.6318 4.2523
1.6308 1.6318 4.2523
1.6308 1.6320 4.2521
1.6308 1.6320 4.2521
1.6312 1.6315 4.2523
1.6314 1.6319 4.2519
1.6314 1.6319 4.2519
1.6314 1.6319 4.2519
1.6314 1.6319 4.2519
1.6328 1.6371 4.2432
1.6328 1.6371 4.2432
0.6718 1.1457 2.6661
0.6718 1.1457 2.6661
0.6550 1.1281 2.7362
0.6550 1.1281 2.7362
1.1075 -0.7028 2.4740
1.1075 -0.7028 2.4740
1.1075 -0.7028 2.4740
1.1098 -0.6773 2.6257
1.1098 -0.6773 2.6257
1.1098 -0.6773 2.6257
