1.5006 1.0801 1.9242
1.2744 1.6599 2.1174
0.7075 0.7309 1.5333
0.2122 1.5346 1.7430
1.5188 1.6253 2.9806
1.5470 1.1649 2.8825
0.6443 1.5432 2.4235
1.6352 1.5409 3.3792
1.1672 0.5029 2.0253
1.6334 1.5465 3.4777
1.5622 1.0787 3.0019
1.6268 1.5503 3.5415
1.5969 1.5633 3.6158
1.5501 0.6948 2.3577
1.2305 1.6539 2.8454
0.7268 1.1003 2.2565
1.5657 1.1112 3.2459
1.1996 1.1585 2.7668
1.5666 1.6393 3.7756
1.5687 1.6352 3.8146
1.2248 1.6525 2.9362
1.1863 1.1771 2.7849
0.7131 1.0949 2.3366
1.1258 0.7124 2.4497
1.5615 0.6923 2.5488
1.6179 1.5850 4.0003
1.5492 0.5675 2.3241
1.5492 0.5675 2.3241
1.6171 1.0629 3.3647
1.6171 1.0629 3.3647
0.7056 1.6534 2.9230
1.6063 1.0762 3.4424
1.6019 1.6113 4.1226
0.6650 1.5896 3.0176
1.5976 1.6363 4.1234
1.6004 1.6270 4.1508
1.6260 1.6014 4.1574
1.6256 1.6032 4.1690
1.5960 1.1290 3.6190
1.6152 1.6624 4.0850
1.6088 1.6232 4.1986
1.5967 1.1254 3.6224
1.6102 1.6238 4.2062
1.6103 1.6240 4.2069
-0.5849 -0.6445 2.1372
1.5983 1.1139 3.6121
1.6033 1.1002 3.5914
1.6175 1.6590 4.1201
1.6037 1.1359 3.6720
1.6165 1.6245 4.2316
1.6189 1.6220 4.2349
1.6190 1.6224 4.2358
0.6764 1.6090 3.1169
1.6188 1.6273 4.2406
1.6195 1.6275 4.2423
1.6201 1.6274 4.2438
1.6200 1.6277 4.2436
1.6202 1.6278 4.2441
1.6202 1.6278 4.2441
1.1542 1.0782 2.9748
1.5540 0.6399 2.6037
1.1579 0.6587 2.6609
0.6080 1.6079 3.1649
0.5945 1.6168 3.1597
1.5537 0.6061 2.5603
1.6154 1.1320 3.7313
1.6154 1.1320 3.7313
-0.6040 -0.6469 2.2057
0.6009 1.6219 3.1943
0.6137 1.6148 3.2090
0.6036 1.6230 3.2044
0.6065 1.6391 3.2038
1.5573 0.6269 2.6543
1.6328 1.1198 3.7424
1.1597 0.2363 2.0916
1.1597 0.2363 2.0916
0.6406 1.6375 3.2457
1.1216 1.0756 2.9957
-0.6211 -0.6624 2.2110
-0.0528 0.6596 1.6307
0.6604 1.0989 2.6364
0.6604 1.0989 2.6364
0.6401 0.6709 2.1910
0.1911 1.5973 2.6304
1.1617 1.5727 3.2855
1.1392 1.5587 3.1692
1.1295 1.1621 3.1657
1.1194 1.1625 3.1526
0.1452 1.5948 2.6223
0.1452 1.5948 2.6223
0.1452 1.5948 2.6223
1.1223 1.1256 3.2471
0.5883 0.2136 1.6210
1.1629 1.6436 3.6324
1.1534 1.6350 3.7026
1.0728 1.6448 3.4441
1.0728 1.6448 3.4441
1.1478 1.6336 3.7251
1.1370 1.6422 3.7280
1.1370 1.6422 3.7280
