1.2837 1.4407 -0.5036
1.2614 0.9872 0.6612
1.3164 1.6608 1.5204
0.8137 1.6984 1.4414
0.9345 1.6728 1.6941
1.2666 0.6118 1.3405
1.6523 1.7482 2.5954
-0.4413 0.2005 0.8199
1.1825 1.5344 2.5301
1.6661 1.7244 2.9947
1.2293 1.6092 2.8940
1.6057 0.7912 2.1676
0.1921 0.2064 1.2354
0.6248 1.7206 2.2469
1.6742 1.6848 3.5959
1.6912 1.6571 3.6626
0.3971 1.6639 2.0867
0.4651 1.6747 2.1614
1.6691 1.6779 3.7394
1.6374 1.6837 3.8640
0.4150 1.6487 2.2124
1.6588 1.6720 3.8999
1.6769 1.6446 3.9272
0.7003 1.6751 2.7632
1.6362 1.6654 4.0752
1.6616 1.6407 4.0978
1.6329 1.6621 4.1095
1.6028 1.6360 4.1613
0.5704 1.0426 1.9733
1.6407 1.6507 4.1741
1.6324 1.6533 4.1755
1.6354 1.6525 4.1766
1.6099 1.1866 3.4296
1.6459 1.6372 4.2073
1.6437 1.6362 4.2185
1.6434 1.6363 4.2194
1.6359 1.6424 4.2238
1.6374 1.6319 4.2434
1.6374 1.6319 4.2434
1.6316 1.6381 4.2420
1.6354 1.6340 4.2450
1.6354 1.6339 4.2451
1.6342 1.6353 4.2449
1.6342 1.6353 4.2449
1.6363 1.6319 4.2456
1.6319 1.6337 4.2497
1.5658 0.5613 2.5431
1.1683 1.6614 3.4896
1.0757 1.6236 3.4991
1.5662 0.2176 2.2443
1.5662 0.2176 2.2443
1.5815 0.7120 2.6779
0.6602 1.0523 2.2400
1.0813 1.6324 3.5474
1.1233 1.6139 3.7211
1.1364 1.6452 3.7172
1.1206 1.6344 3.7419
1.1232 1.6362 3.7430
1.5657 0.6300 2.7796
1.5657 0.6300 2.7796
1.5893 0.5529 2.7736
-0.7139 -0.6096 1.9111
-0.7139 -0.6096 1.9111
1.6277 1.1507 3.7179
0.0558 0.7032 1.4263
1.6251 1.1474 3.7272
0.6809 1.1568 2.5852
1.6299 1.1470 3.7303
1.6396 1.1456 3.7195
1.6252 1.1419 3.7415
1.6253 1.1380 3.7482
1.6305 1.1384 3.7489
1.6227 1.1103 3.7134
1.6254 1.1324 3.7529
1.6231 1.1113 3.7173
1.6288 1.1265 3.7532
1.6285 1.1255 3.7524
1.6298 1.1128 3.7267
0.6505 1.6458 3.2071
0.6505 1.6458 3.2071
1.0501 0.6230 2.2407
0.6215 1.6044 3.1720
1.1215 0.1966 2.2427
1.1215 0.1966 2.2427
1.1215 0.1966 2.2427
-0.6844 -0.6418 2.1302
-0.6844 -0.6418 2.1302
-0.6844 -0.6418 2.1302
0.0829 1.6545 2.6138
0.0768 1.6529 2.6155
0.0768 1.6529 2.6155
-0.0255 1.6413 2.6151
-0.0255 1.6413 2.6151
-0.0255 1.6413 2.6151
-0.0255 1.6413 2.6151
-0.0255 1.6413 2.6151
-0.0255 1.6413 2.6151
0.6439 0.6282 2.2535
0.6439 0.6282 2.2535
0.6439 0.6282 2.2535
