1.3437 1.5560 0.7649
1.6442 1.4538 1.7989
0.9119 1.6214 1.8043
-0.1958 -0.2410 1.1504
1.5061 1.6483 2.6947
1.5136 1.6019 2.7922
1.6285 1.2462 2.6870
0.4085 1.6087 2.2025
1.5208 1.6281 3.0196
1.5682 1.1981 2.9126
1.2274 1.5979 2.8504
1.6177 1.5327 3.2233
1.6468 1.2207 3.0243
1.2255 1.6434 2.9710
1.6325 1.2175 3.1086
0.2888 1.6050 2.4191
1.5772 0.7538 2.2650
0.7350 1.6282 2.7650
1.5696 0.7405 2.2929
1.6424 1.5575 3.6339
1.1874 1.1817 2.7349
1.6039 1.1855 3.4072
0.2364 1.5986 2.5517
0.5461 1.6174 2.9091
0.1941 1.5867 2.5323
0.7055 1.6272 3.0008
0.2209 1.6030 2.6212
1.0979 1.2021 2.7156
0.0247 0.5816 1.5048
1.6022 1.5903 3.9789
1.6018 1.1577 3.5953
1.5999 1.0804 3.4357
1.6420 1.5824 3.9652
1.6058 1.5950 4.0427
1.5947 1.6126 4.0735
0.5920 1.6225 3.1634
0.6390 1.6618 3.1162
1.6075 1.1516 3.6566
1.0568 1.6429 3.2932
1.6359 1.1632 3.6520
1.6350 1.1623 3.6592
0.1763 1.6004 2.6651
0.6009 1.6219 3.1943
0.6006 1.6263 3.1986
1.1793 1.1493 3.0112
0.6068 1.6391 3.2045
1.6088 1.1437 3.6878
1.6082 1.1391 3.6937
0.1391 1.5927 2.6001
1.6281 1.0837 3.5677
0.6434 1.6234 3.2493
1.6085 1.1331 3.7013
1.6151 1.1322 3.7303
1.6159 1.1076 3.6864
1.6186 1.1055 3.6858
1.6188 1.6241 4.2379
1.6191 1.6243 4.2391
1.6215 1.6224 4.2414
1.6187 1.6270 4.2401
1.6220 1.6224 4.2423
1.6187 1.6279 4.2404
1.6212 1.6245 4.2439
1.6208 1.6251 4.2437
1.6199 1.6267 4.2428
1.6179 1.6472 4.1949
1.6202 1.6278 4.2441
1.6193 1.6456 4.2059
1.1332 1.5921 3.5848
1.6407 1.1074 3.6893
1.6232 1.6481 4.2021
-0.0289 0.6489 1.6302
1.6389 1.1272 3.7408
1.6251 1.6388 4.2393
1.6251 1.6388 4.2393
1.1394 1.6668 3.5628
1.1572 1.6367 3.6826
1.1643 1.1502 3.1181
1.1695 0.6929 2.4465
1.1429 1.6503 3.6819
1.0761 1.0907 2.8698
1.1310 1.6478 3.7084
1.1470 1.1556 3.1746
1.1094 1.6440 3.6856
1.1747 0.2645 1.9048
-0.6241 -0.6845 2.1261
-0.6241 -0.6845 2.1261
-0.6230 -0.6836 2.1291
1.1445 0.6968 2.5422
0.6644 1.1700 2.5728
0.2097 1.1713 2.0801
0.6587 1.1707 2.5835
-0.6216 -0.6581 2.2229
-0.6210 -0.6573 2.2241
1.5605 0.6421 2.7032
1.5605 0.6421 2.7032
1.5605 0.6421 2.7032
1.1640 0.2403 2.0562
0.6060 0.2228 1.6634
0.6060 0.2228 1.6634
0.0308 1.1553 2.0842
