1.2383 1.4101 -0.0938
1.4289 1.1631 0.9185
1.3384 1.5934 1.2704
0.3835 0.6032 1.1993
1.0366 1.5190 1.8183
1.6146 0.9138 1.7934
0.7574 1.1502 2.0230
1.5290 1.2025 2.2199
1.5933 0.9745 2.1611
1.6486 1.2630 2.3706
1.0599 1.0597 2.4478
1.2248 1.1197 2.4984
0.4438 1.6365 2.3314
1.2530 1.6637 2.4240
-0.5739 -0.2229 1.5342
0.5628 0.6709 1.9618
1.1985 1.1594 2.7758
1.6396 1.5171 2.9359
0.1599 0.1803 1.2833
0.1862 -0.1206 1.2542
-0.3340 0.6875 1.1958
0.5230 1.5974 2.6515
1.1583 0.6745 2.6067
1.0733 0.2980 1.6858
0.0764 1.1351 2.1886
0.6025 0.5827 2.0809
0.1422 1.6596 2.6437
0.1959 1.6242 2.7474
1.1033 1.1254 3.1880
-0.0562 1.1011 2.0884
0.0818 1.6186 2.6834
0.0818 1.6186 2.6834
1.5639 1.5721 3.3632
1.5721 0.6749 2.7842
-0.0014 1.6471 2.5840
-0.0014 1.6471 2.5840
1.0860 1.5587 3.0064
-0.0145 1.6436 2.6014
-0.0145 1.6436 2.6014
-0.0145 1.6436 2.6014
1.5657 0.6300 2.7796
1.5657 0.6300 2.7796
1.5657 0.6300 2.7796
0.5963 1.5945 3.0368
0.5579 1.6422 2.9751
-0.6844 -0.6418 2.1302
-0.6844 -0.6418 2.1302
-0.6844 -0.6418 2.1302
-0.6844 -0.6418 2.1302
0.7095 1.6498 2.9165
0.5700 1.6272 3.0658
0.7028 1.6320 3.0189
-0.6391 -0.6029 2.2088
-0.6391 -0.6029 2.2088
1.5893 0.5529 2.7736
1.5893 0.5529 2.7736
1.6084 0.6864 3.0656
1.6350 1.5654 3.7690
-0.1979 1.1661 2.1346
-0.2235 1.1063 2.1489
1.6385 1.1573 3.6785
1.6300 1.1027 3.6864
1.6300 1.1027 3.6864
1.6528 1.1461 3.6589
1.6231 1.1113 3.7173
1.6298 1.1128 3.7267
1.6298 1.1128 3.7267
1.6298 1.1128 3.7267
1.6254 1.1324 3.7529
1.6277 1.1353 3.7525
1.6277 1.1353 3.7525
1.6285 1.1255 3.7524
1.6524 1.6700 3.9657
1.6524 1.6700 3.9657
1.6524 1.6700 3.9657
1.6006 1.6388 4.1402
1.6087 1.6379 4.1912
1.6087 1.6379 4.1912
1.6459 1.6563 4.1193
1.6419 1.6477 4.1862
1.6419 1.6477 4.1862
1.6262 1.6361 4.2462
1.6262 1.6361 4.2462
1.6342 1.6353 4.2449
1.6342 1.6353 4.2449
1.6342 1.6353 4.2449
1.6342 1.6353 4.2449
1.6342 1.6353 4.2449
1.6342 1.6353 4.2449
1.6342 1.6353 4.2449
1.6342 1.6353 4.2449
1.6342 1.6353 4.2449
1.6319 1.6337 4.2497
1.6319 1.6337 4.2497
1.6319 1.6337 4.2497
1.6354 1.6340 4.2450
1.6354 1.6340 4.2450
1.6354 1.6340 4.2450
1.1331 1.6417 3.7328
1.1331 1.6417 3.7328
