1.7595 1.8239 -0.6703
1.6312 1.3824 1.2498
1.5624 1.2782 1.6591
1.2934 1.6464 1.9166
0.9273 1.6462 1.8540
1.5532 1.2388 2.1358
1.6542 1.4997 2.5385
1.6113 1.5079 2.7365
1.6865 1.7190 2.8601
1.2493 1.6421 2.6146
0.2847 1.6873 2.0761
1.5593 0.6575 2.6611
0.7242 1.6779 2.5509
1.5702 1.6929 3.3258
0.2955 1.1363 1.9650
1.5854 0.6788 2.9229
1.5494 1.1671 2.9095
1.1222 0.3177 1.8828
1.1222 0.3177 1.8828
1.5833 0.5903 2.9053
1.5833 0.5903 2.9053
1.5797 0.6342 2.9605
0.0428 1.5626 2.1278
1.5861 0.6522 3.0150
-0.0421 1.0530 1.6721
1.5851 0.6113 2.9921
1.1513 1.7080 2.9488
0.6674 1.5720 2.8112
1.5725 1.6019 3.7775
1.6331 1.6923 3.7471
1.1174 1.7072 2.9872
1.5702 1.6321 3.8377
1.6305 1.6871 3.8249
1.6086 0.6542 3.1852
1.6086 0.6542 3.1852
1.6284 1.5698 3.8337
1.6818 1.6557 3.8047
-0.6764 -0.5916 2.0802
-0.6764 -0.5916 2.0802
1.2009 1.6482 3.2730
0.6864 1.6025 3.0308
0.0702 1.5788 2.3740
0.2114 1.1356 2.2240
0.2114 1.1356 2.2240
1.1672 1.6780 3.3261
0.6845 1.6361 3.1222
1.1368 0.6923 2.5837
1.5923 1.1745 3.4147
1.6082 1.6398 4.1840
1.6305 1.6530 4.1783
1.6120 1.6300 4.2175
1.1111 1.5705 3.3100
1.6459 1.6372 4.2073
0.7076 1.1565 2.4266
1.6316 1.6381 4.2420
1.6389 1.6324 4.2393
1.6308 1.6320 4.2521
1.6308 1.6320 4.2522
1.6314 1.6319 4.2519
1.6313 1.6319 4.2520
1.6313 1.6317 4.2521
1.6374 1.6319 4.2434
0.6586 1.1827 2.4861
0.6226 1.6173 3.2321
0.6095 1.6341 3.2215
0.6106 1.6327 3.2257
0.0768 1.6529 2.6155
0.0806 1.6521 2.6256
1.0813 1.6324 3.5474
0.6800 1.1593 2.5774
-0.0255 1.6413 2.6151
-0.0255 1.6413 2.6151
-0.0255 1.6413 2.6151
-0.0255 1.6413 2.6151
1.6117 1.1284 3.7165
1.6575 1.1308 3.6492
1.6227 1.1103 3.7134
1.6251 1.1474 3.7272
1.6231 1.1113 3.7173
1.6299 1.1470 3.7303
1.6283 1.1112 3.7216
1.6396 1.1456 3.7195
1.6298 1.1128 3.7267
0.5970 1.1541 2.6384
1.6305 1.1384 3.7489
1.6254 1.1324 3.7529
1.6285 1.1255 3.7524
1.6288 1.1265 3.7532
1.1429 1.1859 2.9688
1.1364 1.6452 3.7172
1.1644 1.0998 3.0694
0.6492 1.1265 2.7457
0.6492 1.1265 2.7457
1.1267 1.0971 3.1569
1.1495 1.1343 3.2222
1.1495 1.1343 3.2222
1.1120 1.1539 3.1755
0.5714 0.6177 2.0618
0.6317 0.6172 2.2437
0.6317 0.6172 2.2437
