0.7531 1.8766 -0.9059
1.7800 1.3411 -0.8755
1.7612 0.8553 -0.0762
1.8765 1.1131 0.2245
1.1878 1.4010 0.5102
1.3885 1.6583 1.1467
1.3096 1.5854 1.5013
1.6565 0.9410 1.8923
1.4890 1.6216 2.4141
1.2447 1.6912 2.2219
1.2587 1.6228 2.4850
0.9863 1.6589 2.3412
1.6702 1.2188 2.8732
1.6576 1.0240 2.8252
1.7021 1.1106 3.0560
1.5458 1.6739 3.2094
-0.3787 1.6374 2.2392
0.7713 1.6385 2.4113
1.6361 1.5454 3.4545
1.6110 1.1933 3.3657
0.5753 1.5337 2.0962
-0.2993 1.6515 2.3871
-0.2857 1.5988 2.3890
-0.2908 1.6453 2.4495
1.5676 1.6043 3.7279
1.5930 1.6908 3.6108
1.6587 1.1077 3.5935
1.6587 1.1077 3.5935
-0.2693 1.6121 2.5261
1.5704 1.6195 3.8300
1.6249 1.0869 3.5897
1.6293 1.5735 3.8817
1.6196 1.1112 3.7105
1.6196 1.1112 3.7105
1.6196 1.1112 3.7105
1.6196 1.1112 3.7105
1.6692 1.5981 3.9257
1.0803 1.5908 3.3602
1.6413 1.5872 4.0184
1.1467 1.5918 3.5593
1.1548 1.6597 3.5791
1.6356 1.6608 4.1168
1.6323 1.6183 4.2379
1.6323 1.6183 4.2379
1.6323 1.6183 4.2379
1.6323 1.6183 4.2379
1.6323 1.6183 4.2379
1.6323 1.6183 4.2379
1.6165 1.6361 4.2275
1.6284 1.6264 4.2530
1.6278 1.6277 4.2536
1.1100 1.6560 3.6221
1.1498 1.6266 3.7209
-0.0072 1.6467 2.5863
0.0202 1.6466 2.5913
-0.0954 1.6432 2.6892
1.1764 1.1397 3.0594
1.6836 0.0528 2.2796
1.6008 -0.4013 2.1476
0.2503 1.6426 2.6018
-0.6106 1.6572 3.1238
-0.6106 1.6572 3.1238
-0.6106 1.6572 3.1238
-0.6106 1.6572 3.1238
-0.6106 1.6572 3.1238
-0.6106 1.6572 3.1238
-0.6106 1.6572 3.1238
-0.6106 1.6572 3.1238
1.1046 1.1386 3.1904
1.5771 0.1244 2.4240
0.1517 1.6457 2.7334
1.6606 0.0649 2.5446
0.1580 1.6439 2.7425
1.1119 1.1284 3.2243
1.1156 1.1082 3.1916
1.1156 1.1082 3.1916
0.6279 1.6418 3.2327
0.6279 1.6418 3.2327
0.6279 1.6418 3.2327
1.6508 0.5218 2.7059
1.6508 0.5218 2.7059
1.6548 -0.1306 2.6701
1.0672 0.5716 2.2461
1.6284 -0.1404 2.7647
1.0795 -0.6400 2.5362
1.0795 -0.6400 2.5362
1.0795 -0.6400 2.5362
1.0795 -0.6400 2.5362
1.0795 -0.6400 2.5362
1.0795 -0.6400 2.5362
1.6519 0.6054 3.1455
1.6519 0.6054 3.1455
0.0068 1.0955 2.0218
1.6834 -0.6577 2.8529
1.6834 -0.6577 2.8529
1.6834 -0.6577 2.8529
1.6377 -0.6061 3.2060
1.6377 -0.6061 3.2060
1.6377 -0.6061 3.2060
1.6377 -0.6061 3.2060
