1.2642 0.8297 0.0766
0.9465 0.1770 0.5508
1.0706 0.8860 0.9525
1.4874 0.2681 0.7048
1.0977 0.9066 1.1975
1.2885 1.1515 1.4890
0.0256 0.7314 1.1778
-0.2451 0.5144 1.1080
-0.0205 0.0962 1.0951
1.5933 0.9614 2.0203
-0.0092 0.5729 1.4556
0.0641 -0.1318 1.1776
1.2370 1.0638 1.9658
1.2549 1.1364 2.0480
0.2014 0.5762 1.5867
-0.0867 1.0323 1.4840
0.3668 -0.6011 1.2093
1.1887 0.5235 1.9797
-0.2656 1.1993 1.6618
-0.4122 1.1208 1.7513
-0.0064 -0.5590 1.3783
0.5986 -0.4713 1.3996
1.6000 1.6016 4.0540
1.6000 1.6016 4.0540
1.6136 1.6006 4.1231
1.6136 1.6006 4.1231
1.6058 1.6073 4.1274
1.6058 1.6073 4.1274
1.6102 1.6116 4.1715
1.6146 1.6160 4.2066
1.6146 1.6160 4.2066
1.6146 1.6160 4.2066
1.6198 1.6120 4.2070
1.6161 1.6174 4.2161
1.6161 1.6174 4.2161
1.6161 1.6174 4.2161
1.6206 1.6139 4.2163
1.6314 1.6135 4.2226
1.6314 1.6135 4.2226
1.6164 1.1539 3.6856
1.6245 1.6205 4.2423
1.6258 1.6238 4.2493
1.6090 1.0974 3.6085
1.6308 1.6318 4.2523
1.6308 1.6318 4.2523
1.6308 1.6318 4.2523
1.6308 1.6320 4.2521
1.6308 1.6320 4.2521
1.6314 1.6319 4.2519
1.6314 1.6319 4.2519
1.6314 1.6319 4.2519
1.6314 1.6319 4.2519
1.6477 1.0889 3.5596
1.6328 1.6371 4.2432
1.6328 1.6371 4.2432
1.6328 1.6371 4.2432
1.6412 1.0915 3.6034
1.6300 1.0961 3.6513
1.6117 1.1284 3.7165
1.6247 1.1339 3.7515
1.6230 1.1180 3.7361
1.6283 1.1112 3.7216
1.6302 1.1114 3.7218
1.6318 1.1158 3.7342
0.6550 1.1281 2.7362
1.1365 -0.0555 2.1603
1.5718 0.5773 2.7102
1.5718 0.5773 2.7102
1.1419 1.6381 3.7322
1.1419 1.6381 3.7322
1.1419 1.6381 3.7322
1.1419 1.6381 3.7322
1.1345 1.6365 3.7458
1.1290 1.6354 3.7491
1.1218 1.6335 3.7451
1.1218 1.6335 3.7451
1.1218 1.6335 3.7451
1.1218 1.6335 3.7451
1.1218 1.6335 3.7451
1.1217 1.6338 3.7446
1.1217 1.6338 3.7446
1.1217 1.6338 3.7446
1.1217 1.6338 3.7446
1.6239 0.6432 3.2502
1.6239 0.6432 3.2502
1.6213 0.5970 3.1801
1.6213 0.5970 3.1801
1.6213 0.5970 3.1801
1.6213 0.5970 3.1801
0.6512 1.6394 3.2287
0.6512 1.6394 3.2287
0.6298 1.6504 3.1959
0.6298 1.6504 3.1959
0.6329 1.6371 3.2479
0.6329 1.6371 3.2479
0.6329 1.6371 3.2479
0.6329 1.6371 3.2479
0.6329 1.6371 3.2479
0.6143 1.6367 3.2278
0.6143 1.6367 3.2278
