0.8241 -0.8183 -0.2798
1.2548 -0.7990 0.4626
-0.1026 1.2715 0.7586
1.0114 -0.5147 1.2387
-0.5769 -0.4286 1.1396
1.5370 1.2340 1.9348
1.5789 1.5090 2.4905
-0.4756 1.2250 1.2355
1.2145 0.2604 1.4906
-0.6474 -0.7919 1.2239
1.5400 1.0457 2.3103
1.6134 1.5275 3.1137
0.5073 0.5948 1.5991
1.6332 1.5387 3.3443
1.5423 1.6274 3.4081
-0.2060 1.2043 1.7627
1.1086 -0.1014 2.1822
1.6225 0.7723 2.4084
1.2080 1.6325 3.2341
1.1700 0.0329 2.0010
0.6311 -0.6184 2.2456
1.0428 1.6338 3.1579
1.5551 1.1446 3.1025
1.1510 1.2046 2.7407
-0.2537 1.6694 2.4044
1.1697 0.1136 2.1026
1.6451 1.6557 4.1267
1.6449 1.6555 4.1291
1.6422 1.6507 4.1690
1.6418 1.6499 4.1750
1.6284 1.6264 4.2530
1.6284 1.6264 4.2530
1.6284 1.6264 4.2530
1.6284 1.6264 4.2530
1.6284 1.6264 4.2530
1.6284 1.6264 4.2530
1.6284 1.6264 4.2530
1.6327 1.6238 4.2487
1.6327 1.6238 4.2487
1.6327 1.6238 4.2487
1.6327 1.6238 4.2487
-0.1724 1.6705 2.5471
1.6319 1.6243 4.2500
1.6313 1.6314 4.2524
1.6306 1.6318 4.2524
1.6306 1.6318 4.2524
1.6306 1.6318 4.2524
1.6308 1.6318 4.2523
1.6314 1.6319 4.2519
1.6316 1.6319 4.2518
-0.6392 -0.5940 2.1787
-0.1279 1.6695 2.5435
-0.6051 0.7556 1.5329
0.7148 1.6361 2.9262
1.1561 1.6295 3.6960
1.1100 1.6560 3.6221
-0.1154 1.6139 2.7128
-0.1154 1.6139 2.7128
1.1140 1.6309 3.7298
1.1190 1.6273 3.7424
-0.5419 1.6796 2.5718
-0.5419 1.6796 2.5718
-0.5419 1.6796 2.5718
-0.5419 1.6796 2.5718
1.1214 1.6342 3.7436
1.1217 1.6338 3.7446
1.1217 1.6338 3.7446
1.1219 1.6334 3.7452
1.1225 1.6322 3.7475
1.1227 1.6319 3.7480
1.1259 1.6341 3.7492
-0.7413 1.5617 2.1740
1.1777 1.1345 3.0553
1.6565 1.1117 3.6246
1.6563 1.1162 3.6392
1.6563 1.1162 3.6392
1.6544 1.1129 3.6432
1.6541 1.1174 3.6569
0.2491 1.6567 2.5301
1.6499 1.1127 3.6689
1.6283 1.1112 3.7216
1.6283 1.1112 3.7216
1.6327 1.1115 3.7207
1.6327 1.1115 3.7207
0.1703 1.6607 2.6400
0.5541 1.6411 2.9560
0.1819 1.6169 2.7460
0.6378 1.6325 3.2548
0.6378 1.6325 3.2548
0.6378 1.6325 3.2548
1.6213 0.5925 3.1631
1.6213 0.5925 3.1631
1.6213 0.5925 3.1631
1.6213 0.5925 3.1631
0.6329 1.6371 3.2479
0.6329 1.6371 3.2479
0.6329 1.6371 3.2479
1.6213 0.5970 3.1801
1.6213 0.5970 3.1801
1.6213 0.5970 3.1801
