0.9226 1.4265 -0.9007
-0.4851 -0.4459 0.6295
-0.5312 -0.4447 0.9186
0.5281 0.3443 0.8639
0.5364 0.7582 1.1589
-0.5951 -0.4079 1.1801
0.3669 1.6817 1.9080
1.5888 1.2555 2.3405
1.5187 1.1739 2.3130
1.0913 0.3309 1.7136
0.3837 1.6271 2.2451
-0.2650 0.7232 1.1889
0.0099 1.7149 1.7330
1.6294 1.5107 2.8299
1.1368 0.3205 1.8759
0.7390 1.6376 2.7189
0.4767 1.6333 2.4866
0.3107 1.6050 2.3398
-0.0357 1.2005 1.7148
1.5357 1.1586 2.7237
-0.1576 1.2065 1.7722
1.5714 0.2972 2.0618
1.0319 1.6343 3.0261
0.1147 0.2055 1.2228
1.0842 1.5680 3.1284
0.5480 1.6383 2.9266
0.6421 1.5925 3.0892
1.5830 1.5609 3.4478
0.5978 1.6014 3.0945
1.5516 1.1085 3.0213
0.6215 1.6044 3.1720
1.0622 1.6061 3.3098
0.6053 1.6555 3.1226
0.6505 1.6458 3.2071
1.1108 0.1998 2.2110
1.1215 0.1966 2.2427
0.6242 1.6379 3.2407
1.5662 0.2176 2.2443
1.5662 0.2176 2.2443
0.2098 1.6138 2.6995
0.1851 1.6571 2.6592
-0.1963 1.1636 2.1523
-0.1963 1.1636 2.1523
-0.1963 1.1636 2.1523
-0.0430 1.1112 2.1165
1.5658 0.5613 2.5431
1.0868 1.6145 3.5645
0.1422 1.6596 2.6437
1.1683 1.6614 3.4896
1.6203 1.0528 3.2663
1.6280 1.1787 3.5474
1.0937 1.6350 3.6323
1.6293 1.0586 3.3380
1.6268 1.1699 3.6148
1.1233 1.6139 3.7211
-0.0002 1.6623 2.4831
1.5810 1.6276 3.9718
1.1206 1.6344 3.7419
1.1364 1.6452 3.7172
1.1232 1.6362 3.7430
1.6493 1.5884 3.9963
1.6493 1.5884 3.9963
1.6315 1.5904 4.0682
-0.6844 -0.6418 2.1302
-0.6844 -0.6418 2.1302
-0.6844 -0.6418 2.1302
1.5908 1.6342 4.0698
-0.0014 1.6471 2.5840
1.5939 1.6284 4.1006
1.6299 1.1470 3.7303
1.5893 0.5529 2.7736
1.6061 1.6097 4.1408
1.6396 1.1456 3.7195
1.5721 0.6749 2.7842
1.6252 1.1419 3.7415
1.5657 0.6300 2.7796
1.5657 0.6300 2.7796
1.6253 1.1380 3.7482
1.6305 1.1384 3.7489
1.6277 1.1353 3.7525
1.6103 1.6145 4.1833
1.6254 1.1324 3.7529
1.6331 1.1008 3.6748
1.6231 1.1113 3.7173
1.6253 1.1229 3.7478
1.6285 1.1255 3.7524
1.6298 1.1128 3.7267
1.6508 1.6530 4.1165
1.6508 1.6530 4.1165
1.6319 1.6337 4.2497
1.6319 1.6337 4.2497
1.6363 1.6319 4.2456
1.6354 1.6339 4.2451
1.6354 1.6339 4.2451
1.6354 1.6340 4.2450
1.6354 1.6340 4.2450
1.6342 1.6353 4.2449
1.6342 1.6353 4.2449
1.6342 1.6353 4.2449
1.6342 1.6353 4.2449
