1.6454 1.2498 2.5952
1.6471 1.2363 2.7962
0.3632 1.6049 2.1947
1.5243 1.6379 3.0746
0.7783 1.6320 2.3545
0.3246 1.6067 2.3032
1.6371 1.2158 3.1243
-0.5384 -0.6144 1.8590
0.5918 0.2752 1.4552
1.5834 1.5693 3.5731
1.5823 0.7420 2.4344
0.2536 1.5935 2.4584
-0.1895 -0.2175 1.2171
1.6019 1.5719 3.7694
1.6346 1.1807 3.5260
0.2642 1.1821 1.8438
1.5880 1.5888 3.8468
-0.6241 -0.6845 2.1261
-0.6230 -0.6836 2.1291
1.6107 1.0689 3.3987
1.6043 1.1585 3.6080
1.6039 1.1577 3.6093
1.6372 1.1696 3.6089
0.2324 1.6069 2.6163
1.1813 0.2927 1.7483
0.5495 1.6248 2.9449
1.6350 1.1623 3.6592
0.6060 0.2228 1.6634
0.1962 1.5925 2.5847
1.5801 1.6276 3.9621
-0.6210 -0.6573 2.2241
1.5986 1.5991 4.0264
1.1743 0.2981 1.7865
1.6082 1.1391 3.6937
-0.0289 0.6489 1.6302
1.6176 1.5894 4.0433
1.6067 1.1145 3.6692
1.6451 1.5887 4.0192
1.6151 1.1322 3.7303
1.6186 1.1055 3.6858
1.1869 0.7077 2.2037
0.5894 1.6071 3.0984
1.6143 1.6011 4.1293
1.6399 1.1073 3.6915
1.6043 1.6180 4.1619
1.1585 0.7312 2.2287
0.1763 1.6004 2.6651
0.1017 0.6488 1.7174
1.5628 0.6795 2.6354
1.1523 1.5760 3.3724
0.6008 1.6274 3.2000
0.6225 1.6082 3.1946
0.6389 1.6069 3.1949
1.6191 1.6243 4.2391
0.6068 1.6391 3.2045
1.6220 1.6224 4.2423
1.6187 1.6270 4.2401
1.6212 1.6245 4.2439
1.6208 1.6251 4.2437
1.6199 1.6267 4.2428
1.6202 1.6278 4.2441
1.6180 1.6464 4.1991
0.1391 1.5927 2.6001
1.6236 1.6296 4.2502
1.6251 1.6388 4.2393
1.6251 1.6388 4.2393
0.6395 1.6221 3.2500
0.6434 1.6234 3.2493
1.1747 0.2645 1.9048
0.2097 1.1713 2.0801
1.5624 0.6608 2.6979
1.0596 1.6457 3.3111
1.1574 1.1674 3.0687
1.1332 1.1831 3.0084
1.5605 0.6421 2.7032
1.5605 0.6421 2.7032
1.5605 0.6421 2.7032
1.1332 1.5921 3.5848
1.1572 1.6367 3.6826
1.1394 1.6668 3.5628
1.1647 1.1167 3.1334
0.0764 1.1723 2.0342
1.0761 1.0907 2.8698
1.1075 1.6643 3.5464
1.1470 1.1556 3.1746
1.1430 1.6315 3.7399
1.1640 0.2403 2.0562
1.1310 1.6478 3.7084
1.1283 1.6477 3.7083
1.1292 1.6291 3.7546
1.1292 1.6357 3.7486
1.1445 0.6968 2.5422
1.0969 1.1115 3.1245
1.1308 1.1134 3.2295
0.0308 1.1553 2.0842
0.6644 1.1700 2.5728
0.6644 1.1700 2.5728
0.6587 1.1707 2.5835
0.6101 1.1004 2.6474
0.6101 1.1004 2.6474
