1.8071 1.8421 -1.8760
1.8348 1.2750 -0.9994
1.4053 1.7668 -0.6757
-0.0620 1.4159 -0.1892
1.7127 1.9006 -0.0290
1.8761 1.6819 0.3939
-0.4190 -0.3910 0.2604
-0.1322 1.4630 0.4753
1.2929 1.7121 1.1208
1.7081 1.7592 1.6546
1.5626 1.2911 1.4686
-0.5819 -0.3944 1.1160
1.6903 1.4943 2.0457
1.7147 1.7142 2.4799
1.2440 0.6894 1.5692
1.7094 1.5564 2.8464
1.5701 0.7723 1.9973
1.7182 1.6516 3.2289
0.3434 1.6232 2.3061
1.7119 1.6337 3.4118
0.4749 1.6323 2.4781
1.5641 1.5766 3.4216
1.1081 0.7660 1.9307
0.6996 1.5874 2.8270
1.6536 1.6920 3.6749
0.2775 1.6066 2.4698
0.0607 1.5833 2.4125
1.6515 1.6866 3.7671
1.6056 1.6893 3.7255
0.7549 1.0688 1.7669
1.6831 1.6320 3.8798
1.2037 0.5820 2.1611
1.0600 0.2295 1.7845
1.0600 0.2295 1.7845
0.2429 1.6221 2.6427
-0.6392 -0.5940 2.1787
-0.6392 -0.5940 2.1787
-0.6392 -0.5940 2.1787
0.6465 1.5897 3.0590
1.6149 1.5845 3.9858
1.6451 0.7478 2.6135
0.1949 1.6017 2.6580
0.3131 1.0763 1.6577
-0.0047 1.6155 2.6044
1.6063 1.5968 4.0602
0.0663 1.6239 2.6728
1.2184 1.1324 2.5990
1.6328 1.6373 4.2428
1.1306 1.5890 3.5570
1.6326 1.6191 4.2397
1.6314 1.6319 4.2519
1.6308 1.6318 4.2523
1.6308 1.6318 4.2523
1.1736 1.1931 2.7439
0.1504 1.6172 2.7522
0.1556 1.6210 2.7631
1.0873 1.6314 3.5935
0.6329 1.6371 3.2479
0.6329 1.6371 3.2479
0.6329 1.6371 3.2479
1.1100 1.6560 3.6221
1.1107 0.2627 2.0512
-0.3140 1.5931 2.2409
1.1461 1.6189 3.7202
1.1113 1.6309 3.7214
1.1140 1.6309 3.7298
1.1217 1.6338 3.7446
1.1217 1.6338 3.7446
1.1372 1.6408 3.7324
1.1218 1.6335 3.7451
1.1219 1.6334 3.7452
1.1259 1.6341 3.7492
-0.1154 1.6139 2.7128
-0.1154 1.6139 2.7128
1.0616 1.0663 2.5318
1.5778 0.6485 2.9284
1.6631 0.6864 2.9680
1.6301 0.6923 3.0860
1.6245 0.6854 3.1214
1.1535 0.6767 2.6191
1.1788 1.1493 3.0159
1.1068 0.6798 2.6028
1.1777 1.1345 3.0553
1.1777 1.1345 3.0553
1.6213 0.5970 3.1801
1.6213 0.5970 3.1801
1.6995 0.1522 2.1516
1.6995 0.1522 2.1516
1.6245 0.6454 3.2488
1.6239 0.6432 3.2502
1.6239 0.6432 3.2502
1.5623 0.1724 2.2453
1.6296 1.0691 3.4426
1.6296 1.0691 3.4426
1.5876 1.1133 3.5168
1.1131 1.1174 3.2130
1.6283 1.1112 3.7216
1.6302 1.1114 3.7218
1.6302 1.1114 3.7218
0.6377 1.0856 2.5850
