1.4169 1.0143 -0.0435
0.2727 0.2823 0.8119
0.5112 -0.3288 0.7968
-0.1722 0.0171 1.1464
0.2970 1.0486 1.4363
1.2180 1.5270 1.9855
-0.6988 0.2930 1.2685
1.0759 -0.4194 1.5216
1.1952 -0.4945 1.7249
-0.6075 -0.3687 1.2254
0.6760 0.0987 1.6352
1.5549 0.1166 2.1062
-0.5961 0.9817 1.3335
1.6334 1.5284 3.1588
1.5330 1.6300 3.2446
1.5822 -0.7380 2.4695
1.6923 -0.5830 2.6264
1.6494 1.2109 3.1439
1.6338 1.2099 3.2076
1.2144 1.6365 3.1444
1.2097 1.6499 3.1565
1.6287 -0.2686 2.5649
-0.6111 -0.7852 1.2657
-0.6039 -0.2350 1.6268
1.6566 -0.5567 2.8919
1.6566 -0.5567 2.8919
1.6143 0.0782 2.6649
1.6143 0.0782 2.6649
1.6143 0.0782 2.6649
1.6512 -0.1403 2.7002
1.6318 1.1778 3.5541
1.6278 -0.7146 2.9341
1.6278 -0.7146 2.9341
1.6278 -0.7146 2.9341
-0.2251 1.6696 2.4833
1.6590 1.0863 3.4700
1.6590 1.0863 3.4700
1.6590 1.0863 3.4700
1.6433 0.1819 2.7372
1.6435 0.1898 2.7296
-0.7413 1.5617 2.1740
-0.5419 1.6796 2.5718
-0.5419 1.6796 2.5718
-0.5419 1.6796 2.5718
-0.5419 1.6796 2.5718
1.1777 1.1345 3.0553
1.6565 1.1117 3.6246
1.6563 1.1162 3.6392
1.6451 1.6557 4.1267
1.6544 1.1129 3.6432
1.6449 1.6555 4.1291
1.6541 1.1174 3.6569
1.6284 1.6264 4.2530
1.6284 1.6264 4.2530
1.6284 1.6264 4.2530
1.6284 1.6264 4.2530
1.6284 1.6264 4.2530
1.6284 1.6264 4.2530
1.6284 1.6264 4.2530
1.6284 1.6264 4.2530
1.6284 1.6264 4.2530
1.6293 1.6259 4.2527
1.6319 1.6243 4.2500
1.6327 1.6238 4.2487
1.6327 1.6238 4.2487
1.6327 1.6238 4.2487
1.6418 1.6499 4.1750
1.6306 1.6318 4.2524
1.6306 1.6318 4.2524
1.6306 1.6318 4.2524
1.6306 1.6318 4.2524
1.6316 1.6319 4.2518
-0.1279 1.6695 2.5435
1.1561 1.6295 3.6960
1.6283 1.1112 3.7216
1.6283 1.1112 3.7216
1.1508 1.6196 3.7069
1.1100 1.6560 3.6221
1.1140 1.6309 3.7298
1.1190 1.6273 3.7424
1.1217 1.6338 3.7446
1.1217 1.6338 3.7446
1.1214 1.6342 3.7436
1.1225 1.6323 3.7473
1.1227 1.6319 3.7480
1.1259 1.6341 3.7492
-0.1154 1.6139 2.7128
-0.1154 1.6139 2.7128
0.1703 1.6607 2.6400
0.6378 1.6325 3.2548
0.6378 1.6325 3.2548
0.6329 1.6371 3.2479
0.6329 1.6371 3.2479
0.6311 -0.6184 2.2456
0.6311 -0.6184 2.2456
1.6213 0.5925 3.1631
1.6213 0.5925 3.1631
1.6213 0.5925 3.1631
1.6213 0.5970 3.1801
1.6213 0.5970 3.1801
