-0.3364 0.7365 0.8266
0.5989 -0.4418 1.2719
-0.2305 -0.1585 1.2007
-0.4799 -0.6881 1.3627
0.2032 0.2002 1.2299
-0.1559 -0.7198 1.4109
1.2600 1.1533 1.9227
0.4507 0.6708 1.3007
0.8392 1.6307 1.8709
0.9935 1.1324 2.0464
-0.2249 1.1321 2.1973
1.1676 0.5042 2.0308
-0.1854 1.5859 2.5328
1.0457 -0.6193 2.1853
1.7682 1.6504 2.1666
1.1898 1.2094 2.4065
-0.2131 1.6499 2.6649
1.0221 1.1398 2.3998
1.0482 0.5998 2.1670
0.7744 1.6074 2.3339
1.5969 -0.2306 2.5537
-0.1599 1.6469 2.7296
-0.5674 1.0756 2.3000
-0.1280 1.6488 2.7033
-0.0983 1.6128 2.6868
0.6577 1.1891 2.4263
1.0902 1.2025 2.6628
0.5494 1.0882 2.2932
0.1985 1.0882 2.0936
-0.7631 1.0813 1.7973
1.1042 -0.7055 2.4411
1.6682 0.0254 2.4361
-0.5918 1.6652 2.9982
-0.5918 1.6652 2.9982
-0.5918 1.6652 2.9982
-0.5918 1.6652 2.9982
1.5702 -0.7030 2.6030
1.6359 -0.1204 2.7408
1.6475 1.2314 2.8676
1.1713 0.6566 2.5838
-0.6106 1.6572 3.1238
-0.6106 1.6572 3.1238
-0.6106 1.6572 3.1238
1.2366 1.6234 2.8299
1.6496 0.0716 2.6276
1.6209 1.2280 2.9543
1.6830 1.2085 2.8566
1.6774 0.2155 2.4175
0.6380 1.1272 2.7563
1.6691 -0.6802 2.9419
1.6691 -0.6802 2.9419
1.6691 -0.6802 2.9419
1.6691 -0.6802 2.9419
1.6691 -0.6802 2.9419
1.2195 1.6634 2.9298
1.2195 1.6634 2.9298
0.6425 0.5832 2.1318
0.5401 1.6393 2.8736
1.5870 1.1905 3.2197
0.6948 1.6218 3.0649
0.6948 1.6218 3.0649
1.0394 1.6538 3.0398
0.6279 1.6418 3.2327
0.6279 1.6418 3.2327
1.6177 1.5590 3.6633
1.6082 1.1769 3.5074
1.6082 1.1769 3.5074
1.1467 1.5918 3.5593
1.1467 1.5918 3.5593
1.6057 1.6865 3.7661
1.6057 1.6865 3.7661
1.6886 1.6554 3.7132
1.6886 1.6554 3.7132
1.6065 1.6827 3.8229
1.6065 1.6827 3.8229
1.6587 1.1077 3.5935
1.6587 1.1077 3.5935
1.6196 1.1112 3.7105
1.6196 1.1112 3.7105
1.6196 1.1112 3.7105
1.6093 1.6685 4.0029
1.6093 1.6685 4.0029
1.6386 0.5320 2.8230
1.6386 0.5320 2.8230
1.6100 1.6647 4.0434
1.6100 1.6647 4.0434
1.6100 1.6647 4.0434
1.6100 1.6647 4.0434
1.6100 1.6647 4.0434
1.1498 1.6266 3.7209
1.1498 1.6266 3.7209
1.6323 1.6183 4.2379
1.6323 1.6183 4.2379
1.6323 1.6183 4.2379
1.6323 1.6183 4.2379
1.6323 1.6183 4.2379
1.6323 1.6183 4.2379
1.6552 0.6915 3.0014
1.6552 0.6915 3.0014
1.6552 0.6915 3.0014
