0.8161 1.2703 0.0769
0.9392 1.0399 0.8495
1.2805 1.1447 1.6305
-0.1097 0.4425 0.8149
0.3615 1.1911 1.4465
1.5627 1.5263 2.6041
-0.1628 0.0111 1.1463
1.5734 0.9980 2.2290
0.4694 1.0766 1.7072
1.2417 1.5979 2.6353
1.2002 0.4954 1.6739
0.7258 1.0990 2.2584
1.1829 1.5572 2.9084
1.5427 1.6108 3.3740
1.1113 0.7497 2.0978
1.0532 1.1019 2.7091
1.6315 1.2106 3.2017
1.5614 1.6006 3.6142
0.7140 1.5879 2.7298
1.5858 1.5842 3.7781
1.1957 1.6022 3.2906
1.6016 1.5816 3.8853
1.0801 1.1378 3.0356
0.6808 0.6878 2.0050
1.1655 1.1182 3.1317
1.0525 1.5963 3.1386
1.5952 1.5993 4.0009
0.6688 1.5854 2.9633
1.0954 1.1083 3.1043
0.5411 1.6093 2.8457
0.6977 1.6079 2.9975
1.1023 1.1145 3.1623
1.5955 1.6098 4.0673
0.5553 1.6011 2.8846
1.6041 1.6036 4.0953
1.6089 1.6017 4.1094
1.6070 1.6164 4.1729
1.1176 0.7058 2.4849
0.6572 1.5961 3.0960
1.6166 1.6229 4.2300
1.6192 1.1563 3.6832
1.6191 1.6243 4.2391
1.6191 1.6246 4.2392
1.6188 1.6267 4.2401
1.6220 1.6224 4.2423
1.6212 1.6240 4.2432
1.6207 1.6251 4.2433
1.6212 1.6245 4.2439
1.6199 1.6267 4.2428
1.6216 1.6260 4.2459
1.6201 1.6292 4.2439
1.6195 1.6307 4.2421
1.6184 1.6424 4.2163
0.5671 0.6038 2.0063
1.6226 1.6298 4.2488
1.6236 1.6335 4.2476
0.6491 1.6034 3.1643
1.6247 1.6374 4.2423
1.6251 1.6388 4.2393
1.6251 1.6388 4.2393
1.0689 1.6126 3.4070
0.6376 1.6044 3.1805
1.6213 1.1371 3.7435
1.1785 0.6453 2.5463
0.6374 1.6140 3.2285
1.1255 0.2630 2.0828
1.6293 1.1288 3.7544
1.6274 1.1261 3.7526
0.1935 1.0934 2.1348
1.6399 1.1073 3.6915
1.6362 1.1100 3.7103
1.6362 1.1100 3.7103
1.6362 1.1100 3.7103
0.1870 1.0925 2.1360
-0.6355 -0.6894 2.1057
1.1440 1.6180 3.7233
1.1394 1.6174 3.7309
1.0891 1.6433 3.5804
1.1257 1.6258 3.7514
1.1216 0.6601 2.7175
1.1244 1.6298 3.7512
-0.6223 -0.6593 2.2210
-0.6223 -0.6593 2.2210
-0.6223 -0.6593 2.2210
-0.6220 -0.6576 2.2249
-0.6220 -0.6576 2.2249
0.1763 1.6004 2.6651
0.1763 1.6004 2.6651
0.1763 1.6004 2.6651
1.5605 0.6421 2.7032
1.5605 0.6421 2.7032
1.5605 0.6421 2.7032
1.5605 0.6421 2.7032
1.5605 0.6421 2.7032
1.1244 0.2209 2.2035
1.1244 0.2209 2.2035
0.1391 1.5927 2.6001
0.1391 1.5927 2.6001
0.1391 1.5927 2.6001
0.0368 1.0926 2.0196
