0.8980 0.7790 -0.1386
0.0055 0.8954 0.1341
1.1562 1.3915 0.7071
0.7946 1.2231 0.9837
0.8422 1.1756 1.1738
1.2798 0.5786 1.0150
0.2081 1.4995 1.0954
0.9378 1.5942 1.8156
0.7547 1.5595 2.0153
1.1224 1.2424 2.2405
0.4847 1.0887 1.8847
1.5031 0.6048 1.6431
1.0400 1.5526 2.4544
1.1281 0.7503 2.1241
1.0331 1.5646 2.5531
1.1638 0.4553 1.7853
1.1201 0.7391 2.2187
0.6776 0.6854 2.0324
0.6582 1.1128 2.7014
-0.0907 1.5497 1.9893
0.6508 1.1206 2.7357
0.6059 1.1209 2.7079
1.2258 1.5887 2.7928
0.4829 1.6081 2.4686
1.1402 1.1655 3.1372
0.5950 1.5783 2.8672
1.0852 1.5634 3.0705
1.1458 1.1090 3.1934
1.1450 1.1159 3.2175
0.6181 1.5930 3.0817
0.6560 1.5997 3.1261
1.7137 0.6840 2.2582
0.0592 1.1532 2.1217
0.1107 1.5684 2.2970
1.5651 0.5230 2.2908
1.5651 0.5230 2.2908
0.7080 -0.6934 1.8095
0.7080 -0.6934 1.8095
0.1993 1.5792 2.4437
0.9965 -0.6492 1.5759
-0.6170 -0.1039 1.7142
-0.6170 -0.1039 1.7142
-0.6170 -0.1039 1.7142
0.6237 1.6159 3.2291
0.6237 1.6159 3.2291
0.6237 1.6159 3.2291
0.6237 1.6159 3.2291
0.6237 1.6159 3.2291
-0.0665 1.5905 2.4925
-0.0665 1.5905 2.4925
-0.0665 1.5905 2.4925
-0.0665 1.5905 2.4925
1.1803 0.1446 2.0465
1.5979 1.0712 3.3419
1.1683 0.1324 2.1316
1.5986 1.0836 3.4521
1.1232 1.5963 3.6166
1.6312 1.1784 3.5491
1.6316 0.7145 2.9340
1.6316 0.7145 2.9340
1.6312 1.1681 3.6268
1.6104 1.0993 3.6259
1.6117 1.1284 3.7165
1.6117 1.1284 3.7165
1.1359 1.6235 3.7484
1.1359 1.6235 3.7484
1.1359 1.6235 3.7484
1.6230 1.1180 3.7361
1.6283 1.1112 3.7216
1.6283 1.1112 3.7216
1.6403 1.1057 3.6837
1.6298 1.1128 3.7267
1.6254 1.1324 3.7529
1.6293 1.6274 4.2536
1.6293 1.6274 4.2536
1.6291 1.6289 4.2539
1.6291 1.6289 4.2539
1.6294 1.6290 4.2539
1.6294 1.6290 4.2539
1.6300 1.6299 4.2536
1.6301 1.6304 4.2534
1.6301 1.6304 4.2534
1.6301 1.6304 4.2534
1.6301 1.6304 4.2534
1.6304 1.6305 4.2532
1.6304 1.6305 4.2532
1.6312 1.6315 4.2523
1.6308 1.6318 4.2523
1.6308 1.6318 4.2523
1.6308 1.6320 4.2521
1.6308 1.6320 4.2521
1.6314 1.6319 4.2519
1.6314 1.6319 4.2519
1.6314 1.6319 4.2519
1.6314 1.6319 4.2519
1.6314 1.6319 4.2519
1.6324 1.6356 4.2464
1.6324 1.6356 4.2464
1.6389 1.6324 4.2393
1.6389 1.6324 4.2393
