1.0046 1.4885 0.8451
1.3069 1.6256 1.7683
0.9174 1.6190 1.8243
0.9972 1.0848 1.9144
1.6282 0.9659 2.2258
0.9960 1.5933 2.4187
1.2363 1.6672 2.6500
1.5248 1.6318 3.0928
0.2225 1.5387 1.7937
0.7308 1.1027 2.2344
1.5623 1.0868 3.0660
1.1263 0.7260 2.3415
0.6733 1.5695 2.7556
1.1542 1.0782 2.9748
1.6433 1.5597 3.6631
1.6403 1.5602 3.6815
0.1018 0.0751 1.1584
1.0366 1.6484 3.0375
1.5728 0.7043 2.6291
1.1617 1.5727 3.2855
0.5078 1.6163 2.6559
1.1295 1.1621 3.1657
1.1218 1.0915 3.1171
1.5523 0.6393 2.5775
1.5540 0.6399 2.6037
1.6306 1.5807 3.9684
1.1220 1.1097 3.2104
1.1223 1.1256 3.2471
1.5890 1.6254 4.0546
1.5537 0.6061 2.5603
1.6287 1.5918 4.0821
1.5573 0.6269 2.6543
1.6074 1.6091 4.1452
1.6260 1.6032 4.1695
1.6053 1.6410 4.1644
1.6088 1.6232 4.1986
1.6261 1.6061 4.1871
1.6102 1.6238 4.2062
1.5967 1.1254 3.6224
1.5983 1.1139 3.6121
1.6175 1.6590 4.1201
1.6121 1.6268 4.2175
1.6134 1.6252 4.2215
1.6215 1.6598 4.1233
1.6484 1.6085 4.1519
1.6206 1.0820 3.5462
1.6165 1.6245 4.2316
1.6189 1.6220 4.2349
1.6190 1.6224 4.2358
1.6169 1.6265 4.2349
1.6179 1.6472 4.1949
1.6195 1.6275 4.2423
1.6037 1.1359 3.6720
1.6201 1.6274 4.2438
1.6202 1.6278 4.2441
1.6202 1.6278 4.2441
0.6484 1.1655 2.6386
1.0728 1.6448 3.4441
1.0728 1.6448 3.4441
1.6073 1.1042 3.6344
1.6267 1.0834 3.5653
0.6080 1.6079 3.1649
1.6176 1.0931 3.6172
1.6255 1.6388 4.2397
1.1423 0.6619 2.7076
1.6067 1.1200 3.6824
0.5945 1.6168 3.1597
1.1629 1.6436 3.6324
0.6604 1.0989 2.6364
0.6137 1.6148 3.2090
0.6009 1.6219 3.1943
0.6036 1.6230 3.2044
1.6154 1.1320 3.7313
1.6629 1.1336 3.6045
0.6065 1.6391 3.2038
0.6406 1.6375 3.2457
1.1534 1.6350 3.7026
1.1478 1.6336 3.7251
1.6328 1.1198 3.7424
1.5735 0.6358 2.8851
1.1370 1.6422 3.7280
0.6401 0.6709 2.1910
-0.0528 0.6596 1.6307
-0.0528 0.6596 1.6307
0.6163 0.6572 2.2167
0.1911 1.5973 2.6304
1.1597 0.2363 2.0916
1.1597 0.2363 2.0916
1.1597 0.2363 2.0916
0.1452 1.5948 2.6223
0.1452 1.5948 2.6223
0.1452 1.5948 2.6223
0.1452 1.5948 2.6223
-0.5849 -0.6445 2.1372
-0.5849 -0.6445 2.1372
0.5883 0.2136 1.6210
-0.6040 -0.6469 2.2057
-0.6040 -0.6469 2.2057
-0.6211 -0.6624 2.2110
-0.6211 -0.6624 2.2110
