1.9056 1.9506 -1.9018
1.7602 1.8134 -0.5212
1.7609 1.8016 -0.3284
1.6982 1.8999 0.2218
1.7058 1.9460 0.6777
1.7373 1.7623 1.0032
-0.3596 -0.4800 0.5279
-0.3200 -0.2823 0.6418
1.7169 1.7412 1.8867
0.8985 1.6146 1.7412
1.7349 1.7117 2.1199
1.7181 1.7237 2.2296
0.2964 0.2097 0.9386
1.7149 1.7107 2.5428
1.6982 1.7215 2.6333
0.4677 1.6778 2.1369
1.2184 1.1324 2.5990
1.1736 1.1931 2.7439
1.1401 1.2070 2.7410
1.2014 1.1500 2.7824
0.7183 1.6498 2.8488
0.7014 1.6673 2.8393
1.6631 0.6864 2.9680
1.1747 0.7100 2.2944
-0.0575 1.5869 2.4466
1.6245 0.6854 3.1214
1.1809 1.1471 3.0045
1.6304 0.6813 3.1445
1.5944 0.6359 3.1075
0.1949 1.6017 2.6580
1.1777 1.1345 3.0553
0.1840 1.6033 2.6796
0.0162 1.6162 2.6097
1.1617 1.5854 3.4336
0.6283 1.6758 2.9736
1.6058 0.6305 3.1880
0.0663 1.6239 2.6728
0.4793 0.6345 1.5068
0.1878 1.6216 2.7524
1.6239 0.6432 3.2502
1.6239 0.6432 3.2502
0.1504 1.6172 2.7522
1.1135 1.5919 3.5586
1.1306 1.5890 3.5570
1.6213 0.5970 3.1801
1.0873 1.6314 3.5935
1.6972 0.1836 2.1815
1.5868 1.0825 3.3387
-0.2651 1.5781 2.2618
1.1382 1.6013 3.6533
1.1288 1.1496 3.2227
1.0982 1.6311 3.6629
1.6995 0.1522 2.1516
1.1050 1.6402 3.6806
0.6512 1.6394 3.2287
1.1073 1.6403 3.6903
1.1336 1.1386 3.2491
1.1131 1.1174 3.2130
1.1113 1.6309 3.7214
1.1461 1.6189 3.7202
1.1140 1.6309 3.7298
1.1499 1.6247 3.7189
1.1215 1.6334 3.7448
1.1217 1.6338 3.7446
1.1218 1.6335 3.7451
0.6329 1.6371 3.2479
0.6329 1.6371 3.2479
0.6329 1.6371 3.2479
1.1419 1.6381 3.7322
0.6120 1.6364 3.2234
0.6143 1.6367 3.2278
1.6296 1.0691 3.4426
-0.1154 1.6139 2.7128
-0.1154 1.6139 2.7128
1.5623 0.1724 2.2453
1.6000 1.6016 4.0540
1.6063 1.5968 4.0602
1.5876 1.1133 3.5168
1.6324 1.0799 3.5364
1.6136 1.6006 4.1231
1.6328 1.6371 4.2432
1.6314 1.6319 4.2519
1.6308 1.6320 4.2521
1.6308 1.6318 4.2523
1.6314 1.6135 4.2226
0.3092 1.0935 1.7995
1.6297 1.0875 3.5960
1.0840 0.2610 1.9078
1.1535 0.6767 2.6191
1.6300 1.0961 3.6513
1.6283 1.1112 3.7216
1.6117 1.1284 3.7165
1.6302 1.1114 3.7218
1.6302 1.1114 3.7218
1.1107 0.2627 2.0512
1.1068 0.6798 2.6028
1.0622 -0.1352 1.8826
1.0839 -0.0665 1.9916
0.6703 1.1031 2.6261
0.6377 1.0856 2.5850
