0.8387 1.1032 1.3096
0.1951 -0.2448 1.1400
1.0750 0.5469 2.1738
0.2085 0.6504 1.7214
1.6164 1.2148 3.1271
1.0288 1.6201 2.9811
-0.6226 -0.6581 2.2243
-0.6224 -0.6579 2.2245
-0.6193 -0.6559 2.2248
-0.6200 -0.6548 2.2281
1.1197 0.5600 2.5003
0.1932 1.5942 2.6028
1.1897 1.6269 3.4439
0.1514 1.5922 2.6021
1.6066 1.6108 4.1489
1.5586 0.6434 2.6736
1.1819 1.6038 3.4394
1.5587 0.6428 2.6749
1.6086 1.6127 4.1681
1.5587 0.6414 2.6764
1.1813 1.6045 3.4488
1.6068 1.6182 4.1770
0.1470 1.5937 2.6138
1.6102 1.6157 4.1869
1.6116 1.6158 4.1937
1.6117 1.6190 4.2039
1.6128 1.6197 4.2100
1.5605 0.6421 2.7032
1.5605 0.6421 2.7032
1.5605 0.6421 2.7032
1.6157 1.6240 4.2286
1.6161 1.6246 4.2306
0.1788 1.6010 2.6685
0.6166 0.6503 2.2309
0.6166 0.6503 2.2309
1.1825 1.6187 3.5007
0.6172 0.6503 2.2321
0.1782 1.6017 2.6735
1.6184 1.6279 4.2396
1.6187 1.6266 4.2398
1.6192 1.6272 4.2416
1.6194 1.6276 4.2422
1.6190 1.6300 4.2413
1.6191 1.6303 4.2413
1.6187 1.6334 4.2380
1.6191 1.6350 4.2368
1.6205 1.6301 4.2447
1.6215 1.6276 4.2466
1.6216 1.6290 4.2470
1.6207 1.6349 4.2406
1.1192 0.6601 2.7132
1.6217 1.6361 4.2406
1.6231 1.6335 4.2468
1.6240 1.6373 4.2415
1.1195 0.6540 2.7278
1.1178 0.6472 2.7353
1.5925 1.1682 3.4617
0.1855 1.0994 2.1776
0.1843 1.1002 2.1825
1.6325 1.1810 3.5255
0.1854 1.1083 2.2185
0.0377 1.0963 2.0429
1.1244 0.2209 2.2035
0.0386 1.0970 2.0476
0.6319 1.1613 2.6722
0.5646 1.6038 2.9570
0.5661 1.6031 2.9607
0.5710 1.6052 3.0001
0.6305 1.0985 2.6672
1.0923 1.6191 3.6159
1.1441 1.6168 3.7195
1.1435 1.6181 3.7247
0.6345 1.1383 2.7524
1.1364 1.6224 3.7463
1.1232 1.6116 3.7118
1.1229 1.6116 3.7114
1.1257 1.6166 3.7334
1.1244 1.6166 3.7320
1.1267 1.6280 3.7533
1.1261 1.6287 3.7529
1.6165 1.1005 3.6558
1.6168 1.1047 3.6771
0.6470 1.6089 3.1988
1.6168 1.1054 3.6802
1.6077 1.1259 3.6957
1.6080 1.1259 3.6975
1.6187 1.1354 3.7393
0.6259 1.6114 3.2137
1.6195 1.1347 3.7419
1.6232 1.1117 3.7190
1.6362 1.1108 3.7132
1.6362 1.1109 3.7135
1.6319 1.1341 3.7524
1.6268 1.1285 3.7538
1.6275 1.1279 3.7538
1.1107 1.0784 2.9918
1.1708 1.1182 3.0963
1.1694 1.1189 3.1074
1.0998 1.1294 3.1726
1.0998 1.1287 3.1727
