1.5605 0.9829 1.8647
0.6258 1.5251 2.0994
1.5731 1.5481 3.1301
0.9884 1.6217 2.4767
1.0365 1.0784 2.3575
1.5670 1.1638 3.1977
1.5606 1.5838 3.4532
1.1664 1.5450 2.8402
0.6400 0.7007 2.0359
1.5621 1.5964 3.5942
0.1521 1.5576 2.1746
1.6323 1.5570 3.6482
0.5756 0.6026 2.0473
1.1647 1.0764 2.9046
1.1836 1.1065 2.9539
1.5940 1.5839 3.8517
1.5995 1.1527 3.6020
0.6972 1.1403 2.5484
1.6604 1.1591 3.5534
0.6401 0.6709 2.1910
1.5931 1.5950 3.9496
1.6037 1.1359 3.6720
1.6201 1.0823 3.5471
0.6165 0.6574 2.2166
1.0852 1.0871 2.9182
1.6072 1.1312 3.6947
1.6260 1.0836 3.5662
1.6063 1.1196 3.6790
0.6918 1.6366 3.0814
1.6629 1.1336 3.6045
1.6176 1.0931 3.6172
1.6124 1.1062 3.6675
0.6864 1.1267 2.6184
1.6125 1.1208 3.7120
1.6154 1.1320 3.7313
1.6130 1.1210 3.7142
1.6034 1.5968 4.0422
0.5739 1.6200 3.0767
1.6040 1.5982 4.0573
1.1599 0.2367 2.0894
0.6484 1.1655 2.6386
1.1597 0.2363 2.0916
0.6478 1.1646 2.6446
0.6607 1.6085 3.1692
0.5945 1.6168 3.1597
0.5948 1.6168 3.1606
0.5883 0.2136 1.6210
0.6604 1.0989 2.6364
1.1590 1.1227 3.1770
0.6009 1.6219 3.1943
0.6137 1.6148 3.2090
0.6141 1.6148 3.2100
0.6068 1.6391 3.2045
1.0924 1.1399 3.1219
0.6434 1.6234 3.2493
0.6411 1.6374 3.2456
0.6406 1.6375 3.2457
1.1277 1.1515 3.2154
1.1349 1.1195 3.2429
1.6188 1.6232 4.2367
1.6215 1.6224 4.2414
1.6220 1.6224 4.2423
1.6212 1.6245 4.2439
1.6187 1.6279 4.2404
0.1323 1.5902 2.5721
1.6202 1.6278 4.2441
1.1294 1.1310 3.2555
1.1292 1.1312 3.2554
1.6179 1.6472 4.1949
1.6179 1.6472 4.1949
1.6232 1.6481 4.2021
0.1459 1.5946 2.6206
0.1452 1.5948 2.6223
0.1452 1.5948 2.6223
1.6251 1.6388 4.2393
1.0768 1.6555 3.4205
1.0766 1.6550 3.4218
1.0730 1.6448 3.4462
1.1629 1.6436 3.6324
1.1626 1.6436 3.6339
1.1644 0.6607 2.6199
1.1617 1.6435 3.6393
1.1615 1.6435 3.6403
-0.0550 0.5960 1.5920
1.1536 1.6345 3.7027
1.1534 1.6350 3.7026
1.5605 0.6421 2.7032
1.1279 1.6072 3.6943
1.1274 1.6072 3.6939
1.1425 0.6623 2.7060
1.1423 0.6619 2.7076
1.1379 1.6423 3.7268
1.1009 1.6438 3.6490
1.1011 1.6435 3.6512
1.1259 1.6305 3.7525
1.1257 1.6305 3.7523
-0.6241 -0.6845 2.1261
-0.6230 -0.6836 2.1291
-0.6216 -0.6581 2.2229
-0.6210 -0.6573 2.2241
