0.8620 1.3163 -0.8247
0.5920 1.4015 0.2171
-0.6754 1.3199 0.5284
0.4504 0.1672 0.8815
-0.5212 0.7709 0.9371
0.7175 -0.4760 1.1433
0.7121 0.5558 1.6848
0.6578 0.0933 1.6886
-0.1435 0.1850 1.2745
1.1096 0.2800 1.9859
-0.2975 1.5648 1.9702
1.1247 0.7398 2.2196
1.0603 0.6077 2.3223
-0.4045 1.6516 2.1830
1.6709 0.2739 2.3193
1.6452 0.7932 2.1829
-0.0136 1.1397 2.1227
1.6630 0.2527 2.4686
-0.2341 1.1997 1.7548
1.6836 0.0528 2.2796
1.6508 0.5218 2.7059
-0.2662 1.6514 2.5079
1.0795 -0.6400 2.5362
1.0795 -0.6400 2.5362
1.0795 -0.6400 2.5362
1.0795 -0.6400 2.5362
1.6606 0.0649 2.5446
-0.0072 1.6467 2.5863
0.0202 1.6466 2.5913
0.2503 1.6426 2.6018
-0.0941 1.6484 2.6646
-0.0954 1.6432 2.6892
1.6528 0.7078 2.9113
0.5935 -0.6026 2.1268
0.1517 1.6457 2.7334
1.6519 0.6054 3.1455
1.6519 0.6054 3.1455
1.6834 -0.6577 2.8529
1.6834 -0.6577 2.8529
0.1580 1.6439 2.7425
1.1764 1.1397 3.0594
1.1046 1.1386 3.1904
1.1156 1.1082 3.1916
1.1156 1.1082 3.1916
-0.6106 1.6572 3.1238
-0.6106 1.6572 3.1238
-0.6106 1.6572 3.1238
-0.6106 1.6572 3.1238
-0.6106 1.6572 3.1238
-0.6106 1.6572 3.1238
-0.6106 1.6572 3.1238
-0.6106 1.6572 3.1238
1.1119 1.1284 3.2243
1.6548 -0.1306 2.6701
-0.7261 1.0968 2.2434
1.6377 -0.6061 3.2060
1.6377 -0.6061 3.2060
1.6377 -0.6061 3.2060
1.6377 -0.6061 3.2060
1.6377 -0.6061 3.2060
0.6279 1.6418 3.2327
0.6279 1.6418 3.2327
0.6279 1.6418 3.2327
0.6279 1.6418 3.2327
0.6279 1.6418 3.2327
0.6279 1.6418 3.2327
1.6284 -0.1404 2.7647
1.6284 -0.1404 2.7647
1.6356 1.6608 4.1168
1.6356 1.6608 4.1168
1.6323 1.6183 4.2379
1.6323 1.6183 4.2379
1.6323 1.6183 4.2379
1.6323 1.6183 4.2379
1.6323 1.6183 4.2379
1.6323 1.6183 4.2379
1.6323 1.6183 4.2379
1.6323 1.6183 4.2379
1.6323 1.6183 4.2379
1.6323 1.6183 4.2379
1.6323 1.6183 4.2379
1.6323 1.6183 4.2379
1.6323 1.6183 4.2379
1.6323 1.6183 4.2379
1.6323 1.6183 4.2379
1.6323 1.6183 4.2379
1.6165 1.6361 4.2275
1.6165 1.6361 4.2275
1.6284 1.6264 4.2530
1.6284 1.6264 4.2530
1.6278 1.6277 4.2536
1.6278 1.6277 4.2536
1.1548 1.6597 3.5791
1.1548 1.6597 3.5791
1.1548 1.6597 3.5791
1.1498 1.6266 3.7209
1.1498 1.6266 3.7209
1.1100 1.6560 3.6221
1.1100 1.6560 3.6221
1.1100 1.6560 3.6221
