-0.4106 -0.4587 0.4023
1.4741 1.5933 1.9977
0.7536 1.2103 1.5453
1.2065 0.3242 1.3664
1.5630 1.5253 2.5889
1.5169 1.5927 2.7832
1.1968 1.5434 2.5431
1.1551 0.3677 1.7075
1.6039 1.2326 2.8159
0.2611 1.1710 1.9442
1.5640 0.7324 2.2872
1.5995 1.2197 2.9713
1.5281 1.6290 3.1549
0.5365 1.5793 2.5635
0.6515 0.3084 1.4092
1.5809 0.7377 2.4575
1.1672 0.2868 1.8790
1.1585 0.7312 2.2287
1.1979 1.5811 3.0761
0.2632 1.6034 2.5012
1.5584 1.1006 3.0933
1.5679 1.1609 3.2260
0.7390 1.6240 2.7260
1.5697 1.1567 3.2715
-0.5389 -0.6146 1.8622
1.5764 1.5756 3.5723
1.5843 1.5751 3.6564
1.5663 0.6923 2.6179
1.5964 1.5686 3.6843
1.1519 1.5665 3.2485
1.5774 1.0970 3.3330
1.5628 0.6795 2.6354
1.5788 1.1403 3.4389
0.6071 1.5866 2.9968
1.1640 0.2403 2.0562
0.6644 1.1700 2.5728
0.6587 1.1707 2.5835
0.5980 0.2169 1.6514
0.0377 1.1059 2.0915
-0.0291 0.6477 1.6319
0.1763 1.6004 2.6651
1.1828 1.6579 3.4028
1.1574 1.1674 3.0687
0.5894 1.6071 3.0984
0.5946 1.6072 3.1188
1.0761 1.0907 2.8698
0.1391 1.5927 2.6001
1.5746 1.6227 3.8914
1.1445 0.6968 2.5422
-0.6270 -0.6875 2.1130
-0.6297 -0.6861 2.1225
-0.6265 -0.6846 2.1280
1.5605 0.6421 2.7032
1.5605 0.6421 2.7032
1.5605 0.6421 2.7032
1.6002 1.1012 3.5751
1.1647 1.1167 3.1334
1.6192 1.1563 3.6832
0.6225 1.6082 3.1946
0.6097 1.1529 2.6814
1.6063 1.1321 3.6899
0.6008 1.6274 3.2000
1.1470 1.1556 3.1746
1.0596 1.6457 3.3111
1.1306 1.1643 3.1527
0.6068 1.6391 3.2045
0.6284 1.6175 3.2381
-0.6225 -0.6605 2.2181
1.1332 1.5921 3.5848
-0.6220 -0.6576 2.2249
0.6395 1.6221 3.2500
0.6434 1.6234 3.2493
0.6523 1.6276 3.2410
1.1341 1.5959 3.6171
1.6399 1.1073 3.6915
1.0969 1.1115 3.1245
1.6362 1.1100 3.7103
1.1572 1.6367 3.6826
1.6143 1.6011 4.1293
0.6101 1.1004 2.6474
0.6101 1.1004 2.6474
1.6043 1.6180 4.1619
1.0777 1.6290 3.5200
1.1075 1.6643 3.5464
1.1430 1.6315 3.7399
1.1421 1.6277 3.7427
1.1310 1.6478 3.7084
1.1283 1.6477 3.7083
1.6191 1.6243 4.2391
1.1292 1.6357 3.7486
1.6187 1.6270 4.2401
1.6220 1.6224 4.2423
1.6212 1.6245 4.2439
1.6208 1.6251 4.2437
1.6199 1.6267 4.2428
1.6202 1.6278 4.2441
1.6180 1.6464 4.1991
1.1089 1.6400 3.6973
1.6251 1.6388 4.2393
1.6251 1.6388 4.2393
