1.4346 0.8125 -0.6257
1.4048 1.2130 0.2358
0.0863 1.4803 0.7136
0.8336 1.0712 1.1121
0.4073 1.5271 1.1356
-0.1029 -0.0714 1.1547
0.4024 1.1910 1.4259
1.2261 1.5317 1.9572
-0.0515 0.1839 1.1668
1.6216 1.2533 2.5686
1.6029 1.5077 2.6871
0.1307 0.2460 1.1427
0.5818 0.7321 1.6615
-0.5735 -0.5003 1.4596
1.1669 1.2185 2.4788
1.2506 1.6247 2.6147
1.1781 1.0403 2.4297
1.0539 1.0635 2.4219
-0.1199 1.1681 2.1203
0.7064 1.1140 2.4713
-0.1963 1.1636 2.1523
0.1482 1.1327 2.2694
1.6279 1.2033 3.2934
1.0423 1.5634 2.6469
1.1289 0.7346 2.2689
1.6203 1.0528 3.2663
1.0690 0.5532 2.1580
1.6280 1.1787 3.5474
1.6268 1.1699 3.6148
0.0108 1.6027 2.5416
1.1128 0.1402 2.2375
1.6299 1.1470 3.7303
1.6396 1.1456 3.7195
1.6252 1.1419 3.7415
1.6266 1.1410 3.7442
1.6360 1.1437 3.7326
1.6289 1.1399 3.7469
1.6253 1.1380 3.7482
1.6292 1.1393 3.7479
1.6331 1.1008 3.6748
1.6277 1.1353 3.7525
1.6231 1.1113 3.7173
1.6254 1.1324 3.7529
1.6253 1.1229 3.7478
1.6298 1.1128 3.7267
1.6285 1.1255 3.7524
-0.0014 1.6471 2.5840
-0.0145 1.6436 2.6014
0.1422 1.6596 2.6437
-0.6844 -0.6418 2.1302
-0.6844 -0.6418 2.1302
-0.6844 -0.6418 2.1302
0.1851 1.6571 2.6592
1.5810 1.6276 3.9718
1.6493 1.5884 3.9963
1.6493 1.5884 3.9963
1.6315 1.5904 4.0682
1.1651 0.6242 2.6444
1.5721 0.6749 2.7842
-0.6391 -0.6029 2.2088
1.5908 1.6342 4.0698
1.5908 1.6342 4.0698
1.6061 1.6097 4.1408
1.5939 1.6284 4.1006
1.5658 0.5613 2.5431
1.6103 1.6145 4.1833
1.6131 1.6161 4.2012
1.6508 1.6530 4.1165
1.6508 1.6530 4.1165
1.6508 1.6530 4.1165
1.6272 1.6288 4.2535
1.1683 1.6614 3.4896
1.1683 1.6614 3.4896
1.6363 1.6319 4.2456
1.5657 0.6300 2.7796
1.5657 0.6300 2.7796
1.6319 1.6337 4.2497
1.6319 1.6337 4.2497
1.6319 1.6337 4.2497
1.6354 1.6339 4.2451
1.6354 1.6339 4.2451
1.6354 1.6339 4.2451
1.6354 1.6340 4.2450
1.6354 1.6340 4.2450
1.6342 1.6353 4.2449
1.6342 1.6353 4.2449
1.6342 1.6353 4.2449
1.6342 1.6353 4.2449
1.6342 1.6353 4.2449
1.0868 1.6145 3.5645
1.0868 1.6145 3.5645
1.1233 1.6139 3.7211
1.0937 1.6350 3.6323
1.0937 1.6350 3.6323
1.5893 0.5529 2.7736
1.1364 1.6452 3.7172
1.1364 1.6452 3.7172
1.1206 1.6344 3.7419
1.1206 1.6344 3.7419
1.1232 1.6362 3.7430
