1.4366 1.1315 1.1004
1.2806 1.5732 1.7711
1.4579 1.6294 1.8906
0.7964 1.5855 1.9555
0.9695 1.6022 2.1742
0.7898 1.6154 2.2250
0.5269 1.5540 2.1498
0.0745 0.1313 1.1909
1.5832 0.9922 2.2726
0.5922 1.5658 2.6945
1.1981 1.6000 3.2488
1.2101 0.6742 2.1311
1.1733 1.5867 3.3703
1.1877 1.6584 3.3527
0.6893 1.6128 3.0704
0.6840 1.6081 3.0762
1.5315 0.6666 2.1678
0.6763 1.6180 3.1524
1.1737 1.6220 3.5812
1.5497 1.1220 3.0271
-0.5050 -0.6092 1.6288
1.0868 1.6149 3.5663
1.1479 0.7127 2.4227
0.6653 1.6224 3.2034
1.1077 1.6648 3.5421
0.5946 1.6072 3.1188
1.1600 1.6388 3.6640
1.1345 1.6055 3.6840
1.1555 1.6267 3.6982
1.1015 1.6485 3.6309
1.5578 1.1379 3.1576
1.1142 1.6146 3.7049
1.1431 1.6201 3.7308
0.6434 1.6234 3.2493
0.6395 1.6221 3.2500
0.6284 1.6175 3.2381
1.1430 1.6315 3.7399
1.1310 1.6478 3.7084
0.6008 1.6274 3.2000
1.1250 1.6251 3.7500
1.1292 1.6357 3.7486
1.5707 1.0957 3.2418
1.1598 1.1556 3.1219
1.1071 1.1608 3.1249
0.2458 1.5895 2.4472
0.2591 1.1659 1.9861
1.1655 1.1182 3.1317
0.6183 1.1004 2.6643
1.1085 1.1038 3.1498
1.6143 1.6011 4.1293
1.6043 1.6180 4.1619
1.6043 1.6180 4.1619
1.6002 1.1012 3.5751
1.6099 1.6214 4.2007
1.6125 1.6212 4.2121
1.6192 1.1563 3.6832
1.6129 1.6214 4.2141
0.5740 0.6050 2.0460
0.5740 0.6050 2.0460
1.6146 1.6243 4.2252
1.1501 0.2826 1.9807
-0.6270 -0.6875 2.1130
1.6063 1.1321 3.6899
1.6191 1.6243 4.2391
1.6191 1.6243 4.2391
1.6187 1.6270 4.2401
1.6199 1.6267 4.2428
1.6199 1.6267 4.2428
1.6220 1.6224 4.2423
1.6208 1.6251 4.2437
1.6208 1.6251 4.2437
1.6180 1.6464 4.1991
1.6212 1.6245 4.2439
1.6202 1.6278 4.2441
1.6202 1.6278 4.2441
-0.6297 -0.6861 2.1225
1.6251 1.6388 4.2393
1.6251 1.6388 4.2393
1.6251 1.6388 4.2393
1.5605 0.6421 2.7032
1.5605 0.6421 2.7032
1.5605 0.6421 2.7032
1.5605 0.6421 2.7032
1.6399 1.1073 3.6915
1.6362 1.1100 3.7103
1.6362 1.1100 3.7103
1.6362 1.1100 3.7103
-0.6225 -0.6605 2.2181
-0.6220 -0.6576 2.2249
0.1763 1.6004 2.6651
0.1763 1.6004 2.6651
0.1763 1.6004 2.6651
0.0368 1.0926 2.0196
0.0368 1.0926 2.0196
0.0368 1.0926 2.0196
0.1391 1.5927 2.6001
0.1391 1.5927 2.6001
0.1391 1.5927 2.6001
1.1269 0.2330 2.1760
1.1269 0.2330 2.1760
