1.4900 1.0209 1.0777
0.3835 1.0727 1.4682
1.5686 0.4333 1.8686
0.3718 1.1281 1.7558
1.1663 0.2701 1.9456
1.5879 0.4634 2.2132
1.5140 1.6290 2.8916
1.1949 0.6144 2.3713
-0.5617 -0.6131 1.9996
1.2037 1.2171 2.1496
-0.5678 -0.6182 2.0434
1.0839 0.7312 2.1142
1.0804 0.1888 2.0462
1.1848 0.6544 2.4756
0.5203 1.1097 2.2205
-0.5875 -0.6438 2.1495
-0.5966 -0.6318 2.1885
-0.5966 -0.6318 2.1885
1.1710 0.6690 2.5501
0.0606 1.0558 1.7233
1.5576 1.5817 3.3847
0.1997 1.5810 2.4634
1.0934 0.6026 2.5874
0.5715 1.0882 2.4211
1.1162 1.5778 3.4172
1.1529 1.5901 3.5222
1.5797 0.6070 2.9222
1.1163 1.5835 3.4831
1.1248 1.5842 3.5056
0.1946 1.5960 2.6155
0.5934 1.6011 3.0769
1.1448 1.5993 3.6260
0.5848 1.6164 3.1187
0.6773 1.1605 2.5833
0.1506 1.5871 2.5533
0.2135 1.6200 2.7114
0.6658 1.6092 3.1579
1.5763 1.5952 3.7743
0.6696 1.1608 2.6124
1.5957 0.5895 3.0206
0.5945 1.6168 3.1597
1.1191 1.6017 3.6499
0.6478 1.6593 3.1292
1.1472 1.6168 3.7111
1.1492 1.6409 3.7047
1.1492 1.6409 3.7047
0.6137 1.6148 3.2090
0.6065 1.6391 3.2038
1.1415 1.6415 3.7234
1.1337 1.6181 3.7390
1.1318 1.6186 3.7410
1.5774 1.6106 3.8877
1.5774 1.6106 3.8877
0.1452 1.5948 2.6223
0.6502 1.6198 3.2343
0.6518 1.6400 3.2262
1.1331 1.6417 3.7328
1.1331 1.6417 3.7328
1.1331 1.6417 3.7328
1.1331 1.6417 3.7328
0.6156 1.6391 3.2247
1.1316 1.6355 3.7489
1.5824 1.6041 3.9101
1.5824 1.6041 3.9101
1.1211 1.6265 3.7459
0.6406 1.6375 3.2457
1.5830 1.6046 3.9198
1.6004 1.6226 4.1460
1.6035 1.6284 4.1720
1.6088 1.6232 4.1986
1.6088 1.6232 4.1986
1.6088 1.6232 4.1986
1.6090 1.6233 4.1997
1.6189 1.6043 4.1643
1.6097 1.6252 4.2050
1.6195 1.6275 4.2423
1.6196 1.6274 4.2425
1.6200 1.6258 4.2426
1.6200 1.6277 4.2436
1.6202 1.6278 4.2441
1.6202 1.6278 4.2441
1.6202 1.6278 4.2441
1.6202 1.6278 4.2441
1.6202 1.6278 4.2441
1.6202 1.6278 4.2441
1.6202 1.6278 4.2441
1.6202 1.6278 4.2441
1.5790 1.1787 3.2425
1.5764 1.1647 3.3142
1.1092 1.1417 3.2042
1.1092 1.1417 3.2042
1.1170 1.1414 3.2285
1.1170 1.1414 3.2285
1.5811 1.0852 3.2985
1.6343 1.0526 3.2698
1.6343 1.0526 3.2698
1.6171 1.0629 3.3647
1.6171 1.0629 3.3647
1.6063 1.0762 3.4424
1.6063 1.0762 3.4424
