3.0618 2.5724 2.8171
2.6936 2.6485 2.6710
2.9784 2.7890 2.8837
3.0839 3.0202 3.0520
2.7370 2.6034 2.6702
2.6496 2.6288 2.6392
4.0062 3.2209 3.6135
3.0460 2.9101 2.9780
3.9951 3.8098 3.9024
3.9792 3.6605 3.8198
4.1617 3.9689 4.0653
4.1437 3.7934 3.9686
4.2452 3.8824 4.0638
4.0718 3.6489 3.8603
4.1275 3.9691 4.0483
4.2186 4.2159 4.2172
4.2144 4.1434 4.1789
4.2388 4.2379 4.2383
4.2536 4.2513 4.2524
4.2501 4.2477 4.2489
4.2162 4.2018 4.2090
4.2381 4.2316 4.2348
4.2531 4.2475 4.2503
4.2484 4.2385 4.2435
4.2509 4.2502 4.2505
4.2505 4.2504 4.2504
4.2526 4.2493 4.2510
4.2537 4.2537 4.2537
4.2536 4.2535 4.2536
4.2538 4.2536 4.2537
4.2536 4.2536 4.2536
4.2539 4.2538 4.2538
4.2539 4.2537 4.2538
4.2538 4.2538 4.2538
4.2538 4.2538 4.2538
4.2539 4.2539 4.2539
4.2539 4.2539 4.2539
4.2539 4.2539 4.2539
4.2539 4.2539 4.2539
4.2538 4.2537 4.2538
4.2539 4.2539 4.2539
4.2539 4.2539 4.2539
4.2539 4.2539 4.2539
4.2539 4.2539 4.2539
4.2539 4.2538 4.2539
4.2539 4.2539 4.2539
4.2539 4.2539 4.2539
4.2539 4.2539 4.2539
4.2539 4.2539 4.2539
4.2539 4.2539 4.2539
4.2539 4.2539 4.2539
4.2539 4.2539 4.2539
4.2539 4.2539 4.2539
4.2539 4.2539 4.2539
4.2539 4.2539 4.2539
4.2539 4.2539 4.2539
4.2539 4.2539 4.2539
4.2539 4.2539 4.2539
4.2539 4.2539 4.2539
4.2539 4.2539 4.2539
4.2539 4.2539 4.2539
4.2539 4.2539 4.2539
4.2539 4.2539 4.2539
4.2539 4.2539 4.2539
4.2539 4.2539 4.2539
4.2539 4.2539 4.2539
4.2539 4.2539 4.2539
4.2539 4.2539 4.2539
4.2539 4.2539 4.2539
4.2539 4.2539 4.2539
4.2539 4.2539 4.2539
4.2539 4.2539 4.2539
4.2539 4.2539 4.2539
4.2539 4.2539 4.2539
4.2539 4.2539 4.2539
4.2539 4.2539 4.2539
4.2539 4.2539 4.2539
4.2539 4.2539 4.2539
4.2539 4.2539 4.2539
4.2539 4.2539 4.2539
