1.9754 1.7339 1.8547
2.1921 2.1341 2.1631
2.2140 2.2022 2.2081
2.2474 2.2117 2.2295
2.0808 1.6836 1.8822
2.2542 1.9728 2.1135
1.9684 1.9658 1.9671
1.9817 1.8432 1.9124
2.2481 2.2082 2.2282
2.2472 2.1315 2.1893
2.2489 2.2326 2.2407
2.0429 2.0264 2.0347
2.2485 2.2137 2.2311
2.1680 2.1206 2.1443
2.1254 2.1199 2.1226
2.2528 2.2435 2.2482
2.2466 2.2424 2.2445
2.2501 2.2483 2.2492
2.2371 2.2338 2.2354
2.2571 2.2497 2.2534
2.2427 2.2326 2.2376
2.2594 2.2568 2.2581
2.2594 2.2566 2.2580
2.2597 2.2596 2.2597
2.2599 2.2598 2.2598
2.2591 2.2582 2.2586
2.2595 2.2589 2.2592
2.2586 2.2586 2.2586
2.2599 2.2592 2.2596
2.2600 2.2598 2.2599
2.2597 2.2596 2.2597
2.2598 2.2595 2.2597
2.2598 2.2598 2.2598
2.2600 2.2599 2.2599
2.2600 2.2599 2.2599
2.2599 2.2599 2.2599
2.2600 2.2600 2.2600
2.2600 2.2600 2.2600
2.2600 2.2600 2.2600
2.2600 2.2600 2.2600
2.2600 2.2600 2.2600
2.2600 2.2600 2.2600
2.2600 2.2600 2.2600
2.2600 2.2600 2.2600
2.2600 2.2600 2.2600
2.2600 2.2600 2.2600
2.2600 2.2600 2.2600
2.2600 2.2600 2.2600
2.2600 2.2600 2.2600
2.2600 2.2600 2.2600
2.2600 2.2600 2.2600
2.2600 2.2600 2.2600
2.2600 2.2600 2.2600
2.2600 2.2600 2.2600
2.2600 2.2600 2.2600
2.2600 2.2600 2.2600
2.2600 2.2600 2.2600
2.2600 2.2600 2.2600
2.2600 2.2600 2.2600
2.2600 2.2600 2.2600
2.2600 2.2600 2.2600
2.2600 2.2600 2.2600
2.2600 2.2600 2.2600
2.2600 2.2600 2.2600
2.2600 2.2600 2.2600
2.2600 2.2600 2.2600
2.2600 2.2600 2.2600
2.2600 2.2600 2.2600
2.2600 2.2600 2.2600
2.2600 2.2600 2.2600
2.2600 2.2600 2.2600
2.2600 2.2600 2.2600
2.2600 2.2600 2.2600
2.2600 2.2600 2.2600
2.2600 2.2600 2.2600
2.2600 2.2600 2.2600
2.2600 2.2600 2.2600
2.2600 2.2600 2.2600
2.2600 2.2600 2.2600
2.2600 2.2600 2.2600
2.2600 2.2600 2.2600
2.2600 2.2600 2.2600
2.2600 2.2600 2.2600
2.2600 2.2600 2.2600
2.2600 2.2600 2.2600
2.2600 2.2600 2.2600
2.2600 2.2600 2.2600
2.2600 2.2600 2.2600
2.2600 2.2600 2.2600
2.2600 2.2600 2.2600
2.2600 2.2600 2.2600
2.2600 2.2600 2.2600
2.2600 2.2600 2.2600
2.2600 2.2600 2.2600
2.2600 2.2600 2.2600
2.2600 2.2600 2.2600
2.2600 2.2600 2.2600
2.2600 2.2600 2.2600
2.2600 2.2600 2.2600
2.2600 2.2600 2.2600
2.2600 2.2600 2.2600
2.2600 2.2600 2.2600
2.2600 2.2600 2.2600
2.2600 2.2600 2.2600
2.2600 2.2600 2.2600
2.2600 2.2600 2.2600
2.2600 2.2600 2.2600
2.2600 2.2600 2.2600
2.2600 2.2600 2.2600
2.2600 2.2600 2.2600
2.2600 2.2600 2.2600
2.2600 2.2600 2.2600
2.2600 2.2600 2.2600
2.2600 2.2600 2.2600
2.2600 2.2600 2.2600
2.2600 2.2600 2.2600
2.2600 2.2600 2.2600
2.2600 2.2600 2.2600
2.2600 2.2600 2.2600
2.2600 2.2600 2.2600
2.2600 2.2600 2.2600
2.2600 2.2600 2.2600
2.2600 2.2600 2.2600
2.2600 2.2600 2.2600
2.2600 2.2600 2.2600
2.2600 2.2600 2.2600
2.2600 2.2600 2.2600
2.2600 2.2600 2.2600
2.2600 2.2600 2.2600
2.2600 2.2600 2.2600
2.2600 2.2600 2.2600
2.2600 2.2600 2.2600
2.2600 2.2600 2.2600
2.2600 2.2600 2.2600
2.2600 2.2600 2.2600
2.2600 2.2600 2.2600
2.2600 2.2600 2.2600
2.2600 2.2600 2.2600
2.2600 2.2600 2.2600
2.2600 2.2600 2.2600
