2.7483 2.2148 2.4815
3.7434 3.1471 3.4453
2.9576 2.6073 2.7824
3.6321 2.9861 3.3091
3.7026 3.4497 3.5762
3.4982 3.3115 3.4048
3.7085 3.6134 3.6610
3.2065 3.1029 3.1547
3.7146 3.6853 3.7000
4.2516 3.8314 4.0415
3.9108 3.5305 3.7207
4.1843 3.3034 3.7438
4.1271 4.0746 4.1009
4.2119 3.8477 4.0298
4.2395 4.1381 4.1888
3.9754 3.9370 3.9562
3.9642 3.9605 3.9623
4.2403 4.2391 4.2397
4.2110 4.1897 4.2004
4.2147 4.2078 4.2112
4.2434 4.2322 4.2378
4.2536 4.2527 4.2531
4.2515 4.2513 4.2514
4.2534 4.2507 4.2520
4.2534 4.2494 4.2514
4.2523 4.2522 4.2523
4.2515 4.2475 4.2495
4.2523 4.2518 4.2520
4.2424 4.2369 4.2396
4.2537 4.2531 4.2534
4.2524 4.2494 4.2509
4.2515 4.2431 4.2473
4.2535 4.2535 4.2535
4.2539 4.2503 4.2521
4.2501 4.2464 4.2482
4.2463 4.2429 4.2446
4.2380 4.2224 4.2302
4.2500 4.2489 4.2494
4.2506 4.2473 4.2490
4.2538 4.2537 4.2538
4.2537 4.2536 4.2536
4.2532 4.2519 4.2526
4.2532 4.2526 4.2529
4.2536 4.2530 4.2533
4.2537 4.2537 4.2537
4.2538 4.2533 4.2536
4.2537 4.2537 4.2537
4.2531 4.2529 4.2530
4.2536 4.2532 4.2534
4.2536 4.2533 4.2535
4.2539 4.2536 4.2538
4.2534 4.2521 4.2528
4.2536 4.2533 4.2535
4.2534 4.2530 4.2532
4.2539 4.2536 4.2537
4.2531 4.2525 4.2528
4.2539 4.2537 4.2538
4.2537 4.2536 4.2537
4.2539 4.2538 4.2539
4.2538 4.2538 4.2538
4.2539 4.2539 4.2539
4.2539 4.2539 4.2539
4.2539 4.2539 4.2539
4.2539 4.2539 4.2539
4.2539 4.2539 4.2539
4.2539 4.2538 4.2538
4.2539 4.2538 4.2539
4.2539 4.2539 4.2539
4.2539 4.2539 4.2539
4.2539 4.2539 4.2539
4.2539 4.2539 4.2539
4.2539 4.2539 4.2539
4.2539 4.2539 4.2539
4.2539 4.2539 4.2539
4.2539 4.2539 4.2539
4.2539 4.2539 4.2539
4.2539 4.2539 4.2539
4.2539 4.2539 4.2539
4.2539 4.2539 4.2539
4.2539 4.2539 4.2539
4.2539 4.2539 4.2539
4.2539 4.2539 4.2539
4.2539 4.2539 4.2539
4.2539 4.2539 4.2539
4.2539 4.2539 4.2539
4.2539 4.2539 4.2539
4.2539 4.2539 4.2539
4.2539 4.2539 4.2539
4.2539 4.2539 4.2539
4.2539 4.2539 4.2539
4.2539 4.2539 4.2539
4.2539 4.2539 4.2539
4.2539 4.2539 4.2539
4.2539 4.2539 4.2539
4.2539 4.2539 4.2539
4.2539 4.2539 4.2539
4.2539 4.2539 4.2539
4.2539 4.2539 4.2539
4.2539 4.2539 4.2539
4.2539 4.2539 4.2539
4.2539 4.2539 4.2539
4.2539 4.2539 4.2539
4.2539 4.2539 4.2539
4.2539 4.2539 4.2539
4.2539 4.2539 4.2539
4.2539 4.2539 4.2539
4.2539 4.2539 4.2539
4.2539 4.2539 4.2539
4.2539 4.2539 4.2539
4.2539 4.2539 4.2539
4.2539 4.2539 4.2539
4.2539 4.2539 4.2539
4.2539 4.2539 4.2539
4.2539 4.2539 4.2539
4.2539 4.2539 4.2539
4.2539 4.2539 4.2539
4.2539 4.2539 4.2539
4.2539 4.2539 4.2539
4.2539 4.2539 4.2539
4.2539 4.2539 4.2539
4.2539 4.2539 4.2539
4.2539 4.2539 4.2539
4.2539 4.2539 4.2539
4.2539 4.2539 4.2539
4.2539 4.2539 4.2539
4.2539 4.2539 4.2539
4.2539 4.2539 4.2539
4.2539 4.2539 4.2539
4.2539 4.2539 4.2539
4.2539 4.2539 4.2539
4.2539 4.2539 4.2539
4.2539 4.2539 4.2539
4.2539 4.2539 4.2539
4.2539 4.2539 4.2539
4.2539 4.2539 4.2539
4.2539 4.2539 4.2539
4.2539 4.2539 4.2539
4.2539 4.2539 4.2539
4.2539 4.2539 4.2539
4.2539 4.2539 4.2539
