2.6447 2.2439 2.4443
3.1996 3.1111 3.1553
3.4621 2.7329 3.0975
3.1702 3.0467 3.1084
3.5038 3.4625 3.4831
4.0172 3.2023 3.6098
2.7254 2.4290 2.5772
3.2375 2.8497 3.0436
3.1905 3.0477 3.1191
2.8654 2.5786 2.7220
3.2081 3.1166 3.1624
3.2225 2.7867 3.0046
3.3819 3.1100 3.2460
3.8702 3.6376 3.7539
3.7721 3.7231 3.7476
4.0286 3.5205 3.7746
4.1044 3.9067 4.0056
3.7796 3.5247 3.6521
4.1418 3.9001 4.0210
4.2385 3.7131 3.9758
4.2317 4.1108 4.1712
4.2450 4.2349 4.2399
4.1239 3.9303 4.0271
4.2122 4.1925 4.2024
4.2035 4.1401 4.1718
4.2187 4.1911 4.2049
4.2532 4.2448 4.2490
4.2453 3.7479 3.9966
4.2454 4.2443 4.2448
3.7265 3.1409 3.4337
4.1324 4.1314 4.1319
4.2535 4.1592 4.2064
4.1651 3.9750 4.0700
4.2344 4.2312 4.2328
4.2518 4.2508 4.2513
4.2533 4.2477 4.2505
4.2537 4.2515 4.2526
4.2535 4.2512 4.2523
4.2534 4.2519 4.2526
4.2538 4.2537 4.2538
4.2538 4.2538 4.2538
4.2539 4.2539 4.2539
4.2536 4.2534 4.2535
4.2538 4.2537 4.2538
4.2538 4.2538 4.2538
4.2539 4.2538 4.2538
4.2539 4.2538 4.2539
4.2539 4.2538 4.2539
4.2539 4.2539 4.2539
4.2538 4.2538 4.2538
4.2538 4.2538 4.2538
4.2539 4.2539 4.2539
4.2539 4.2539 4.2539
4.2539 4.2538 4.2539
4.2539 4.2539 4.2539
4.2539 4.2539 4.2539
4.2539 4.2539 4.2539
4.2539 4.2539 4.2539
4.2539 4.2539 4.2539
4.2539 4.2539 4.2539
4.2539 4.2539 4.2539
4.2539 4.2539 4.2539
4.2539 4.2539 4.2539
4.2539 4.2539 4.2539
4.2539 4.2539 4.2539
4.2539 4.2539 4.2539
4.2539 4.2539 4.2539
4.2539 4.2539 4.2539
4.2539 4.2539 4.2539
4.2539 4.2539 4.2539
4.2539 4.2539 4.2539
4.2539 4.2539 4.2539
4.2539 4.2539 4.2539
4.2539 4.2539 4.2539
4.2539 4.2539 4.2539
4.2539 4.2539 4.2539
4.2539 4.2539 4.2539
4.2539 4.2539 4.2539
4.2539 4.2539 4.2539
4.2539 4.2539 4.2539
4.2539 4.2539 4.2539
4.2539 4.2539 4.2539
4.2539 4.2539 4.2539
4.2539 4.2539 4.2539
4.2539 4.2539 4.2539
4.2539 4.2539 4.2539
4.2539 4.2539 4.2539
4.2539 4.2539 4.2539
4.2539 4.2539 4.2539
4.2539 4.2539 4.2539
4.2539 4.2539 4.2539
4.2539 4.2539 4.2539
4.2539 4.2539 4.2539
4.2539 4.2539 4.2539
4.2539 4.2539 4.2539
4.2539 4.2539 4.2539
4.2539 4.2539 4.2539
4.2539 4.2539 4.2539
4.2539 4.2539 4.2539
4.2539 4.2539 4.2539
4.2539 4.2539 4.2539
4.2539 4.2539 4.2539
4.2539 4.2539 4.2539
4.2539 4.2539 4.2539
4.2539 4.2539 4.2539
4.2539 4.2539 4.2539
4.2539 4.2539 4.2539
4.2539 4.2539 4.2539
4.2539 4.2539 4.2539
4.2539 4.2539 4.2539
4.2539 4.2539 4.2539
4.2539 4.2539 4.2539
4.2539 4.2539 4.2539
4.2539 4.2539 4.2539
4.2539 4.2539 4.2539
4.2539 4.2539 4.2539
4.2539 4.2539 4.2539
4.2539 4.2539 4.2539
4.2539 4.2539 4.2539
4.2539 4.2539 4.2539
4.2539 4.2539 4.2539
4.2539 4.2539 4.2539
4.2539 4.2539 4.2539
4.2539 4.2539 4.2539
4.2539 4.2539 4.2539
4.2539 4.2539 4.2539
4.2539 4.2539 4.2539
4.2539 4.2539 4.2539
4.2539 4.2539 4.2539
4.2539 4.2539 4.2539
4.2539 4.2539 4.2539
4.2539 4.2539 4.2539
4.2539 4.2539 4.2539
4.2539 4.2539 4.2539
4.2539 4.2539 4.2539
4.2539 4.2539 4.2539
4.2539 4.2539 4.2539
4.2539 4.2539 4.2539
4.2539 4.2539 4.2539
4.2539 4.2539 4.2539
