2.7554 2.1097 2.4326
2.9201 2.0465 2.4833
3.3003 3.2565 3.2784
3.3332 3.2570 3.2951
3.7305 2.9551 3.3428
3.9603 3.7087 3.8345
3.9711 3.7753 3.8732
4.1731 4.0750 4.1241
4.0873 3.9841 4.0357
4.1251 3.9736 4.0493
4.2247 4.1368 4.1807
4.2339 4.2189 4.2264
4.2409 4.2014 4.2212
4.2036 4.1815 4.1925
4.1461 3.9772 4.0617
4.1866 4.1260 4.1563
4.1855 4.1448 4.1651
4.1662 4.1402 4.1532
4.2382 4.1860 4.2121
4.2033 4.1985 4.2009
4.2474 4.1376 4.1925
4.2487 4.2338 4.2413
4.1669 4.0716 4.1193
4.0461 4.0149 4.0305
4.1429 4.0593 4.1011
4.1990 4.1542 4.1766
4.1614 4.1532 4.1573
4.0535 3.9016 3.9776
4.2126 4.1434 4.1780
4.1054 4.0935 4.0995
4.1576 4.1541 4.1558
3.6385 3.4035 3.5210
3.6699 3.5982 3.6340
3.5344 3.5321 3.5332
3.6056 3.5893 3.5974
3.6820 3.6504 3.6662
3.7397 3.6789 3.7093
3.6905 3.6737 3.6821
3.6463 3.6319 3.6391
3.6769 3.6450 3.6609
3.7446 3.7445 3.7445
3.6844 3.6815 3.6830
3.7547 3.7234 3.7391
3.7517 3.7060 3.7288
3.7284 3.6162 3.6723
3.6295 3.4841 3.5568
3.6989 3.1708 3.4349
3.5120 3.3620 3.4370
3.5644 2.9238 3.2441
2.7459 2.6361 2.6910
3.7363 3.7163 3.7263
3.0134 2.9458 2.9796
2.9581 2.3440 2.6510
4.0401 3.7141 3.8771
3.3481 2.7519 3.0500
3.6313 2.7622 3.1968
3.1739 3.1233 3.1486
4.1222 2.8976 3.5099
3.6515 3.2252 3.4383
3.7370 3.7193 3.7281
3.5915 3.2187 3.4051
3.9662 3.4983 3.7323
4.1527 3.9936 4.0731
3.9828 3.9685 3.9757
4.2457 4.1724 4.2090
3.8956 3.7044 3.8000
4.2222 3.3942 3.8082
4.0066 3.1761 3.5913
3.5373 3.4916 3.5144
3.2893 3.2355 3.2624
3.6640 2.3642 3.0141
2.5259 2.2936 2.4097
3.5154 3.0019 3.2587
2.9618 2.2904 2.6261
3.3409 2.7959 3.0684
3.3554 3.1194 3.2374
3.4510 2.8535 3.1523
3.3001 3.2962 3.2981
3.3804 2.8609 3.1206
3.3935 3.1881 3.2908
