3.4088 2.8807 3.1448
2.8430 2.3249 2.5839
2.9589 2.1155 2.5372
2.9148 2.6935 2.8042
2.5231 2.3501 2.4366
2.8787 2.6300 2.7543
2.6099 2.4083 2.5091
3.1362 2.9377 3.0370
3.4655 3.0349 3.2502
3.5418 2.6019 3.0718
3.7131 3.6875 3.7003
3.6121 3.1326 3.3723
3.5716 3.5542 3.5629
3.6358 2.9724 3.3041
3.7333 3.4634 3.5984
3.5347 3.4333 3.4840
3.6918 3.5790 3.6354
3.7535 3.7371 3.7453
3.7463 3.7102 3.7282
3.7205 3.7157 3.7181
3.7394 3.7376 3.7385
3.7514 3.7495 3.7504
3.7531 3.7498 3.7514
3.7541 3.7536 3.7538
3.7545 3.7543 3.7544
3.7529 3.7523 3.7526
3.7547 3.7538 3.7542
3.7545 3.7542 3.7544
3.7547 3.7547 3.7547
3.7543 3.7540 3.7542
3.7547 3.7546 3.7546
3.7546 3.7546 3.7546
3.7547 3.7544 3.7545
3.7547 3.7547 3.7547
3.7547 3.7546 3.7547
3.7547 3.7545 3.7546
3.7546 3.7545 3.7545
3.7547 3.7545 3.7546
3.7547 3.7545 3.7546
3.7547 3.7545 3.7546
3.7547 3.7547 3.7547
3.7547 3.7547 3.7547
3.7547 3.7547 3.7547
3.7547 3.7547 3.7547
3.7547 3.7547 3.7547
3.7547 3.7547 3.7547
3.7547 3.7547 3.7547
3.7547 3.7547 3.7547
3.7547 3.7547 3.7547
3.7547 3.7547 3.7547
3.7547 3.7547 3.7547
3.7547 3.7547 3.7547
3.7547 3.7547 3.7547
3.7547 3.7547 3.7547
3.7547 3.7547 3.7547
3.7547 3.7547 3.7547
3.7547 3.7547 3.7547
3.7547 3.7547 3.7547
3.7547 3.7547 3.7547
3.7547 3.7547 3.7547
3.7547 3.7547 3.7547
3.7547 3.7547 3.7547
3.7547 3.7547 3.7547
3.7547 3.7547 3.7547
3.7547 3.7547 3.7547
3.7547 3.7547 3.7547
3.7547 3.7547 3.7547
3.7547 3.7547 3.7547
3.7547 3.7547 3.7547
3.7547 3.7547 3.7547
3.7547 3.7547 3.7547
3.7547 3.7547 3.7547
3.7547 3.7547 3.7547
3.7547 3.7547 3.7547
3.7547 3.7547 3.7547
3.7547 3.7547 3.7547
3.7547 3.7547 3.7547
3.7547 3.7547 3.7547
3.7547 3.7547 3.7547
3.7547 3.7547 3.7547
