2.2203 2.1216 2.1709
2.7470 2.6700 2.7085
3.5118 3.2510 3.3814
3.1991 2.7529 2.9760
3.1112 2.8372 2.9742
3.6207 2.9083 3.2645
2.5423 2.5203 2.5313
2.8895 2.8740 2.8818
3.8367 3.6550 3.7459
3.7146 3.5570 3.6358
2.8866 2.8737 2.8802
3.5230 3.1750 3.3490
3.8738 3.1512 3.5125
4.0133 2.1383 3.0758
2.4057 2.1577 2.2817
2.5199 2.3310 2.4255
2.7411 2.5806 2.6609
2.9729 2.9373 2.9551
3.0960 2.8007 2.9484
3.0450 2.6695 2.8573
3.7290 3.5612 3.6451
3.4547 3.3432 3.3989
3.3961 2.3381 2.8671
3.1534 3.0428 3.0981
3.7547 3.1580 3.4564
3.6894 3.6824 3.6859
3.7122 3.1841 3.4482
3.6791 3.2978 3.4884
3.5092 3.0871 3.2981
4.0580 3.6805 3.8693
3.7236 3.5735 3.6486
3.7547 3.6213 3.6880
3.6520 3.4929 3.5724
3.6549 3.6238 3.6394
3.4524 3.4098 3.4311
3.6184 3.4217 3.5200
3.5548 3.4105 3.4827
3.5404 3.1249 3.3327
4.2322 4.1623 4.1973
3.7432 3.6388 3.6910
3.1690 3.0525 3.1107
4.2140 3.5052 3.8596
4.2338 4.2232 4.2285
4.0239 4.0164 4.0201
4.2073 4.1056 4.1564
4.0698 2.8774 3.4736
4.2182 3.8559 4.0371
3.8226 3.7230 3.7728
4.1616 3.6848 3.9232
3.5369 3.5297 3.5333
4.0287 3.5169 3.7728
3.8306 3.6018 3.7162
3.1267 2.6714 2.8991
3.5977 3.5122 3.5549
3.7269 3.4684 3.5976
2.6227 2.4866 2.5547
3.8355 3.3833 3.6094
3.6428 3.5136 3.5782
4.2374 4.1357 4.1865
4.1263 3.4510 3.7886
4.2178 3.6118 3.9148
4.0413 3.9509 3.9961
4.2410 4.0907 4.1658
4.1096 4.0469 4.0783
4.2255 4.1566 4.1910
4.2342 4.1727 4.2034
4.1573 4.1474 4.1524
4.2094 4.2059 4.2076
4.2223 4.2161 4.2192
4.2247 4.2010 4.2129
4.2492 4.2453 4.2472
4.2464 4.2461 4.2463
4.2399 4.2320 4.2359
4.2489 4.2474 4.2481
4.2530 4.2426 4.2478
4.2494 4.2452 4.2473
4.2430 4.2104 4.2267
4.2518 4.2418 4.2468
4.2459 4.2430 4.2444
4.2475 4.2446 4.2461
