2.1819 2.1470 2.1645
2.7128 2.6428 2.6778
2.5554 2.1411 2.3483
2.6568 2.6273 2.6421
3.3973 2.7350 3.0661
3.4768 3.2959 3.3863
3.9746 3.1010 3.5378
3.5745 3.0606 3.3176
3.2533 3.2286 3.2410
4.0310 3.4436 3.7373
3.8963 3.7032 3.7997
3.4713 3.3249 3.3981
2.7860 2.6243 2.7052
2.8318 2.7406 2.7862
3.2905 3.0850 3.1877
2.7927 2.3530 2.5729
2.9297 2.3406 2.6351
3.0265 2.8728 2.9497
3.6873 3.5680 3.6277
3.0305 2.4857 2.7581
2.9955 2.1323 2.5639
2.2539 2.2224 2.2382
2.8796 2.7554 2.8175
3.6108 3.3254 3.4681
1.9182 1.8433 1.8807
3.6334 2.5103 3.0719
3.0009 2.5776 2.7893
3.0293 2.5500 2.7897
2.7568 2.4123 2.5845
3.3208 2.7646 3.0427
3.3377 3.1117 3.2247
3.1708 2.9859 3.0783
2.6941 2.5258 2.6100
4.2535 2.6005 3.4270
3.0665 2.5579 2.8122
1.9349 1.2674 1.6012
2.7466 2.4578 2.6022
2.4320 2.2051 2.3186
2.5757 2.5312 2.5535
2.2482 2.1410 2.1946
2.5195 1.9648 2.2422
3.3625 2.9360 3.1493
2.6653 2.5329 2.5991
1.9749 1.9685 1.9717
3.6186 2.7481 3.1833
1.8100 1.7997 1.8048
2.7362 2.6789 2.7075
2.2295 2.0698 2.1496
3.0510 2.5212 2.7861
2.8001 2.7858 2.7929
2.9828 2.9673 2.9751
3.0952 2.8826 2.9889
2.9345 2.8628 2.8987
3.2173 2.9223 3.0698
3.5246 3.4973 3.5110
3.2304 2.9820 3.1062
4.1882 3.2225 3.7054
4.2306 4.1831 4.2069
4.2387 3.9913 4.1150
3.7300 3.5861 3.6580
3.4848 3.4216 3.4532
4.0294 3.9314 3.9804
4.1964 4.0545 4.1254
4.2501 4.0404 4.1453
4.2343 4.0562 4.1452
4.0123 3.9256 3.9690
4.1744 4.0280 4.1012
4.2113 4.0910 4.1511
4.1863 4.1637 4.1750
4.1875 4.0087 4.0981
4.2130 4.1989 4.2060
4.2292 4.1951 4.2122
4.1619 3.9276 4.0447
3.9103 3.9005 3.9054
4.1497 3.7960 3.9729
4.1666 4.1173 4.1419
4.2103 3.5710 3.8907
4.1528 3.6455 3.8992
3.5703 3.5412 3.5558
3.5047 3.4516 3.4781
