2.1780 1.6205 1.8993
1.9229 1.6913 1.8071
1.9322 1.9024 1.9173
2.2172 1.8465 2.0318
2.6357 1.9542 2.2949
2.5381 2.1422 2.3401
2.6089 2.2412 2.4250
3.2458 3.1971 3.2214
3.2115 3.0993 3.1554
2.5744 2.5687 2.5715
3.2035 3.0648 3.1341
3.2548 3.2125 3.2337
3.2373 3.2211 3.2292
3.2515 3.2506 3.2510
3.2355 3.2321 3.2338
3.2082 3.1687 3.1885
3.2120 3.1674 3.1897
3.2286 3.2123 3.2205
3.2450 3.2123 3.2287
3.2560 3.2386 3.2473
3.2060 3.2016 3.2038
3.2559 3.2495 3.2527
3.2501 3.2419 3.2460
3.2560 3.2403 3.2482
3.2497 3.2270 3.2383
3.2551 3.2456 3.2503
3.2542 3.2516 3.2529
3.2553 3.2529 3.2541
3.2563 3.2531 3.2547
3.2536 3.2513 3.2524
3.2555 3.2541 3.2548
3.2558 3.2555 3.2556
3.2559 3.2555 3.2557
3.2568 3.2566 3.2567
3.2550 3.2537 3.2544
3.2519 3.2463 3.2491
3.2560 3.2544 3.2552
3.2516 3.2511 3.2513
3.2507 3.2462 3.2484
3.2568 3.2565 3.2566
3.2568 3.2567 3.2567
3.2567 3.2566 3.2566
3.2569 3.2561 3.2565
3.2569 3.2566 3.2568
3.2567 3.2547 3.2557
3.2564 3.2561 3.2563
3.2555 3.2550 3.2553
3.2569 3.2565 3.2567
3.2569 3.2568 3.2568
3.2568 3.2561 3.2565
3.2564 3.2557 3.2560
3.2569 3.2566 3.2567
3.2569 3.2569 3.2569
3.2568 3.2563 3.2566
3.2559 3.2549 3.2554
3.2567 3.2565 3.2566
3.2565 3.2565 3.2565
3.2569 3.2569 3.2569
3.2569 3.2569 3.2569
3.2569 3.2569 3.2569
3.2569 3.2569 3.2569
3.2569 3.2569 3.2569
3.2569 3.2569 3.2569
3.2569 3.2569 3.2569
3.2569 3.2569 3.2569
3.2569 3.2569 3.2569
3.2569 3.2569 3.2569
3.2569 3.2569 3.2569
3.2569 3.2569 3.2569
3.2569 3.2569 3.2569
3.2569 3.2569 3.2569
3.2569 3.2569 3.2569
3.2569 3.2569 3.2569
3.2569 3.2569 3.2569
3.2569 3.2569 3.2569
3.2569 3.2569 3.2569
3.2569 3.2569 3.2569
3.2569 3.2569 3.2569
3.2569 3.2569 3.2569
3.2569 3.2569 3.2569
