1.8768 1.7376 1.8072
2.1007 1.9789 2.0398
1.8026 1.6193 1.7109
2.1815 2.1027 2.1421
2.1350 1.9517 2.0433
1.9832 1.8729 1.9281
2.1000 2.0772 2.0886
2.1949 2.1751 2.1850
2.2487 2.1477 2.1982
2.2583 2.1852 2.2218
2.2592 2.2481 2.2536
2.2590 2.2582 2.2586
2.2572 2.2529 2.2550
2.2523 2.2382 2.2452
2.2599 2.2581 2.2590
2.2591 2.2543 2.2567
2.2344 2.2208 2.2276
2.2564 2.2485 2.2525
2.2565 2.2467 2.2516
2.2600 2.2468 2.2534
2.2590 2.2136 2.2363
2.2530 2.1789 2.2160
2.2508 2.2473 2.2491
2.2264 2.2006 2.2135
2.2431 2.2068 2.2250
2.2356 2.2247 2.2301
2.2546 2.2528 2.2537
2.2597 2.2574 2.2585
2.2596 2.2592 2.2594
2.2596 2.2589 2.2593
2.2567 2.2561 2.2564
2.2568 2.2566 2.2567
2.2588 2.2586 2.2587
2.2588 2.2565 2.2576
2.2583 2.2581 2.2582
2.2599 2.2598 2.2598
2.2595 2.2592 2.2594
2.2600 2.2598 2.2599
2.2592 2.2591 2.2591
2.2596 2.2592 2.2594
2.2599 2.2599 2.2599
2.2599 2.2599 2.2599
2.2599 2.2598 2.2599
2.2599 2.2599 2.2599
2.2599 2.2599 2.2599
2.2600 2.2599 2.2599
2.2598 2.2597 2.2597
2.2599 2.2599 2.2599
2.2600 2.2600 2.2600
2.2599 2.2596 2.2597
2.2599 2.2593 2.2596
2.2599 2.2598 2.2599
2.2598 2.2594 2.2596
2.2599 2.2599 2.2599
2.2599 2.2599 2.2599
2.2599 2.2598 2.2598
2.2600 2.2600 2.2600
2.2600 2.2599 2.2600
2.2597 2.2597 2.2597
2.2600 2.2598 2.2599
2.2599 2.2599 2.2599
2.2599 2.2598 2.2599
2.2597 2.2596 2.2596
2.2600 2.2597 2.2598
2.2598 2.2597 2.2598
2.2598 2.2596 2.2597
2.2598 2.2597 2.2598
2.2597 2.2593 2.2595
2.2598 2.2595 2.2596
2.2600 2.2599 2.2599
2.2600 2.2597 2.2598
2.2600 2.2599 2.2599
2.2600 2.2600 2.2600
2.2600 2.2600 2.2600
2.2598 2.2596 2.2597
2.2599 2.2598 2.2599
2.2600 2.2600 2.2600
2.2599 2.2599 2.2599
2.2599 2.2599 2.2599
2.2599 2.2599 2.2599
