2.2346 2.1751 2.2048
2.5846 2.4997 2.5422
2.7040 2.5704 2.6372
2.9039 2.2713 2.5876
2.7126 2.4489 2.5807
3.2564 2.5766 2.9165
3.1603 2.6172 2.8887
2.7462 2.6910 2.7186
2.6339 2.6028 2.6183
2.7711 2.6605 2.7158
3.3411 2.9418 3.1415
2.9756 2.9502 2.9629
3.6282 3.3228 3.4755
3.4451 3.2431 3.3441
3.5780 2.9759 3.2769
4.2288 3.7177 3.9732
3.7664 3.7374 3.7519
3.5530 3.3566 3.4548
4.2413 3.5534 3.8973
3.7275 3.4410 3.5842
3.4890 3.1362 3.3126
3.6356 3.1901 3.4129
3.7188 3.2045 3.4617
3.4865 2.8526 3.1695
3.7196 3.5527 3.6362
3.7300 3.5812 3.6556
4.0601 3.7871 3.9236
3.7060 3.6771 3.6916
4.1815 4.1159 4.1487
4.1659 4.1138 4.1399
4.1055 3.8939 3.9997
3.8206 3.7669 3.7938
4.1648 3.9632 4.0640
4.0721 4.0422 4.0571
4.2480 3.9317 4.0898
4.2394 4.2174 4.2284
4.2133 4.1907 4.2020
4.1055 4.0372 4.0713
4.2089 4.1670 4.1879
4.2417 4.0097 4.1257
4.1843 4.0365 4.1104
4.0263 3.8771 3.9517
4.2182 4.1821 4.2002
4.2366 4.2264 4.2315
4.2532 4.2438 4.2485
4.2538 4.2532 4.2535
4.2360 4.2281 4.2321
4.2231 4.2208 4.2219
4.2259 4.2207 4.2233
4.2487 4.2477 4.2482
4.2510 4.2507 4.2509
4.2532 4.2527 4.2530
4.2537 4.2532 4.2534
4.2532 4.2522 4.2527
4.2530 4.2526 4.2528
4.2536 4.2535 4.2536
4.2537 4.2535 4.2536
4.2536 4.2536 4.2536
4.2539 4.2533 4.2536
4.2539 4.2526 4.2532
4.2522 4.2514 4.2518
4.2498 4.2485 4.2491
4.2532 4.2530 4.2531
4.2539 4.2538 4.2538
4.2538 4.2538 4.2538
4.2538 4.2536 4.2537
4.2539 4.2536 4.2537
4.2539 4.2537 4.2538
4.2539 4.2538 4.2538
4.2538 4.2538 4.2538
4.2538 4.2538 4.2538
4.2539 4.2539 4.2539
4.2539 4.2538 4.2538
4.2538 4.2538 4.2538
4.2539 4.2539 4.2539
4.2539 4.2539 4.2539
4.2539 4.2539 4.2539
4.2539 4.2539 4.2539
4.2539 4.2539 4.2539
4.2539 4.2539 4.2539
