1.7503 1.6247 1.6875
2.5334 2.2529 2.3931
3.1293 2.5345 2.8319
2.6943 2.6051 2.6497
2.9554 2.9344 2.9449
2.5182 2.4710 2.4946
3.1418 2.8967 3.0193
2.4304 2.4002 2.4153
2.9547 2.8687 2.9117
3.1957 2.9836 3.0896
2.8829 2.7063 2.7946
2.7666 2.7532 2.7599
2.6881 2.6362 2.6621
2.7316 2.7099 2.7207
2.6463 2.6232 2.6348
2.7507 2.7191 2.7349
2.7639 2.7585 2.7612
2.7717 2.7702 2.7709
2.7666 2.7533 2.7599
2.7715 2.7668 2.7691
2.7636 2.7636 2.7636
2.7712 2.7699 2.7706
2.7710 2.7695 2.7702
2.7704 2.7696 2.7700
2.7698 2.7695 2.7696
2.7717 2.7715 2.7716
2.7716 2.7709 2.7712
2.7714 2.7710 2.7712
2.7717 2.7714 2.7715
2.7716 2.7707 2.7711
2.7714 2.7695 2.7704
2.7717 2.7708 2.7713
2.7715 2.7715 2.7715
2.7717 2.7716 2.7716
2.7717 2.7716 2.7716
2.7717 2.7717 2.7717
2.7717 2.7717 2.7717
2.7717 2.7716 2.7717
2.7717 2.7717 2.7717
2.7717 2.7717 2.7717
2.7717 2.7717 2.7717
2.7717 2.7717 2.7717
2.7717 2.7717 2.7717
2.7717 2.7717 2.7717
2.7718 2.7717 2.7717
2.7717 2.7717 2.7717
2.7717 2.7717 2.7717
2.7717 2.7717 2.7717
2.7717 2.7717 2.7717
2.7717 2.7717 2.7717
2.7717 2.7717 2.7717
2.7717 2.7717 2.7717
2.7717 2.7717 2.7717
2.7717 2.7717 2.7717
2.7718 2.7717 2.7717
2.7717 2.7717 2.7717
2.7717 2.7717 2.7717
2.7717 2.7717 2.7717
2.7717 2.7717 2.7717
2.7717 2.7717 2.7717
2.7718 2.7717 2.7717
2.7718 2.7717 2.7717
2.7717 2.7717 2.7717
2.7718 2.7718 2.7718
2.7717 2.7717 2.7717
2.7717 2.7717 2.7717
2.7717 2.7717 2.7717
2.7718 2.7717 2.7717
2.7717 2.7717 2.7717
2.7717 2.7717 2.7717
2.7717 2.7717 2.7717
2.7718 2.7717 2.7718
2.7717 2.7717 2.7717
2.7717 2.7717 2.7717
2.7718 2.7718 2.7718
2.7718 2.7718 2.7718
2.7718 2.7718 2.7718
2.7718 2.7718 2.7718
2.7718 2.7718 2.7718
2.7718 2.7718 2.7718
2.7718 2.7718 2.7718
2.7718 2.7718 2.7718
2.7718 2.7717 2.7717
2.7718 2.7718 2.7718
2.7718 2.7718 2.7718
2.7718 2.7717 2.7717
2.7717 2.7717 2.7717
2.7718 2.7717 2.7717
2.7718 2.7718 2.7718
2.7718 2.7718 2.7718
2.7718 2.7718 2.7718
2.7718 2.7718 2.7718
2.7718 2.7718 2.7718
2.7718 2.7718 2.7718
2.7718 2.7718 2.7718
2.7718 2.7718 2.7718
2.7718 2.7717 2.7718
2.7718 2.7718 2.7718
2.7717 2.7717 2.7717
2.7718 2.7718 2.7718
2.7718 2.7718 2.7718
2.7718 2.7718 2.7718
2.7718 2.7718 2.7718
2.7718 2.7718 2.7718
2.7718 2.7718 2.7718
2.7718 2.7717 2.7717
2.7718 2.7718 2.7718
2.7718 2.7718 2.7718
2.7718 2.7718 2.7718
2.7718 2.7718 2.7718
2.7718 2.7718 2.7718
2.7718 2.7718 2.7718
2.7718 2.7718 2.7718
2.7718 2.7718 2.7718
2.7718 2.7718 2.7718
2.7718 2.7718 2.7718
2.7718 2.7718 2.7718
2.7718 2.7718 2.7718
2.7718 2.7718 2.7718
2.7718 2.7718 2.7718
2.7718 2.7718 2.7718
2.7718 2.7718 2.7718
2.7718 2.7718 2.7718
2.7718 2.7718 2.7718
2.7718 2.7718 2.7718
2.7718 2.7718 2.7718
2.7718 2.7718 2.7718
2.7718 2.7718 2.7718
2.7718 2.7718 2.7718
2.7718 2.7718 2.7718
2.7718 2.7718 2.7718
2.7718 2.7718 2.7718
2.7718 2.7718 2.7718
2.7718 2.7718 2.7718
2.7718 2.7718 2.7718
2.7718 2.7718 2.7718
2.7718 2.7718 2.7718
2.7718 2.7718 2.7718
2.7718 2.7718 2.7718
2.7718 2.7718 2.7718
