2.1529 2.0957 2.1243
2.5742 2.4932 2.5337
3.6814 3.3719 3.5267
2.9593 2.3939 2.6766
3.4005 3.2019 3.3012
3.2324 2.9819 3.1071
2.9015 2.2623 2.5819
3.1881 2.6774 2.9328
2.8709 2.8139 2.8424
2.6238 2.6169 2.6204
2.5964 2.5625 2.5795
3.2226 2.7644 2.9935
3.2540 2.7514 3.0027
2.8754 2.8300 2.8527
3.1541 3.0937 3.1239
3.2218 3.1883 3.2050
3.2202 3.1237 3.1720
3.2026 3.2024 3.2025
3.1233 3.1012 3.1122
3.1819 3.1040 3.1430
3.0131 2.9589 2.9860
3.1846 3.0450 3.1148
3.2253 3.2183 3.2218
3.2018 3.0737 3.1378
2.9556 2.9397 2.9477
3.0014 2.9515 2.9765
3.2042 3.1935 3.1988
3.2335 3.1983 3.2159
3.2482 3.2431 3.2457
3.2554 3.2510 3.2532
3.2541 3.2354 3.2448
3.2222 3.2191 3.2207
3.2533 3.2494 3.2514
3.2561 3.2429 3.2495
3.2562 3.2410 3.2486
3.1838 3.1637 3.1738
3.2158 2.9993 3.1075
3.2531 3.2415 3.2473
3.0367 2.9996 3.0182
3.0015 2.6187 2.8101
2.9149 2.8143 2.8646
3.1711 3.1593 3.1652
3.2381 3.2167 3.2274
3.2466 3.2440 3.2453
3.2480 3.2381 3.2431
3.2311 3.2006 3.2158
3.2492 3.1468 3.1980
3.2514 3.1731 3.2122
3.1550 2.9990 3.0770
3.1629 3.1162 3.1396
3.2390 3.1946 3.2168
3.2481 3.2465 3.2473
3.2524 3.2473 3.2498
3.2472 3.2115 3.2293
3.2560 3.1682 3.2121
3.2209 3.1994 3.2102
3.2554 3.2542 3.2548
3.2365 3.2326 3.2346
3.2489 3.2465 3.2477
3.2562 3.2552 3.2557
3.2543 3.2535 3.2539
3.2558 3.2543 3.2550
3.2534 3.2516 3.2525
3.2564 3.2563 3.2563
3.2566 3.2538 3.2552
3.2566 3.2565 3.2565
3.2557 3.2555 3.2556
3.2556 3.2547 3.2551
3.2565 3.2558 3.2561
3.2567 3.2543 3.2555
3.2569 3.2566 3.2568
3.2569 3.2568 3.2568
3.2567 3.2565 3.2566
3.2569 3.2569 3.2569
3.2569 3.2569 3.2569
3.2569 3.2569 3.2569
3.2569 3.2569 3.2569
3.2569 3.2569 3.2569
3.2569 3.2569 3.2569
3.2569 3.2569 3.2569
