3.5532 2.8001 3.1767
2.4857 2.0879 2.2868
2.8298 2.7929 2.8113
3.5009 3.4092 3.4550
4.0857 4.0151 4.0504
2.4994 2.1845 2.3420
3.4340 3.2510 3.3425
4.2164 4.1767 4.1966
4.1467 3.5245 3.8356
4.1359 4.0480 4.0919
4.2273 3.6702 3.9487
3.5497 3.4620 3.5059
3.6348 3.5830 3.6089
3.2594 3.1678 3.2136
3.2346 2.9733 3.1039
3.3796 3.0786 3.2291
3.6122 3.4752 3.5437
3.6490 3.5648 3.6069
3.7363 3.7074 3.7219
3.5932 3.3815 3.4874
4.2345 4.2262 4.2304
4.1702 4.1268 4.1485
4.2359 4.2264 4.2312
4.2507 4.2290 4.2399
4.2338 4.2285 4.2312
4.2385 4.2303 4.2344
4.2471 4.2325 4.2398
4.2405 4.2044 4.2224
4.2348 4.2264 4.2306
4.2528 4.2358 4.2443
4.2370 4.2361 4.2366
4.2509 4.2432 4.2471
4.2524 4.2515 4.2519
4.2512 4.2459 4.2486
4.2431 4.2308 4.2369
4.2512 4.2498 4.2505
4.2529 4.2449 4.2489
4.2521 4.2501 4.2511
4.2459 4.2457 4.2458
4.2538 4.2475 4.2506
4.2439 4.2285 4.2362
4.2462 4.2225 4.2344
4.2523 4.2452 4.2487
4.2512 4.2464 4.2488
4.2524 4.2469 4.2497
4.2534 4.2530 4.2532
4.2519 4.2518 4.2518
4.2535 4.2528 4.2532
4.2521 4.2496 4.2509
4.2533 4.2528 4.2530
4.2526 4.2459 4.2492
4.2526 4.2518 4.2522
4.2530 4.2525 4.2528
4.2530 4.2524 4.2527
4.2538 4.2537 4.2537
4.2534 4.2534 4.2534
4.2539 4.2537 4.2538
4.2537 4.2537 4.2537
4.2538 4.2538 4.2538
4.2539 4.2539 4.2539
4.2538 4.2538 4.2538
4.2539 4.2538 4.2538
4.2538 4.2538 4.2538
4.2539 4.2538 4.2539
4.2535 4.2535 4.2535
4.2539 4.2538 4.2539
4.2539 4.2539 4.2539
4.2539 4.2538 4.2539
4.2539 4.2539 4.2539
4.2539 4.2539 4.2539
4.2539 4.2539 4.2539
4.2539 4.2539 4.2539
4.2539 4.2539 4.2539
4.2539 4.2539 4.2539
4.2539 4.2539 4.2539
4.2539 4.2539 4.2539
4.2539 4.2539 4.2539
4.2539 4.2539 4.2539
4.2539 4.2539 4.2539
4.2539 4.2539 4.2539
