1.8667 1.7768 1.8217
2.2614 2.2511 2.2563
2.7237 2.4260 2.5748
2.7157 2.5192 2.6174
3.6058 3.4108 3.5083
3.1362 2.9148 3.0255
3.5134 2.1513 2.8324
4.1484 3.9499 4.0492
3.7572 3.4488 3.6030
4.2338 4.1566 4.1952
3.7873 3.5421 3.6647
3.6201 3.1552 3.3876
3.9017 3.4032 3.6525
3.7388 3.6852 3.7120
4.0659 4.0483 4.0571
3.3010 3.1228 3.2119
3.9424 3.6445 3.7934
4.1482 3.3040 3.7261
4.2102 4.1760 4.1931
4.2205 4.1699 4.1952
4.2286 4.2245 4.2266
4.2340 4.2229 4.2285
4.2462 4.2355 4.2408
4.2435 4.2420 4.2428
4.2527 4.2501 4.2514
4.2510 4.2500 4.2505
4.2453 4.2401 4.2427
4.2532 4.2529 4.2530
4.2534 4.2525 4.2530
4.2536 4.2530 4.2533
4.2539 4.2536 4.2537
4.2533 4.2533 4.2533
4.2538 4.2536 4.2537
4.2537 4.2536 4.2536
4.2539 4.2538 4.2539
4.2539 4.2538 4.2538
4.2539 4.2539 4.2539
4.2539 4.2538 4.2538
4.2538 4.2538 4.2538
4.2539 4.2539 4.2539
4.2539 4.2539 4.2539
4.2539 4.2539 4.2539
4.2539 4.2539 4.2539
4.2538 4.2538 4.2538
4.2539 4.2538 4.2538
4.2538 4.2538 4.2538
4.2538 4.2537 4.2537
4.2538 4.2538 4.2538
4.2538 4.2538 4.2538
4.2539 4.2538 4.2538
4.2538 4.2538 4.2538
4.2539 4.2538 4.2538
4.2539 4.2539 4.2539
4.2539 4.2539 4.2539
4.2539 4.2539 4.2539
4.2539 4.2539 4.2539
4.2539 4.2539 4.2539
4.2539 4.2539 4.2539
4.2539 4.2539 4.2539
4.2539 4.2539 4.2539
4.2539 4.2539 4.2539
4.2539 4.2539 4.2539
4.2539 4.2539 4.2539
4.2539 4.2539 4.2539
4.2539 4.2539 4.2539
4.2539 4.2539 4.2539
4.2539 4.2539 4.2539
4.2539 4.2539 4.2539
4.2539 4.2539 4.2539
4.2539 4.2539 4.2539
4.2539 4.2539 4.2539
4.2539 4.2539 4.2539
4.2539 4.2539 4.2539
4.2539 4.2539 4.2539
4.2539 4.2539 4.2539
4.2539 4.2539 4.2539
4.2539 4.2539 4.2539
4.2539 4.2539 4.2539
4.2539 4.2539 4.2539
4.2539 4.2539 4.2539
4.2539 4.2539 4.2539
4.2539 4.2539 4.2539
4.2539 4.2539 4.2539
4.2539 4.2539 4.2539
4.2539 4.2539 4.2539
4.2539 4.2539 4.2539
4.2539 4.2539 4.2539
4.2539 4.2539 4.2539
4.2539 4.2539 4.2539
4.2539 4.2539 4.2539
4.2539 4.2539 4.2539
4.2539 4.2539 4.2539
4.2539 4.2539 4.2539
4.2539 4.2539 4.2539
4.2539 4.2539 4.2539
4.2539 4.2539 4.2539
4.2539 4.2539 4.2539
4.2539 4.2539 4.2539
4.2539 4.2539 4.2539
4.2539 4.2539 4.2539
4.2539 4.2539 4.2539
4.2539 4.2539 4.2539
4.2539 4.2539 4.2539
4.2539 4.2539 4.2539
4.2539 4.2539 4.2539
4.2539 4.2539 4.2539
4.2539 4.2539 4.2539
4.2539 4.2539 4.2539
4.2539 4.2539 4.2539
4.2539 4.2539 4.2539
4.2539 4.2539 4.2539
4.2539 4.2539 4.2539
4.2539 4.2539 4.2539
4.2539 4.2539 4.2539
4.2539 4.2539 4.2539
4.2539 4.2539 4.2539
4.2539 4.2539 4.2539
4.2539 4.2539 4.2539
4.2539 4.2539 4.2539
4.2539 4.2539 4.2539
4.2539 4.2539 4.2539
4.2539 4.2539 4.2539
4.2539 4.2539 4.2539
4.2539 4.2539 4.2539
4.2539 4.2539 4.2539
4.2539 4.2539 4.2539
4.2539 4.2539 4.2539
4.2539 4.2539 4.2539
4.2539 4.2539 4.2539
4.2539 4.2539 4.2539
4.2539 4.2539 4.2539
4.2539 4.2539 4.2539
4.2539 4.2539 4.2539
4.2539 4.2539 4.2539
4.2539 4.2539 4.2539
4.2539 4.2539 4.2539
4.2539 4.2539 4.2539
4.2539 4.2539 4.2539
4.2539 4.2539 4.2539
4.2539 4.2539 4.2539
