2.0636 1.9514 2.0075
2.4743 2.1917 2.3330
3.0430 2.6391 2.8410
3.5411 2.3555 2.9483
2.7678 2.4377 2.6027
3.0943 3.0842 3.0892
3.6436 3.5814 3.6125
4.2315 2.6494 3.4404
2.6453 2.4729 2.5591
2.9435 2.4175 2.6805
3.6017 3.1531 3.3774
3.4131 1.9307 2.6719
3.6128 2.5951 3.1039
2.7042 2.5604 2.6323
2.5187 2.3855 2.4521
2.7519 2.3865 2.5692
3.5642 3.1770 3.3706
2.6052 2.3696 2.4874
2.5670 2.1873 2.3772
3.4355 3.4302 3.4329
3.0303 2.6846 2.8574
2.5919 2.3807 2.4863
2.8647 2.2686 2.5666
3.1642 2.6973 2.9307
2.6073 2.4651 2.5362
3.0992 2.9952 3.0472
2.5561 2.4934 2.5247
3.5842 2.7463 3.1652
3.2000 3.1068 3.1534
3.8838 3.5080 3.6959
3.3741 2.5620 2.9681
3.3291 3.1991 3.2641
3.3688 3.1066 3.2377
4.0828 3.5351 3.8089
3.2326 3.0813 3.1570
3.6085 3.6032 3.6058
4.2534 3.7198 3.9866
3.4993 3.2392 3.3692
4.1614 3.3723 3.7668
4.0761 3.4447 3.7604
3.9734 3.9687 3.9710
3.7477 3.4835 3.6156
4.1791 4.0525 4.1158
4.1174 4.0103 4.0639
4.2330 4.1672 4.2001
4.1642 3.9246 4.0444
3.2914 3.2303 3.2608
4.2098 4.0905 4.1501
4.2085 4.1541 4.1813
4.1007 4.0807 4.0907
3.8643 3.7310 3.7976
4.2188 4.1938 4.2063
4.1811 4.1664 4.1738
4.1315 4.1079 4.1197
4.1790 4.1419 4.1605
4.2474 4.1567 4.2020
4.2338 4.2146 4.2242
4.2089 4.1770 4.1930
4.2385 4.1556 4.1971
4.1636 4.0718 4.1177
4.2267 4.1874 4.2070
4.0984 4.0975 4.0979
4.2078 3.9554 4.0816
4.1838 4.1743 4.1791
4.2329 4.1819 4.2074
4.2136 4.2010 4.2073
4.2085 4.1268 4.1677
4.2279 4.2099 4.2189
4.2506 4.2468 4.2487
4.2524 4.2482 4.2503
4.2418 4.2299 4.2359
4.2467 4.2414 4.2441
4.2530 4.2513 4.2521
4.2537 4.2511 4.2524
4.2526 4.2489 4.2507
4.2526 4.2501 4.2514
4.2527 4.2502 4.2515
4.2508 4.2325 4.2417
4.2536 4.2523 4.2529
4.2251 4.2212 4.2232
