2.3843 2.2379 2.3111
3.5697 2.7021 3.1359
3.5948 3.1995 3.3972
3.3344 3.2053 3.2698
4.1551 4.1409 4.1480
3.8158 3.0154 3.4156
4.1507 4.0208 4.0857
3.9355 3.9157 3.9256
4.1876 4.0250 4.1063
4.0958 3.9706 4.0332
4.0190 3.7500 3.8845
3.9400 3.5785 3.7593
3.6647 3.6458 3.6552
4.1829 4.1684 4.1757
4.2136 4.1595 4.1866
4.2509 4.2086 4.2297
4.2485 4.2331 4.2408
4.1848 3.9818 4.0833
4.2469 4.1213 4.1841
3.9426 3.6668 3.8047
2.7821 2.6967 2.7394
4.1635 4.0921 4.1278
4.0493 3.7518 3.9006
3.7218 3.2964 3.5091
2.8891 2.7992 2.8441
3.1747 3.0452 3.1100
3.1640 2.9391 3.0516
2.8770 2.8195 2.8482
3.0831 2.8125 2.9478
3.2122 3.0350 3.1236
3.2250 3.2249 3.2250
3.1883 3.1721 3.1802
3.2129 3.1654 3.1892
3.1536 3.1498 3.1517
3.2226 3.1825 3.2026
3.2359 3.1854 3.2106
3.2534 3.1854 3.2194
3.2023 3.1773 3.1898
3.2448 3.2351 3.2399
3.2298 3.2287 3.2293
3.2461 3.2380 3.2421
3.2554 3.2514 3.2534
3.2553 3.2479 3.2516
3.2464 3.2287 3.2376
3.2544 3.2484 3.2514
3.2527 3.2449 3.2488
3.2486 3.2476 3.2481
3.2501 3.2476 3.2489
3.2562 3.2560 3.2561
3.2567 3.2566 3.2567
3.2567 3.2564 3.2566
3.2569 3.2567 3.2568
3.2569 3.2569 3.2569
3.2568 3.2568 3.2568
3.2569 3.2569 3.2569
3.2569 3.2569 3.2569
3.2569 3.2569 3.2569
3.2569 3.2568 3.2569
3.2566 3.2564 3.2565
3.2566 3.2565 3.2565
3.2569 3.2568 3.2569
3.2569 3.2569 3.2569
3.2569 3.2567 3.2568
3.2568 3.2568 3.2568
3.2569 3.2569 3.2569
3.2569 3.2569 3.2569
3.2569 3.2569 3.2569
3.2569 3.2569 3.2569
3.2569 3.2569 3.2569
3.2569 3.2569 3.2569
3.2569 3.2569 3.2569
3.2569 3.2569 3.2569
3.2569 3.2569 3.2569
3.2569 3.2569 3.2569
3.2569 3.2569 3.2569
3.2569 3.2569 3.2569
3.2569 3.2569 3.2569
3.2569 3.2569 3.2569
3.2569 3.2569 3.2569
3.2569 3.2569 3.2569
3.2569 3.2569 3.2569
3.2569 3.2569 3.2569
3.2569 3.2569 3.2569
3.2569 3.2569 3.2569
3.2569 3.2569 3.2569
3.2569 3.2569 3.2569
3.2569 3.2569 3.2569
3.2569 3.2569 3.2569
3.2569 3.2569 3.2569
3.2569 3.2569 3.2569
3.2569 3.2569 3.2569
3.2569 3.2569 3.2569
3.2569 3.2569 3.2569
3.2569 3.2569 3.2569
3.2569 3.2569 3.2569
3.2569 3.2569 3.2569
3.2569 3.2569 3.2569
3.2569 3.2569 3.2569
3.2569 3.2569 3.2569
3.2569 3.2569 3.2569
3.2569 3.2569 3.2569
3.2569 3.2569 3.2569
3.2569 3.2569 3.2569
3.2569 3.2569 3.2569
3.2569 3.2569 3.2569
3.2569 3.2569 3.2569
3.2569 3.2569 3.2569
3.2569 3.2569 3.2569
3.2569 3.2569 3.2569
3.2569 3.2569 3.2569
3.2569 3.2569 3.2569
3.2569 3.2569 3.2569
3.2569 3.2569 3.2569
3.2569 3.2569 3.2569
3.2569 3.2569 3.2569
3.2569 3.2569 3.2569
3.2569 3.2569 3.2569
3.2569 3.2569 3.2569
3.2569 3.2569 3.2569
3.2569 3.2569 3.2569
3.2569 3.2569 3.2569
3.2569 3.2569 3.2569
3.2569 3.2569 3.2569
3.2569 3.2569 3.2569
3.2569 3.2569 3.2569
3.2569 3.2569 3.2569
3.2569 3.2569 3.2569
3.2569 3.2569 3.2569
3.2569 3.2569 3.2569
3.2569 3.2569 3.2569
3.2569 3.2569 3.2569
3.2569 3.2569 3.2569
3.2569 3.2569 3.2569
3.2569 3.2569 3.2569
3.2569 3.2569 3.2569
3.2569 3.2569 3.2569
3.2569 3.2569 3.2569
3.2569 3.2569 3.2569
3.2569 3.2569 3.2569
3.2569 3.2569 3.2569
