2.2965 2.1608 2.2286
1.9522 1.5738 1.7630
2.2155 2.1445 2.1800
3.0266 2.9607 2.9937
2.7660 2.4745 2.6203
2.5945 2.4753 2.5349
3.0635 2.7561 2.9098
3.2934 1.8993 2.5963
3.4487 3.2252 3.3370
2.1541 1.8637 2.0089
2.7325 2.6959 2.7142
3.1271 2.8704 2.9988
2.8518 2.3192 2.5855
2.8914 2.6888 2.7901
3.0321 2.2818 2.6569
2.5387 2.4786 2.5087
4.1271 1.8068 2.9670
2.5732 1.9842 2.2787
2.0754 1.5962 1.8358
2.6258 2.3834 2.5046
1.9043 1.8267 1.8655
2.7450 2.1102 2.4276
3.1842 1.6503 2.4172
2.0394 1.9035 1.9714
2.7346 2.6256 2.6801
1.9593 1.2251 1.5922
2.3990 2.1514 2.2752
2.1905 0.8053 1.4979
2.0549 -1.4034 0.3258
2.0942 2.0052 2.0497
1.3452 1.1497 1.2475
2.5755 1.4564 2.0159
2.3424 1.1542 1.7483
1.1156 1.0600 1.0878
2.1298 1.2082 1.6690
2.0871 1.7096 1.8984
1.7769 1.1869 1.4819
2.3003 0.8901 1.5952
1.6117 0.8851 1.2484
1.6426 1.5992 1.6209
3.5487 2.5596 3.0542
2.7096 2.5246 2.6171
2.7318 1.7146 2.2232
2.2445 1.2513 1.7479
2.4057 2.0277 2.2167
2.1453 2.0048 2.0750
2.2135 1.8925 2.0530
2.6772 2.3735 2.5254
3.2427 2.4392 2.8410
1.7367 1.6498 1.6933
2.7464 2.4163 2.5814
2.3429 2.2402 2.2916
2.1473 1.7429 1.9451
1.6957 1.6790 1.6873
1.7879 1.4635 1.6257
1.2823 1.2139 1.2481
-0.0409 -10.0000 -5.0204
1.4163 1.0194 1.2179
2.9693 1.3347 2.1520
2.6223 1.4619 2.0421
2.2255 -0.1763 1.0246
2.1423 -10.0000 -3.9288
2.1868 2.0541 2.1205
2.0321 0.4835 1.2578
2.6416 1.4653 2.0534
1.6492 1.6326 1.6409
2.8482 1.2568 2.0525
2.7753 2.2755 2.5254
1.4577 0.8930 1.1754
2.9103 2.3427 2.6265
3.1035 1.7956 2.4496
1.6770 1.0682 1.3726
2.5743 2.1696 2.3719
2.1197 1.8548 1.9873
2.7504 2.5313 2.6409
1.8569 1.7164 1.7867
2.6421 0.9996 1.8208
1.8852 1.8430 1.8641
2.5907 1.6872 2.1389
2.0915 1.6408 1.8661
3.4647 2.6047 3.0347
3.0991 2.7349 2.9170
1.9811 1.8126 1.8969
2.7520 2.5491 2.6505
2.3897 1.9926 2.1912
2.5761 1.6605 2.1183
1.9401 1.5966 1.7684
2.4772 2.3584 2.4178
2.3905 2.3215 2.3560
2.9024 2.0688 2.4856
2.9989 2.2952 2.6470
2.2519 1.9489 2.1004
3.9114 2.6067 3.2590
3.4872 3.3573 3.4223
3.8920 3.4903 3.6912
4.1973 4.0682 4.1328
4.0477 3.9980 4.0228
4.2146 4.1818 4.1982
4.1833 3.8057 3.9945
4.1140 4.0551 4.0845
4.1458 4.0617 4.1037
4.2208 4.1789 4.1999
4.0604 4.0545 4.0575
4.2357 4.2056 4.2207
4.2270 4.1748 4.2009
4.2509 4.2382 4.2445
4.2405 4.2219 4.2312
4.2184 4.1962 4.2073
4.2448 4.2428 4.2438
4.2519 4.2462 4.2490
4.2531 4.2425 4.2478
4.2488 4.2444 4.2466
4.2498 4.2483 4.2490
4.2523 4.2476 4.2499
4.2534 4.2532 4.2533
4.2504 4.2499 4.2502
4.2532 4.2525 4.2529
4.2528 4.2526 4.2527
4.2536 4.2529 4.2533
4.2537 4.2525 4.2531
4.2536 4.2531 4.2534
4.2538 4.2538 4.2538
4.2525 4.2511 4.2518
4.2476 4.2447 4.2462
4.2508 4.2499 4.2504
4.2514 4.2418 4.2466
4.2517 4.2493 4.2505
4.2492 4.2482 4.2487
4.2536 4.2533 4.2535
4.2353 4.2138 4.2246
4.2474 4.2437 4.2456
4.2486 4.2481 4.2484
4.2471 4.2419 4.2445
4.2524 4.2515 4.2520
4.2471 4.2387 4.2429
4.2463 4.2456 4.2459
4.2537 4.2523 4.2530
4.2532 4.2529 4.2531
4.2390 4.2303 4.2347
4.2521 4.2187 4.2354
