1.9908 1.9898 1.9903
2.3572 2.1747 2.2660
3.0438 2.7932 2.9185
3.8073 2.5000 3.1536
2.6076 2.4423 2.5250
2.9046 2.8487 2.8767
3.5228 2.9000 3.2114
3.4922 2.8325 3.1623
3.6717 2.7829 3.2273
3.4353 3.2597 3.3475
3.9697 2.9700 3.4699
3.2395 3.0287 3.1341
4.2016 3.7026 3.9521
3.5707 3.3425 3.4566
3.5193 3.3684 3.4439
3.5116 3.5068 3.5092
3.6161 3.6154 3.6157
3.6879 3.5903 3.6391
3.7381 3.6992 3.7186
3.7502 3.7425 3.7464
3.7136 3.7027 3.7082
3.7534 3.7530 3.7532
3.7546 3.7522 3.7534
3.7381 3.7363 3.7372
3.7510 3.7162 3.7336
3.7434 3.7324 3.7379
3.7542 3.7207 3.7375
3.7539 3.7535 3.7537
3.7519 3.7514 3.7517
3.6992 3.6970 3.6981
3.7538 3.7520 3.7529
3.7546 3.7542 3.7544
3.7535 3.7518 3.7526
3.7525 3.7485 3.7505
3.7520 3.7508 3.7514
3.7527 3.7501 3.7514
3.7545 3.7543 3.7544
3.7541 3.7535 3.7538
3.7546 3.7537 3.7542
3.7545 3.7544 3.7545
3.7545 3.7531 3.7538
3.7543 3.7543 3.7543
3.7543 3.7530 3.7536
3.7547 3.7543 3.7545
3.7540 3.7539 3.7540
3.7546 3.7544 3.7545
3.7547 3.7546 3.7547
3.7546 3.7545 3.7546
3.7547 3.7546 3.7547
3.7547 3.7547 3.7547
3.7547 3.7546 3.7547
3.7547 3.7546 3.7547
3.7547 3.7543 3.7545
3.7545 3.7544 3.7545
3.7545 3.7541 3.7543
3.7546 3.7546 3.7546
3.7547 3.7547 3.7547
3.7547 3.7546 3.7547
3.7547 3.7547 3.7547
3.7547 3.7547 3.7547
3.7547 3.7547 3.7547
3.7547 3.7547 3.7547
3.7547 3.7547 3.7547
3.7547 3.7547 3.7547
3.7547 3.7547 3.7547
3.7547 3.7547 3.7547
3.7547 3.7547 3.7547
3.7547 3.7547 3.7547
3.7547 3.7547 3.7547
3.7547 3.7547 3.7547
3.7547 3.7547 3.7547
3.7547 3.7547 3.7547
3.7547 3.7547 3.7547
3.7547 3.7547 3.7547
3.7547 3.7547 3.7547
3.7547 3.7547 3.7547
3.7547 3.7547 3.7547
3.7547 3.7547 3.7547
3.7547 3.7547 3.7547
3.7547 3.7547 3.7547
3.7547 3.7547 3.7547
3.7547 3.7547 3.7547
3.7547 3.7547 3.7547
3.7547 3.7547 3.7547
3.7547 3.7547 3.7547
3.7547 3.7547 3.7547
3.7547 3.7547 3.7547
3.7547 3.7547 3.7547
3.7547 3.7547 3.7547
3.7547 3.7547 3.7547
3.7547 3.7547 3.7547
3.7547 3.7547 3.7547
3.7547 3.7547 3.7547
3.7547 3.7547 3.7547
3.7547 3.7547 3.7547
3.7547 3.7547 3.7547
3.7547 3.7547 3.7547
3.7547 3.7547 3.7547
3.7547 3.7547 3.7547
3.7547 3.7547 3.7547
3.7547 3.7547 3.7547
3.7547 3.7547 3.7547
3.7547 3.7547 3.7547
3.7547 3.7547 3.7547
3.7547 3.7547 3.7547
3.7547 3.7547 3.7547
3.7547 3.7547 3.7547
3.7547 3.7547 3.7547
3.7547 3.7547 3.7547
3.7547 3.7547 3.7547
3.7547 3.7547 3.7547
3.7547 3.7547 3.7547
3.7547 3.7547 3.7547
3.7547 3.7547 3.7547
3.7547 3.7547 3.7547
3.7547 3.7547 3.7547
3.7547 3.7547 3.7547
3.7547 3.7547 3.7547
3.7547 3.7547 3.7547
3.7547 3.7547 3.7547
3.7547 3.7547 3.7547
3.7547 3.7547 3.7547
3.7547 3.7547 3.7547
3.7547 3.7547 3.7547
3.7547 3.7547 3.7547
3.7547 3.7547 3.7547
3.7547 3.7547 3.7547
3.7547 3.7547 3.7547
3.7547 3.7547 3.7547
3.7547 3.7547 3.7547
3.7547 3.7547 3.7547
3.7547 3.7547 3.7547
3.7547 3.7547 3.7547
3.7547 3.7547 3.7547
3.7547 3.7547 3.7547
3.7547 3.7547 3.7547
3.7547 3.7547 3.7547
3.7547 3.7547 3.7547
3.7547 3.7547 3.7547
3.7547 3.7547 3.7547
