2.2321 1.9378 2.0849
2.2496 1.7304 1.9900
1.9249 1.9013 1.9131
2.1493 2.1308 2.1401
1.8266 1.7743 1.8005
1.7699 1.7173 1.7436
1.7415 1.6771 1.7093
2.0399 1.9854 2.0127
2.2062 2.1884 2.1973
2.2271 2.2246 2.2259
2.2600 2.2325 2.2462
2.2567 2.2523 2.2545
2.2575 2.2568 2.2572
2.2534 2.2494 2.2514
2.2549 2.2547 2.2548
2.2561 2.2531 2.2546
2.2587 2.2585 2.2586
2.2580 2.2571 2.2576
2.2591 2.2562 2.2577
2.2592 2.2577 2.2585
2.2506 2.2445 2.2475
2.2510 2.2493 2.2502
2.2584 2.2580 2.2582
2.2597 2.2591 2.2594
2.2600 2.2593 2.2597
2.2595 2.2593 2.2594
2.2565 2.2512 2.2538
2.2598 2.2595 2.2596
2.2597 2.2596 2.2597
2.2597 2.2592 2.2595
2.2599 2.2598 2.2599
2.2599 2.2583 2.2591
2.2598 2.2594 2.2596
2.2599 2.2592 2.2596
2.2599 2.2599 2.2599
2.2598 2.2594 2.2596
2.2599 2.2595 2.2597
2.2598 2.2595 2.2597
2.2593 2.2591 2.2592
2.2596 2.2595 2.2596
2.2597 2.2596 2.2596
2.2600 2.2598 2.2599
2.2599 2.2599 2.2599
2.2600 2.2600 2.2600
2.2600 2.2599 2.2599
2.2600 2.2599 2.2599
2.2596 2.2593 2.2595
2.2600 2.2599 2.2599
2.2599 2.2598 2.2599
2.2600 2.2599 2.2599
2.2599 2.2598 2.2599
2.2600 2.2600 2.2600
2.2600 2.2600 2.2600
2.2600 2.2599 2.2599
2.2600 2.2599 2.2600
2.2600 2.2600 2.2600
2.2600 2.2600 2.2600
2.2600 2.2600 2.2600
2.2600 2.2600 2.2600
2.2600 2.2600 2.2600
2.2600 2.2600 2.2600
2.2600 2.2600 2.2600
2.2600 2.2600 2.2600
2.2600 2.2600 2.2600
2.2600 2.2600 2.2600
2.2600 2.2600 2.2600
2.2600 2.2600 2.2600
2.2600 2.2600 2.2600
2.2600 2.2600 2.2600
2.2600 2.2600 2.2600
2.2600 2.2600 2.2600
2.2600 2.2600 2.2600
2.2600 2.2600 2.2600
2.2600 2.2600 2.2600
2.2600 2.2600 2.2600
2.2600 2.2600 2.2600
2.2600 2.2600 2.2600
2.2600 2.2600 2.2600
2.2600 2.2600 2.2600
2.2600 2.2600 2.2600
