2.1423 2.0346 2.0884
2.7464 2.6459 2.6962
2.6911 2.6497 2.6704
2.6983 2.4746 2.5865
2.6896 2.6389 2.6643
2.7435 2.6774 2.7105
2.7413 2.7359 2.7386
2.7622 2.7019 2.7320
2.7649 2.7266 2.7457
2.7181 2.6847 2.7014
2.6462 2.5421 2.5941
2.7670 2.6866 2.7268
2.7059 2.6470 2.6764
3.1128 2.8186 2.9657
3.1492 3.0778 3.1135
3.1718 2.9708 3.0713
3.1890 3.1794 3.1842
2.8824 2.4872 2.6848
2.9547 2.8935 2.9241
2.9173 2.8062 2.8618
3.2125 3.1818 3.1972
3.2406 3.1382 3.1894
3.2488 3.2201 3.2344
3.1781 3.1360 3.1570
3.1944 3.1942 3.1943
3.2166 3.1394 3.1780
3.2342 3.1579 3.1960
3.2329 3.2033 3.2181
3.2475 3.2461 3.2468
3.2561 3.2506 3.2534
3.2521 3.2502 3.2512
3.2377 3.2370 3.2374
3.2535 3.2478 3.2507
3.2560 3.2542 3.2551
3.2566 3.2565 3.2565
3.2560 3.2558 3.2559
3.2566 3.2552 3.2559
3.2569 3.2556 3.2563
3.2567 3.2565 3.2566
3.2567 3.2567 3.2567
3.2568 3.2565 3.2566
3.2549 3.2548 3.2548
3.2566 3.2563 3.2564
3.2556 3.2555 3.2556
3.2560 3.2559 3.2560
3.2569 3.2566 3.2567
3.2568 3.2567 3.2567
3.2569 3.2568 3.2568
3.2568 3.2568 3.2568
3.2569 3.2569 3.2569
3.2569 3.2569 3.2569
3.2569 3.2569 3.2569
3.2569 3.2569 3.2569
3.2569 3.2569 3.2569
3.2569 3.2569 3.2569
3.2569 3.2569 3.2569
3.2569 3.2569 3.2569
3.2569 3.2569 3.2569
3.2569 3.2569 3.2569
3.2569 3.2569 3.2569
3.2569 3.2569 3.2569
3.2569 3.2569 3.2569
3.2569 3.2569 3.2569
3.2569 3.2569 3.2569
3.2569 3.2569 3.2569
3.2569 3.2569 3.2569
3.2569 3.2569 3.2569
3.2569 3.2569 3.2569
3.2569 3.2569 3.2569
3.2569 3.2569 3.2569
3.2569 3.2569 3.2569
3.2569 3.2569 3.2569
3.2569 3.2569 3.2569
3.2569 3.2569 3.2569
3.2569 3.2569 3.2569
3.2569 3.2569 3.2569
3.2569 3.2569 3.2569
3.2569 3.2569 3.2569
3.2569 3.2569 3.2569
3.2569 3.2569 3.2569
3.2569 3.2569 3.2569
3.2569 3.2569 3.2569
3.2569 3.2569 3.2569
3.2569 3.2569 3.2569
3.2569 3.2569 3.2569
3.2569 3.2569 3.2569
3.2569 3.2569 3.2569
3.2569 3.2569 3.2569
3.2569 3.2569 3.2569
3.2569 3.2569 3.2569
3.2569 3.2569 3.2569
3.2569 3.2569 3.2569
3.2569 3.2569 3.2569
3.2569 3.2569 3.2569
3.2569 3.2569 3.2569
3.2569 3.2569 3.2569
3.2569 3.2569 3.2569
3.2569 3.2569 3.2569
3.2569 3.2569 3.2569
3.2569 3.2569 3.2569
3.2569 3.2569 3.2569
3.2569 3.2569 3.2569
3.2569 3.2569 3.2569
3.2569 3.2569 3.2569
3.2569 3.2569 3.2569
3.2569 3.2569 3.2569
3.2569 3.2569 3.2569
3.2569 3.2569 3.2569
3.2569 3.2569 3.2569
3.2569 3.2569 3.2569
3.2569 3.2569 3.2569
3.2569 3.2569 3.2569
3.2569 3.2569 3.2569
3.2569 3.2569 3.2569
3.2569 3.2569 3.2569
3.2569 3.2569 3.2569
3.2569 3.2569 3.2569
3.2569 3.2569 3.2569
3.2569 3.2569 3.2569
3.2569 3.2569 3.2569
3.2569 3.2569 3.2569
3.2569 3.2569 3.2569
3.2569 3.2569 3.2569
3.2569 3.2569 3.2569
3.2569 3.2569 3.2569
3.2569 3.2569 3.2569
3.2569 3.2569 3.2569
3.2569 3.2569 3.2569
3.2569 3.2569 3.2569
3.2569 3.2569 3.2569
3.2569 3.2569 3.2569
3.2569 3.2569 3.2569
3.2569 3.2569 3.2569
3.2569 3.2569 3.2569
3.2569 3.2569 3.2569
3.2569 3.2569 3.2569
3.2569 3.2569 3.2569
3.2569 3.2569 3.2569
3.2569 3.2569 3.2569
3.2569 3.2569 3.2569
