2.2380 2.1412 2.1896
2.9063 2.4328 2.6696
3.7807 3.4344 3.6075
3.9401 2.9964 3.4683
3.9845 3.4405 3.7125
3.6748 3.2375 3.4561
3.7220 2.8891 3.3056
2.3651 2.1538 2.2594
2.6153 2.5771 2.5962
2.6355 2.1856 2.4106
2.7786 1.7457 2.2621
2.4158 2.4110 2.4134
2.9013 2.6580 2.7797
2.5470 2.2132 2.3801
3.3230 2.6946 3.0088
3.4212 2.7316 3.0764
2.8645 2.8039 2.8342
3.5959 3.2498 3.4228
3.6790 3.1959 3.4374
4.0270 3.3482 3.6876
3.6656 3.2205 3.4431
3.6411 3.3180 3.4796
3.4439 3.3155 3.3797
3.7296 3.4598 3.5947
3.4306 2.7690 3.0998
3.1965 3.0773 3.1369
3.1650 3.1250 3.1450
3.2445 3.1182 3.1813
3.2254 3.1512 3.1883
3.2439 3.2400 3.2420
3.1917 3.0298 3.1108
3.2566 3.1756 3.2161
3.2438 3.2426 3.2432
3.2475 3.2380 3.2427
3.2495 3.2460 3.2477
3.2529 3.2472 3.2501
3.2552 3.2512 3.2532
3.2498 3.2467 3.2482
3.2537 3.2467 3.2502
3.2487 3.2474 3.2481
3.2516 3.2479 3.2498
3.2538 3.2472 3.2505
3.2531 3.2352 3.2441
3.2454 3.2409 3.2432
3.2552 3.2487 3.2519
3.2557 3.2344 3.2451
3.2338 3.2267 3.2303
3.2507 3.2489 3.2498
3.2565 3.2500 3.2532
3.2546 3.2483 3.2514
3.2565 3.2534 3.2550
3.2536 3.2501 3.2519
3.2564 3.2542 3.2553
3.2556 3.2527 3.2542
3.2563 3.2548 3.2556
3.2561 3.2555 3.2558
3.2559 3.2552 3.2555
3.2568 3.2565 3.2567
3.2569 3.2569 3.2569
3.2562 3.2559 3.2560
3.2569 3.2565 3.2567
3.2568 3.2567 3.2568
3.2568 3.2565 3.2567
3.2568 3.2567 3.2567
3.2562 3.2555 3.2559
3.2568 3.2567 3.2568
3.2569 3.2568 3.2568
3.2569 3.2568 3.2569
3.2569 3.2568 3.2569
3.2569 3.2569 3.2569
3.2569 3.2569 3.2569
3.2569 3.2569 3.2569
3.2569 3.2569 3.2569
3.2569 3.2569 3.2569
3.2569 3.2569 3.2569
3.2569 3.2569 3.2569
3.2569 3.2569 3.2569
3.2569 3.2569 3.2569
3.2569 3.2569 3.2569
3.2569 3.2569 3.2569
3.2569 3.2569 3.2569
3.2569 3.2569 3.2569
3.2569 3.2569 3.2569
3.2569 3.2569 3.2569
3.2569 3.2569 3.2569
3.2569 3.2569 3.2569
3.2569 3.2569 3.2569
3.2569 3.2569 3.2569
3.2569 3.2569 3.2569
3.2569 3.2569 3.2569
3.2569 3.2569 3.2569
3.2569 3.2569 3.2569
3.2569 3.2569 3.2569
3.2569 3.2569 3.2569
3.2569 3.2569 3.2569
3.2569 3.2569 3.2569
3.2569 3.2569 3.2569
3.2569 3.2569 3.2569
3.2569 3.2569 3.2569
3.2569 3.2569 3.2569
3.2569 3.2569 3.2569
3.2569 3.2569 3.2569
3.2569 3.2569 3.2569
3.2569 3.2569 3.2569
3.2569 3.2569 3.2569
3.2569 3.2569 3.2569
3.2569 3.2569 3.2569
3.2569 3.2569 3.2569
3.2569 3.2569 3.2569
3.2569 3.2569 3.2569
3.2569 3.2569 3.2569
3.2569 3.2569 3.2569
3.2569 3.2569 3.2569
3.2569 3.2569 3.2569
3.2569 3.2569 3.2569
3.2569 3.2569 3.2569
3.2569 3.2569 3.2569
3.2569 3.2569 3.2569
3.2569 3.2569 3.2569
3.2569 3.2569 3.2569
3.2569 3.2569 3.2569
3.2569 3.2569 3.2569
3.2569 3.2569 3.2569
3.2569 3.2569 3.2569
3.2569 3.2569 3.2569
3.2569 3.2569 3.2569
3.2569 3.2569 3.2569
3.2569 3.2569 3.2569
3.2569 3.2569 3.2569
3.2569 3.2569 3.2569
3.2569 3.2569 3.2569
3.2569 3.2569 3.2569
3.2569 3.2569 3.2569
3.2569 3.2569 3.2569
3.2569 3.2569 3.2569
3.2569 3.2569 3.2569
3.2569 3.2569 3.2569
3.2569 3.2569 3.2569
3.2569 3.2569 3.2569
3.2569 3.2569 3.2569
