2.0526 1.8279 1.9403
2.2234 2.0987 2.1611
2.1894 2.1712 2.1803
2.1735 2.1131 2.1433
2.1320 2.0829 2.1074
2.1564 1.7680 1.9622
2.0844 2.0194 2.0519
2.0710 1.8165 1.9437
2.0875 1.8564 1.9719
2.1674 2.1065 2.1369
2.1859 2.1616 2.1738
2.1644 2.1428 2.1536
2.1959 2.1604 2.1781
2.2455 2.2204 2.2330
2.2596 2.2512 2.2554
2.2580 2.2565 2.2572
2.2586 2.2573 2.2579
2.2583 2.2226 2.2404
2.2559 2.2363 2.2461
2.2455 2.2324 2.2390
2.2512 2.2488 2.2500
2.2586 2.2559 2.2572
2.2594 2.2576 2.2585
2.2594 2.2557 2.2575
2.2521 2.2498 2.2510
2.2556 2.2522 2.2539
2.2598 2.2594 2.2596
2.2591 2.2588 2.2590
2.2598 2.2597 2.2598
2.2599 2.2599 2.2599
2.2597 2.2596 2.2597
2.2600 2.2598 2.2599
2.2600 2.2598 2.2599
2.2598 2.2596 2.2597
2.2600 2.2599 2.2600
2.2599 2.2599 2.2599
2.2599 2.2599 2.2599
2.2600 2.2597 2.2599
2.2600 2.2599 2.2599
2.2599 2.2599 2.2599
2.2600 2.2600 2.2600
2.2599 2.2599 2.2599
2.2600 2.2599 2.2600
2.2599 2.2599 2.2599
2.2599 2.2599 2.2599
2.2599 2.2599 2.2599
2.2600 2.2600 2.2600
2.2600 2.2600 2.2600
2.2600 2.2600 2.2600
2.2600 2.2600 2.2600
2.2600 2.2600 2.2600
2.2600 2.2600 2.2600
2.2600 2.2600 2.2600
2.2600 2.2600 2.2600
2.2600 2.2600 2.2600
2.2600 2.2600 2.2600
2.2600 2.2600 2.2600
2.2600 2.2600 2.2600
2.2600 2.2600 2.2600
2.2600 2.2600 2.2600
2.2600 2.2600 2.2600
2.2600 2.2600 2.2600
2.2600 2.2600 2.2600
2.2600 2.2600 2.2600
2.2600 2.2600 2.2600
2.2600 2.2600 2.2600
2.2600 2.2600 2.2600
2.2600 2.2600 2.2600
2.2600 2.2600 2.2600
2.2600 2.2600 2.2600
2.2600 2.2600 2.2600
2.2600 2.2600 2.2600
2.2600 2.2600 2.2600
2.2600 2.2600 2.2600
2.2600 2.2600 2.2600
2.2600 2.2600 2.2600
2.2600 2.2600 2.2600
2.2600 2.2600 2.2600
2.2600 2.2600 2.2600
2.2600 2.2600 2.2600
2.2600 2.2600 2.2600
2.2600 2.2600 2.2600
2.2600 2.2600 2.2600
2.2600 2.2600 2.2600
2.2600 2.2600 2.2600
2.2600 2.2600 2.2600
2.2600 2.2600 2.2600
2.2600 2.2600 2.2600
2.2600 2.2600 2.2600
2.2600 2.2600 2.2600
2.2600 2.2600 2.2600
2.2600 2.2600 2.2600
2.2600 2.2600 2.2600
2.2600 2.2600 2.2600
2.2600 2.2600 2.2600
2.2600 2.2600 2.2600
2.2600 2.2600 2.2600
2.2600 2.2600 2.2600
2.2600 2.2600 2.2600
2.2600 2.2600 2.2600
2.2600 2.2600 2.2600
2.2600 2.2600 2.2600
2.2600 2.2600 2.2600
2.2600 2.2600 2.2600
2.2600 2.2600 2.2600
2.2600 2.2600 2.2600
2.2600 2.2600 2.2600
2.2600 2.2600 2.2600
2.2600 2.2600 2.2600
2.2600 2.2600 2.2600
2.2600 2.2600 2.2600
2.2600 2.2600 2.2600
2.2600 2.2600 2.2600
2.2600 2.2600 2.2600
2.2600 2.2600 2.2600
2.2600 2.2600 2.2600
2.2600 2.2600 2.2600
2.2600 2.2600 2.2600
2.2600 2.2600 2.2600
2.2600 2.2600 2.2600
2.2600 2.2600 2.2600
2.2600 2.2600 2.2600
2.2600 2.2600 2.2600
2.2600 2.2600 2.2600
2.2600 2.2600 2.2600
2.2600 2.2600 2.2600
2.2600 2.2600 2.2600
2.2600 2.2600 2.2600
2.2600 2.2600 2.2600
2.2600 2.2600 2.2600
2.2600 2.2600 2.2600
2.2600 2.2600 2.2600
2.2600 2.2600 2.2600
2.2600 2.2600 2.2600
2.2600 2.2600 2.2600
2.2600 2.2600 2.2600
2.2600 2.2600 2.2600
2.2600 2.2600 2.2600
2.2600 2.2600 2.2600
2.2600 2.2600 2.2600
