2.0271 2.0145 2.0208
2.8602 2.5975 2.7289
2.6721 2.5206 2.5963
3.7227 3.6963 3.7095
3.5225 2.9578 3.2402
4.2179 3.5713 3.8946
3.8496 3.5517 3.7007
4.1191 4.0924 4.1057
4.2243 4.1913 4.2078
4.2167 4.2125 4.2146
4.2340 4.2237 4.2289
4.2019 4.1683 4.1851
4.2089 4.1998 4.2043
4.2458 4.2452 4.2455
4.2377 4.2354 4.2365
4.2478 4.2469 4.2473
4.2487 4.2451 4.2469
4.2532 4.2526 4.2529
4.2509 4.2500 4.2505
4.2504 4.2499 4.2502
4.2405 4.2246 4.2325
4.2370 4.2353 4.2361
4.2502 4.2465 4.2483
4.2488 4.2305 4.2397
4.2446 4.2390 4.2418
4.2488 4.2299 4.2393
4.2525 4.2501 4.2513
4.2517 4.2508 4.2513
4.2453 4.2111 4.2282
4.2449 4.2416 4.2432
4.2525 4.2509 4.2517
4.2495 4.2208 4.2352
4.2372 4.2269 4.2320
4.2475 4.2404 4.2439
4.2468 4.2367 4.2417
4.2508 4.2482 4.2495
4.2522 4.2476 4.2499
4.2525 4.2501 4.2513
4.2525 4.2522 4.2523
4.2500 4.2474 4.2487
4.2538 4.2524 4.2531
4.2522 4.2518 4.2520
4.2528 4.2516 4.2522
4.2532 4.2522 4.2527
4.2537 4.2530 4.2534
4.2538 4.2519 4.2528
4.2530 4.2527 4.2528
4.2539 4.2531 4.2535
4.2534 4.2527 4.2531
4.2537 4.2531 4.2534
4.2535 4.2527 4.2531
4.2517 4.2508 4.2513
4.2520 4.2519 4.2520
4.2536 4.2535 4.2536
4.2537 4.2532 4.2535
4.2538 4.2538 4.2538
4.2534 4.2532 4.2533
4.2530 4.2528 4.2529
4.2529 4.2518 4.2523
4.2536 4.2519 4.2528
4.2539 4.2535 4.2537
4.2539 4.2537 4.2538
4.2538 4.2537 4.2537
4.2537 4.2534 4.2536
4.2538 4.2532 4.2535
4.2538 4.2536 4.2537
4.2535 4.2528 4.2532
4.2539 4.2537 4.2538
4.2537 4.2526 4.2531
4.2537 4.2536 4.2537
4.2538 4.2536 4.2537
4.2537 4.2536 4.2537
4.2536 4.2536 4.2536
4.2535 4.2534 4.2535
4.2538 4.2537 4.2538
4.2539 4.2538 4.2538
4.2539 4.2539 4.2539
4.2538 4.2538 4.2538
4.2539 4.2539 4.2539
4.2539 4.2539 4.2539
4.2539 4.2539 4.2539
4.2539 4.2539 4.2539
4.2539 4.2539 4.2539
4.2539 4.2539 4.2539
4.2539 4.2539 4.2539
4.2539 4.2539 4.2539
4.2539 4.2539 4.2539
4.2539 4.2539 4.2539
4.2539 4.2539 4.2539
4.2539 4.2539 4.2539
4.2539 4.2539 4.2539
4.2539 4.2539 4.2539
4.2539 4.2539 4.2539
4.2539 4.2539 4.2539
4.2539 4.2539 4.2539
4.2539 4.2539 4.2539
4.2539 4.2539 4.2539
4.2539 4.2539 4.2539
4.2539 4.2539 4.2539
4.2539 4.2539 4.2539
4.2539 4.2539 4.2539
4.2539 4.2539 4.2539
4.2539 4.2539 4.2539
4.2539 4.2539 4.2539
4.2539 4.2539 4.2539
4.2539 4.2539 4.2539
4.2539 4.2539 4.2539
4.2539 4.2539 4.2539
4.2539 4.2539 4.2539
4.2539 4.2539 4.2539
4.2539 4.2539 4.2539
4.2539 4.2539 4.2539
4.2539 4.2539 4.2539
4.2539 4.2539 4.2539
4.2539 4.2539 4.2539
4.2539 4.2539 4.2539
4.2539 4.2539 4.2539
4.2539 4.2539 4.2539
4.2539 4.2539 4.2539
4.2539 4.2539 4.2539
4.2539 4.2539 4.2539
4.2539 4.2539 4.2539
4.2539 4.2539 4.2539
4.2539 4.2539 4.2539
4.2539 4.2539 4.2539
4.2539 4.2539 4.2539
4.2539 4.2539 4.2539
4.2539 4.2539 4.2539
4.2539 4.2539 4.2539
4.2539 4.2539 4.2539
4.2539 4.2539 4.2539
4.2539 4.2539 4.2539
4.2539 4.2539 4.2539
4.2539 4.2539 4.2539
4.2539 4.2539 4.2539
4.2539 4.2539 4.2539
4.2539 4.2539 4.2539
4.2539 4.2539 4.2539
4.2539 4.2539 4.2539
4.2539 4.2539 4.2539
