1.7464 1.6120 1.6792
3.7117 3.2104 3.4610
3.4731 3.0736 3.2733
3.3924 3.3327 3.3625
3.6306 3.5638 3.5972
3.0524 2.9637 3.0080
2.6269 2.3617 2.4943
2.6274 2.5563 2.5919
3.2923 2.4045 2.8484
4.1118 3.9264 4.0191
3.1133 3.0083 3.0608
2.2333 2.1913 2.2123
3.8949 3.0933 3.4941
3.9442 3.9181 3.9312
3.2976 3.0986 3.1981
4.1358 4.0666 4.1012
4.2388 4.1334 4.1861
4.0216 3.8124 3.9170
3.3569 3.0336 3.1952
3.3670 2.7327 3.0498
3.6891 2.9579 3.3235
3.3200 2.8731 3.0965
3.2301 3.0020 3.1160
3.1671 2.9933 3.0802
3.4359 2.8826 3.1592
3.2365 3.2275 3.2320
4.0775 2.9728 3.5251
4.2433 2.9341 3.5887
3.5130 3.4029 3.4580
3.7233 2.6962 3.2098
3.0129 2.9408 2.9768
3.7191 3.2491 3.4841
2.7106 2.5063 2.6085
2.0866 1.6585 1.8725
1.9517 1.4040 1.6779
2.3011 2.1885 2.2448
3.5342 2.8081 3.1712
2.5197 -0.1317 1.1940
2.6992 2.1910 2.4451
2.0127 1.1640 1.5883
1.7484 1.0847 1.4166
2.2083 1.9557 2.0820
2.3958 1.7726 2.0842
2.5457 2.2860 2.4159
2.9283 2.7281 2.8282
3.1170 2.8796 2.9983
3.6770 2.5130 3.0950
3.7248 2.7495 3.2371
2.1106 2.0127 2.0616
3.1697 3.1173 3.1435
3.2363 2.6699 2.9531
2.0962 2.0589 2.0776
2.9175 2.4905 2.7040
2.4834 2.3876 2.4355
2.7173 2.2627 2.4900
2.6718 2.2654 2.4686
2.9918 2.9320 2.9619
3.0722 2.3231 2.6976
2.9776 2.2809 2.6293
2.9589 2.8237 2.8913
3.0754 2.8985 2.9869
2.6300 2.5112 2.5706
2.2195 2.1810 2.2002
2.7509 2.5892 2.6701
2.6681 2.4606 2.5644
2.6629 2.6206 2.6417
3.0404 2.6845 2.8625
2.9916 2.8954 2.9435
3.2501 2.9036 3.0769
2.7904 2.7431 2.7667
2.7033 2.4626 2.5830
2.9678 2.5369 2.7524
2.7506 2.4462 2.5984
3.4776 2.9488 3.2132
3.2666 3.0005 3.1336
3.7763 3.6440 3.7101
3.4759 3.3525 3.4142
3.8465 3.5982 3.7224
4.0095 3.8882 3.9489
3.7799 3.6841 3.7320
