2.1601 2.0700 2.1150
2.1965 2.1030 2.1497
2.6747 2.5038 2.5892
2.7424 2.2406 2.4915
3.1215 2.7465 2.9340
2.2244 2.0398 2.1321
3.0008 2.1497 2.5752
2.6921 2.4706 2.5813
2.4904 2.2577 2.3740
3.0335 2.9442 2.9888
2.2644 2.2249 2.2446
2.7473 2.6315 2.6894
2.6293 2.4345 2.5319
3.2024 2.8024 3.0024
3.2083 3.1682 3.1883
2.6097 2.2296 2.4196
3.2565 3.2171 3.2368
3.2564 3.2410 3.2487
3.2418 3.1492 3.1955
3.0697 3.0488 3.0593
3.2331 3.2293 3.2312
3.2017 3.1875 3.1946
3.2465 3.2391 3.2428
3.2544 3.1856 3.2200
3.2383 3.2252 3.2318
3.2510 3.1990 3.2250
3.2562 3.1336 3.1949
3.2429 3.2404 3.2417
3.2422 3.2203 3.2313
3.1952 3.1712 3.1832
3.2549 3.2497 3.2523
3.2543 3.2405 3.2474
3.2355 3.2281 3.2318
3.2423 3.2295 3.2359
3.2560 3.2560 3.2560
3.2568 3.2566 3.2567
3.2548 3.2548 3.2548
3.2554 3.2511 3.2533
3.2569 3.2556 3.2562
3.2568 3.2550 3.2559
3.2561 3.2556 3.2558
3.2565 3.2563 3.2564
3.2541 3.2439 3.2490
3.2567 3.2563 3.2565
3.2567 3.2566 3.2567
3.2569 3.2569 3.2569
3.2567 3.2567 3.2567
3.2566 3.2564 3.2565
3.2569 3.2566 3.2568
3.2569 3.2568 3.2568
3.2569 3.2568 3.2568
3.2569 3.2569 3.2569
3.2569 3.2569 3.2569
3.2568 3.2567 3.2568
3.2568 3.2568 3.2568
3.2569 3.2569 3.2569
3.2569 3.2569 3.2569
3.2569 3.2569 3.2569
3.2569 3.2569 3.2569
3.2569 3.2569 3.2569
3.2569 3.2569 3.2569
3.2569 3.2569 3.2569
3.2569 3.2569 3.2569
3.2569 3.2569 3.2569
3.2569 3.2569 3.2569
3.2569 3.2569 3.2569
3.2569 3.2569 3.2569
3.2569 3.2569 3.2569
3.2569 3.2569 3.2569
3.2569 3.2569 3.2569
3.2569 3.2569 3.2569
3.2569 3.2569 3.2569
3.2569 3.2569 3.2569
3.2569 3.2569 3.2569
3.2569 3.2569 3.2569
3.2569 3.2569 3.2569
3.2569 3.2569 3.2569
3.2569 3.2569 3.2569
3.2569 3.2569 3.2569
3.2569 3.2569 3.2569
