1.7669 1.7012 1.7341
1.7625 1.6578 1.7101
1.7731 1.5497 1.6614
2.1998 2.0891 2.1444
1.7192 1.6469 1.6831
3.4538 1.9199 2.6868
2.5944 2.1917 2.3931
2.8443 2.4391 2.6417
2.1270 0.7041 1.4155
1.4763 0.8000 1.1381
2.6285 1.5813 2.1049
1.6067 1.2791 1.4429
0.6425 0.5627 0.6026
2.4635 2.2058 2.3347
1.9932 1.7469 1.8700
2.0663 2.0093 2.0378
2.2986 2.1444 2.2215
1.7156 1.6316 1.6736
2.6505 2.0692 2.3598
2.2000 2.0963 2.1481
2.6317 2.1655 2.3986
1.4446 1.2220 1.3333
2.6506 2.6418 2.6462
2.0398 1.8369 1.9383
2.3607 1.7407 2.0507
2.2198 2.0853 2.1526
3.2558 2.5792 2.9175
2.6988 1.6689 2.1838
2.6299 2.1875 2.4087
2.7331 2.1228 2.4279
2.9680 2.4630 2.7155
2.6347 2.3840 2.5094
2.8340 2.7478 2.7909
2.6235 2.2318 2.4276
2.9479 2.5020 2.7249
2.7223 2.4166 2.5694
3.1275 2.4979 2.8127
2.2220 2.2009 2.2114
3.2263 2.8549 3.0406
2.5664 2.1344 2.3504
2.7046 2.4903 2.5975
2.8432 2.6835 2.7634
3.1278 2.6655 2.8966
2.9138 2.7061 2.8100
3.1597 2.8472 3.0035
2.9992 2.5862 2.7927
2.7110 2.5984 2.6547
2.9900 2.8844 2.9372
3.0636 2.8144 2.9390
3.1241 3.1154 3.1197
3.2564 3.2222 3.2393
3.2536 3.2502 3.2519
3.2503 3.2312 3.2407
3.2094 3.1777 3.1936
3.2504 3.2355 3.2429
3.2533 3.2511 3.2522
3.2567 3.2552 3.2560
3.2511 3.2502 3.2506
3.2535 3.2528 3.2531
3.2552 3.2549 3.2551
3.2563 3.2562 3.2563
3.2569 3.2546 3.2557
3.2553 3.2552 3.2552
3.2568 3.2556 3.2562
3.2565 3.2560 3.2563
3.2557 3.2555 3.2556
3.2558 3.2554 3.2556
3.2567 3.2567 3.2567
3.2568 3.2555 3.2562
3.2569 3.2568 3.2568
3.2569 3.2568 3.2569
3.2569 3.2569 3.2569
3.2569 3.2569 3.2569
3.2569 3.2569 3.2569
3.2569 3.2569 3.2569
3.2569 3.2569 3.2569
3.2569 3.2569 3.2569
3.2569 3.2569 3.2569
3.2569 3.2568 3.2568
3.2569 3.2568 3.2569
3.2569 3.2569 3.2569
3.2569 3.2569 3.2569
3.2569 3.2569 3.2569
3.2569 3.2569 3.2569
3.2569 3.2569 3.2569
3.2569 3.2569 3.2569
3.2569 3.2569 3.2569
3.2569 3.2569 3.2569
3.2569 3.2569 3.2569
3.2569 3.2569 3.2569
3.2568 3.2568 3.2568
3.2569 3.2569 3.2569
3.2569 3.2569 3.2569
3.2569 3.2569 3.2569
3.2569 3.2569 3.2569
3.2569 3.2569 3.2569
3.2569 3.2569 3.2569
3.2569 3.2569 3.2569
3.2569 3.2569 3.2569
3.2569 3.2569 3.2569
3.2569 3.2569 3.2569
3.2569 3.2569 3.2569
3.2569 3.2569 3.2569
3.2569 3.2569 3.2569
3.2569 3.2569 3.2569
3.2569 3.2569 3.2569
3.2569 3.2569 3.2569
3.2569 3.2569 3.2569
3.2569 3.2569 3.2569
3.2569 3.2569 3.2569
3.2569 3.2569 3.2569
3.2569 3.2569 3.2569
3.2569 3.2569 3.2569
3.2569 3.2569 3.2569
3.2569 3.2569 3.2569
3.2569 3.2569 3.2569
3.2569 3.2569 3.2569
3.2569 3.2569 3.2569
3.2569 3.2569 3.2569
3.2569 3.2569 3.2569
3.2569 3.2569 3.2569
3.2569 3.2569 3.2569
3.2569 3.2569 3.2569
3.2569 3.2569 3.2569
3.2569 3.2569 3.2569
3.2569 3.2569 3.2569
3.2569 3.2569 3.2569
3.2569 3.2569 3.2569
3.2569 3.2569 3.2569
3.2569 3.2569 3.2569
3.2569 3.2569 3.2569
3.2569 3.2569 3.2569
3.2569 3.2569 3.2569
3.2569 3.2569 3.2569
3.2569 3.2569 3.2569
3.2569 3.2569 3.2569
3.2569 3.2569 3.2569
3.2569 3.2569 3.2569
3.2569 3.2569 3.2569
3.2569 3.2569 3.2569
