2.1582 1.6299 1.8941
1.6916 1.6905 1.6910
2.2105 1.7286 1.9696
2.1595 2.1303 2.1449
1.7155 1.6583 1.6869
1.9504 1.6723 1.8114
1.7327 1.5917 1.6622
1.7004 1.6749 1.6876
2.1963 1.7607 1.9785
2.2233 2.1827 2.2030
2.1415 2.0641 2.1028
2.2544 2.2373 2.2458
2.2536 2.2508 2.2522
2.2539 2.2538 2.2539
2.2479 2.2326 2.2403
2.1834 2.1496 2.1665
2.2519 2.2495 2.2507
2.2574 2.2509 2.2542
2.2538 2.2535 2.2536
2.2571 2.2497 2.2534
2.2559 2.2473 2.2516
2.2563 2.2542 2.2552
2.2584 2.2582 2.2583
2.2599 2.2598 2.2598
2.2595 2.2594 2.2594
2.2600 2.2597 2.2598
2.2598 2.2597 2.2597
2.2598 2.2597 2.2598
2.2599 2.2599 2.2599
2.2599 2.2599 2.2599
2.2599 2.2599 2.2599
2.2600 2.2600 2.2600
2.2600 2.2600 2.2600
2.2600 2.2600 2.2600
2.2600 2.2600 2.2600
2.2600 2.2600 2.2600
2.2599 2.2599 2.2599
2.2600 2.2600 2.2600
2.2600 2.2600 2.2600
2.2600 2.2600 2.2600
2.2600 2.2600 2.2600
2.2600 2.2600 2.2600
2.2600 2.2600 2.2600
2.2600 2.2600 2.2600
2.2600 2.2600 2.2600
2.2600 2.2600 2.2600
2.2600 2.2600 2.2600
2.2600 2.2600 2.2600
2.2600 2.2600 2.2600
2.2600 2.2600 2.2600
2.2600 2.2600 2.2600
2.2600 2.2600 2.2600
2.2600 2.2600 2.2600
2.2600 2.2600 2.2600
2.2600 2.2600 2.2600
2.2600 2.2600 2.2600
2.2600 2.2600 2.2600
2.2600 2.2600 2.2600
2.2600 2.2600 2.2600
2.2600 2.2600 2.2600
2.2600 2.2600 2.2600
2.2600 2.2600 2.2600
2.2600 2.2600 2.2600
2.2600 2.2600 2.2600
2.2600 2.2600 2.2600
2.2600 2.2600 2.2600
2.2600 2.2600 2.2600
2.2600 2.2600 2.2600
2.2600 2.2600 2.2600
2.2600 2.2600 2.2600
2.2600 2.2600 2.2600
2.2600 2.2600 2.2600
2.2600 2.2600 2.2600
2.2600 2.2600 2.2600
2.2600 2.2600 2.2600
2.2600 2.2600 2.2600
2.2600 2.2600 2.2600
2.2600 2.2600 2.2600
2.2600 2.2600 2.2600
2.2600 2.2600 2.2600
2.2600 2.2600 2.2600
2.2600 2.2600 2.2600
2.2600 2.2600 2.2600
2.2600 2.2600 2.2600
2.2600 2.2600 2.2600
2.2600 2.2600 2.2600
2.2600 2.2600 2.2600
2.2600 2.2600 2.2600
2.2600 2.2600 2.2600
2.2600 2.2600 2.2600
2.2600 2.2600 2.2600
2.2600 2.2600 2.2600
2.2600 2.2600 2.2600
2.2600 2.2600 2.2600
2.2600 2.2600 2.2600
2.2600 2.2600 2.2600
2.2600 2.2600 2.2600
2.2600 2.2600 2.2600
2.2600 2.2600 2.2600
2.2600 2.2600 2.2600
2.2600 2.2600 2.2600
2.2600 2.2600 2.2600
2.2600 2.2600 2.2600
2.2600 2.2600 2.2600
2.2600 2.2600 2.2600
2.2600 2.2600 2.2600
2.2600 2.2600 2.2600
2.2600 2.2600 2.2600
2.2600 2.2600 2.2600
2.2600 2.2600 2.2600
2.2600 2.2600 2.2600
2.2600 2.2600 2.2600
2.2600 2.2600 2.2600
2.2600 2.2600 2.2600
2.2600 2.2600 2.2600
2.2600 2.2600 2.2600
2.2600 2.2600 2.2600
2.2600 2.2600 2.2600
2.2600 2.2600 2.2600
2.2600 2.2600 2.2600
2.2600 2.2600 2.2600
2.2600 2.2600 2.2600
2.2600 2.2600 2.2600
2.2600 2.2600 2.2600
2.2600 2.2600 2.2600
2.2600 2.2600 2.2600
2.2600 2.2600 2.2600
2.2600 2.2600 2.2600
2.2600 2.2600 2.2600
2.2600 2.2600 2.2600
2.2600 2.2600 2.2600
2.2600 2.2600 2.2600
2.2600 2.2600 2.2600
2.2600 2.2600 2.2600
2.2600 2.2600 2.2600
2.2600 2.2600 2.2600
2.2600 2.2600 2.2600
2.2600 2.2600 2.2600
2.2600 2.2600 2.2600
2.2600 2.2600 2.2600
