2.0958 2.0840 2.0899
3.1161 2.6336 2.8748
2.7942 2.7305 2.7624
3.3547 3.3144 3.3346
3.5006 3.1492 3.3249
3.2759 3.0135 3.1447
3.6359 3.5494 3.5927
3.9853 3.5255 3.7554
3.9820 3.9226 3.9523
4.1720 4.1046 4.1383
4.2295 4.1333 4.1814
4.2515 4.1753 4.2134
4.2439 4.1681 4.2060
4.2318 4.2245 4.2281
4.2500 4.2488 4.2494
4.2476 4.1256 4.1866
4.2479 4.2069 4.2274
4.2535 4.2445 4.2490
4.2427 4.2219 4.2323
4.2505 4.2501 4.2503
4.2537 4.2529 4.2533
4.2525 4.2459 4.2492
4.2518 4.2502 4.2510
4.2502 4.2485 4.2493
4.2492 4.2478 4.2485
4.2525 4.2504 4.2515
4.2537 4.2529 4.2533
4.2530 4.2527 4.2528
4.2501 4.2498 4.2499
4.2531 4.2510 4.2521
4.2538 4.2523 4.2530
4.2520 4.2519 4.2520
4.2536 4.2535 4.2536
4.2536 4.2534 4.2535
4.2539 4.2538 4.2538
4.2538 4.2536 4.2537
4.2537 4.2536 4.2537
4.2538 4.2538 4.2538
4.2539 4.2537 4.2538
4.2538 4.2537 4.2538
4.2539 4.2539 4.2539
4.2538 4.2538 4.2538
4.2538 4.2537 4.2538
4.2536 4.2535 4.2535
4.2535 4.2534 4.2535
4.2537 4.2537 4.2537
4.2539 4.2539 4.2539
4.2539 4.2538 4.2539
4.2539 4.2538 4.2539
4.2539 4.2539 4.2539
4.2539 4.2539 4.2539
4.2539 4.2539 4.2539
4.2539 4.2539 4.2539
4.2539 4.2539 4.2539
4.2539 4.2539 4.2539
4.2539 4.2539 4.2539
4.2539 4.2539 4.2539
4.2539 4.2539 4.2539
4.2539 4.2539 4.2539
4.2539 4.2539 4.2539
4.2539 4.2539 4.2539
4.2539 4.2539 4.2539
4.2539 4.2539 4.2539
4.2539 4.2539 4.2539
4.2539 4.2539 4.2539
4.2539 4.2539 4.2539
4.2539 4.2539 4.2539
4.2539 4.2539 4.2539
4.2539 4.2539 4.2539
4.2539 4.2539 4.2539
4.2539 4.2539 4.2539
4.2539 4.2539 4.2539
4.2539 4.2539 4.2539
4.2539 4.2539 4.2539
4.2539 4.2539 4.2539
4.2539 4.2539 4.2539
4.2539 4.2539 4.2539
4.2539 4.2539 4.2539
4.2539 4.2539 4.2539
4.2539 4.2539 4.2539
