2.2271 2.1967 2.2119
2.5337 2.2599 2.3968
2.8136 2.6922 2.7529
3.1001 3.0007 3.0504
3.4114 3.1769 3.2942
3.0986 2.9679 3.0333
3.6545 3.1269 3.3907
3.3878 3.3054 3.3466
4.0094 3.5629 3.7861
3.9615 3.8598 3.9106
3.1936 3.1429 3.1682
2.4268 2.1832 2.3050
3.2581 3.0658 3.1619
3.0001 2.8735 2.9368
3.6920 3.5896 3.6408
4.2061 3.9738 4.0899
3.6095 3.3315 3.4705
4.1081 3.9579 4.0330
4.2236 4.1398 4.1817
4.2537 4.2337 4.2437
4.2522 4.1764 4.2143
4.2401 4.2152 4.2277
4.1891 4.1656 4.1774
4.2493 4.2429 4.2461
4.2440 4.2364 4.2402
4.2522 4.1894 4.2208
4.2532 4.2373 4.2452
4.2469 4.2467 4.2468
4.2494 4.2341 4.2418
4.2501 4.2420 4.2461
4.2446 4.2417 4.2431
4.2464 4.2374 4.2419
4.2515 4.2507 4.2511
4.2534 4.2503 4.2519
4.2538 4.2538 4.2538
4.2535 4.2532 4.2533
4.2534 4.2532 4.2533
4.2532 4.2524 4.2528
4.2536 4.2532 4.2534
4.2538 4.2533 4.2536
4.2524 4.2514 4.2519
4.2538 4.2536 4.2537
4.2533 4.2533 4.2533
4.2538 4.2535 4.2536
4.2535 4.2534 4.2534
4.2538 4.2538 4.2538
4.2539 4.2539 4.2539
4.2535 4.2531 4.2533
4.2538 4.2538 4.2538
4.2539 4.2535 4.2537
4.2532 4.2530 4.2531
4.2538 4.2528 4.2533
4.2495 4.2486 4.2491
4.2532 4.2507 4.2519
4.2532 4.2525 4.2528
4.2473 4.2458 4.2465
4.2537 4.2496 4.2517
4.2533 4.2508 4.2521
4.2538 4.2535 4.2537
4.2537 4.2523 4.2530
4.2538 4.2538 4.2538
4.2538 4.2537 4.2537
4.2532 4.2530 4.2531
4.2537 4.2535 4.2536
4.2537 4.2536 4.2536
4.2529 4.2525 4.2527
4.2531 4.2519 4.2525
4.2530 4.2518 4.2524
4.2531 4.2525 4.2528
4.2539 4.2538 4.2538
4.2537 4.2530 4.2534
4.2512 4.2506 4.2509
4.2529 4.2490 4.2509
4.2480 4.2438 4.2459
4.2538 4.2288 4.2413
4.2488 4.2479 4.2484
4.2503 4.2446 4.2475
4.2502 4.2416 4.2459
4.2383 4.2331 4.2357
4.2535 4.2514 4.2524
