3.682495124137477482e+00 1.078033171807422752e+00 2.791316554991412513e+00
3.682495124137477482e+00 2.294672904580647099e+00 3.008013147458910463e+00
3.682495124137477482e+00 1.752458383107685869e+00 2.618257075150865809e+00
3.896123863369520102e+00 2.537467200910392684e+00 3.415281641935675960e+00
3.896123863369520102e+00 -3.655476299103388449e-01 2.619705771713529252e+00
3.896123863369520102e+00 6.560804601015765014e-01 2.629307081257781675e+00
3.896123863369520102e+00 2.522803183878842503e+00 3.427250965093428192e+00
3.896123863369520102e+00 7.238718592794903817e-01 2.473477312960493890e+00
3.896123863369520102e+00 1.052699188216887460e+00 2.474056508471675464e+00
3.896123863369520102e+00 2.583021037755360183e+00 3.431880447999880346e+00
3.896123863369520102e+00 1.692688861471524531e+00 3.099142262189449326e+00
3.896123863369520102e+00 1.348963852753359838e-01 1.912294863938430067e+00
3.896123863369520102e+00 6.510240153231896532e-01 2.192807506018285224e+00
3.896123863369520102e+00 9.027949619158835981e-01 2.102771174379747698e+00
3.896123863369520102e+00 9.337817597634150424e-01 2.240830440425340520e+00
3.896123863369520102e+00 2.072566778322562531e+00 3.066757206780466483e+00
3.896123863369520102e+00 1.794457249488915274e+00 3.039335130240336191e+00
3.896123863369520102e+00 7.015807401099753982e-01 2.445667303799412107e+00
3.896123863369520102e+00 1.666601783514908064e+00 2.559156179959100719e+00
3.896123863369520102e+00 1.915165519419965712e+00 3.076549342662171505e+00
3.899135878921054399e+00 2.052646182090490434e+00 3.270836764040958577e+00
3.899135878921054399e+00 1.432201416586438070e+00 2.645208450878624884e+00
3.899135878921054399e+00 1.639800687640599497e+00 2.500108565238232661e+00
3.899135878921054399e+00 -2.349599245875397813e-01 1.639753583116549063e+00
3.899135878921054399e+00 7.456657139997088235e-01 2.172652027773418482e+00
3.899135878921054399e+00 -9.641520918667398909e-01 1.388302792794683382e+00
3.899135878921054399e+00 6.953805586335055633e-01 2.472720197700817302e+00
4.193808623125351076e+00 1.681713611488924176e+00 3.446193979055255596e+00
4.247061756466365523e+00 7.247525746114714673e-01 3.336622602745600741e+00
4.247061756466365523e+00 2.988463428962789159e+00 3.478525274582870530e+00
4.247061756466365523e+00 2.131989510281158129e+00 3.214237185904150973e+00
4.247061756466365523e+00 1.672335997270143704e+00 3.534504666842201548e+00
4.247061756466365523e+00 1.555897951749116270e+00 2.881184186999502295e+00
4.251344548267756096e+00 2.356236620979136553e+00 3.396195984903797260e+00
4.251344548267756096e+00 2.167248943307375164e+00 3.163740880293747892e+00
4.251344548267756096e+00 2.361375946063341669e+00 3.594565713917670990e+00
4.252361837306484205e+00 2.966264608869085606e+00 3.936030694749598435e+00
4.252361837306484205e+00 3.079823457307109713e+00 4.092091880512700008e+00
4.252361837306484205e+00 2.782399279043026752e+00 3.935972436600977176e+00
4.252361837306484205e+00 2.164382338044782639e+00 3.559550471494905999e+00
4.252361837306484205e+00 3.388878386037511348e+00 3.932373093809035769e+00
4.252361837306484205e+00 2.695990899558994514e+00 4.079849181988607576e+00
4.253406955704488901e+00 4.234809388224952897e+00 4.251221194217305488e+00
4.253846427858388957e+00 4.252850127316341045e+00 4.253440674377211295e+00
4.253849303900382850e+00 4.253109597166233158e+00 4.253523057810471464e+00
4.253849303900382850e+00 4.253420205736377468e+00 4.253682533366188956e+00
4.253849303900382850e+00 4.252757099227258308e+00 4.253600419382268960e+00
4.253887378246465012e+00 4.252937726038807043e+00 4.253609722538086224e+00
4.253887378246465012e+00 4.253814795785714864e+00 4.253859082632899913e+00
4.253887378246465012e+00 4.253844265658066170e+00 4.253880490708106699e+00
