2.496511244301228061e+00 6.469760752874498255e-01 1.656040098533051008e+00
2.650136124300230822e+00 5.589952528988181291e-01 1.683981349568388408e+00
3.693846046802815142e+00 7.043204295144949167e-01 2.117014772320044980e+00
3.693846046802815142e+00 2.635378364625963199e-01 1.885669885191050499e+00
3.693846046802815142e+00 8.718462164871998432e-01 1.998117522797679957e+00
4.155003848744042827e+00 4.940129139229535449e-01 2.302311750622828335e+00
4.155003848744042827e+00 5.234817798215971596e-01 1.977135229047577214e+00
4.155003848744042827e+00 8.065035106336517767e-01 2.370075181833692479e+00
4.155003848744042827e+00 -9.083884431424302797e-01 1.521761949695123572e+00
4.155003848744042827e+00 2.616406273278021333e-01 1.768086933251239001e+00
4.155003848744042827e+00 1.163221773710758189e+00 2.439946386821245206e+00
4.155003848744042827e+00 1.088777809200766500e+00 2.053141034121698905e+00
4.155003848744042827e+00 8.318454514599606942e-01 2.528329542076279690e+00
4.155003848744042827e+00 1.574769057799216609e+00 2.746526742989070069e+00
4.155003848744042827e+00 1.709124076209099563e+00 3.365033132545028671e+00
4.211568057807217436e+00 2.743929518292104852e+00 3.210901152568300887e+00
4.211568057807217436e+00 2.385107078266475611e+00 2.856887886162301271e+00
4.211568057807217436e+00 2.253834451721258958e+00 3.081580381203938845e+00
4.211568057807217436e+00 2.454822565490902164e+00 3.291717692791491512e+00
4.211568057807217436e+00 2.506363544851382130e+00 3.451971496680343421e+00
4.211568057807217436e+00 6.989101180129144719e-01 2.051013806474640155e+00
4.211568057807217436e+00 8.907493871310884215e-01 2.023979837489946032e+00
4.248351318940875032e+00 1.979089138141688853e+00 2.872373845496527078e+00
4.248351318940875032e+00 1.367774193218880274e+00 2.865921075392066530e+00
4.248351318940875032e+00 1.445660253848307431e+00 3.229802572782163761e+00
4.248351318940875032e+00 1.356660841535056061e+00 2.763338544244958062e+00
4.248351318940875032e+00 2.382532644431416102e+00 3.258198673061702522e+00
4.248351318940875032e+00 1.672491964016327604e+00 2.525439667735352778e+00
4.248351318940875032e+00 1.282794343510504920e+00 2.774770996656521937e+00
4.248351318940875032e+00 1.650751630998349206e+00 2.507638567759200132e+00
4.248351318940875032e+00 1.448451539014502742e+00 2.559510269916763558e+00
4.248351318940875032e+00 1.596129175059366689e+00 2.743295504493841630e+00
4.248351318940875032e+00 2.141348889900032582e+00 2.910747743775990326e+00
4.248351318940875032e+00 2.223718768206204732e+00 2.923234614969719924e+00
4.248351318940875032e+00 9.754518008196547685e-01 3.009613307315324171e+00
4.252175796886644932e+00 2.351651625151322200e+00 3.402404440492749593e+00
4.252177954994562192e+00 2.782224686322133600e+00 3.667293607877839978e+00
4.252177954994562192e+00 1.495235857918935984e+00 3.768876613144585441e+00
4.252177954994562192e+00 1.455213036708277619e+00 3.598063591990570131e+00
4.252177954994562192e+00 3.838798738527109400e+00 4.129636205176922203e+00
4.252177954994562192e+00 3.734332314614487558e+00 4.175471089346300069e+00
4.253343941847380627e+00 4.227913066214904703e+00 4.242508870729918335e+00
4.253343941847380627e+00 3.925538971078152528e+00 4.201342742907570482e+00
4.253343941847380627e+00 3.952825897903845309e+00 4.179509126988627976e+00
4.253343941847380627e+00 3.906442534854179804e+00 4.200227655733026921e+00
4.253343941847380627e+00 4.134138799678608756e+00 4.221689849439993480e+00
4.253343941847380627e+00 4.164311157698532995e+00 4.241573077090579957e+00
4.253809631682905490e+00 4.244413936625790029e+00 4.252185933879164104e+00
4.253809631682905490e+00 4.252806601039115009e+00 4.253206850157744690e+00
4.253813958404497164e+00 4.253143205486784595e+00 4.253535017266404594e+00
