2.929860101448680254e+00 2.663067520352486728e-01 1.499313950566131037e+00
2.929860101448680254e+00 1.390484774854526595e+00 2.205305886108990254e+00
2.929860101448680254e+00 9.528477353172393194e-01 2.034704457354712837e+00
3.292845391167395164e+00 8.152468332433377984e-01 2.691178126761696987e+00
3.292845391167395164e+00 6.898156775600997603e-01 1.829474705984488025e+00
3.292845391167395164e+00 8.941300360861813568e-01 2.076821419223084941e+00
3.292845391167395164e+00 1.958557944468880319e+00 2.353733478158715808e+00
3.292845391167395164e+00 1.587012091457498109e+00 2.342477101692221453e+00
3.314065730891716299e+00 7.452448017252168988e-01 1.982872459921886543e+00
3.725849217072525921e+00 2.588075446293565118e-01 2.315572392911596999e+00
3.735566863107556479e+00 8.144274800567568029e-01 2.687033766021615033e+00
4.225550372995085624e+00 1.253821180972853000e+00 3.129552793622243367e+00
4.225550372995085624e+00 2.691314212394618099e+00 3.772042900831850343e+00
4.245841211485098299e+00 3.217553313367575107e+00 3.958084714099932455e+00
4.245841211485098299e+00 2.245361332205842775e+00 3.490930493969882864e+00
4.245841211485098299e+00 2.076259382133100573e+00 3.148208407442144807e+00
4.245841211485098299e+00 2.992055041804055016e+00 3.801942709241007634e+00
4.245841211485098299e+00 1.878878328691725219e+00 3.731471830861870842e+00
4.245841211485098299e+00 2.817665984350857133e+00 3.979733553886098285e+00
4.245841211485098299e+00 2.186982424397074354e+00 3.299843786085371100e+00
4.245841211485098299e+00 1.298623353025473159e-01 3.049016509294899535e+00
4.245841211485098299e+00 2.367418181022303614e+00 3.716672276757349458e+00
4.245841211485098299e+00 3.695511007164683281e+00 3.975311550779533576e+00
4.246180018132047707e+00 2.429302257229127182e+00 3.562237434114861490e+00
4.246966908790311912e+00 1.952636696526835802e+00 3.390778169259665020e+00
4.250557546613764615e+00 2.521626654032206538e+00 3.708306840274362859e+00
4.250557546613764615e+00 1.787938557694432440e+00 3.772810724408651062e+00
4.250557546613764615e+00 1.660375050872251013e+00 3.956519390888339593e+00
4.250557546613764615e+00 1.762108003188581851e+00 2.408858087947538529e+00
4.250557546613764615e+00 8.276312869369378822e-01 2.740948701060117010e+00
4.250557546613764615e+00 7.148038549877420156e-01 3.472612563642567096e+00
4.250557546613764615e+00 4.028094531989749427e+00 4.161296960759921504e+00
4.250557546613764615e+00 3.056489528450282211e+00 3.749297239329850040e+00
4.250557546613764615e+00 2.005265682421440321e+00 3.128921752851879567e+00
4.250557546613764615e+00 1.558514484711654546e+00 3.483141371260150443e+00
4.250557546613764615e+00 3.456200735785916578e+00 3.819791155478751143e+00
4.253180466131119886e+00 3.499933041089062336e+00 3.896585189330278531e+00
4.253180466131119886e+00 1.299565220753334804e+00 3.251706480905135699e+00
4.253180466131119886e+00 2.005065591882945863e+00 3.324039335006258256e+00
4.253180466131119886e+00 6.374370550265466839e-01 3.106634139391959870e+00
4.253180466131119886e+00 2.346440706167558510e+00 3.674168523027706357e+00
4.253708764775465667e+00 3.213239267602941762e+00 4.147304706200065638e+00
4.253708764775465667e+00 3.432489021424242281e+00 4.159106211222005633e+00
4.253708764775465667e+00 4.102788032166135856e+00 4.228004555817760135e+00
4.253755104616446125e+00 4.247405160913146460e+00 4.251145230939099129e+00
4.253755104616446125e+00 4.249490662588026879e+00 4.252785231405171729e+00
4.253755104616446125e+00 4.213690760700671056e+00 4.246855362309309712e+00
4.253781314268070268e+00 4.252642954906359130e+00 4.253501873739800487e+00
4.253846817270281910e+00 4.253624399132954537e+00 4.253776761293538655e+00
4.253846817270281910e+00 4.253752054346525036e+00 4.253807020664379657e+00
