3.346946708968030482e+00 2.961678117143657918e-01 1.908258595310515116e+00
3.460685616659641806e+00 3.746178887002609148e-01 2.844340725217221699e+00
3.672337516993502415e+00 2.511188456190633467e+00 2.946764159406872530e+00
3.672337516993502415e+00 3.339568668932006990e-01 2.536372979833236840e+00
3.672337516993502415e+00 4.266176835605578477e-01 2.155043933483972829e+00
3.672337516993502415e+00 -3.740019114540924505e-01 1.874602914846025481e+00
3.672337516993502415e+00 -8.206712462052001555e-02 2.167926863939440008e+00
3.672337516993502415e+00 -5.659607079828621323e-02 1.704010704470376947e+00
3.672337516993502415e+00 -8.014496056879205632e-02 1.774549758939784949e+00
3.683604143226081540e+00 -5.174959337073081755e-01 2.519306471331666408e+00
3.683604143226081540e+00 3.439894563011093309e-01 2.967471530275157754e+00
3.683604143226081540e+00 1.533191635170501055e-01 1.958212981939969621e+00
3.683604143226081540e+00 1.292498392854547040e+00 2.510378127050212349e+00
3.683604143226081540e+00 2.365791623013139944e+00 2.879780326299488102e+00
3.903428404103578941e+00 1.459241324398870221e+00 3.198304394743961776e+00
4.162861775587064272e+00 8.019420596070361285e-01 2.417674764866075243e+00
4.165884030414168215e+00 9.158058533430498693e-01 3.367682653269645776e+00
4.165884030414168215e+00 8.294348727773550589e-01 3.328650711676343299e+00
4.165884030414168215e+00 5.093538763452633011e-01 3.158690064329247704e+00
4.165884030414168215e+00 1.724914899923189804e+00 2.829891794541347316e+00
4.165884030414168215e+00 1.229852906185285200e+00 2.648536877072106499e+00
4.165884030414168215e+00 3.735726946352584399e-01 2.300111159057735222e+00
4.165884030414168215e+00 1.197446116459741194e+00 2.759472867318217837e+00
4.165884030414168215e+00 1.137245962090051687e+00 3.081655848434504463e+00
4.165884030414168215e+00 1.137872576295313021e+00 2.880830080015663430e+00
4.165884030414168215e+00 1.108153387036516335e+00 3.473141372828766116e+00
4.165884030414168215e+00 1.719029674592024826e+00 3.479909519349997371e+00
4.165884030414168215e+00 2.087374400858086787e+00 3.373503488267581840e+00
4.226230957540742850e+00 1.685066506689455457e+00 2.902818885963923456e+00
4.226230957540742850e+00 1.020048412453794295e+00 3.000341228660370341e+00
4.226230957540742850e+00 1.743682286420352501e+00 3.046877045429230435e+00
4.226230957540742850e+00 1.677934088686077629e+00 3.505059009051444185e+00
4.226230957540742850e+00 1.061975709819529268e+00 3.763537904206856410e+00
4.253072478580303795e+00 4.060432394188122629e+00 4.206114367657144193e+00
4.253557807921391820e+00 3.585638926659240333e+00 4.059047895847395004e+00
4.253557807921391820e+00 3.722998497166202014e+00 4.169082405306746786e+00
4.253557807921391820e+00 3.919743261497871778e+00 4.104429781655537290e+00
4.253557807921391820e+00 3.938036942565066312e+00 4.146524404274184228e+00
4.253557807921391820e+00 3.907687997008572278e+00 4.075460247715612994e+00
4.253557807921391820e+00 4.054753438006121868e+00 4.166161271800500110e+00
4.253557807921391820e+00 4.175380787599360488e+00 4.227480745688717789e+00
4.253557807921391820e+00 4.213841401899541594e+00 4.240166438250659198e+00
4.253557807921391820e+00 4.229108482877276920e+00 4.245401190249138423e+00
4.253778049542749962e+00 4.239308718927757624e+00 4.250316177048902411e+00
4.253778049542749962e+00 4.217356725402909845e+00 4.245157390441127276e+00
4.253778049542749962e+00 4.242864988043081986e+00 4.250291353305297726e+00
4.253778049542749962e+00 4.248662952878548005e+00 4.251857797569504882e+00
4.253877150244564476e+00 4.249298314690007849e+00 4.252148277912067620e+00
4.253877150244564476e+00 4.251439889572648845e+00 4.253348690917325925e+00
4.253878981483142141e+00 4.252694618397644177e+00 4.253739604152810827e+00
