2.995589197077362265e+00 1.276610537070248519e-01 1.641773437607116026e+00
2.995589197077362265e+00 7.508935463716062131e-01 1.589797249478267283e+00
2.995589197077362265e+00 8.214402938560716461e-01 1.752505390013346709e+00
3.074805467582036211e+00 2.808560500729299081e-01 1.732880285282184074e+00
3.074805467582036211e+00 1.353188589066900427e-02 2.025587605475958952e+00
3.074805467582036211e+00 5.101542857075922477e-01 1.634905243671897379e+00
3.074805467582036211e+00 7.346554029147523979e-01 1.445665708417075646e+00
3.074805467582036211e+00 1.091746070274292491e+00 1.661462197205461511e+00
3.074805467582036211e+00 2.361574364110411439e-01 1.646484872901349039e+00
3.074805467582036211e+00 4.622778996739693724e-01 2.011425289810413908e+00
3.074805467582036211e+00 5.399339115805336098e-01 1.610497371032478586e+00
3.074805467582036211e+00 2.816568313509761889e-01 1.830347349496211251e+00
3.293678381715392511e+00 -2.328548595947730337e-01 2.017388121460661488e+00
3.293678381715392511e+00 1.609875473392609058e+00 2.604115521496198848e+00
3.293678381715392511e+00 1.542214709379229998e+00 2.543746728949238367e+00
3.293678381715392511e+00 1.492182394063888085e+00 2.316001666784435198e+00
4.067177735009088302e+00 8.808774437732369567e-02 2.626727498729604982e+00
4.250352689815679597e+00 2.266542816588023701e+00 3.705849774655830764e+00
4.250352689815679597e+00 7.180940288147665829e-01 2.078928566232685959e+00
4.250352689815679597e+00 1.299719768112706841e+00 1.792786416464068555e+00
4.250352689815679597e+00 7.046038645040819670e-01 1.997455871437672670e+00
4.250352689815679597e+00 -2.337381215676828106e-01 1.936957919698159669e+00
4.251176763341849352e+00 -1.419240445025335973e-01 2.462593159030707302e+00
4.251176763341849352e+00 8.807459910654047430e-02 2.112658569214805659e+00
4.251176763341849352e+00 7.459674283273967088e-01 2.922539036717207939e+00
4.251176763341849352e+00 1.758833020718810314e+00 3.608186680371448407e+00
4.251176763341849352e+00 1.685901434538527033e+00 3.515486165063836488e+00
4.251176763341849352e+00 1.833167410340980741e+00 2.904462031273444822e+00
4.251464225341783809e+00 1.632569025392414552e+00 3.355909649271820339e+00
4.251464225341783809e+00 9.933108074811249910e-01 2.981045156545851338e+00
4.251464225341783809e+00 1.541277869696551228e+00 3.231249454012934397e+00
4.251464225341783809e+00 1.627355290842590563e+00 3.417636228731512738e+00
4.251464225341783809e+00 2.553854960256026096e+00 3.812981097587972990e+00
4.253561359026267752e+00 3.770669793103805123e+00 4.162922946672589219e+00
4.253596667983591040e+00 2.196799817057752513e+00 3.717985042000359730e+00
4.253596667983591040e+00 1.566136632784997040e+00 3.630374103395006991e+00
4.253596667983591040e+00 1.662508224826721337e+00 3.205543079992185795e+00
4.253596667983591040e+00 1.267353479925925841e+00 2.884180818486103526e+00
4.253596667983591040e+00 -1.795893136251436317e-02 3.132042398262872229e+00
4.253596667983591040e+00 2.107545620479146731e+00 3.749394856415439570e+00
4.253596667983591040e+00 3.838198540226340327e+00 4.111669231855000106e+00
4.253596667983591040e+00 3.613394055606663269e+00 4.053425223080334483e+00
4.253596667983591040e+00 3.977556200160263344e+00 4.138491425696387616e+00
4.253648309489634904e+00 4.024427902390973699e+00 4.202424376406827200e+00
4.253682429293903056e+00 4.240996738085344830e+00 4.249868185776799479e+00
4.253865606105658337e+00 4.241611729920903961e+00 4.251836120070644043e+00
4.253871687371612254e+00 4.223953231324276913e+00 4.250157144988699010e+00
4.253887722452520670e+00 4.253835496691023010e+00 4.253871353461232907e+00
4.253887939284767938e+00 4.253856333127814082e+00 4.253882017843949370e+00
4.253887942748439066e+00 4.253884005607780239e+00 4.253886670407857729e+00
