2.628293840032633000e+00 1.826959526400369072e-01 1.442523363977227913e+00
2.967137113537210436e+00 4.121101782804319491e-01 2.370727794936893673e+00
2.967137113537210436e+00 1.068500779934518086e+00 2.121203978000396617e+00
4.106509982085158939e+00 1.147933326991832370e-01 1.524551799847147837e+00
4.106509982085158939e+00 6.545954132466768050e-01 2.285991697679476520e+00
4.106509982085158939e+00 1.657967499455848426e+00 2.552597258918424483e+00
4.106509982085158939e+00 7.611434837434070122e-01 2.561894979337082212e+00
4.106509982085158939e+00 7.636901737160879389e-01 1.427626488823992457e+00
4.106509982085158939e+00 1.735995802478839778e+00 2.861796538137247214e+00
4.106509982085158939e+00 1.525926441558725921e-01 1.888329602827112597e+00
4.106509982085158939e+00 5.060582017675676614e-01 1.896174924753529112e+00
4.106509982085158939e+00 6.749493798129360123e-01 2.691920258916309372e+00
4.109747147252693189e+00 1.492425754940147176e+00 3.358290783783532962e+00
4.203294843397896940e+00 1.745240086470374319e+00 3.297070469938116588e+00
4.204507841263882995e+00 1.098780235676335204e+00 3.113155397291929027e+00
4.209520668680518440e+00 2.419193241015660245e+00 3.495574781679580134e+00
4.223986833330070745e+00 1.640956355238958331e+00 2.833622667811143359e+00
4.223986833330070745e+00 2.201443021303045811e+00 2.958204526484216501e+00
4.223986833330070745e+00 2.971264161997044795e-01 1.845042170984204644e+00
4.233904773335544824e+00 1.014817019724830738e+00 2.492313842354180853e+00
4.233904773335544824e+00 1.448555265926195545e+00 2.645623056370830728e+00
4.251901985110329463e+00 1.202987057038923613e+00 3.237883164789769896e+00
4.251901985110329463e+00 1.347529274286812351e+00 2.598830602253527466e+00
4.251901985110329463e+00 9.283867707519601886e-01 2.948225838354056272e+00
4.251901985110329463e+00 1.191583460844953812e+00 2.622187545549981902e+00
4.253790959533458427e+00 1.530420769195938391e+00 3.409227869389667376e+00
4.253790959533458427e+00 1.323530024965508867e+00 3.032868063675036918e+00
4.253790959533458427e+00 1.064266728745618895e+00 2.144845766542241350e+00
4.253790959533458427e+00 4.061443240173833180e-01 1.765601131320710948e+00
4.253790959533458427e+00 6.453251247511371247e-02 2.036474044093167457e+00
4.253790959533458427e+00 1.706898205371933930e+00 2.360167004861673412e+00
4.253790959533458427e+00 1.573732891999539918e+00 2.380856099478410037e+00
4.253790959533458427e+00 8.547451261988443516e-01 2.367307159081540213e+00
4.253790959533458427e+00 4.893067690432276740e-01 2.482669901555808245e+00
4.253790959533458427e+00 1.557989796861959375e+00 2.995400596180200381e+00
4.253790959533458427e+00 1.258469900813438791e+00 3.037378591180092346e+00
4.253790959533458427e+00 9.390058198498290043e-01 3.610415076463800776e+00
4.253790959533458427e+00 3.648565789607179255e+00 4.019009155757245821e+00
4.253790959533458427e+00 3.635028955007089557e+00 4.108062963654442790e+00
4.253886073845614568e+00 4.007935070372212749e+00 4.157194138133506911e+00
4.253886073845614568e+00 4.111238362937472246e+00 4.208614275645237157e+00
4.253886073845614568e+00 4.053010228408741256e+00 4.167343961090496762e+00
4.253886073845614568e+00 3.254732151408893159e+00 4.048526178385644769e+00
4.253886073845614568e+00 3.831054309793590740e+00 4.202980353923292611e+00
4.253886073845614568e+00 4.251888593249329773e+00 4.252948542893956407e+00
4.253886073845614568e+00 4.111630733014597361e+00 4.231035744259491693e+00
4.253886073845614568e+00 4.240240632311512492e+00 4.252250033174866495e+00
4.253886073845614568e+00 4.253581711412638633e+00 4.253801982350769784e+00
4.253886073845614568e+00 4.253764225229608620e+00 4.253835369650253106e+00
4.253886073845614568e+00 4.253823241095679109e+00 4.253862746184149835e+00
