1.782020479373921606e+00 7.117250647522783691e-01 1.158733433841037108e+00
2.989197164238883264e+00 9.145324868349966607e-01 1.471966812851961848e+00
3.103040404635555749e+00 -6.606494064718939629e-01 1.988679907038899186e+00
3.103040404635555749e+00 1.199271927009081251e+00 2.541176921527618759e+00
3.235750339988367585e+00 2.343608261506936241e+00 2.770720867970967838e+00
3.235750339988367585e+00 1.846747272922295569e+00 2.566055877120280826e+00
3.235750339988367585e+00 -6.411561878184990348e-02 2.287724892272902544e+00
4.158822062913735351e+00 1.030867142552430504e+00 3.014231678378918922e+00
4.158822062913735351e+00 5.865759840734917629e-01 2.180096698296533297e+00
4.216744601764291112e+00 9.765360892768668588e-01 2.225379023343342144e+00
4.216744601764291112e+00 1.092613224374493042e+00 3.434402547565759356e+00
4.216744601764291112e+00 1.967012404128157144e+00 3.445639240991913876e+00
4.216744601764291112e+00 1.971420353060311825e+00 3.230064354226266143e+00
4.216744601764291112e+00 1.876476472521454220e+00 2.802869271134575069e+00
4.216744601764291112e+00 1.291658025987214575e+00 2.374362807143875376e+00
4.217673271053675066e+00 1.147730087247048836e+00 2.288197957521170167e+00
4.217673271053675066e+00 4.352023473944648391e-01 2.111735715560002724e+00
4.232596444028789762e+00 8.433172600167692101e-01 2.740151687067167607e+00
4.232596444028789762e+00 7.300169641106032392e-01 2.034303627977933182e+00
4.232596444028789762e+00 9.040522623096836075e-01 2.309076037073614085e+00
4.232596444028789762e+00 5.330241421674999369e-01 2.596090828939580764e+00
4.232596444028789762e+00 1.072443392621867275e+00 3.408299853333264018e+00
4.244356280513030377e+00 3.070048477328652048e+00 3.764315953125294101e+00
4.250720902068811924e+00 2.576819220910634201e+00 3.894360089459530716e+00
4.253168765270159746e+00 2.567108658027301260e+00 3.815674852131655914e+00
4.253168765270159746e+00 1.783231011155931078e+00 3.325963420933994108e+00
4.253168765270159746e+00 1.217173324200587547e+00 3.228261872033681978e+00
4.253168765270159746e+00 1.923764793571463017e+00 3.653332663570353134e+00
4.253289233080401743e+00 2.825046720892831154e+00 3.414689230740864279e+00
4.253289233080401743e+00 2.116161705569128859e+00 3.352311180340288299e+00
4.253289233080401743e+00 2.708629137004490151e+00 3.656923018305497042e+00
4.253289233080401743e+00 2.861705873437469627e+00 3.879351869205780012e+00
4.253289233080401743e+00 1.665581024481133099e+00 2.991649871482740863e+00
4.253289233080401743e+00 3.204368133986399858e+00 3.769557086097441445e+00
4.253289233080401743e+00 1.645620099001690262e+00 3.438086922952591884e+00
4.253289233080401743e+00 1.675487452274655675e+00 3.350409217911415105e+00
4.253571070407655696e+00 1.380508977636786483e+00 3.330001423729461063e+00
4.253571070407655696e+00 2.424152895337991609e+00 3.716099422068273928e+00
4.253571070407655696e+00 1.633756693537771199e+00 3.384836057510077545e+00
4.253571070407655696e+00 3.041289402042567147e+00 3.781875741949670022e+00
4.253751531793708907e+00 3.512899291667118007e+00 4.001525725793936950e+00
4.253751531793708907e+00 4.012168776012257077e+00 4.175783386167867484e+00
4.253751531793708907e+00 4.188625899849984791e+00 4.222466540426708548e+00
4.253751600483524520e+00 4.223148952559582447e+00 4.237657305265348562e+00
4.253751600483524520e+00 4.244057182849550358e+00 4.248845133809941998e+00
4.253870945494324651e+00 4.248625508474754398e+00 4.252767169465414554e+00
4.253870945494324651e+00 4.251084241132435437e+00 4.252464947939072815e+00
4.253870945494324651e+00 4.250541948889459576e+00 4.251661825275524720e+00
4.253870945494324651e+00 4.250693879984390300e+00 4.252888518992299360e+00
4.253870945494324651e+00 4.252922998944631772e+00 4.253774304346917390e+00
