3.5843 -1.7212 0.8205
3.5843 -1.7212 1.9660
4.0420 -2.3133 2.2002
4.2169 -2.4252 1.8716
4.2169 -1.5486 2.6134
4.2169 -2.6967 2.3508
4.2169 -2.6846 2.2268
4.2169 -0.9803 2.5427
4.2169 -0.6543 2.4384
4.2169 -1.3532 2.2981
4.2169 0.6885 2.7595
4.2169 -0.1746 2.6973
4.2169 -0.4785 2.6189
3.7460 -2.3484 2.2607
3.7460 0.4407 2.3388
3.7460 -1.4495 2.4602
4.0652 -2.1749 2.2525
4.2360 -1.9923 2.2198
4.2360 -1.7496 2.3125
4.2360 -1.9137 2.3404
4.2360 -1.5100 2.5489
4.2360 0.5983 2.8047
4.2360 -2.4155 2.4465
4.2360 -2.6347 2.3742
4.2360 -2.5718 2.1553
4.2360 -0.7540 2.6980
4.2360 0.6472 2.7858
4.2360 0.6263 2.6884
4.2360 -0.2792 2.3776
4.2360 0.6776 2.5924
4.2360 -1.6611 2.6142
4.2360 -0.8707 2.5848
4.2360 -0.6752 2.4725
4.2360 0.6142 2.7918
4.2360 0.6200 2.9009
4.2360 0.6693 2.5854
4.2360 -0.7384 2.5723
4.2360 -0.4837 2.5036
4.2360 -1.4322 2.4087
4.2360 0.5202 2.7763
4.2360 0.7123 2.9306
4.2360 0.4309 2.7448
4.2360 0.2675 2.5975
4.2360 -0.9602 2.5683
4.2407 -1.5206 2.5900
4.2407 0.7954 2.6405
4.2407 0.3006 2.5749
4.2407 -1.4613 2.8149
4.2407 0.6210 2.7941
4.2407 -1.2290 2.8861
4.2407 0.6677 2.7927
4.2398 0.7056 2.6891
4.2398 0.9368 2.7890
4.2398 -0.4912 2.8863
4.2398 0.6542 3.1145
4.2398 -1.7528 2.9780
4.2500 0.4403 3.0106
4.2500 0.3381 2.6214
4.2538 -0.4107 2.7757
4.2538 0.6923 2.4835
4.2538 0.9818 2.8201
4.2538 -0.9034 2.7128
4.2538 0.5533 2.8189
4.2538 0.6366 2.8855
4.2538 -1.3605 2.9371
4.2538 0.4926 2.7430
4.2538 0.8535 2.6821
4.2538 0.7283 2.8124
4.2538 0.6745 2.9369
4.2538 1.2755 2.9219
4.2538 0.8330 2.8224
4.2539 1.3956 3.0521
4.2539 -0.9006 2.8573
4.2539 0.8853 3.0049
4.2539 -1.1623 2.9756
4.2539 1.0756 3.0619
4.2539 -0.7430 3.0618
4.2539 0.9267 3.0858
4.2539 -1.6553 2.9310
4.2539 0.9688 3.0122
4.2535 1.6669 3.0045
4.2529 0.3023 2.9989
4.2533 1.7221 3.0618
4.2534 1.1901 3.1887
4.2534 0.7770 3.0303
4.2519 -0.6031 3.0460
4.2519 0.3735 3.0520
4.2507 -1.5219 3.0479
4.2507 -1.1994 3.0986
4.2507 -1.0525 3.1414
4.2507 1.4202 3.0255
4.2507 -0.7076 3.1265
4.2507 1.1964 3.1130
4.2507 1.4470 3.0828
4.2507 1.1530 3.0583
4.2507 -1.4304 3.1069
4.2507 1.3706 3.0882
4.2507 1.7873 3.1728
4.2507 1.5386 3.1369
4.2507 1.5331 3.1091
