1.4313 0.8115 0.0227
0.3273 1.4088 0.0519
1.7779 1.6878 0.0666
1.5068 1.0169 0.0792
1.6521 1.7795 0.0986
1.2748 0.1550 0.1267
1.5106 1.5816 0.1492
1.7479 0.7120 0.1610
1.1173 1.4964 0.1731
-0.4161 0.4661 0.1984
1.2370 1.1159 0.2254
1.6691 1.5444 0.2409
0.6432 1.5017 0.2471
1.0650 1.7374 0.2627
1.2019 1.0675 0.2909
1.6052 1.6795 0.3313
0.7690 0.5761 0.3450
1.6511 1.6537 0.3620
1.6407 1.6410 0.3723
1.6407 1.6410 0.3723
1.6407 1.6410 0.3723
1.6407 1.6410 0.3723
1.6407 1.6410 0.3723
1.6407 1.6410 0.3723
1.6407 1.6410 0.3723
1.6407 1.6410 0.3723
1.6407 1.6410 0.3723
1.6407 1.6410 0.3723
1.6407 1.6410 0.3723
1.6407 1.6410 0.3723
1.6407 1.6410 0.3723
1.2244 0.6393 0.3735
1.1892 0.4863 0.3764
1.1352 1.7323 0.3766
0.2698 1.2276 0.4177
1.1675 1.1058 0.4516
1.5913 1.0756 0.4935
1.5913 1.0756 0.4935
1.5913 1.0756 0.4935
1.5913 1.0756 0.4935
0.0077 -0.0847 0.4942
0.0779 0.0626 0.4953
1.1336 0.7257 0.5364
1.1975 0.5984 0.5415
0.7075 1.5751 0.5541
1.1624 1.6749 0.5723
1.0935 1.6793 0.5924
0.3688 1.5922 0.6150
0.5814 0.5261 0.6187
1.6892 0.6624 0.6310
-0.0724 1.2428 0.6444
1.6094 0.4915 0.6465
1.6094 0.4915 0.6465
1.6237 -0.2509 0.6531
1.6237 -0.2509 0.6531
1.6237 -0.2509 0.6531
1.6237 -0.2509 0.6531
1.6237 -0.2509 0.6531
1.6237 -0.2509 0.6531
1.6237 -0.2509 0.6531
1.6237 -0.2509 0.6531
1.6237 -0.2509 0.6531
1.6237 -0.2509 0.6531
1.6523 0.3761 0.6897
1.6523 0.3761 0.6897
0.6336 1.7087 0.7081
0.3751 1.6197 0.7094
0.6862 1.5875 0.7144
0.1786 0.7141 0.7276
0.4263 1.1317 0.7334
0.4263 1.1317 0.7334
1.5650 0.2593 0.7992
0.5011 1.1150 0.9151
0.5011 1.1150 0.9151
0.6481 0.6610 0.9835
1.6171 0.0944 1.0631
1.6171 0.0944 1.0631
0.6458 -0.4014 1.1583
0.6458 -0.4014 1.1583
0.1563 0.6100 1.1728
0.1563 0.6100 1.1728
1.6161 0.1461 1.2011
1.6161 0.1461 1.2011
0.1306 1.6780 1.2515
0.1306 1.6780 1.2515
0.1306 1.6780 1.2515
0.1306 1.6780 1.2515
0.1306 1.6780 1.2515
0.1306 1.6780 1.2515
1.1321 -0.4987 1.9089
1.1321 -0.4987 1.9089
1.1321 -0.4987 1.9089
1.1321 -0.4987 1.9089
1.1321 -0.4987 1.9089
1.1321 -0.4987 1.9089
1.1321 -0.4987 1.9089
-0.1699 -0.5656 2.4297
-0.1699 -0.5656 2.4297
-0.1699 -0.5656 2.4297
-0.1699 -0.5656 2.4297
