0.8317 1.3612 0.0501
1.2902 1.6104 0.1119
0.7023 1.0386 0.1788
0.6072 1.2130 0.2112
1.5990 1.6045 0.2475
1.6053 1.6082 0.2529
1.6076 1.6088 0.2542
1.6079 1.6105 0.2552
1.6086 1.6109 0.2557
1.6105 1.6123 0.2572
1.6140 1.6127 0.2588
1.6138 1.6136 0.2592
1.6151 1.6127 0.2594
1.6161 1.6132 0.2601
1.6167 1.6136 0.2606
1.6176 1.6146 0.2614
1.6182 1.6140 0.2615
1.6176 1.6151 0.2617
1.6186 1.6142 0.2619
1.6174 1.6159 0.2621
1.6185 1.6161 0.2628
1.6180 1.6174 0.2633
1.6197 1.6186 0.2651
1.6196 1.6200 0.2659
1.6194 1.6203 0.2660
1.6223 1.6194 0.2673
1.6261 1.6248 0.2727
0.2766 1.1267 0.3132
0.2736 1.1274 0.3184
0.7263 0.6236 0.3383
0.5937 1.1267 0.3583
0.5040 1.5972 0.4064
0.5199 1.5968 0.4349
0.2616 1.6030 0.4383
0.6794 0.6225 0.4436
0.6607 0.6029 0.4728
0.5889 1.5783 0.4747
0.1695 1.1490 0.4757
0.1695 1.1490 0.4757
0.6207 0.6388 0.4839
0.2474 1.6120 0.4841
1.0745 1.1302 0.4888
0.0435 1.5884 0.4984
0.6161 1.5801 0.5071
0.6169 1.5802 0.5078
0.2033 1.6044 0.5206
0.6444 1.5822 0.5243
0.6444 1.5823 0.5251
1.1055 1.0901 0.5373
1.1482 1.0902 0.5531
1.1246 1.0901 0.5548
1.1329 1.0919 0.5602
1.1198 1.0992 0.5677
1.1114 1.1261 0.5790
0.1481 1.6112 0.5922
1.1533 1.5751 0.5965
-0.0389 1.6102 0.6170
-0.0392 1.6101 0.6172
-0.0391 1.6102 0.6173
-0.0391 1.6102 0.6173
-0.0391 1.6103 0.6174
1.5694 0.6247 0.6195
1.5991 1.1542 0.7204
1.5972 0.6416 0.7299
1.6059 1.1549 0.7394
1.0889 0.2180 0.7484
1.0889 0.2180 0.7484
1.0889 0.2180 0.7484
1.6075 0.6157 0.7628
1.1446 1.6016 0.7662
1.6120 1.0491 0.7716
1.6120 1.0491 0.7716
1.6492 0.5957 0.7734
1.6151 0.6338 0.7737
1.6151 0.6338 0.7737
1.6151 0.6338 0.7737
1.5976 1.0607 0.7753
1.6292 0.5886 0.7785
1.6292 0.5886 0.7785
1.5890 1.1381 0.7822
1.6375 0.6088 0.7859
1.6375 0.6088 0.7859
1.6375 0.6088 0.7859
1.6375 0.6088 0.7859
1.1163 0.2104 0.8714
1.1163 0.2104 0.8714
1.1163 0.2104 0.8714
1.5903 1.1226 0.8894
1.1284 1.6081 0.8942
1.1257 1.6092 0.9172
1.1257 1.6092 0.9172
1.0992 0.5163 0.9230
1.0992 0.5163 0.9230
1.5897 1.1085 0.9243
1.0999 1.6090 0.9549
1.0999 1.6090 0.9549
1.0999 1.6090 0.9550
1.5986 1.1008 0.9587
1.5986 1.1123 0.9814
1.5986 1.1123 0.9814
