0.5484 1.3042 0.0158
1.6020 1.4294 0.0423
1.2620 0.7039 0.0634
1.5812 1.2848 0.0684
0.8770 1.1321 0.0778
1.1145 1.4593 0.0965
0.9811 1.0624 0.1040
1.2219 1.0353 0.1165
1.5300 0.7176 0.1279
1.5438 0.7364 0.1371
0.7786 1.1061 0.1770
1.5678 1.5377 0.1851
0.5975 1.0016 0.1995
1.5403 1.5715 0.2085
1.5902 1.1885 0.2463
1.5788 1.1737 0.2493
1.5342 1.6035 0.2552
1.5796 0.7206 0.2590
1.5678 1.1267 0.2657
0.7199 1.0777 0.2799
0.3595 1.1402 0.2815
1.1740 1.0703 0.2818
1.6112 1.0491 0.2865
1.5633 0.6645 0.3043
1.0820 1.0665 0.3089
1.5542 0.6083 0.3125
1.6032 1.5616 0.3158
1.1469 0.4315 0.3370
1.6098 1.0890 0.3370
1.6225 1.0955 0.3585
1.6121 0.7061 0.3603
1.0688 1.1244 0.3736
1.5845 1.5951 0.3752
1.6113 1.5773 0.3763
0.5312 1.1104 0.3912
1.6067 1.5867 0.3972
1.1090 1.1710 0.4005
0.6358 1.0747 0.4227
1.6202 1.5946 0.4374
1.6633 0.5144 0.4436
1.6470 0.4866 0.4457
1.6266 0.6722 0.4479
1.5908 1.6267 0.4508
0.2225 1.5740 0.4668
0.6300 1.1068 0.4831
1.2038 1.6297 0.4973
1.6254 1.6190 0.4983
1.6287 1.6198 0.5030
1.6271 0.5630 0.5086
1.6271 0.5630 0.5086
0.1709 1.1729 0.5096
1.6253 0.6238 0.5107
1.6290 1.6253 0.5122
1.6303 0.5724 0.5173
1.6294 1.6293 0.5186
1.6369 0.5792 0.5243
1.1635 0.2546 0.5344
1.1100 0.6342 0.5570
0.1459 1.5921 0.5675
1.1801 1.6221 0.6075
-0.0254 1.6255 0.6141
-0.0254 1.6255 0.6141
-0.0254 1.6255 0.6141
-0.0254 1.6255 0.6141
-0.0254 1.6255 0.6141
-0.0254 1.6255 0.6141
1.1822 1.6343 0.6151
-0.0290 1.6250 0.6188
0.0562 1.6355 0.6254
0.0562 1.6355 0.6254
-0.0340 1.6230 0.6256
0.0922 1.6206 0.6279
0.0922 1.6206 0.6279
0.1598 1.1415 0.6348
0.1315 1.1422 0.6552
0.1315 1.1422 0.6552
0.1315 1.1422 0.6552
1.1655 1.6244 0.6864
1.1655 1.6244 0.6864
1.1655 1.6244 0.6864
1.1655 1.6244 0.6864
1.1541 0.1157 0.6934
1.1541 0.1157 0.6934
1.1541 0.1157 0.6934
1.0689 1.5858 0.7014
1.1412 0.1368 0.7146
1.1412 0.1368 0.7146
1.1412 0.1368 0.7146
0.0014 1.0796 0.7285
1.1438 0.0823 0.7426
1.1312 1.6127 0.8086
1.1312 1.6127 0.8086
0.5648 1.5915 0.8114
0.5648 1.5915 0.8114
0.5648 1.5915 0.8114
0.5648 1.5915 0.8114
0.5648 1.5915 0.8114
0.5954 1.5882 0.8690
0.6480 0.6841 0.9999
0.6480 0.6841 0.9999
