1.5131 1.4712 0.0202
1.1745 0.8588 0.0504
1.3140 1.5857 0.0748
1.2611 0.5900 0.0866
0.7715 1.0415 0.1016
1.5837 0.8298 0.1186
1.2331 0.2282 0.1401
1.5344 0.7012 0.1615
1.1211 0.7759 0.1718
1.5231 0.6290 0.1761
0.3201 1.1545 0.1858
1.1820 0.3215 0.1932
1.0159 1.1606 0.2116
1.1976 1.1942 0.2168
0.1526 1.5612 0.2184
1.0721 1.5286 0.2418
1.5721 0.4889 0.2562
0.1709 1.1669 0.2669
0.1607 1.1626 0.2793
0.3695 1.6142 0.2919
1.5233 1.5775 0.3028
0.3100 1.6163 0.3080
0.7236 1.0951 0.3122
0.9797 1.6330 0.3171
1.5795 0.5353 0.3264
1.5268 1.1235 0.3275
1.1511 0.2579 0.3302
1.1287 1.0762 0.3418
0.0137 1.6266 0.3478
0.0732 1.6245 0.3507
0.0562 1.6355 0.3518
1.5860 0.6842 0.3520
0.5949 1.1839 0.3574
0.1103 1.6259 0.3612
-0.0254 1.6255 0.3639
-0.0254 1.6255 0.3639
-0.0254 1.6255 0.3639
-0.0230 1.6313 0.3651
-0.0290 1.6250 0.3672
1.1673 0.6273 0.3718
1.5349 1.1341 0.3729
1.5996 0.6833 0.3917
1.1250 1.1209 0.3979
0.0014 1.0796 0.4080
1.1653 0.1487 0.4195
1.0778 0.6268 0.4202
1.1552 0.1608 0.4326
1.5726 1.5546 0.4374
1.1457 0.1730 0.4398
1.6322 0.6869 0.4427
0.6227 1.0886 0.4465
1.5958 1.5380 0.4479
1.1600 0.1224 0.4503
1.0279 1.6273 0.4568
1.5773 1.5554 0.4603
1.6208 0.5636 0.4606
1.0689 1.5858 0.4668
1.6125 0.6295 0.4743
1.6358 0.6652 0.4767
1.1530 0.1042 0.4790
1.6502 0.5789 0.4871
1.1822 1.6343 0.4934
0.7372 1.5826 0.5087
1.1655 1.6244 0.5280
1.1655 1.6244 0.5280
1.1655 1.6244 0.5280
1.1655 1.6244 0.5280
1.1655 1.6244 0.5280
1.1356 1.5982 0.5334
1.5959 1.5587 0.5483
1.5918 1.5661 0.5681
1.6006 1.5595 0.5693
1.1312 1.6127 0.5765
1.1312 1.6127 0.5765
1.1312 1.6127 0.5765
1.6064 1.5580 0.5821
1.5960 1.5739 0.6222
0.5648 1.5915 0.6400
0.5648 1.5915 0.6400
0.5648 1.5915 0.6400
0.5648 1.5915 0.6400
0.5648 1.5915 0.6400
0.5648 1.5915 0.6400
0.5648 1.5915 0.6400
1.5966 1.0774 0.6609
0.5954 1.5882 0.7196
0.5954 1.5882 0.7196
0.6480 0.6841 0.7319
0.6480 0.6841 0.7319
0.6480 0.6841 0.7319
1.6183 1.5846 0.7522
1.6183 1.5846 0.7522
1.6183 1.5846 0.7522
1.6183 1.5846 0.7522
1.6127 1.6083 0.8318
1.6294 1.6293 0.9385
1.6294 1.6293 0.9385
1.6294 1.6293 0.9385
1.6294 1.6293 0.9385
1.6294 1.6293 0.9385
