0.6404 0.9162 0.0237
1.3421 1.6944 0.0534
0.4947 1.0343 0.0720
0.7433 0.5508 0.0830
0.2886 1.0509 0.1206
1.3264 1.3847 0.1438
0.6977 0.6711 0.1564
0.7523 1.1298 0.1673
1.1800 0.3966 0.1710
0.5481 0.6669 0.1775
0.7404 1.1305 0.1828
0.5809 0.2558 0.1998
1.1818 0.4740 0.2086
0.0222 1.2088 0.2207
0.0342 1.2002 0.2494
0.1698 1.0603 0.2651
1.5915 0.7832 0.3052
1.7110 1.0214 0.3116
0.8072 1.6730 0.3556
1.1765 0.2398 0.3563
1.1949 0.6423 0.3820
1.0770 0.1438 0.4105
1.5924 1.0164 0.4352
1.5803 1.2206 0.4850
0.3588 1.6408 0.5239
1.1977 -0.0493 0.5377
0.3416 1.6409 0.5477
0.6162 -0.0140 0.5696
1.6046 1.2168 0.5911
1.6046 1.2168 0.5911
1.1247 1.0528 0.5945
0.5392 1.5919 0.5975
-0.0571 1.5774 0.5995
-0.5824 1.6805 0.6351
-0.5824 1.6805 0.6351
0.0358 1.6889 0.6457
-0.5889 1.6775 0.6601
-0.5889 1.6775 0.6601
-0.5889 1.6775 0.6601
1.5965 0.6832 0.6736
-0.6182 1.6833 0.6837
-0.6182 1.6833 0.6837
1.6953 0.6110 0.6939
1.6953 0.6110 0.6939
1.5982 1.1877 0.7081
1.5982 1.1877 0.7081
1.0368 1.6889 0.7134
1.6089 0.5501 0.7304
1.6089 0.5501 0.7304
1.6089 0.5501 0.7304
0.6867 1.6086 0.7624
0.6867 1.6086 0.7624
-0.0198 1.6221 0.7754
1.2107 1.6230 0.7853
1.6497 0.6750 0.7855
1.6497 0.6750 0.7855
-0.0015 1.6442 0.7877
1.0647 -0.1313 0.7931
-0.0213 1.6555 0.7967
1.6463 1.0860 0.8238
1.6463 1.0860 0.8238
-0.6005 1.6318 0.8257
-0.6005 1.6318 0.8257
-0.6005 1.6318 0.8257
-0.6005 1.6318 0.8257
-0.6005 1.6318 0.8257
-0.6005 1.6318 0.8257
-0.6005 1.6318 0.8257
-0.6005 1.6318 0.8257
1.6461 0.6479 0.8423
1.6461 0.6479 0.8423
1.6461 0.6479 0.8423
1.6461 0.6479 0.8423
1.6560 1.1633 0.8593
1.6560 1.1633 0.8593
1.6560 1.1633 0.8593
0.6069 1.6260 0.8723
1.6529 1.1579 0.8778
1.6529 1.1579 0.8778
1.6529 1.1579 0.8778
0.6159 1.6435 0.9042
0.6159 1.6435 0.9042
0.6159 1.6435 0.9042
1.5635 1.6540 0.9471
1.5635 1.6540 0.9471
1.5635 1.6540 0.9471
1.5635 1.6540 0.9471
1.1724 -0.1704 1.0684
1.1724 -0.1704 1.0684
1.6370 1.6229 1.3421
1.6370 1.6229 1.3421
1.6370 1.6229 1.3421
1.6370 1.6229 1.3421
1.6370 1.6229 1.3421
1.6370 1.6229 1.3421
1.6370 1.6229 1.3421
1.6370 1.6229 1.3421
1.6370 1.6229 1.3421
1.6370 1.6229 1.3421
1.6370 1.6229 1.3421
