-0.0209 1.7666 0.0359
0.8548 0.5384 0.0598
0.9123 1.3600 0.0813
1.2388 0.7549 0.0961
1.9273 0.8493 0.1292
1.9158 0.8438 0.1494
0.5886 1.2545 0.1603
0.1347 1.7303 0.1683
0.1178 1.7275 0.1795
1.2476 1.0617 0.2033
0.3498 1.5836 0.2246
1.2417 -0.1167 0.2457
1.6990 1.0463 0.2938
0.3173 1.6360 0.3092
0.7489 1.1793 0.3178
0.2962 1.6518 0.3184
0.4910 1.5994 0.3226
0.5987 1.2223 0.3238
0.4709 1.6272 0.3264
0.7542 1.1694 0.3354
0.0110 1.6921 0.3399
0.4896 1.6136 0.3433
1.7045 0.5005 0.3604
0.5766 1.5696 0.3697
0.5068 1.6153 0.3752
0.5899 1.5761 0.4110
0.5899 1.5761 0.4110
1.2231 0.0635 0.4135
1.6380 -0.4935 0.4150
1.6242 -0.4927 0.4189
0.5910 1.5781 0.4202
1.2237 0.0875 0.4337
1.6643 -0.5369 0.4452
1.6643 -0.5369 0.4452
1.6643 -0.5369 0.4452
1.6643 -0.5369 0.4452
1.6643 -0.5369 0.4452
1.6643 -0.5369 0.4452
1.6643 -0.5369 0.4452
1.6643 -0.5369 0.4452
0.0199 1.6010 0.4534
1.7123 -0.1092 0.4649
-0.3839 1.6136 0.4792
-0.3448 1.6183 0.5028
-0.1425 1.1545 0.5086
1.7022 -0.6617 0.5246
1.6909 -0.6124 0.5357
1.2483 1.6738 0.5388
1.6277 0.4301 0.5455
0.6361 1.6601 0.5814
0.6349 1.6581 0.5844
1.7009 -0.0630 0.5956
1.6207 1.1312 0.5960
1.6207 1.1312 0.5960
1.6207 1.1312 0.5960
1.6207 1.1312 0.5960
1.6207 1.1312 0.5960
1.6207 1.1312 0.5960
1.6207 1.1312 0.5960
1.6207 1.1312 0.5960
1.6207 1.1312 0.5960
1.6207 1.1312 0.5960
1.6207 1.1312 0.5960
1.6207 1.1312 0.5960
1.6207 1.1312 0.5960
1.6207 1.1312 0.5960
1.6207 1.1312 0.5960
1.6788 -0.6164 0.6053
1.6634 0.5198 0.6217
1.0664 -0.4396 0.6218
1.1949 -0.5134 0.7065
-0.5214 1.6175 0.7191
1.0372 1.6335 0.7470
1.6310 0.2715 0.7537
1.6310 0.2715 0.7537
1.6310 0.2715 0.7537
1.6783 0.0743 0.7959
-0.5494 1.6188 0.8073
-0.5494 1.6188 0.8073
-0.5663 1.6161 0.8555
-0.5663 1.6161 0.8555
-0.5663 1.6161 0.8555
-0.5663 1.6161 0.8555
-0.5663 1.6161 0.8555
-0.5663 1.6161 0.8555
-0.5663 1.6161 0.8555
-0.5663 1.6161 0.8555
-0.5663 1.6161 0.8555
-0.5663 1.6161 0.8555
1.0600 1.6530 0.8769
1.1559 -0.4772 0.8928
1.1559 -0.4772 0.8928
1.6341 0.1221 0.9666
1.6341 0.1221 0.9666
1.6341 0.1221 0.9666
0.0135 -0.5875 1.2342
0.0135 -0.5875 1.2342
0.0064 -0.6442 1.4022
0.0064 -0.6442 1.4022
0.0064 -0.6442 1.4022
