0.5350 1.2392 0.1093
1.0482 1.5256 0.1543
1.1960 1.5291 0.1614
0.2880 1.1428 0.2000
0.2716 1.1431 0.2133
0.7538 1.5627 0.2221
1.5435 1.5607 0.2404
1.2289 1.6061 0.2474
1.5829 1.5325 0.2714
1.1009 0.5393 0.2876
0.1533 1.1192 0.2986
0.1214 1.5805 0.2990
0.1069 1.1372 0.3012
0.5419 1.0937 0.3029
0.1212 1.1197 0.3055
0.0364 1.5890 0.3083
0.0717 1.0967 0.3113
0.0249 1.5906 0.3148
1.1435 0.5589 0.3183
1.5885 1.5485 0.3316
1.5556 1.5864 0.3350
1.1296 0.6857 0.3426
1.5561 1.5898 0.3433
1.1295 0.6836 0.3448
1.5920 1.5503 0.3454
1.1162 0.6805 0.3476
1.1177 0.6769 0.3517
1.1483 0.6624 0.3544
1.5698 1.5776 0.3594
1.1889 1.6260 0.3626
1.5698 1.5792 0.3633
0.1876 1.5958 0.3648
1.1460 0.6442 0.3673
0.7298 1.5883 0.3802
0.1175 1.6143 0.3829
1.1777 1.6291 0.3884
0.1138 1.6194 0.3892
0.5899 0.7213 0.3916
1.1723 1.6251 0.3978
-0.0254 1.6379 0.3992
0.6326 1.0674 0.3994
1.1117 0.2147 0.4008
1.1117 0.2147 0.4008
1.5823 1.5803 0.4025
-0.0289 1.6364 0.4031
1.1683 1.6258 0.4061
1.1669 1.6276 0.4099
1.5876 1.5802 0.4171
1.1114 1.5931 0.4200
1.0731 1.6200 0.4271
1.0749 1.6234 0.4327
1.1484 1.6162 0.4341
1.1342 1.6187 0.4552
1.0903 0.1361 0.4640
1.0902 0.1340 0.4645
0.6785 1.1090 0.4671
0.6770 1.1111 0.4708
1.5845 0.6584 0.5077
1.5937 0.6732 0.5317
1.6127 1.6083 0.5346
0.5779 1.5741 0.5428
1.1159 0.0928 0.5458
1.6159 1.6157 0.5494
0.5758 1.5761 0.5502
1.1239 1.0491 0.5629
1.1223 1.0510 0.5711
1.6292 1.6291 0.5746
1.6294 1.6293 0.5747
1.6294 1.6293 0.5747
1.6294 1.6293 0.5747
1.6294 1.6293 0.5747
1.6294 1.6293 0.5747
1.6294 1.6293 0.5747
1.6294 1.6293 0.5747
1.6294 1.6293 0.5747
1.6294 1.6293 0.5747
1.6294 1.6293 0.5747
1.6502 0.5789 0.5771
1.6502 0.5789 0.5771
1.6482 0.5793 0.5801
1.6312 0.5820 0.5889
1.6312 0.5820 0.5889
1.6312 0.5820 0.5889
1.6143 0.6516 0.6215
1.1158 1.0781 0.6826
1.1338 1.1111 0.7855
1.1338 1.1111 0.7855
1.1340 1.1130 0.7895
1.1440 1.1229 0.7955
1.1191 1.1238 0.8022
1.1191 1.1238 0.8022
1.1208 1.1254 0.8035
1.5605 1.1430 0.9500
1.5620 1.1428 0.9653
1.5619 1.1412 0.9733
1.5619 1.1412 0.9733
1.5619 1.1263 1.0258
1.5633 1.1244 1.0450
1.5633 1.1244 1.0450
1.5633 1.1244 1.0450
