1.3841 1.7747 0.0291
1.4220 1.5822 0.0500
1.1093 1.7921 0.0644
1.3050 1.5821 0.0907
1.3155 1.9211 0.1183
1.9023 -0.4524 0.1382
0.2807 1.7265 0.1476
1.4004 1.9258 0.1608
-0.4659 1.5222 0.1659
1.3470 1.8737 0.1876
1.6495 1.7591 0.2007
0.9876 1.5613 0.2202
1.7053 -0.3018 0.2214
1.1704 0.9064 0.2373
1.9364 1.3442 0.2440
1.9344 1.9368 0.2533
1.7058 -0.2008 0.2709
1.8222 1.8983 0.2822
1.6525 0.8009 0.2876
1.5612 -0.0789 0.3147
1.9200 1.3783 0.3259
1.6927 -0.1700 0.3325
-0.2983 1.5784 0.3402
-0.0198 1.5909 0.3568
0.0544 1.5887 0.3609
0.1798 1.5722 0.3656
0.6752 1.2181 0.3789
1.5552 0.6819 0.3827
1.6026 0.7566 0.3846
0.7339 1.7063 0.3851
1.2036 1.5870 0.3951
1.8560 1.9054 0.3994
1.1322 1.7026 0.3998
0.6776 1.2122 0.4063
1.0619 1.5591 0.4088
1.6671 -0.1272 0.4223
-0.1683 1.6026 0.4440
-0.1683 1.6026 0.4440
-0.2911 1.6220 0.4447
-0.1720 1.6524 0.4451
1.6081 -0.1065 0.4582
-0.1572 1.6271 0.4609
-0.1572 1.6271 0.4609
-0.1572 1.6271 0.4609
1.5999 -0.1777 0.4611
0.2757 1.6400 0.4673
1.6283 -0.1302 0.4811
1.6220 -0.0317 0.4858
0.0751 1.1967 0.4921
1.5753 0.0823 0.4930
1.5895 0.6966 0.4932
1.6845 0.6294 0.5072
1.6845 0.6294 0.5072
1.6845 0.6294 0.5072
1.6845 0.6294 0.5072
1.6664 1.6644 0.5330
1.6664 1.6644 0.5330
1.5839 0.6253 0.5347
1.5839 0.6253 0.5347
1.5839 0.6253 0.5347
1.5839 0.6253 0.5347
1.5839 0.6253 0.5347
1.5839 0.6253 0.5347
1.1705 1.6361 0.5358
1.6774 1.2289 0.5567
1.6607 1.5931 0.5705
0.6621 1.1812 0.5883
1.1732 0.9889 0.6098
1.6107 0.6079 0.6121
1.6107 0.6079 0.6121
1.6348 1.6187 0.6272
0.6217 1.1659 0.6749
0.6217 1.1659 0.6749
0.6596 1.1538 0.7031
1.6739 1.2024 0.7810
1.6739 1.2024 0.7810
1.1353 1.0011 0.8405
-0.2732 1.1161 0.8805
-0.2732 1.1161 0.8805
-0.2732 1.1161 0.8805
-0.2732 1.1161 0.8805
-0.2732 1.1161 0.8805
-0.2732 1.1161 0.8805
-0.2732 1.1161 0.8805
1.6653 1.1954 0.8830
1.6653 1.1954 0.8830
1.6653 1.1954 0.8830
0.1857 1.1145 0.9506
0.1857 1.1145 0.9506
0.5894 0.5772 1.2036
0.5894 0.5772 1.2036
-0.6187 1.6421 1.5549
-0.6187 1.6421 1.5549
-0.6187 1.6421 1.5549
-0.6187 1.6421 1.5549
-0.6187 1.6421 1.5549
-0.6187 1.6421 1.5549
-0.6187 1.6421 1.5549
-0.6187 1.6421 1.5549
-0.6187 1.6421 1.5549
