0.0474 0.3425 0.0289
0.2937 0.2098 0.0560
0.2777 0.7215 0.0838
-0.4329 0.6646 0.1060
0.5297 0.0002 0.1190
-0.0647 0.5962 0.1294
-0.3023 -0.1546 0.1347
-0.7714 0.6944 0.1535
0.3917 -0.5533 0.1681
0.5991 -0.3917 0.2284
-0.7368 1.2028 0.2647
0.6723 -0.3139 0.2966
0.4979 -0.5586 0.3511
-0.7528 1.1218 0.3560
-0.2205 1.1073 0.4863
1.0330 -0.2035 0.5185
-0.1413 -0.5562 0.5386
-0.1413 -0.5562 0.5386
1.4940 1.0457 0.5472
0.5047 1.5414 0.6115
1.0652 0.7995 0.6395
-0.6965 0.0615 0.7135
1.0141 1.0260 0.7793
1.1715 1.6666 0.8535
1.1715 1.6666 0.8535
1.1715 1.6666 0.8535
1.1434 0.2216 0.8961
1.1650 -0.0902 0.8965
1.1652 -0.2781 0.9595
1.6348 1.6187 0.9622
1.6348 1.6187 0.9622
1.6348 1.6187 0.9622
1.6348 1.6187 0.9622
1.6348 1.6187 0.9622
1.6348 1.6187 0.9622
1.6348 1.6187 0.9622
1.6348 1.6187 0.9622
1.6348 1.6187 0.9622
1.6348 1.6187 0.9622
1.6348 1.6187 0.9622
1.6348 1.6187 0.9622
1.6348 1.6187 0.9622
1.6348 1.6187 0.9622
1.6348 1.6187 0.9622
1.6348 1.6187 0.9622
1.6348 1.6187 0.9622
1.6348 1.6187 0.9622
1.6348 1.6187 0.9622
1.6348 1.6187 0.9622
1.0879 1.6064 0.9798
1.0879 1.6064 0.9798
1.0879 1.6064 0.9798
1.0879 1.6064 0.9798
1.0879 1.6064 0.9798
1.0879 1.6064 0.9798
1.1307 1.6658 0.9837
1.1307 1.6658 0.9837
1.1307 1.6658 0.9837
1.1307 1.6658 0.9837
1.1307 1.6658 0.9837
1.1307 1.6658 0.9837
-0.6809 1.5618 1.0030
0.2658 1.6387 1.2756
0.2658 1.6387 1.2756
-0.5110 1.5956 1.3552
0.0509 1.6037 1.5567
0.0509 1.6037 1.5567
0.0389 1.6316 1.6941
0.0389 1.6316 1.6941
1.6013 1.1755 1.8155
1.6013 1.1755 1.8155
1.6013 1.1755 1.8155
1.6013 1.1755 1.8155
1.6013 1.1755 1.8155
1.6013 1.1755 1.8155
1.6013 1.1755 1.8155
1.6013 1.1755 1.8155
1.6013 1.1755 1.8155
1.5959 -0.2471 1.8568
1.5959 -0.2471 1.8568
1.5959 -0.2471 1.8568
1.5959 -0.2471 1.8568
-0.1011 1.5950 1.9625
-0.1011 1.5950 1.9625
0.6307 1.6369 2.0461
0.6307 1.6369 2.0461
0.6307 1.6369 2.0461
0.6307 1.6369 2.0461
0.6307 1.6369 2.0461
0.6307 1.6369 2.0461
0.6307 1.6369 2.0461
1.5856 0.6398 7.8287
1.5856 0.6398 7.8287
1.5856 0.6398 7.8287
1.5856 0.6398 7.8287
1.5856 0.6398 7.8287
1.5856 0.6398 7.8287
1.5856 0.6398 7.8287
1.5856 0.6398 7.8287
1.5856 0.6398 7.8287
