1.2857 1.3625 0.0229
1.4609 1.5607 0.0519
0.3675 1.2279 0.0661
1.1883 0.9396 0.0865
1.1464 0.8748 0.1090
1.2843 1.5974 0.1184
1.1981 1.5195 0.1357
0.7580 1.0357 0.1554
1.2568 1.5969 0.1784
1.5031 1.1374 0.1885
1.2316 0.1323 0.2066
0.6352 0.3713 0.2222
0.7057 1.2178 0.2283
1.2110 -0.0450 0.2332
1.5279 0.6374 0.2398
1.5540 1.5538 0.2448
0.6309 1.5061 0.2474
1.5370 0.6386 0.2792
1.0557 -0.2452 0.2885
1.5373 1.1600 0.2929
0.2108 1.0815 0.2947
1.5903 1.5395 0.2958
0.4871 1.1095 0.3064
0.1774 1.0837 0.3140
1.2036 1.1535 0.3213
-0.0910 1.0567 0.3292
0.0876 1.0898 0.3312
1.1959 1.5912 0.3417
1.5541 0.6294 0.3579
0.1423 1.5462 0.3588
1.6343 0.4350 0.3638
1.6339 0.3928 0.3760
1.6346 0.4602 0.3790
1.1482 0.0073 0.3840
1.1268 -0.0528 0.3957
1.1268 -0.0528 0.3957
0.5743 1.0625 0.3970
1.1844 1.6062 0.4116
1.5821 1.5834 0.4202
0.7151 1.1454 0.4231
1.5932 1.5785 0.4375
1.1175 -0.2510 0.4410
1.1175 -0.2510 0.4410
1.6354 1.5589 0.4440
0.6853 -0.0293 0.4460
1.1673 1.6013 0.4473
1.5791 1.5997 0.4568
1.1379 -0.2386 0.4580
1.1379 -0.2386 0.4580
0.6831 0.1397 0.4623
1.5725 1.1448 0.4729
1.5867 0.5957 0.4817
1.1267 1.1501 0.4857
1.6165 1.5798 0.4977
1.1536 1.1104 0.5017
1.5890 0.6289 0.5123
1.1540 1.6179 0.5179
0.6772 0.5927 0.5200
1.1112 1.1271 0.5246
1.1150 0.2318 0.5249
1.1150 0.2318 0.5249
1.1459 1.6129 0.5249
1.1459 1.6129 0.5249
0.6842 0.6447 0.5374
1.0577 1.6341 0.5429
1.1312 1.6127 0.5501
0.6684 0.6053 0.5585
0.6684 0.6053 0.5585
1.6145 1.1641 0.5742
1.6265 0.6647 0.6034
0.6537 0.6265 0.6068
1.6253 0.6238 0.6140
1.6173 1.1493 0.6245
0.6450 0.6391 0.6246
1.6531 1.1603 0.6334
1.6449 1.6130 0.6372
1.6449 1.6130 0.6372
1.6294 1.6293 0.6498
1.6294 1.6293 0.6498
1.6294 1.6293 0.6498
1.6419 1.6204 0.6505
1.6383 1.6355 0.6697
1.6383 1.6355 0.6697
1.6324 1.6439 0.6700
1.6655 1.6494 0.6793
0.1529 1.5931 0.6837
1.6204 1.1052 0.6924
1.6204 1.1052 0.6924
1.6359 1.1120 0.7231
1.6399 1.1119 0.7286
-0.0254 1.6255 0.7296
-0.0254 1.6255 0.7296
-0.0254 1.6255 0.7296
-0.0254 1.6255 0.7296
-0.0290 1.6250 0.7332
-0.0290 1.6250 0.7332
-0.0340 1.6230 0.7382
0.0562 1.6355 0.7583
0.5954 1.5882 0.9042
0.5954 1.5882 0.9042
