1.3785 0.7535 0.0156
1.6457 1.4572 0.0643
1.5426 1.2418 0.0844
0.3331 1.2109 0.1259
1.6307 1.2605 0.1319
0.9498 1.5704 0.1440
1.5569 1.5528 0.1672
0.8642 1.6226 0.1796
1.6401 1.5296 0.1863
1.6449 1.5371 0.2015
1.6422 1.5416 0.2126
1.2171 1.5531 0.2224
1.2221 1.5636 0.2353
1.6229 1.2105 0.2365
0.4156 0.6798 0.2487
1.6519 1.5618 0.2543
1.7167 1.6355 0.2632
1.6165 1.1945 0.2702
0.4134 0.5968 0.2724
1.6203 1.1919 0.2778
1.6194 1.1865 0.2893
0.4750 1.5753 0.2939
1.7019 1.6519 0.2985
1.6103 1.5852 0.3010
1.6997 1.6543 0.3025
1.6540 1.5875 0.3071
1.0761 -0.0017 0.3130
1.6507 1.5906 0.3147
1.6485 1.5919 0.3182
0.3293 1.6216 0.3256
0.3293 1.6216 0.3256
1.6142 1.1659 0.3292
1.1852 1.5564 0.3334
1.6313 1.6021 0.3405
1.6785 1.6478 0.3458
1.6785 1.6478 0.3458
1.6255 1.0473 0.3466
0.2031 1.5908 0.3473
0.7764 1.6166 0.3500
1.6154 1.1532 0.3530
0.5636 0.4480 0.3557
1.6012 1.6330 0.3580
1.6458 1.1508 0.3620
1.6122 1.1442 0.3641
1.6294 1.6293 0.3745
1.6282 1.6343 0.3778
1.6290 1.1399 0.3792
1.6297 1.6403 0.3813
1.6365 1.6479 0.3838
1.0743 -0.2592 0.3840
1.6104 1.1131 0.3888
0.2173 1.6124 0.3895
1.6290 1.1298 0.3902
1.1641 -0.0203 0.3917
0.2223 1.6244 0.4041
1.1497 -0.0019 0.4096
1.7016 0.7071 0.4127
0.4730 1.6174 0.4147
0.0599 1.6482 0.4199
0.0599 1.6482 0.4199
0.6992 1.5696 0.4581
0.6992 1.5696 0.4581
-0.0254 1.6255 0.4597
-0.0254 1.6255 0.4597
-0.0254 1.6255 0.4597
-0.0254 1.6255 0.4597
-0.0254 1.6255 0.4597
-0.0254 1.6255 0.4597
1.1852 1.6051 0.4736
1.7112 0.6639 0.4858
0.0985 1.1595 0.4922
1.1175 -0.2510 0.5038
1.5516 0.6363 0.5121
1.1379 -0.2386 0.5229
-0.4955 1.0106 0.5294
-0.4955 1.0106 0.5294
1.1633 1.5986 0.5320
1.1633 1.5986 0.5320
0.6853 -0.0293 0.5389
0.2427 0.6575 0.5568
1.5931 0.4128 0.5655
0.2043 0.6866 0.5749
0.5397 0.5642 0.6025
1.5684 0.5988 0.6158
1.1312 1.6127 0.6281
1.1312 1.6127 0.6281
1.1312 1.6127 0.6281
1.1312 1.6127 0.6281
1.1150 0.2318 0.7062
1.6514 0.6771 0.7156
1.6514 0.6771 0.7156
1.6530 0.6726 0.7283
1.6051 0.5526 0.7369
1.1937 0.5050 0.7540
1.6542 0.5563 0.7689
1.6542 0.5563 0.7689
-0.0843 1.1019 0.9963
-0.0843 1.1019 0.9963
-0.0843 1.1019 0.9963
0.6311 1.1565 1.0270
