0.2233 0.8545 0.0042
0.3179 0.4954 0.0406
0.1667 0.4585 0.0659
0.3096 0.1773 0.0837
0.0311 -0.0799 0.0927
0.7232 0.7753 0.1079
-0.1953 -0.5010 0.1197
-0.0355 0.9989 0.1353
1.4965 0.1959 0.1421
-0.1788 0.1326 0.1507
-0.1698 -0.5257 0.1649
1.0712 -0.3231 0.1799
0.1896 0.6347 0.1996
0.0038 -0.5458 0.2009
1.1209 -0.3900 0.2122
0.6700 -0.5045 0.2425
-0.1699 -0.5656 0.2435
1.1998 -0.1461 0.2607
0.4263 1.1317 0.2664
0.0049 1.2241 0.2839
-0.5695 -0.3065 0.3018
-0.0786 0.6474 0.3168
1.1321 -0.4987 0.3234
1.1321 -0.4987 0.3234
1.1321 -0.4987 0.3234
1.1321 -0.4987 0.3234
1.0547 0.0803 0.3669
0.5011 1.1150 0.3805
0.6260 0.7112 0.3878
0.5690 0.6533 0.4004
0.6644 0.2186 0.4057
0.6189 0.1771 0.4274
1.2074 0.7133 0.4457
0.6549 -0.9724 0.4510
0.6549 -0.9724 0.4510
0.2434 -0.6006 0.4523
-0.2072 1.2156 0.4568
0.9994 1.2184 0.5149
0.6481 0.6610 0.5639
1.2094 0.6703 0.5708
1.4403 1.3723 0.5797
1.4403 1.3723 0.5797
1.5682 -0.2275 0.5883
0.3751 1.6197 0.5931
1.5650 0.2593 0.6294
-0.7556 0.7206 0.6320
1.1511 0.7125 0.6553
-0.6493 -0.7252 0.6701
-0.6493 -0.7252 0.6701
0.1306 1.6780 0.6940
0.1306 1.6780 0.6940
0.1306 1.6780 0.6940
0.1306 1.6780 0.6940
0.1306 1.6780 0.6940
0.1306 1.6780 0.6940
1.1261 0.7053 0.6955
1.1619 0.6718 0.7883
1.6523 0.3761 0.8011
1.6523 0.3761 0.8011
1.6523 0.3761 0.8011
1.6171 0.0944 0.8436
1.6171 0.0944 0.8436
1.6161 0.1461 0.9034
1.6161 0.1461 0.9034
1.6161 0.1461 0.9034
1.6237 -0.2509 0.9047
1.6237 -0.2509 0.9047
1.6237 -0.2509 0.9047
1.6237 -0.2509 0.9047
-0.1672 1.1354 0.9774
-0.5819 1.5464 0.9858
-0.5819 1.5464 0.9858
-0.5821 1.5602 1.2123
-0.5821 1.5602 1.2123
0.6336 1.7087 1.8749
0.6336 1.7087 1.8749
0.6862 1.5875 2.1545
0.6862 1.5875 2.1545
0.6862 1.5875 2.1545
0.6862 1.5875 2.1545
1.5909 -0.6837 3.7527
1.5909 -0.6837 3.7527
1.5909 -0.6837 3.7527
1.5909 -0.6837 3.7527
1.5909 -0.6837 3.7527
1.6407 1.6410 10.0066
1.6407 1.6410 10.0066
1.6407 1.6410 10.0066
1.6407 1.6410 10.0066
1.6407 1.6410 10.0066
1.6407 1.6410 10.0066
1.6407 1.6410 10.0066
1.6407 1.6410 10.0066
1.6407 1.6410 10.0066
1.6407 1.6410 10.0066
1.6407 1.6410 10.0066
1.6407 1.6410 10.0066
1.6407 1.6410 10.0066
1.6407 1.6410 10.0066
1.6407 1.6410 10.0066
