0.2815 1.2787 0.0180
1.6129 1.3198 0.0614
0.8531 0.6171 0.0901
0.7281 0.7614 0.1139
1.6295 1.2706 0.1515
0.9640 1.0796 0.1665
0.1710 1.2364 0.1807
1.7004 1.6284 0.1992
1.6770 1.6496 0.2215
1.6781 1.6321 0.2259
1.6729 1.6425 0.2280
1.6518 1.6672 0.2305
1.6551 1.6604 0.2331
1.6489 1.6647 0.2339
1.6282 1.6721 0.2355
1.6625 1.6429 0.2361
1.6630 1.6385 0.2370
1.6599 1.6396 0.2389
1.6600 1.6360 0.2398
1.6435 1.6577 0.2410
1.6593 1.6308 0.2415
1.6580 1.6331 0.2418
1.6563 1.6303 0.2436
1.6536 1.6325 0.2448
1.6542 1.6281 0.2454
1.6494 1.6350 0.2467
1.6420 1.6463 0.2470
1.6472 1.6371 0.2474
1.6480 1.6318 0.2483
1.6314 1.6512 0.2491
1.6467 1.6274 0.2500
1.6435 1.6313 0.2509
1.6390 1.6264 0.2540
1.6174 1.6414 0.2552
0.2604 1.1977 0.2555
1.6282 1.6343 0.2560
1.6113 1.6338 0.2568
0.0663 1.0331 0.2658
1.0018 1.1745 0.2999
0.8417 1.5804 0.3431
1.1787 1.2174 0.3857
1.1798 1.2095 0.4132
1.6221 0.5830 0.4543
1.6221 0.5830 0.4543
1.6221 0.5830 0.4543
1.6221 0.5830 0.4543
1.6221 0.5830 0.4543
1.6221 0.5830 0.4543
1.6221 0.5830 0.4543
1.6221 0.5830 0.4543
1.6221 0.5830 0.4543
1.6221 0.5830 0.4543
1.6221 0.5830 0.4543
1.6221 0.5918 0.4658
1.6221 0.5918 0.4658
1.6221 0.5918 0.4658
1.5882 1.1705 0.4830
1.5797 1.1624 0.4871
0.6392 1.0852 0.4955
1.1195 1.0448 0.5154
-0.4955 1.0106 0.5181
0.6311 1.1565 0.5546
0.8161 1.6097 0.5755
1.0743 -0.2592 0.5912
1.0743 -0.2592 0.5912
1.0743 -0.2592 0.5912
1.0743 -0.2592 0.5912
1.0743 -0.2592 0.5912
1.6102 1.1061 0.6318
1.6102 1.1061 0.6318
1.6102 1.1061 0.6318
1.6102 1.1061 0.6318
1.6102 1.1061 0.6318
1.6102 1.1061 0.6318
1.6102 1.1061 0.6318
1.6102 1.1061 0.6318
1.6102 1.1061 0.6318
0.1404 0.6479 0.6745
1.0665 0.0500 0.6891
0.1734 0.5815 0.7092
0.1734 0.5815 0.7092
0.0286 1.5714 0.7246
-0.0843 1.1019 0.7725
1.0521 0.1806 0.8217
0.7764 1.6166 0.8251
0.7764 1.6166 0.8251
0.3293 1.6216 0.9129
0.6992 1.5696 0.9197
0.6992 1.5696 0.9197
0.6853 -0.0293 0.9914
0.0599 1.6482 1.1397
0.0599 1.6482 1.1397
-0.0254 1.6255 1.1701
-0.0254 1.6255 1.1701
-0.0254 1.6255 1.1701
-0.0254 1.6255 1.1701
1.1312 1.6127 2.4845
1.1312 1.6127 2.4845
1.1312 1.6127 2.4845
1.1312 1.6127 2.4845
