1.3928 1.0606 0.0049
1.3422 1.6126 0.0508
1.0873 0.8307 0.0825
0.8734 1.5926 0.1235
0.6872 1.2058 0.2108
0.7748 1.5904 0.2360
1.5808 1.5955 0.2385
0.6075 1.2144 0.2412
1.0544 1.5332 0.2494
0.6635 1.0279 0.2563
1.1345 1.0640 0.2597
1.5999 1.6046 0.2620
1.6113 1.6016 0.2668
0.5654 1.0292 0.2692
1.6085 1.6106 0.2705
1.6134 1.6065 0.2707
1.6105 1.6110 0.2716
1.6112 1.6112 0.2721
1.6120 1.6129 0.2735
1.0975 1.0798 0.2736
1.6141 1.6127 0.2743
1.6169 1.6117 0.2752
1.6173 1.6124 0.2758
1.6176 1.6132 0.2764
1.6175 1.6138 0.2767
1.6183 1.6138 0.2772
1.6182 1.6150 0.2778
1.6136 1.6186 0.2781
1.6181 1.6163 0.2787
1.6174 1.6181 0.2795
1.6208 1.6177 0.2812
1.6202 1.6204 0.2827
1.6181 1.6230 0.2833
1.6219 1.6237 0.2858
1.6261 1.6261 0.2896
1.1182 1.0880 0.2933
1.1421 1.1021 0.3029
1.1435 1.1063 0.3054
1.1139 1.1545 0.3089
0.4946 1.0973 0.3624
1.6136 1.2008 0.4124
0.3407 1.1334 0.4511
0.5832 1.1132 0.4595
0.6170 1.5758 0.4608
0.0324 1.5735 0.4664
0.5890 1.5784 0.4672
0.6445 1.5825 0.4753
0.6445 1.5825 0.4753
0.6445 1.5825 0.4753
0.1238 1.5677 0.4768
1.0634 1.5838 0.5357
1.1533 1.5751 0.5364
1.5977 1.0610 0.5714
1.5991 1.1543 0.5756
0.2474 1.6123 0.5919
1.5890 1.1385 0.5926
0.0597 1.6109 0.6218
-0.0391 1.6102 0.6269
-0.0391 1.6102 0.6269
-0.0391 1.6102 0.6269
-0.0391 1.6102 0.6269
-0.0391 1.6102 0.6269
-0.0391 1.6102 0.6269
1.1870 0.5425 0.6295
1.5694 0.6246 0.6548
0.1481 1.6112 0.6690
0.1481 1.6112 0.6690
1.1445 1.6016 0.6897
1.5986 1.1008 0.7017
1.1402 0.4140 0.7077
1.5986 1.1123 0.7137
0.5711 0.6834 0.7438
1.1284 1.6080 0.7787
1.6139 1.1164 0.7851
1.5972 0.6415 0.7876
1.0999 1.6090 0.7903
1.0999 1.6090 0.7903
1.0999 1.6090 0.7903
1.1257 1.6092 0.7936
1.0991 0.5163 0.7939
1.6075 0.6157 0.8533
1.6151 0.6338 0.8610
1.6151 0.6338 0.8610
1.6151 0.6338 0.8610
0.6794 0.6225 0.8860
1.6292 0.5886 0.8966
1.6292 0.5886 0.8966
1.6292 0.5886 0.8966
1.6492 0.5957 0.9003
1.6375 0.6088 0.9083
1.6375 0.6088 0.9083
1.6375 0.6088 0.9083
0.6607 0.6029 0.9629
0.6578 0.6068 0.9743
0.1695 1.1490 1.2829
0.1695 1.1490 1.2829
1.0889 0.2180 1.3057
1.0889 0.2180 1.3057
1.1163 0.2104 1.5065
1.1163 0.2104 1.5065
