1.5265 1.2369 0.0947
1.5813 1.5285 0.1351
1.6171 1.5415 0.1865
1.5989 1.2448 0.2172
1.5765 1.6139 0.2318
1.5807 1.6179 0.2392
1.1078 1.5306 0.2516
1.6095 1.6114 0.2616
1.6104 1.6114 0.2621
1.6107 1.6116 0.2624
1.6120 1.6127 0.2638
1.6140 1.6138 0.2655
1.6144 1.6140 0.2659
1.6148 1.6145 0.2664
1.6156 1.6147 0.2671
1.6162 1.6144 0.2673
1.6161 1.6151 0.2677
1.6168 1.6154 0.2683
1.6171 1.6157 0.2688
1.6174 1.6159 0.2691
1.6179 1.6181 0.2710
1.6208 1.6187 0.2737
1.6252 1.6239 0.2799
1.0624 0.3385 0.2809
1.6261 1.6248 0.2810
1.5507 0.6655 0.2972
1.1817 1.5900 0.3018
1.5664 1.1959 0.3242
1.0696 1.5665 0.3276
1.1781 1.6097 0.3381
1.1662 1.6105 0.3671
1.1658 1.6100 0.3674
1.0411 1.6078 0.3687
0.2766 1.1267 0.3760
1.1446 1.6016 0.4020
0.2342 1.1593 0.4058
0.2182 1.1684 0.4075
1.5885 0.6712 0.4219
1.1391 1.6089 0.4236
1.1382 1.6089 0.4252
1.1973 0.5979 0.4349
1.1564 0.3240 0.4362
1.6084 0.6934 0.4382
1.1602 0.5080 0.4410
0.5931 1.0658 0.4426
1.1272 1.6086 0.4458
1.1976 0.6415 0.4466
1.1257 1.6092 0.4495
1.0999 1.6090 0.4620
1.0999 1.6090 0.4620
0.5620 1.1296 0.4699
1.5972 0.6416 0.4816
0.6423 1.1718 0.4898
0.1852 1.1552 0.5008
0.4512 1.6114 0.5056
1.6151 0.6338 0.5289
1.6151 0.6338 0.5289
0.1695 1.1490 0.5464
1.5924 1.1610 0.5553
1.6041 1.0483 0.5594
1.6492 0.5957 0.5594
0.6446 1.1359 0.5619
1.6375 0.6088 0.5628
0.6473 1.1227 0.5689
0.2474 1.6120 0.5837
0.5441 1.5817 0.5956
0.5199 1.5968 0.6086
0.1090 1.5960 0.6181
0.1090 1.5960 0.6181
0.5590 1.5804 0.6277
0.1818 1.6044 0.6285
0.1818 1.6044 0.6285
0.0459 1.5979 0.6286
1.1240 1.1653 0.6626
0.6793 1.5844 0.6695
1.1454 1.0599 0.6697
1.1102 0.5572 0.6803
1.1440 1.0621 0.6824
1.0889 0.2180 0.6825
1.5903 1.1226 0.6938
1.5897 1.1085 0.6987
1.5986 1.1008 0.7222
1.0784 1.1307 0.7233
-0.0389 1.6102 0.7324
-0.0392 1.6101 0.7327
-0.0391 1.6102 0.7328
-0.0391 1.6102 0.7328
-0.0391 1.6103 0.7328
0.6161 1.5801 0.7362
0.6169 1.5802 0.7370
0.6444 1.5822 0.7405
0.6444 1.5822 0.7405
1.0873 1.1283 0.7604
1.1517 1.0911 0.7631
1.1163 0.2104 0.7933
1.1055 1.0901 0.8014
1.1114 1.1261 0.8067
1.1246 1.0901 0.8073
0.7263 0.6236 1.2658
0.7263 0.6236 1.2658
