0.8961 0.5999 0.0412
1.5313 1.2695 0.0795
1.0975 0.8405 0.1129
0.7843 0.6732 0.1263
1.6887 0.8421 0.1350
0.8376 1.1598 0.1598
1.2379 0.4993 0.1653
0.8343 1.1207 0.1794
1.6923 1.7138 0.1815
1.6729 1.7205 0.1988
1.6783 1.7129 0.2072
1.6749 1.7126 0.2132
0.7702 1.2036 0.2246
1.6925 1.6911 0.2269
1.6758 1.7028 0.2329
1.6990 1.6769 0.2401
1.2600 1.6756 0.2453
0.1996 1.7074 0.2566
0.3959 1.6540 0.2757
0.5445 1.7064 0.2819
1.6528 0.8078 0.2848
1.6571 1.6904 0.2881
1.6952 1.6468 0.2900
1.6636 1.6815 0.2967
1.6807 1.6616 0.3021
1.6754 1.6651 0.3066
1.6485 1.6862 0.3076
1.6529 1.6797 0.3155
1.6533 1.6754 0.3232
-0.4014 1.6704 0.3308
0.2733 1.6668 0.3363
0.4493 1.2058 0.3391
0.9911 1.6529 0.3641
0.2112 1.6779 0.3694
0.5810 1.6997 0.3729
1.6500 1.6304 0.3813
1.6500 1.6304 0.3813
1.6390 1.6264 0.3931
0.2444 1.6583 0.3934
0.7336 1.6707 0.3961
0.1339 1.6813 0.4075
0.1703 1.6754 0.4123
1.6794 1.2160 0.4437
1.1271 0.4688 0.4745
0.1103 1.6525 0.5209
1.1930 1.1895 0.5250
0.6444 0.6486 0.5291
0.6444 0.6486 0.5291
1.6552 0.7365 0.5437
1.2086 1.1123 0.5551
0.5928 0.6493 0.5553
0.5928 0.6493 0.5553
1.1724 -0.1704 0.6029
1.1724 -0.1704 0.6029
1.1724 -0.1704 0.6029
1.1724 -0.1704 0.6029
1.1724 -0.1704 0.6029
1.1724 -0.1704 0.6029
-0.6005 1.6318 0.6351
-0.6005 1.6318 0.6351
-0.6005 1.6318 0.6351
-0.6005 1.6318 0.6351
-0.6005 1.6318 0.6351
-0.6005 1.6318 0.6351
-0.6005 1.6318 0.6351
-0.6005 1.6318 0.6351
-0.6005 1.6318 0.6351
-0.6005 1.6318 0.6351
-0.6005 1.6318 0.6351
-0.6005 1.6318 0.6351
-0.6005 1.6318 0.6351
-0.6005 1.6318 0.6351
-0.6005 1.6318 0.6351
1.6601 0.7114 0.6397
1.6480 0.7143 0.6598
1.0819 1.6824 0.6642
1.6944 1.1328 0.6867
0.4666 1.1386 0.7061
-0.2051 1.6442 0.7390
-0.1277 1.6571 0.7393
-0.1763 1.6483 0.7565
-0.1314 1.6502 0.7636
-0.1181 1.6505 0.7658
0.6213 0.1494 0.7768
0.6213 0.1494 0.7768
0.6213 0.1494 0.7768
0.6213 0.1494 0.7768
0.6213 0.1494 0.7768
1.1817 1.6488 0.7835
1.1268 1.1242 0.8116
1.1268 1.1242 0.8116
1.1137 1.6658 0.8192
1.1174 1.6552 0.8567
1.1174 1.6552 0.8567
1.1797 0.1234 0.8809
1.1797 0.1234 0.8809
1.6297 1.1436 0.8812
1.6221 0.5830 0.9751
1.6221 0.5830 0.9751
1.6221 0.5830 0.9751
