1.3185 1.5295 0.0079
1.4756 1.5630 0.0685
1.2351 0.0834 0.0844
1.1553 0.8984 0.1089
1.2183 -0.0907 0.1164
0.4655 1.2124 0.1376
1.2106 -0.2048 0.1638
1.5732 1.5224 0.1823
1.1893 0.1236 0.1894
1.1605 0.9804 0.2066
0.7864 1.1117 0.2121
1.1410 -0.0400 0.2153
1.5141 0.6057 0.2226
1.1766 -0.1775 0.2340
0.6732 0.4787 0.2404
0.7378 0.1238 0.2437
0.4302 1.1381 0.2481
1.1285 1.2351 0.2545
1.6274 1.5267 0.2717
1.1971 1.5751 0.2781
1.1499 0.3312 0.2971
0.7350 0.6770 0.3037
0.7489 1.1481 0.3157
1.5932 1.5581 0.3185
1.5855 0.7471 0.3251
1.5645 1.5932 0.3336
1.5938 0.7490 0.3439
0.7317 0.6174 0.3684
0.2565 1.0822 0.3742
1.5458 1.0811 0.3840
1.5851 1.5928 0.3870
1.6152 1.5712 0.3935
1.1748 1.6027 0.4011
1.6633 0.4715 0.4041
1.1931 1.1483 0.4070
1.6519 1.5680 0.4085
0.7076 1.1650 0.4117
1.6304 0.4224 0.4167
1.6008 1.5908 0.4177
1.0586 1.5785 0.4204
0.7008 0.1496 0.4274
1.5913 1.6074 0.4293
1.6527 0.4818 0.4390
0.2041 1.1764 0.4440
1.6087 1.0163 0.4471
1.6325 1.5897 0.4613
1.1622 1.6196 0.4659
1.5950 1.1887 0.4891
1.1459 1.6129 0.4990
1.1459 1.6129 0.4990
0.1134 1.0608 0.5017
1.5761 1.1625 0.5057
0.6684 0.6053 0.5113
0.6684 0.6053 0.5113
1.6449 1.6130 0.5140
1.6449 1.6130 0.5140
0.5906 1.1342 0.5147
1.6294 1.6293 0.5208
1.6294 1.6293 0.5208
1.6294 1.6293 0.5208
0.6598 1.1115 0.5222
1.6419 1.6204 0.5224
1.5944 0.6829 0.5228
1.1312 1.6127 0.5307
1.6383 1.6355 0.5330
1.6383 1.6355 0.5330
1.6655 1.6494 0.5345
1.1608 1.1165 0.5406
1.1365 1.1496 0.5451
1.5840 1.0689 0.5474
0.6537 0.6265 0.5486
0.0644 1.5941 0.5574
1.5906 0.6494 0.5661
1.6019 0.6705 0.5711
1.6154 0.5636 0.5914
1.6271 0.5630 0.6026
-0.0254 1.6255 0.6106
-0.0254 1.6255 0.6106
-0.0254 1.6255 0.6106
-0.0254 1.6255 0.6106
-0.0290 1.6250 0.6144
-0.0340 1.6230 0.6213
1.6265 0.6647 0.6270
0.1529 1.5931 0.6273
0.0562 1.6355 0.6274
0.1315 1.1422 0.6375
1.6145 1.1641 0.6413
0.2320 1.5952 0.6517
0.0922 1.6206 0.6541
1.6253 0.6238 0.6603
1.6173 1.1493 0.6965
1.6531 1.1603 0.7026
1.6204 1.1052 0.7550
1.6204 1.1052 0.7550
0.0014 1.0796 0.7678
1.6359 1.1120 0.7877
1.6399 1.1119 0.7918
1.6399 1.1119 0.7918
0.5954 1.5882 1.9121
0.5954 1.5882 1.9121
