1.1769 1.5037 0.1211
1.5020 0.6296 0.1483
1.1540 1.5189 0.1907
1.5977 1.5819 0.2141
1.5986 1.5844 0.2171
1.5860 1.5999 0.2181
1.5860 1.6176 0.2282
1.6086 1.5931 0.2320
1.6110 1.5944 0.2346
1.6116 1.5956 0.2359
1.6030 1.6080 0.2376
1.6017 1.6128 0.2391
1.5983 1.6261 0.2425
1.0831 1.5324 0.2452
1.6138 1.6113 0.2462
1.6150 1.6167 0.2493
1.6119 1.6245 0.2509
1.6177 1.6199 0.2520
1.6188 1.6215 0.2532
1.6206 1.6224 0.2545
1.6241 1.6201 0.2554
1.6185 1.6280 0.2559
1.6252 1.6218 0.2566
1.6260 1.6221 0.2571
1.6259 1.6266 0.2588
1.6264 1.6279 0.2595
1.6286 1.6272 0.2604
1.0033 1.0831 0.2741
1.1178 0.3289 0.2868
1.0144 1.0847 0.3131
1.1769 1.0304 0.3499
1.1205 1.5580 0.3555
1.1071 0.2598 0.3716
1.0580 1.5854 0.3794
1.0813 1.5727 0.3816
1.1338 1.5757 0.3953
1.0862 0.1710 0.4072
1.0827 1.5806 0.4095
1.1850 1.0588 0.4254
1.0381 1.1141 0.4285
1.0887 0.1381 0.4306
1.0897 0.1343 0.4357
1.0909 0.1315 0.4411
1.1074 0.1890 0.4450
1.1470 1.6097 0.4473
1.5765 1.0143 0.4630
1.1310 1.6112 0.4884
1.5826 1.1933 0.4915
0.2252 1.0730 0.4947
0.3930 1.5954 0.4980
0.7341 0.6465 0.5168
0.0365 1.5773 0.5197
1.1039 1.6137 0.5200
0.0473 1.5777 0.5219
0.0387 1.5784 0.5248
1.0792 0.6089 0.5341
1.1089 1.1653 0.5430
1.6035 0.6468 0.5553
0.2253 1.0910 0.5576
0.1225 1.5774 0.5610
1.6125 0.5877 0.5729
1.6151 0.6338 0.5886
1.6292 0.5886 0.5975
1.6492 0.5957 0.6040
1.6298 0.6183 0.6102
1.6375 0.6088 0.6116
1.1107 1.1372 0.6136
0.1678 1.0915 0.6155
0.1678 1.0915 0.6155
0.1694 1.1482 0.6199
0.1694 1.1482 0.6199
1.5804 1.1722 0.6273
0.7048 0.5926 0.6341
0.4665 1.5970 0.6467
0.5631 0.6838 0.6601
0.5631 0.6838 0.6601
0.5595 0.6802 0.6638
0.0597 1.6109 0.6773
0.5267 1.5675 0.6920
0.6864 0.6056 0.7564
-0.0391 1.6102 0.7711
-0.0391 1.6102 0.7711
1.5894 1.1592 0.7711
1.6150 1.1677 0.7873
1.6150 1.1677 0.7873
0.5567 1.1169 0.8654
0.6483 1.5679 0.8844
0.5823 1.1124 0.9417
0.5823 1.1124 0.9417
0.5833 1.1135 0.9466
0.6163 1.5686 0.9521
1.6138 1.1450 1.0092
0.6445 1.5825 1.0232
0.6445 1.5825 1.0232
0.6445 1.5825 1.0232
0.6107 1.1406 1.0328
0.6107 1.1406 1.0328
0.5890 1.5784 1.0371
1.6139 1.1164 1.3033
1.6139 1.1164 1.3033
