-0.3895 -0.1254 0.0264
-0.2869 -0.2342 0.0398
-0.0906 0.4687 0.0545
-0.2952 0.5217 0.0685
-0.5880 0.9062 0.0825
0.1856 -0.4841 0.0995
-0.2780 -0.6895 0.1105
-0.2565 -0.6580 0.1408
0.5101 -0.0321 0.1500
-0.3145 0.6285 0.1656
-0.5619 0.4885 0.1818
-0.0018 0.5916 0.2090
-0.6819 -0.2606 0.2093
0.0810 -0.6142 0.2598
-0.6472 -0.1859 0.2631
-0.1598 0.6661 0.2764
-0.6387 0.4852 0.3026
0.4440 0.6424 0.3558
0.6502 -0.5403 0.3835
0.5656 0.2123 0.4292
0.6326 -0.7132 0.4828
0.6954 -0.6098 0.4926
0.6104 -0.6909 0.5242
0.6046 -0.9888 0.5557
1.1741 -0.4324 0.6343
1.0748 -0.1611 0.6395
1.6237 -0.2509 1.0433
1.6237 -0.2509 1.0433
1.6237 -0.2509 1.0433
1.6237 -0.2509 1.0433
1.6237 -0.2509 1.0433
1.6237 -0.2509 1.0433
1.6407 1.6410 1.1114
1.6407 1.6410 1.1114
1.6407 1.6410 1.1114
1.6407 1.6410 1.1114
1.6407 1.6410 1.1114
1.6407 1.6410 1.1114
1.6407 1.6410 1.1114
1.6407 1.6410 1.1114
1.6407 1.6410 1.1114
1.6407 1.6410 1.1114
1.6407 1.6410 1.1114
1.6407 1.6410 1.1114
1.6407 1.6410 1.1114
1.6407 1.6410 1.1114
1.6407 1.6410 1.1114
1.6407 1.6410 1.1114
1.6407 1.6410 1.1114
1.6407 1.6410 1.1114
1.6407 1.6410 1.1114
1.6407 1.6410 1.1114
1.6407 1.6410 1.1114
1.6407 1.6410 1.1114
1.6407 1.6410 1.1114
1.6407 1.6410 1.1114
1.6407 1.6410 1.1114
1.6171 0.0944 1.1469
1.6171 0.0944 1.1469
1.6171 0.0944 1.1469
0.6336 1.7087 1.2419
0.6336 1.7087 1.2419
0.6336 1.7087 1.2419
0.6336 1.7087 1.2419
1.6161 0.1461 1.2798
1.6161 0.1461 1.2798
1.6161 0.1461 1.2798
1.6161 0.1461 1.2798
1.6161 0.1461 1.2798
-0.5819 1.5464 1.4003
-0.5819 1.5464 1.4003
-0.5819 1.5464 1.4003
-0.5819 1.5464 1.4003
0.6862 1.5875 1.5451
0.6862 1.5875 1.5451
0.6862 1.5875 1.5451
0.6862 1.5875 1.5451
0.6862 1.5875 1.5451
0.6862 1.5875 1.5451
0.6862 1.5875 1.5451
0.6862 1.5875 1.5451
0.6862 1.5875 1.5451
1.5909 -0.6837 1.5701
1.5909 -0.6837 1.5701
1.5909 -0.6837 1.5701
1.5909 -0.6837 1.5701
1.5909 -0.6837 1.5701
1.5909 -0.6837 1.5701
1.5909 -0.6837 1.5701
1.5909 -0.6837 1.5701
1.5909 -0.6837 1.5701
1.5909 -0.6837 1.5701
1.5909 -0.6837 1.5701
-0.1672 1.1354 1.6279
-0.1672 1.1354 1.6279
-0.5821 1.5602 1.6747
-0.5821 1.5602 1.6747
-0.5821 1.5602 1.6747
-0.5821 1.5602 1.6747
-0.5821 1.5602 1.6747
