0.5875 1.7836 0.0360
0.9782 0.3519 0.0608
1.7543 1.7330 0.0923
0.9445 1.8786 0.1221
1.9380 1.4322 0.1355
1.3940 1.3620 0.1576
1.6360 1.9520 0.1856
1.8898 0.9122 0.1986
1.6860 0.3249 0.2109
0.9300 1.1582 0.2670
1.1048 1.7372 0.3067
-0.0952 1.7242 0.3445
1.0082 1.5969 0.3640
1.7025 -0.0247 0.3675
1.2464 0.6760 0.3707
1.3511 1.8750 0.3719
1.6310 0.2715 0.3802
1.6310 0.2715 0.3802
1.8159 1.8948 0.4099
1.6831 1.1638 0.4339
1.6504 1.1956 0.4404
1.6933 1.7111 0.4508
1.6609 0.7031 0.4616
0.5657 1.6765 0.4811
1.6486 0.5543 0.4812
0.4809 -0.1901 0.5073
1.0532 0.3574 0.5097
1.6341 0.1221 0.5176
1.6341 0.1221 0.5176
1.0454 1.6011 0.5180
0.4523 0.7457 0.5404
0.5170 1.6029 0.5469
1.6353 1.1023 0.5497
1.6127 1.1331 0.5531
1.6207 1.1312 0.5559
1.6207 1.1312 0.5559
1.6207 1.1312 0.5559
1.6207 1.1312 0.5559
1.6207 1.1312 0.5559
1.6207 1.1312 0.5559
1.0600 1.6530 0.5667
1.6043 0.6609 0.5779
-0.5214 1.6175 0.5848
0.2085 -0.0141 0.5975
-0.1733 1.6860 0.6057
1.0664 -0.4396 0.6076
0.0135 -0.5875 0.6171
0.0135 -0.5875 0.6171
-0.1235 1.6869 0.6267
1.6108 1.7073 0.6403
-0.5494 1.6188 0.6495
-0.5663 1.6161 0.6870
-0.5663 1.6161 0.6870
-0.5663 1.6161 0.6870
-0.5663 1.6161 0.6870
-0.5663 1.6161 0.6870
-0.5663 1.6161 0.6870
-0.5663 1.6161 0.6870
-0.5663 1.6161 0.6870
-0.5663 1.6161 0.6870
-0.5663 1.6161 0.6870
0.0064 -0.6442 0.7011
0.0064 -0.6442 0.7011
1.0372 0.7317 0.7146
-0.1302 1.6729 0.7156
1.1570 1.5902 0.7221
-0.0350 -0.0505 0.7242
1.0881 1.0164 0.7270
1.1490 1.5902 0.7316
1.5830 1.6131 0.7861
1.5945 1.6110 0.8181
1.5945 1.6110 0.8181
0.1607 1.2152 0.8278
-0.0286 1.6443 0.8486
-0.0751 1.6101 0.8943
1.1949 -0.5134 0.9016
1.1949 -0.5134 0.9016
1.1559 -0.4772 0.9274
1.1559 -0.4772 0.9274
0.1431 1.0445 1.0709
0.1431 1.0445 1.0709
1.1467 1.1620 1.0863
1.6707 -0.2225 1.2345
1.6707 -0.2225 1.2345
0.6060 -0.0926 1.4960
0.6060 -0.0926 1.4960
-0.0849 0.6653 2.4600
-0.0849 0.6653 2.4600
-0.0849 0.6653 2.4600
-0.0849 0.6653 2.4600
1.6788 -0.6164 6.9855
1.6788 -0.6164 6.9855
1.6788 -0.6164 6.9855
1.6788 -0.6164 6.9855
1.6788 -0.6164 6.9855
1.6788 -0.6164 6.9855
1.6788 -0.6164 6.9855
1.6788 -0.6164 6.9855
1.6788 -0.6164 6.9855
1.6788 -0.6164 6.9855
