-0.9087 0.4240 0.0107
0.0461 -0.4796 0.0513
0.0316 -0.5062 0.0668
0.9915 0.0407 0.0860
1.2415 0.2820 0.1167
-0.5652 -0.7215 0.1280
0.9306 0.6591 0.1488
-0.7256 0.0794 0.1654
0.5887 -0.7688 0.2128
-0.6449 0.0209 0.2414
1.1965 0.3290 0.2439
-0.6413 0.0624 0.2523
1.0483 0.2489 0.2661
-0.4732 0.5321 0.2895
-0.1989 0.1729 0.3063
1.5233 -0.6739 0.3287
-0.1820 0.1771 0.3332
0.5987 0.0574 0.4084
0.5634 -0.6757 0.4374
0.6336 1.7087 0.4540
0.6336 1.7087 0.4540
-0.2825 1.1973 0.4590
0.5990 -0.6977 0.4683
-0.5819 1.5464 0.4793
-0.5819 1.5464 0.4793
1.5582 0.3064 0.4817
0.6862 1.5875 0.5000
0.6862 1.5875 0.5000
0.6862 1.5875 0.5000
0.6862 1.5875 0.5000
0.6862 1.5875 0.5000
0.6862 1.5875 0.5000
1.0556 -0.2252 0.5097
-0.5821 1.5602 0.5795
-0.5821 1.5602 0.5795
-0.5821 1.5602 0.5795
-0.2715 1.1840 0.5938
1.1431 -0.3997 0.6224
-0.4969 0.5806 0.6650
1.5909 -0.6837 0.6668
1.5909 -0.6837 0.6668
1.5909 -0.6837 0.6668
1.5909 -0.6837 0.6668
1.5909 -0.6837 0.6668
1.5909 -0.6837 0.6668
1.5909 -0.6837 0.6668
1.5909 -0.6837 0.6668
1.5909 -0.6837 0.6668
0.6397 1.6204 0.6771
0.6490 1.6377 0.6795
1.5856 0.2677 0.7433
1.1722 0.9920 0.7739
-0.1641 1.0704 0.8082
1.5942 0.1153 0.8931
1.6161 0.1461 0.9598
1.6161 0.1461 0.9598
1.6161 0.1461 0.9598
1.6161 0.1461 0.9598
1.6161 0.1461 0.9598
-0.1672 1.1354 0.9902
-0.1672 1.1354 0.9902
-0.1672 1.1354 0.9902
0.1490 1.1043 1.4616
0.1490 1.1043 1.4616
0.1453 1.1375 1.4819
1.5376 1.0642 1.6892
1.5376 1.0642 1.6892
1.5376 1.0642 1.6892
0.0152 1.5619 1.9294
0.0152 1.5619 1.9294
-0.0298 1.6089 3.4126
-0.0298 1.6089 3.4126
-0.0298 1.6089 3.4126
-0.0298 1.6089 3.4126
1.6207 1.1312 4.4324
1.6207 1.1312 4.4324
1.6207 1.1312 4.4324
1.6207 1.1312 4.4324
1.6207 1.1312 4.4324
1.6407 1.6410 17.2653
1.6407 1.6410 17.2653
1.6407 1.6410 17.2653
1.6407 1.6410 17.2653
1.6407 1.6410 17.2653
1.6407 1.6410 17.2653
1.6407 1.6410 17.2653
1.6407 1.6410 17.2653
1.6407 1.6410 17.2653
1.6407 1.6410 17.2653
1.6407 1.6410 17.2653
1.6407 1.6410 17.2653
1.6407 1.6410 17.2653
1.6407 1.6410 17.2653
1.6407 1.6410 17.2653
1.6407 1.6410 17.2653
1.6407 1.6410 17.2653
1.6407 1.6410 17.2653
1.6407 1.6410 17.2653
1.6407 1.6410 17.2653
1.6407 1.6410 17.2653
