1.4925 0.7381 0.0535
1.1971 1.4989 0.0827
1.2375 0.7390 0.1225
1.2245 0.4934 0.1413
1.5063 0.6306 0.1857
0.9734 1.1126 0.1966
1.6042 1.5831 0.2314
1.5886 1.6016 0.2337
1.6094 1.5886 0.2403
1.5861 1.6230 0.2427
1.6130 1.5966 0.2491
1.6147 1.6007 0.2529
1.6018 1.6184 0.2540
1.6060 1.6225 0.2583
1.6078 1.6206 0.2587
1.0173 1.0588 0.2592
1.6152 1.6163 0.2610
1.6179 1.6170 0.2626
1.6136 1.6253 0.2634
1.6171 1.6254 0.2650
1.6171 1.6263 0.2653
1.6217 1.6235 0.2664
1.6243 1.6208 0.2667
1.6273 1.6195 0.2676
1.6260 1.6256 0.2688
1.6259 1.6287 0.2696
1.6297 1.6268 0.2705
1.6292 1.6291 0.2709
1.6293 1.6296 0.2710
1.6296 1.6303 0.2713
1.6301 1.6301 0.2715
1.6301 1.6318 0.2721
1.1523 1.5503 0.2828
1.1213 0.3296 0.2938
1.1313 0.7819 0.3048
1.1536 1.5645 0.3230
1.1748 1.5940 0.3486
1.1072 0.2658 0.3653
1.1874 1.0369 0.3859
1.0626 1.5933 0.3869
1.6074 0.9816 0.4102
1.0787 1.5928 0.4177
1.1046 1.5818 0.4225
1.5641 0.6627 0.4326
1.0729 1.6037 0.4341
1.0477 1.1154 0.4557
1.0957 0.1733 0.4572
0.5590 1.1285 0.4624
1.0837 1.6098 0.4688
1.1134 0.1926 0.4710
1.0912 0.1367 0.4764
1.0912 0.1367 0.4764
1.0912 0.1367 0.4764
0.4014 1.5967 0.4796
1.1353 1.6167 0.4907
0.5872 1.1145 0.4968
1.1220 1.6120 0.5030
1.1119 1.6137 0.5102
0.5294 1.5744 0.5410
0.5631 0.6838 0.5746
0.5631 0.6838 0.5746
0.5631 0.6838 0.5746
0.7048 0.5926 0.5869
0.2223 1.5681 0.5897
1.0792 0.6089 0.5901
1.0792 0.6089 0.5901
1.6114 0.6747 0.5901
0.6163 1.5686 0.5958
1.6035 0.6468 0.6021
1.6094 0.6513 0.6141
1.5804 1.1722 0.6173
1.1107 1.1372 0.6173
1.6125 0.5877 0.6369
1.6151 0.6338 0.6403
0.6445 1.5825 0.6567
0.6445 1.5825 0.6567
1.6292 0.5886 0.6615
1.6492 0.5957 0.6639
0.5890 1.5784 0.6657
1.6298 0.6183 0.6664
1.6331 0.6021 0.6672
1.6375 0.6088 0.6701
0.6864 0.6056 0.6907
0.0473 1.5777 0.6927
0.0365 1.5773 0.6931
0.0365 1.5773 0.6931
0.0387 1.5784 0.6992
0.1225 1.5774 0.7172
1.6150 1.1677 0.7914
1.6150 1.1677 0.7914
0.1694 1.1482 0.8227
0.1694 1.1482 0.8227
0.0907 1.5956 0.8308
0.1678 1.0915 0.8777
0.1678 1.0915 0.8777
0.1678 1.0915 0.8777
-0.0391 1.6102 1.0714
-0.0391 1.6102 1.0714
1.6139 1.1164 1.2313
1.6139 1.1164 1.2313
