0.2432 0.8331 0.0172
0.6672 1.4570 0.0441
0.9782 -0.1628 0.0788
0.5615 0.4032 0.0911
1.3886 1.6435 0.1152
1.1378 0.9192 0.1286
0.6421 1.2572 0.1329
0.7354 0.1423 0.1432
1.2182 0.2429 0.1549
1.2007 1.5006 0.1715
0.4516 -0.1905 0.1867
0.7023 0.1824 0.1998
-0.1818 1.2120 0.2154
-0.0960 1.1970 0.2329
1.5319 0.6901 0.2406
0.2676 1.1896 0.2596
0.6504 0.1651 0.2739
1.2700 1.5906 0.2834
1.1394 0.5185 0.3024
-0.0509 1.1619 0.3110
1.1476 0.5284 0.3113
0.6127 -0.0303 0.3176
1.1520 0.0154 0.3317
1.5673 0.5323 0.3402
-0.0496 1.0972 0.3573
1.1659 0.5774 0.3585
0.6600 0.5778 0.3680
0.6600 0.5778 0.3680
1.1217 0.7050 0.3819
1.1178 -0.3347 0.3846
1.2565 1.6113 0.3931
0.6881 1.1077 0.3999
-0.2864 1.1374 0.4011
-0.1389 1.0916 0.4012
1.1209 -0.2834 0.4067
0.6641 0.6033 0.4077
0.6641 0.6033 0.4077
1.1253 -0.2746 0.4144
-0.2779 1.1176 0.4157
0.6697 1.1282 0.4336
0.6697 1.1282 0.4336
-0.1590 1.5665 0.4351
0.6117 1.0924 0.4390
0.6592 1.1133 0.4445
0.6592 1.1133 0.4445
0.0206 1.6027 0.4655
0.0206 1.6027 0.4655
0.2631 0.6807 0.4731
1.2398 1.6370 0.5080
0.0607 1.6203 0.5335
1.6613 0.5333 0.5341
1.6613 0.5333 0.5341
1.6613 0.5333 0.5341
1.5858 0.6528 0.5473
0.7458 1.6008 0.5529
1.2264 1.6578 0.5696
1.2151 1.6778 0.5853
0.2294 1.6221 0.6078
1.6115 0.6146 0.6430
1.5518 1.0784 0.6494
1.5518 1.0784 0.6494
1.2107 1.6230 0.6604
1.5803 1.2206 0.6643
1.6497 0.6750 0.6784
0.5392 1.5919 0.6936
1.6461 0.6479 0.7044
1.6461 0.6479 0.7044
1.6461 0.6479 0.7044
0.6867 1.6086 0.8224
1.6046 1.2168 0.8275
1.6046 1.2168 0.8275
0.6069 1.6260 0.9828
1.5982 1.1877 0.9937
1.5982 1.1877 0.9937
0.6159 1.6435 1.0093
0.6159 1.6435 1.0093
1.6560 1.1633 1.2659
1.6560 1.1633 1.2659
1.6529 1.1579 1.2894
1.6529 1.1579 1.2894
-0.5824 1.6805 1.3950
-0.5824 1.6805 1.3950
-0.5889 1.6775 1.4512
-0.5889 1.6775 1.4512
-0.5889 1.6775 1.4512
1.5635 1.6540 1.4634
1.5635 1.6540 1.4634
1.5635 1.6540 1.4634
-0.6182 1.6833 1.5154
-0.6182 1.6833 1.5154
-0.6005 1.6318 1.7576
-0.6005 1.6318 1.7576
-0.6005 1.6318 1.7576
-0.6005 1.6318 1.7576
-0.6005 1.6318 1.7576
-0.6005 1.6318 1.7576
1.6370 1.6229 2.2976
1.6370 1.6229 2.2976
1.6370 1.6229 2.2976
1.6370 1.6229 2.2976
