1.4885 1.8665 0.0238
1.3375 1.6576 0.0418
1.4339 1.4054 0.0551
1.7489 1.6997 0.0647
1.7102 1.5197 0.0832
1.2772 1.5618 0.0912
1.6510 1.2996 0.0996
0.8394 1.8178 0.1155
1.8386 1.8492 0.1275
1.5183 1.6309 0.1440
1.8511 1.8703 0.1652
1.8696 1.8586 0.1736
1.7247 0.4939 0.1775
1.6006 1.5489 0.1910
1.6111 1.2594 0.2133
0.9248 1.3481 0.2263
1.5819 1.6421 0.2341
1.5901 1.6067 0.2437
1.6497 1.5993 0.2492
1.6407 1.6410 0.2534
1.6407 1.6410 0.2534
1.6407 1.6410 0.2534
1.6407 1.6410 0.2534
1.6407 1.6410 0.2534
1.6407 1.6410 0.2534
1.6407 1.6410 0.2534
1.6407 1.6410 0.2534
1.6407 1.6410 0.2534
0.7401 0.4907 0.3332
0.4971 0.1678 0.3459
1.7359 1.1384 0.3650
0.1389 0.3029 0.3692
1.2438 -0.1855 0.3885
1.2438 -0.1855 0.3885
1.2438 -0.1855 0.3885
1.6865 0.7486 0.4044
0.2307 -0.1242 0.4199
0.2307 -0.1242 0.4199
1.7107 0.5937 0.4266
1.6503 0.4632 0.4514
1.6622 0.9938 0.4739
1.5570 0.5536 0.4777
1.5570 0.5536 0.4777
1.6684 0.3229 0.4885
1.6226 0.4901 0.5280
1.6226 0.4901 0.5280
1.5847 0.5267 0.5406
0.5939 0.9594 0.5502
0.6527 0.2988 0.5794
1.7034 1.1057 0.6036
1.5909 1.0419 0.6843
1.1070 1.5793 0.7431
1.1070 1.5793 0.7431
-0.6349 -0.2800 0.7773
-0.6349 -0.2800 0.7773
-0.6349 -0.2800 0.7773
-0.6349 -0.2800 0.7773
-0.6349 -0.2800 0.7773
0.7020 1.6775 0.7832
1.5913 1.0756 0.8086
1.5913 1.0756 0.8086
0.4860 0.6375 0.9766
0.4860 0.6375 0.9766
0.6716 1.6605 1.0245
0.6716 1.6605 1.0245
0.6716 1.6605 1.0245
0.6716 1.6605 1.0245
0.5196 1.6554 1.0814
0.5196 1.6554 1.0814
0.5485 1.6036 1.1785
0.5485 1.6036 1.1785
0.5485 1.6036 1.1785
0.5485 1.6036 1.1785
0.5485 1.6036 1.1785
1.1959 1.0990 1.5250
1.1959 1.0990 1.5250
1.1959 1.0990 1.5250
1.1126 0.3620 1.6244
1.1126 0.3620 1.6244
1.1126 0.3620 1.6244
1.6237 -0.2509 2.3548
1.6237 -0.2509 2.3548
1.6237 -0.2509 2.3548
1.6237 -0.2509 2.3548
1.6237 -0.2509 2.3548
0.6301 1.1487 2.9463
0.6301 1.1487 2.9463
0.6301 1.1487 2.9463
0.6301 1.1487 2.9463
0.6301 1.1487 2.9463
0.6301 1.1487 2.9463
0.1524 1.1594 4.4880
0.1524 1.1594 4.4880
0.1524 1.1594 4.4880
0.1524 1.1594 4.4880
0.1524 1.1594 4.4880
0.1524 1.1594 4.4880
0.1524 1.1594 4.4880
0.1524 1.1594 4.4880
0.1524 1.1594 4.4880
