1.3507 0.3053 0.0165
1.6999 0.9048 0.0682
1.2758 -0.1854 0.1060
0.4476 1.2077 0.1304
1.7433 0.6010 0.1535
1.7367 1.2085 0.1920
1.7307 0.6018 0.2007
1.7197 1.7210 0.2134
1.6016 0.9567 0.2189
1.5403 0.2437 0.2339
1.6957 1.7302 0.2582
1.6930 1.7313 0.2624
0.6859 0.3463 0.2686
0.4359 1.1299 0.2714
1.6572 0.4379 0.2749
1.1272 0.4302 0.2864
0.4655 1.1010 0.2891
1.0424 0.9942 0.2923
1.5221 1.6822 0.3020
1.7175 1.6925 0.3137
1.1095 0.4700 0.3263
1.0749 0.5081 0.3396
1.7342 1.1398 0.3416
1.7325 1.1482 0.3446
1.7315 1.1254 0.3598
1.6669 0.5545 0.3743
0.5061 0.6477 0.3830
1.7138 1.6113 0.4178
1.6661 0.6561 0.4279
1.7012 1.6738 0.4299
0.5362 1.6817 0.4354
1.6993 1.6717 0.4423
1.7092 1.6245 0.4490
0.6163 1.1921 0.4531
1.6618 1.2185 0.4585
0.0097 -0.0446 0.4683
0.5748 1.1577 0.5037
1.6010 0.2481 0.5075
0.6405 0.5422 0.5165
0.2164 1.5986 0.5166
0.2497 1.6319 0.5207
1.6831 1.6530 0.5394
0.6034 1.5877 0.5410
0.6034 1.5877 0.5410
0.6034 1.5877 0.5410
0.6034 1.5877 0.5410
-0.1069 0.0909 0.5451
1.6804 1.6441 0.5587
0.2149 1.6130 0.5591
1.5987 0.2005 0.6002
1.6348 1.6187 0.6547
0.6965 1.6370 0.6984
0.6275 1.6368 0.6991
1.6552 1.1613 0.7080
0.0220 1.6347 0.7840
1.5859 -0.2539 0.8069
1.5859 -0.2539 0.8069
1.5859 -0.2539 0.8069
1.5859 -0.2539 0.8069
1.5859 -0.2539 0.8069
1.5859 -0.2539 0.8069
-0.6944 1.6158 0.8773
-0.6944 1.6158 0.8773
-0.6944 1.6158 0.8773
-0.6944 1.6158 0.8773
-0.6944 1.6158 0.8773
-0.6693 1.6465 0.9026
-0.6693 1.6465 0.9026
-0.6693 1.6465 0.9026
-0.6693 1.6465 0.9026
-0.6693 1.6465 0.9026
-0.6693 1.6465 0.9026
-0.6693 1.6465 0.9026
0.0928 0.6501 0.9760
-0.6342 1.6190 0.9772
-0.2300 1.6178 1.0290
-0.2300 1.6178 1.0290
-0.2300 1.6178 1.0290
-0.2300 1.6455 1.0294
-0.1881 1.6278 1.1344
-0.1881 1.6278 1.1344
-0.1881 1.6278 1.1344
1.1959 1.0955 1.1799
1.1959 1.0955 1.1799
1.1353 1.1459 1.6589
1.1353 1.1459 1.6589
0.6333 -0.5513 1.6640
0.6333 -0.5513 1.6640
0.6333 -0.5513 1.6640
0.6333 -0.5513 1.6640
1.0664 -0.6663 1.7497
1.0664 -0.6663 1.7497
1.0664 -0.6663 1.7497
1.0664 -0.6663 1.7497
1.0664 -0.6663 1.7497
1.0664 -0.6663 1.7497
1.0664 -0.6663 1.7497
-0.1551 1.1276 2.2360
-0.1551 1.1276 2.2360
-0.1551 1.1276 2.2360
