1.3331 1.5825 0.0454
1.4257 1.3747 0.0829
0.9100 1.6402 0.1189
1.7293 1.2421 0.1386
0.0371 0.7282 0.1454
1.7190 1.2470 0.1581
-0.4372 0.7086 0.1756
1.6496 1.2798 0.2053
0.7987 1.6401 0.2124
0.9848 0.5866 0.2147
1.1376 1.5237 0.2212
1.5786 1.7422 0.2606
1.2286 1.6464 0.2672
1.1404 1.2450 0.2769
0.7633 1.5989 0.2802
1.6427 1.7547 0.2973
-0.4375 1.5767 0.3078
0.7503 1.6703 0.3090
-0.1519 0.6253 0.3114
1.2038 1.6228 0.3366
1.1302 1.5610 0.3378
1.5964 0.7847 0.3598
1.1944 1.6334 0.3638
0.4746 0.5678 0.3766
0.6910 1.5631 0.3858
1.6632 1.7287 0.3954
-0.4312 1.6449 0.4125
1.2101 0.6920 0.4320
1.5548 1.6407 0.4397
1.6687 0.7618 0.4445
1.1284 1.6155 0.4560
1.5836 0.7419 0.4613
0.6105 1.0359 0.4830
-0.4897 1.6552 0.4984
-0.5110 1.5956 0.5064
1.6953 1.1848 0.5235
-0.2627 1.6045 0.5431
0.6719 1.6785 0.5445
1.5941 1.6246 0.5713
-0.0030 1.5638 0.5773
-0.6809 1.5618 0.5874
-0.6809 1.5618 0.5874
-0.6809 1.5618 0.5874
-0.6809 1.5618 0.5874
-0.6809 1.5618 0.5874
-0.6809 1.5618 0.5874
1.1422 1.1904 0.5890
-0.2561 1.6239 0.5942
1.0355 -0.1734 0.6019
0.6452 1.6784 0.6141
1.1002 -0.3368 0.6146
1.1002 -0.3368 0.6146
1.1002 -0.3368 0.6146
1.1002 -0.3368 0.6146
1.6167 1.6272 0.6209
1.6348 1.6187 0.6271
1.6348 1.6187 0.6271
1.6348 1.6187 0.6271
1.6348 1.6187 0.6271
1.6348 1.6187 0.6271
1.6348 1.6187 0.6271
1.6661 1.6408 0.6286
1.6608 1.6535 0.6287
1.6370 1.6229 0.6334
1.6519 1.6517 0.6379
1.6497 1.6475 0.6416
1.5420 0.0235 0.6938
1.5420 0.0235 0.6938
1.6641 0.6888 0.7065
1.6641 0.6888 0.7065
0.6881 1.1077 0.7202
1.1394 0.5185 0.7245
1.6613 0.5333 0.7281
1.6613 0.5333 0.7281
1.6613 0.5333 0.7281
-0.1005 1.5968 0.7400
1.6497 0.6750 0.7797
1.6497 0.6750 0.7797
1.6529 1.1579 0.7993
1.1659 0.5774 0.8007
0.6592 1.1133 0.8091
1.5657 -0.2700 0.8103
1.5657 -0.2700 0.8103
1.5657 -0.2700 0.8103
1.5657 -0.2700 0.8103
1.5657 -0.2700 0.8103
1.6461 0.6479 0.8365
1.6461 0.6479 0.8365
1.6115 0.6146 0.8446
0.0389 1.6316 0.9181
0.0389 1.6316 0.9181
0.0389 1.6316 0.9181
0.0389 1.6316 0.9181
0.0389 1.6316 0.9181
0.0389 1.6316 0.9181
0.5876 0.1365 0.9942
0.6071 0.0621 1.0551
0.6071 0.0621 1.0551
1.1242 0.1185 1.2635
1.1242 0.1185 1.2635
