1.3083 1.4441 0.0123
1.3390 1.3418 0.0447
1.6052 1.3002 0.0888
0.8384 1.5916 0.1328
0.6288 1.5025 0.1835
1.2077 1.6104 0.2132
1.5660 1.6135 0.2248
1.1926 1.6030 0.2356
1.1897 1.6070 0.2456
1.1878 1.6096 0.2519
1.5929 1.6123 0.2618
1.6103 1.6118 0.2770
1.6120 1.6127 0.2786
1.6125 1.6131 0.2792
1.1733 1.6098 0.2801
1.6138 1.6138 0.2805
1.6143 1.6141 0.2809
1.6148 1.6145 0.2815
1.6151 1.6146 0.2818
1.6156 1.6147 0.2823
1.6159 1.6149 0.2827
1.6163 1.6153 0.2832
1.6168 1.6155 0.2838
1.6170 1.6157 0.2841
1.6174 1.6159 0.2846
1.6179 1.6181 0.2866
1.6179 1.6181 0.2866
1.1686 1.6092 0.2882
1.1658 1.6100 0.2942
1.6252 1.6239 0.2962
1.6252 1.6239 0.2962
1.6258 1.6244 0.2970
1.6261 1.6248 0.2975
1.1578 1.6091 0.3074
1.1534 1.6092 0.3150
1.1446 1.6016 0.3188
1.1391 1.6089 0.3363
1.1338 1.6091 0.3435
1.1303 1.6093 0.3482
1.0999 1.6090 0.3578
1.1454 1.0599 0.3744
1.0784 1.1307 0.4084
0.6879 1.1797 0.4162
1.0873 1.1283 0.4268
1.0938 0.7005 0.4294
1.1517 1.0911 0.4320
1.1055 1.0901 0.4327
1.1976 0.6415 0.4488
1.1114 1.1261 0.4564
1.1602 0.5080 0.4643
1.1229 0.3510 0.4808
0.5441 1.5817 0.4849
0.5199 1.5968 0.4985
0.5590 1.5804 0.5093
0.5931 1.0658 0.5188
0.2474 1.6120 0.5213
0.5620 1.1296 0.5418
0.1090 1.5960 0.5541
0.1090 1.5960 0.5541
0.6793 1.5844 0.5631
0.1818 1.6044 0.5646
0.1818 1.6044 0.5646
1.5634 0.7252 0.5751
0.1259 1.6018 0.5767
0.2342 1.1593 0.5769
1.0927 0.6382 0.5778
0.6161 1.5801 0.5941
0.6169 1.5802 0.5948
0.6444 1.5822 0.6044
0.6444 1.5822 0.6044
0.6446 1.1359 0.6148
1.5924 1.1610 0.6170
-0.0389 1.6102 0.6877
-0.0392 1.6101 0.6882
-0.0391 1.6102 0.6882
-0.0391 1.6102 0.6882
-0.0391 1.6103 0.6883
0.1886 1.1566 0.7035
1.6041 1.0483 0.7689
0.1695 1.1490 0.7904
1.5903 1.1226 0.8209
1.5903 1.1226 0.8209
1.5897 1.1085 0.8459
1.5986 1.1008 0.8927
1.5986 1.1008 0.8927
1.5986 1.1008 0.8927
1.0889 0.2180 0.9297
1.5885 0.6712 1.0075
1.5885 0.6712 1.0075
1.1163 0.2104 1.0782
1.5972 0.6416 1.1609
1.5972 0.6416 1.1609
1.6151 0.6338 1.2761
1.6151 0.6338 1.2761
1.6151 0.6338 1.2761
1.6151 0.6338 1.2761
1.6492 0.5957 1.3645
1.6492 0.5957 1.3645
1.6375 0.6088 1.3710
1.6375 0.6088 1.3710
