0.9323 1.0249 0.0347
0.4665 1.2312 0.0743
0.7094 1.7576 0.1020
0.3176 1.7001 0.1442
0.2979 1.6995 0.1591
0.0667 0.3288 0.1913
0.3022 -0.2039 0.2053
1.2013 -0.4419 0.2174
0.2624 1.6883 0.2197
1.5339 -0.0997 0.2283
0.8666 1.6474 0.2465
0.6506 1.7296 0.2623
1.0330 -0.1949 0.2899
0.5203 1.6025 0.3126
0.0450 1.6985 0.3190
1.1792 -0.4632 0.3539
-0.4264 1.6813 0.3598
1.5259 0.6552 0.3641
0.5599 1.6687 0.3838
1.1737 0.1389 0.3899
0.7632 1.6310 0.4096
0.1493 1.6365 0.4240
-0.6568 0.4314 0.4421
1.1436 0.4653 0.4590
1.5598 0.7051 0.4637
-0.4231 1.6447 0.4697
0.6033 -0.2044 0.5054
-0.1182 1.6883 0.5676
0.6576 0.0371 0.5720
-0.4859 1.6429 0.5758
1.6149 -0.2054 0.5916
1.6200 -0.2176 0.5972
1.6130 -0.1150 0.6126
1.6165 -0.1150 0.6225
1.6165 -0.1150 0.6225
0.0831 1.1506 0.6408
1.0354 0.6469 0.6588
1.1691 1.0946 0.6627
0.1108 1.1210 0.6723
-0.4037 0.6408 0.7081
1.6001 0.6871 0.7523
1.5668 -0.5747 0.7876
1.5668 -0.5747 0.7876
1.5668 -0.5747 0.7876
1.5668 -0.5747 0.7876
1.5668 -0.5747 0.7876
1.5668 -0.5747 0.7876
1.1382 1.1569 0.7906
1.5970 1.1482 0.9245
-0.6317 0.1557 0.9399
-0.6317 0.1557 0.9399
-0.6317 0.1557 0.9399
1.6058 0.6326 0.9399
1.6058 0.6326 0.9399
-0.6402 1.6214 0.9828
-0.6402 1.6214 0.9828
-0.6402 1.6214 0.9828
-0.6402 1.6214 0.9828
-0.6402 1.6214 0.9828
-0.6430 1.6431 0.9860
1.6537 0.5414 0.9866
-0.6693 1.6465 0.9871
-0.6693 1.6465 0.9871
-0.6693 1.6465 0.9871
1.0724 -0.5771 1.0299
1.0724 -0.5771 1.0299
1.6370 1.1072 1.0300
1.6370 1.1072 1.0300
1.6370 1.1072 1.0300
1.6370 1.1072 1.0300
-0.7019 -0.2930 1.3158
-0.7019 -0.2930 1.3158
-0.2667 1.0841 1.3416
1.6348 1.6187 1.3704
1.6348 1.6187 1.3704
1.6348 1.6187 1.3704
1.6348 1.6187 1.3704
1.6348 1.6187 1.3704
1.6348 1.6187 1.3704
1.6348 1.6187 1.3704
1.6348 1.6187 1.3704
1.6348 1.6187 1.3704
1.6348 1.6187 1.3704
1.6348 1.6187 1.3704
1.6348 1.6187 1.3704
1.6348 1.6187 1.3704
1.6348 1.6187 1.3704
1.6348 1.6187 1.3704
1.6348 1.6187 1.3704
1.6348 1.6187 1.3704
1.6348 1.6187 1.3704
1.6348 1.6187 1.3704
1.6348 1.6187 1.3704
0.5987 -0.5855 1.3892
0.5987 -0.5855 1.3892
1.1521 1.5820 1.7059
1.1521 1.5820 1.7059
1.1197 1.6595 2.2011
1.1197 1.6595 2.2011
1.1197 1.6595 2.2011
