0.4321 1.3922 0.0334
1.3937 1.4061 0.0596
1.5806 0.8489 0.0996
0.8294 1.1163 0.1299
0.9715 1.1101 0.1619
0.5656 1.2340 0.1909
1.1872 1.0350 0.2349
1.6071 0.9807 0.2457
1.6123 1.5542 0.2543
1.1510 1.5481 0.2675
1.6091 0.7650 0.2727
1.6085 1.5711 0.2822
0.4146 1.1343 0.2937
1.5886 1.6015 0.2991
1.6083 1.5873 0.3070
1.5860 1.6229 0.3120
1.1517 1.5637 0.3171
1.6130 1.5953 0.3214
1.5975 1.6204 0.3262
1.1302 0.7750 0.3262
1.6125 1.6050 0.3305
1.6038 1.6229 0.3349
1.6077 1.6206 0.3374
1.1185 0.3263 0.3388
1.6152 1.6160 0.3410
1.6191 1.6137 0.3425
1.6126 1.6224 0.3427
1.0466 1.1147 0.3429
1.6145 1.6271 0.3468
1.6215 1.6209 0.3484
1.0498 1.5903 0.3504
1.6267 1.6188 0.3508
1.6249 1.6258 0.3530
1.6285 1.6237 0.3542
1.6292 1.6291 0.3567
1.6294 1.6293 0.3569
1.6294 1.6293 0.3569
1.6294 1.6293 0.3569
1.6294 1.6293 0.3569
1.6297 1.6292 0.3570
1.6300 1.6295 0.3574
1.1112 0.3021 0.3612
1.5640 0.6623 0.3684
1.0596 1.5932 0.3789
0.4004 1.5956 0.3971
1.0929 1.5836 0.4045
1.1037 1.5806 0.4048
0.5890 1.1848 0.4108
1.0786 1.5927 0.4126
1.5799 1.1693 0.4283
1.1078 1.1358 0.4301
1.0720 1.6033 0.4303
0.2195 1.5674 0.4550
1.0814 1.6083 0.4593
0.6952 1.1306 0.4662
1.1420 1.6170 0.4802
0.5567 1.1281 0.4850
1.1091 1.6134 0.5020
1.1239 1.6160 0.5050
1.1071 0.1850 0.5108
1.0912 0.1367 0.5114
1.0912 0.1367 0.5114
1.0912 0.1367 0.5114
1.1134 0.1926 0.5129
1.6035 0.6468 0.5163
0.6604 1.0948 0.5191
1.6094 0.6513 0.5245
0.6441 1.1379 0.5433
1.6150 1.1677 0.5442
1.6151 0.6338 0.5530
1.6125 0.5877 0.5642
0.0473 1.5777 0.5730
0.0365 1.5773 0.5734
0.0365 1.5773 0.5734
0.1225 1.5774 0.5747
0.7048 0.5926 0.5753
0.5631 0.6838 0.5785
0.5631 0.6838 0.5785
0.5631 0.6838 0.5785
0.5631 0.6838 0.5785
0.0387 1.5784 0.5786
1.6298 0.6183 0.5798
1.6492 0.5957 0.5818
1.6292 0.5886 0.5843
1.6375 0.6088 0.5849
1.6331 0.6021 0.5853
0.6163 1.5686 0.6485
1.6139 1.1164 0.6707
0.0907 1.5956 0.6775
0.5890 1.5784 0.7085
0.1694 1.1482 0.7116
0.1694 1.1482 0.7116
0.6445 1.5825 0.7321
0.6445 1.5825 0.7321
1.0792 0.6089 0.7612
1.0792 0.6089 0.7612
0.1678 1.0915 0.7808
0.1678 1.0915 0.7808
-0.0391 1.6102 0.9118
-0.0391 1.6102 0.9118
