0.7701 1.3625 0.0117
0.8969 1.1812 0.0389
1.4334 1.3520 0.0506
1.2672 0.7135 0.0698
1.2818 1.1650 0.0891
0.7839 1.1098 0.1097
1.6142 0.9016 0.1303
0.7434 1.1020 0.1616
0.7217 1.0903 0.1854
0.8711 1.6067 0.2084
0.7097 0.6871 0.2208
1.6121 0.7946 0.2256
1.2254 0.5446 0.2447
1.5878 1.5457 0.2781
0.6655 1.1315 0.2881
1.0459 1.1382 0.2960
1.2250 0.6409 0.3063
1.2001 1.1240 0.3415
1.1375 1.1987 0.3448
1.6240 1.0435 0.3765
1.6266 0.7411 0.3863
1.0817 1.1314 0.3920
1.1773 1.1316 0.4038
1.6255 1.1732 0.4077
1.5867 1.5975 0.4149
1.6178 1.1660 0.4170
1.6669 1.5898 0.4214
1.6669 1.5898 0.4214
1.6464 1.5830 0.4246
1.5996 1.0902 0.4283
1.5958 1.1353 0.4290
1.6578 1.1608 0.4319
1.6265 1.1567 0.4426
0.2166 1.1958 0.4453
1.1203 1.1251 0.4577
1.6605 1.6060 0.4634
1.6229 1.1261 0.4773
1.6549 1.1177 0.4822
1.6287 1.1157 0.4832
1.6479 1.1179 0.4861
1.6019 0.6965 0.4921
1.6655 1.6494 0.4938
1.6230 1.6213 0.4967
1.6289 1.6226 0.4992
1.6464 1.6263 0.5004
1.6293 1.6255 0.5019
0.0644 1.5941 0.5033
1.6294 1.6293 0.5050
1.6294 1.6293 0.5050
1.6399 1.6301 0.5050
1.6399 1.6301 0.5050
1.6492 1.6399 0.5078
1.6383 1.6355 0.5088
1.6383 1.6355 0.5088
1.6383 1.6355 0.5088
1.6447 1.6562 0.5108
1.6603 0.6992 0.5149
0.1529 1.5931 0.5463
0.2320 1.5952 0.5477
1.5976 0.6662 0.5672
0.0562 1.6355 0.5761
-0.0254 1.6255 0.5792
-0.0254 1.6255 0.5792
-0.0254 1.6255 0.5792
-0.0254 1.6255 0.5792
-0.0254 1.6255 0.5792
0.0922 1.6206 0.5829
0.0922 1.6206 0.5829
-0.0290 1.6250 0.5844
-0.0340 1.6230 0.5918
1.1541 0.1157 0.6016
1.1541 0.1157 0.6016
1.2038 1.6297 0.6096
1.6266 0.6722 0.6137
1.6633 0.5144 0.6148
1.6470 0.4866 0.6240
1.1412 0.1368 0.6244
1.1412 0.1368 0.6244
1.1438 0.0823 0.6254
1.0689 1.5858 0.6733
1.6271 0.5630 0.6946
1.6271 0.5630 0.6946
1.6253 0.6238 0.7041
1.6303 0.5724 0.7042
1.6369 0.5792 0.7123
0.5648 1.5915 0.7221
0.5648 1.5915 0.7221
0.5648 1.5915 0.7221
1.1801 1.6221 0.7430
0.5954 1.5882 0.7437
1.1822 1.6343 0.7526
1.1655 1.6244 0.8334
1.1655 1.6244 0.8334
1.1655 1.6244 0.8334
0.1598 1.1415 0.8615
0.1315 1.1422 0.8951
0.1315 1.1422 0.8951
1.1312 1.6127 0.9278
0.0014 1.0796 1.1622
0.0014 1.0796 1.1622
