-0.1987 0.9454 0.0185
0.3083 1.2425 0.0606
1.2192 0.7947 0.0799
1.1099 0.9048 0.1098
0.4182 1.0656 0.1205
-0.3313 1.1889 0.1583
0.7565 1.0537 0.1788
0.2067 1.2095 0.1864
0.5430 0.1415 0.1933
-0.2976 0.5321 0.1995
1.5063 1.4972 0.2272
0.2976 1.1520 0.2323
-0.0895 0.5732 0.2445
0.5943 0.1915 0.2577
-0.0902 1.1436 0.2690
0.6606 0.1853 0.2860
-0.1551 1.1276 0.2869
-0.1551 1.1276 0.2869
0.7048 0.5914 0.2938
0.6640 0.1310 0.2999
0.6569 -0.0717 0.3302
1.2231 0.0031 0.3399
0.0664 1.5513 0.3407
0.1752 -0.1454 0.3455
0.0933 -0.1004 0.3665
1.6974 0.9019 0.3854
0.6333 -0.5513 0.4321
0.6333 -0.5513 0.4321
0.7188 1.1210 0.4368
-0.7010 1.5609 0.4942
1.0624 0.1427 0.4946
-0.6307 1.2077 0.5997
-0.1881 1.6278 0.6146
-0.1881 1.6278 0.6146
-0.1881 1.6278 0.6146
1.2115 1.0823 0.6164
-0.7245 1.6153 0.6598
1.0457 -0.2086 0.6980
-0.7076 1.6248 0.7104
1.1016 -0.0064 0.7324
-0.6862 1.6370 0.7483
-0.6693 1.6465 0.7505
-0.6693 1.6465 0.7505
-0.6693 1.6465 0.7505
-0.6693 1.6465 0.7505
-0.6693 1.6465 0.7505
-0.6693 1.6465 0.7505
-0.6342 1.6190 0.7650
0.5346 1.5500 0.8127
1.6492 0.4582 0.8892
1.6492 0.4582 0.8892
1.6339 0.3122 1.0679
0.5405 1.5925 1.4942
0.5405 1.5925 1.4942
1.5859 -0.2539 1.5852
1.5859 -0.2539 1.5852
1.6065 -0.0186 1.6496
1.6065 -0.0186 1.6496
1.5959 -0.2471 1.7249
1.5959 -0.2471 1.7249
1.5959 -0.2471 1.7249
1.5959 -0.2471 1.7249
1.1715 1.6666 2.0797
1.1715 1.6666 2.0797
1.1715 1.6666 2.0797
1.0879 1.6064 2.1238
1.0879 1.6064 2.1238
1.0879 1.6064 2.1238
1.0879 1.6064 2.1238
1.0879 1.6064 2.1238
1.1307 1.6658 2.3203
1.1307 1.6658 2.3203
1.1307 1.6658 2.3203
1.1307 1.6658 2.3203
1.1307 1.6658 2.3203
1.1307 1.6658 2.3203
0.6307 1.6369 2.6697
0.6307 1.6369 2.6697
0.6307 1.6369 2.6697
1.6013 1.1755 3.1651
1.6013 1.1755 3.1651
1.6013 1.1755 3.1651
1.6013 1.1755 3.1651
1.6348 1.6187 4.6906
1.6348 1.6187 4.6906
1.6348 1.6187 4.6906
1.6348 1.6187 4.6906
1.6348 1.6187 4.6906
1.6348 1.6187 4.6906
1.6348 1.6187 4.6906
1.6348 1.6187 4.6906
1.6348 1.6187 4.6906
1.6348 1.6187 4.6906
1.6348 1.6187 4.6906
1.6348 1.6187 4.6906
1.6348 1.6187 4.6906
1.6348 1.6187 4.6906
1.6348 1.6187 4.6906
1.6348 1.6187 4.6906
1.6348 1.6187 4.6906
