1.1333 1.4071 0.0231
1.5008 0.4703 0.0526
0.3532 1.0356 0.0702
0.3871 1.5451 0.0766
0.5631 0.7723 0.0897
1.0278 1.5158 0.0964
0.5240 1.2187 0.1061
0.6369 0.7650 0.1384
1.1928 1.5281 0.1513
0.7791 1.5678 0.1629
0.7486 1.5546 0.1796
0.0836 1.5514 0.1931
1.5741 0.8337 0.2010
0.5242 1.0896 0.2107
0.2795 1.1288 0.2228
1.5818 1.5239 0.2302
1.5430 1.5642 0.2343
0.6163 1.0480 0.2373
0.2584 1.1357 0.2446
1.2225 1.6047 0.2534
0.5766 0.6953 0.2754
0.6557 1.0706 0.2894
0.0788 1.5809 0.2904
0.1822 1.5926 0.2964
1.5562 1.5757 0.3035
1.5668 1.5657 0.3109
0.0489 1.5851 0.3136
1.5915 1.5450 0.3180
0.0206 1.5881 0.3381
0.0206 1.5881 0.3381
0.5723 1.5772 0.3387
1.5633 0.5130 0.3677
1.1005 0.5385 0.3740
0.1016 1.6191 0.3775
0.7033 1.5895 0.3856
0.1437 1.0957 0.3895
1.5803 1.5794 0.3903
0.1062 1.1353 0.3956
1.0512 1.6220 0.4004
1.1137 0.5487 0.4008
1.1030 1.5914 0.4070
1.1655 1.6244 0.4113
1.1655 1.6244 0.4113
1.1655 1.6244 0.4113
1.1655 1.6244 0.4113
0.1040 1.1158 0.4172
1.0963 0.6605 0.4306
1.1252 0.6669 0.4444
1.0999 0.6477 0.4452
1.1470 0.6427 0.4471
1.1312 1.6127 0.4477
1.1312 1.6127 0.4477
1.0998 0.6349 0.4521
0.0465 1.0876 0.4551
1.1397 0.6121 0.4581
-0.0311 1.6069 0.4604
1.1285 0.6157 0.4670
-0.0197 1.6311 0.4807
1.1180 1.0422 0.4826
-0.0397 1.6304 0.5177
1.1730 0.2521 0.5241
1.6127 1.6083 0.5478
1.6159 1.6157 0.5664
1.6294 1.6293 0.6020
1.6294 1.6293 0.6020
1.6294 1.6293 0.6020
1.6294 1.6293 0.6020
1.6294 1.6293 0.6020
1.6294 1.6293 0.6020
1.6294 1.6293 0.6020
1.6294 1.6293 0.6020
1.6294 1.6293 0.6020
1.6294 1.6293 0.6020
1.6294 1.6293 0.6020
1.6294 1.6293 0.6020
1.1158 1.0781 0.6055
1.5845 0.6584 0.6290
1.5937 0.6732 0.6608
1.5937 0.6732 0.6608
1.1191 1.1238 0.6680
1.1440 1.1229 0.6739
1.1338 1.1111 0.6780
1.1338 1.1111 0.6780
1.6332 0.6907 0.7583
1.6502 0.5789 0.7685
1.6502 0.5789 0.7685
1.6312 0.5820 0.7706
1.6312 0.5820 0.7706
1.6312 0.5820 0.7706
1.6143 0.6516 0.7749
1.1117 0.2147 0.7964
1.1117 0.2147 0.7964
1.5619 1.1412 0.8405
1.5633 1.1244 0.9188
1.5633 1.1244 0.9188
1.0902 0.1340 1.1265
1.0902 0.1340 1.1265
1.1159 0.0928 1.3649
1.1159 0.0928 1.3649
1.1159 0.0928 1.3649
