0.8096 1.4025 0.0612
1.0980 1.4575 0.0818
1.2992 1.0885 0.1120
1.5851 0.8494 0.1253
1.7102 1.7198 0.1578
1.5159 1.5806 0.1748
1.1781 1.7462 0.2188
0.3539 0.7293 0.2289
1.6416 1.2462 0.2470
1.6661 1.5448 0.2605
1.7044 1.6731 0.2652
1.6872 1.6881 0.2774
1.6931 1.2041 0.2940
0.7845 1.6742 0.2966
1.6901 1.2027 0.3068
1.1263 1.5281 0.3236
1.6848 1.6035 0.3386
1.6887 0.3681 0.3500
0.7587 1.6845 0.3514
0.7740 1.6660 0.3553
0.7537 1.5751 0.3634
1.6744 1.6375 0.3695
1.6625 1.2022 0.3732
1.6676 1.6195 0.3821
1.6594 1.2006 0.3840
1.5701 1.0732 0.3915
1.6562 1.6298 0.4012
1.1787 -0.3124 0.4028
1.5514 -0.2419 0.4100
1.5934 1.1887 0.4147
1.6348 1.6187 0.4172
1.7012 -0.1627 0.4688
1.1601 1.9917 0.4741
-0.5306 1.6941 0.4764
1.6720 1.1056 0.4818
1.6720 1.1056 0.4818
-0.5618 0.2763 0.5045
-0.5618 0.2763 0.5045
0.7431 1.6063 0.5087
1.6968 0.5740 0.5114
1.6579 1.1260 0.5262
1.6579 1.1260 0.5262
1.6344 1.0946 0.5281
-0.3243 1.6090 0.5302
1.6789 0.6632 0.5602
1.6004 0.6992 0.5656
1.6542 0.6850 0.5930
1.6225 0.0060 0.6193
1.6225 0.0060 0.6193
0.5360 1.5487 0.6346
1.0974 -0.5634 0.6477
1.0974 -0.5634 0.6477
1.0974 -0.5634 0.6477
1.0974 -0.5634 0.6477
1.0974 -0.5634 0.6477
1.0974 -0.5634 0.6477
1.0974 -0.5634 0.6477
-0.2835 1.6172 0.6530
1.6446 0.6661 0.6721
1.6337 0.0920 0.6903
1.6531 0.1206 0.6913
1.6165 -0.1150 0.6991
0.1578 0.7002 0.7271
1.6200 -0.2176 0.7602
1.6184 0.1583 0.7654
1.6058 0.6326 0.7659
0.1924 0.5712 0.7661
-0.6453 1.6168 0.8737
-0.6453 1.6168 0.8737
-0.6453 1.6168 0.8737
-0.6453 1.6168 0.8737
-0.6453 1.6168 0.8737
-0.6453 1.6168 0.8737
-0.6402 1.6214 0.8790
-0.6402 1.6214 0.8790
-0.6402 1.6214 0.8790
1.1098 -0.2104 0.8806
1.1098 -0.2104 0.8806
-0.6693 1.6465 0.8816
-0.6693 1.6465 0.8816
1.1159 0.8369 0.8941
-0.3899 1.1445 0.9806
-0.3899 1.1445 0.9806
-0.3899 1.1445 0.9806
-0.1436 1.6470 1.0913
-0.1436 1.6470 1.0913
-0.1436 1.6470 1.0913
0.0743 1.6787 1.1754
0.0433 1.6132 1.2877
0.0433 1.6132 1.2877
-0.1193 1.1190 1.6990
-0.1193 1.1190 1.6990
0.0464 1.1696 1.7357
0.0464 1.1696 1.7357
0.2159 1.6577 1.9793
0.2159 1.6577 1.9793
0.2159 1.6577 1.9793
1.5668 -0.5747 2.0077
1.5668 -0.5747 2.0077
1.5668 -0.5747 2.0077
