1.4349 1.1231 0.0516
1.0192 0.2235 0.1048
1.4872 1.1752 0.1404
0.7144 1.5338 0.1781
1.5492 0.7138 0.1931
1.5324 0.6384 0.1997
0.3985 1.1259 0.2159
1.2182 1.1005 0.2240
1.0846 1.5236 0.2282
1.0274 1.1462 0.2436
1.0556 1.5460 0.2593
0.3664 1.5927 0.2634
0.3133 1.1312 0.2666
0.6455 1.5393 0.2759
1.0850 0.1320 0.2790
1.5640 0.6635 0.2890
1.1028 0.1830 0.2908
1.1079 0.1838 0.2977
1.1886 1.1372 0.3034
1.0842 1.0826 0.3076
1.1158 0.7203 0.3147
1.1335 1.0796 0.3224
1.1559 0.7049 0.3248
0.2532 1.5724 0.3294
1.1698 1.1253 0.3360
0.6882 1.1883 0.3412
1.0936 1.5505 0.3476
1.5378 1.5947 0.3514
1.1532 1.5489 0.3565
1.1030 1.1133 0.3586
1.5255 1.1255 0.3621
1.1073 1.1343 0.3646
0.2467 1.1057 0.3753
1.5478 1.0677 0.3786
1.0445 1.5900 0.3844
1.6558 0.5809 0.3925
1.6542 0.5830 0.3956
1.6528 0.5817 0.3961
1.6504 0.5871 0.4025
1.5443 1.6138 0.4056
1.6360 0.5830 0.4074
0.6149 1.5678 0.4080
1.6356 0.5859 0.4093
1.6378 0.5872 0.4097
1.6138 0.6525 0.4132
1.6313 0.5994 0.4181
1.0771 0.6056 0.4210
1.6471 0.6170 0.4244
1.6293 0.6201 0.4269
1.5415 1.1018 0.4340
0.5879 1.5781 0.4360
1.0480 1.6102 0.4457
0.6297 1.5805 0.4638
1.0960 1.5789 0.4674
1.1478 1.5758 0.4755
0.1618 1.1431 0.4904
0.1171 1.5768 0.4935
0.0446 1.5739 0.4969
0.1572 1.0893 0.5006
1.5771 1.5993 0.5019
1.0671 1.6142 0.5086
0.0365 1.5773 0.5197
0.0387 1.5784 0.5241
1.0925 1.6028 0.5421
1.5968 1.5936 0.5430
1.0788 1.6177 0.5462
0.6603 1.1038 0.5577
1.6098 1.6011 0.5786
1.5685 1.0888 0.5862
1.1076 1.6116 0.5940
0.0907 1.5956 0.6005
1.6199 1.6179 0.6038
1.6292 1.6291 0.6059
1.6292 1.6291 0.6059
1.6292 1.6291 0.6059
1.6292 1.6291 0.6059
1.6292 1.6291 0.6059
1.6292 1.6291 0.6059
1.6292 1.6291 0.6059
1.6292 1.6291 0.6059
1.6294 1.6293 0.6060
1.6294 1.6293 0.6060
1.6294 1.6293 0.6060
1.6294 1.6293 0.6060
1.6294 1.6293 0.6060
1.6294 1.6293 0.6060
1.6294 1.6293 0.6060
1.6294 1.6293 0.6060
1.6294 1.6293 0.6060
1.6294 1.6293 0.6060
1.6294 1.6293 0.6060
1.6294 1.6293 0.6060
1.5604 1.1276 0.6114
1.1238 1.6107 0.6117
1.1396 1.6170 0.6211
1.5635 1.1244 0.6334
-0.0391 1.6102 0.8338
0.5631 0.6838 2.2218
0.5631 0.6838 2.2218
0.5631 0.6838 2.2218
