0.8730 1.1953 0.0291
1.4482 1.1379 0.0630
1.2190 1.5052 0.0732
1.5032 0.7189 0.1082
0.4000 1.1491 0.1154
0.1546 1.5300 0.1381
1.2349 1.1316 0.1601
0.4905 1.1368 0.1698
0.2787 1.1260 0.1800
0.0921 1.5448 0.1914
0.2562 1.1232 0.1999
0.4062 1.5862 0.2205
1.1886 1.1409 0.2389
1.1263 1.0594 0.2398
0.5819 1.0692 0.2503
0.3304 1.5982 0.2657
0.0319 1.5626 0.2688
1.1418 1.0858 0.2706
0.1524 1.1368 0.2709
1.5086 1.6133 0.2813
0.1415 1.1068 0.2858
1.1228 1.1424 0.2904
1.1349 1.1128 0.2921
1.1259 1.1348 0.2936
0.0437 1.5700 0.2953
0.6876 1.1047 0.3040
1.2254 1.6143 0.3106
1.5133 1.6275 0.3135
1.5612 1.5466 0.3231
0.6420 1.0951 0.3319
1.1611 1.5670 0.3482
1.5318 1.5949 0.3493
0.7291 1.5857 0.4100
0.0902 1.6037 0.4112
0.6993 1.5709 0.4262
1.1808 0.6482 0.4279
1.0518 1.6139 0.4372
1.0518 1.6139 0.4372
1.5529 0.6004 0.4402
1.1332 0.6799 0.4458
0.5758 1.5761 0.4608
0.5758 1.5761 0.4608
1.1791 1.6223 0.4621
1.1662 1.6150 0.4801
-0.0045 1.6109 0.4849
1.1563 0.6509 0.4930
1.1492 1.6253 0.5334
1.5734 0.6632 0.5349
1.5685 0.6184 0.5357
1.1425 1.6209 0.5363
1.0970 1.6246 0.5451
1.1056 1.6212 0.5475
1.5605 1.1430 0.5557
-0.0335 1.6245 0.5644
1.1458 0.5807 0.5647
1.5620 1.1428 0.5668
1.5619 1.1412 0.5695
1.5619 1.1263 0.5850
0.5647 0.6908 0.5861
1.5633 1.1244 0.5967
1.5633 1.1244 0.5967
0.6165 1.5938 0.6248
1.6079 1.5985 0.6671
1.6502 0.5789 0.6914
1.6502 0.5789 0.6914
1.6502 0.5789 0.6914
1.6482 0.5793 0.6943
1.6482 0.5793 0.6943
1.0633 0.2185 0.7035
1.6312 0.5820 0.7048
1.6312 0.5820 0.7048
1.6312 0.5820 0.7048
1.6312 0.5820 0.7048
1.6312 0.5820 0.7048
1.6168 1.6159 0.7214
1.6143 0.6516 0.7258
1.6143 0.6516 0.7258
1.6199 1.6179 0.7298
1.6292 1.6291 0.7505
1.6292 1.6291 0.7505
1.6292 1.6291 0.7505
1.6292 1.6291 0.7505
1.6292 1.6291 0.7505
1.6294 1.6293 0.7508
1.6294 1.6293 0.7508
1.6294 1.6293 0.7508
1.6294 1.6293 0.7508
1.6294 1.6293 0.7508
1.6294 1.6293 0.7508
1.6294 1.6293 0.7508
1.6294 1.6293 0.7508
1.6294 1.6293 0.7508
1.6294 1.6293 0.7508
1.6294 1.6293 0.7508
1.6294 1.6293 0.7508
1.0735 0.1279 0.9825
1.0850 0.1320 1.0771
1.0850 0.1320 1.0771
1.1079 0.1838 1.1245
1.1079 0.1838 1.1245
