1.4100 1.7823 0.0306
1.6964 1.7886 0.0458
1.4508 1.5846 0.0594
1.2976 1.5807 0.0701
1.7778 1.6864 0.0801
1.7742 1.6792 0.0981
0.7903 1.5470 0.1300
1.6393 1.3073 0.1446
0.2404 1.2580 0.1667
0.9418 1.1612 0.1717
1.7587 1.6477 0.1770
0.9396 1.1375 0.1909
0.9898 0.6556 0.1942
1.6023 1.2772 0.2150
1.5346 1.6791 0.2270
1.1516 1.7223 0.2476
1.8383 1.8900 0.2541
0.5756 0.3858 0.2553
1.5986 1.7231 0.2640
1.1105 1.7153 0.2834
0.4699 0.5368 0.2865
1.1486 1.7088 0.2935
1.8572 1.8972 0.2941
1.1356 1.5551 0.3049
1.1933 1.6004 0.3231
0.7305 1.6987 0.3502
1.1078 0.7603 0.3553
-0.2287 1.5596 0.3687
1.1077 0.7526 0.3820
1.0540 0.6939 0.3905
1.1668 1.6528 0.3943
1.6017 0.9419 0.4027
1.0747 1.6160 0.4111
-0.2551 1.6727 0.4329
-0.0661 1.2158 0.4669
1.6348 1.6187 0.4906
1.5993 -0.5130 0.5353
1.5993 -0.5130 0.5353
1.5993 -0.5130 0.5353
1.5993 -0.5130 0.5353
1.5993 -0.5130 0.5353
1.5993 -0.5130 0.5353
1.5993 -0.5130 0.5353
1.5993 -0.5130 0.5353
1.5993 -0.5130 0.5353
1.5993 -0.5130 0.5353
1.5993 -0.5130 0.5353
-0.5988 1.6747 0.5382
-0.5988 1.6747 0.5382
-0.5988 1.6747 0.5382
-0.5988 1.6747 0.5382
-0.5988 1.6747 0.5382
-0.5988 1.6747 0.5382
-0.5988 1.6747 0.5382
-0.5793 1.6613 0.5528
-0.5793 1.6613 0.5528
-0.5793 1.6613 0.5528
0.6256 1.5488 0.5626
0.6072 1.5513 0.5877
-0.1429 1.6771 0.6119
-0.1683 1.6026 0.6473
-0.1683 1.6026 0.6473
-0.1720 1.6524 0.6483
-0.6187 1.6421 0.6895
-0.6187 1.6421 0.6895
-0.6187 1.6421 0.6895
0.6621 1.1812 0.7045
-0.1572 1.6271 0.7049
-0.1572 1.6271 0.7049
-0.1572 1.6271 0.7049
0.0751 1.1967 0.7175
0.5894 0.5772 0.7186
1.6653 1.1954 0.7671
1.6653 1.1954 0.7671
1.6908 0.7344 0.8415
0.6217 1.1659 0.8556
0.6217 1.1659 0.8556
1.6026 0.7566 0.8851
0.1798 1.5722 1.0901
0.1798 1.5722 1.0901
1.5999 -0.1777 1.1027
1.5999 -0.1777 1.1027
1.5612 -0.0789 1.1331
1.5612 -0.0789 1.1331
-0.2732 1.1161 1.2332
-0.2732 1.1161 1.2332
-0.2732 1.1161 1.2332
-0.2732 1.1161 1.2332
1.6845 0.6294 1.3153
1.6845 0.6294 1.3153
1.6845 0.6294 1.3153
1.6845 0.6294 1.3153
1.6845 0.6294 1.3153
1.5839 0.6253 1.3609
1.5839 0.6253 1.3609
1.5839 0.6253 1.3609
1.5839 0.6253 1.3609
1.5839 0.6253 1.3609
1.5839 0.6253 1.3609
1.5839 0.6253 1.3609
