0.5065 1.4770 0.0181
1.6109 1.3760 0.0485
1.1735 0.9056 0.0850
-0.3058 1.7296 0.1057
-0.3203 1.7233 0.1174
0.8104 1.5696 0.1311
1.6268 1.2822 0.1445
0.3405 1.2155 0.1595
1.2544 0.6081 0.1748
1.6620 0.9770 0.1810
1.6113 0.9729 0.1837
0.8082 1.1404 0.1890
0.3302 1.6829 0.2040
1.2437 1.7169 0.2221
1.2110 0.3239 0.2293
-0.0330 1.5394 0.2359
0.4493 1.6491 0.2413
1.6615 1.2284 0.2614
0.4856 1.6544 0.2699
1.6474 1.0169 0.2772
0.4966 1.6076 0.2833
0.5509 1.6846 0.2998
0.7303 1.0652 0.3174
1.2611 1.6529 0.3293
0.1003 1.6972 0.3311
1.0693 1.7427 0.3403
0.6108 1.6912 0.3496
-0.0155 1.6899 0.3647
0.5701 1.6470 0.3983
1.5995 1.0825 0.3991
1.2419 1.6665 0.4035
0.7604 0.0687 0.4097
0.7040 1.6239 0.4117
1.6560 1.1633 0.4195
1.6560 1.1633 0.4195
1.6546 1.1632 0.4213
0.3556 1.1449 0.4234
1.6529 1.1579 0.4310
1.6529 1.1579 0.4310
0.6301 1.6019 0.4334
0.1262 1.5958 0.4368
1.1808 1.0667 0.4396
1.5795 1.5601 0.4414
0.6131 1.6433 0.4467
0.6159 1.6435 0.4483
0.6159 1.6435 0.4483
1.6501 1.1345 0.4575
1.6501 1.1345 0.4575
0.1140 1.6618 0.4603
0.6200 1.0487 0.4637
1.0213 1.6636 0.5033
1.2174 1.5965 0.5103
1.1731 0.5978 0.5149
1.2199 -0.0351 0.5260
1.0874 0.6185 0.5455
1.0399 1.5990 0.5695
0.5520 1.0985 0.5966
1.5635 1.6540 0.6058
1.5635 1.6540 0.6058
1.5635 1.6540 0.6058
1.5635 1.6540 0.6058
1.1356 0.6317 0.6058
1.0333 -0.0897 0.6061
1.6461 0.6479 0.6307
1.6461 0.6479 0.6307
1.6461 0.6479 0.6307
1.6461 0.6479 0.6307
1.6221 0.5830 0.6979
-0.6005 1.6318 0.7251
-0.6005 1.6318 0.7251
-0.6005 1.6318 0.7251
-0.6005 1.6318 0.7251
-0.6005 1.6318 0.7251
-0.6005 1.6318 0.7251
-0.6005 1.6318 0.7251
-0.6005 1.6318 0.7251
-0.6005 1.6318 0.7251
0.6444 0.6486 0.7323
1.6370 1.6229 0.7600
1.6370 1.6229 0.7600
1.6370 1.6229 0.7600
1.6370 1.6229 0.7600
1.6370 1.6229 0.7600
1.6370 1.6229 0.7600
1.6370 1.6229 0.7600
1.6370 1.6229 0.7600
1.6370 1.6229 0.7600
1.6370 1.6229 0.7600
1.6370 1.6229 0.7600
1.6370 1.6229 0.7600
1.6370 1.6229 0.7600
1.6370 1.6229 0.7600
0.5928 0.6493 0.7805
0.5928 0.6493 0.7805
1.1724 -0.1704 1.2311
1.1724 -0.1704 1.2311
1.1724 -0.1704 1.2311
1.1724 -0.1704 1.2311
0.6213 0.1494 1.8008
0.6213 0.1494 1.8008
