1.5077 1.6111 0.1257
1.2120 1.5559 0.1676
1.0745 0.4318 0.1856
1.1676 0.3826 0.1969
1.5127 0.6370 0.2204
1.5706 1.6122 0.2319
1.5710 1.6136 0.2333
1.5720 1.6172 0.2366
1.2174 1.6102 0.2409
0.7461 1.5574 0.2556
1.5903 1.6143 0.2594
1.5942 1.6126 0.2629
1.1316 1.5415 0.2741
1.2035 1.6100 0.2770
1.6109 1.6149 0.2786
1.6138 1.6138 0.2801
1.1864 1.5838 0.2812
1.6157 1.6154 0.2821
1.6162 1.6155 0.2825
1.6174 1.6175 0.2842
1.6174 1.6181 0.2845
1.6182 1.6183 0.2852
1.6189 1.6183 0.2857
1.6191 1.6196 0.2866
1.6203 1.6196 0.2874
1.6214 1.6204 0.2888
1.6239 1.6228 0.2920
1.6250 1.6237 0.2932
1.6256 1.6243 0.2939
1.6261 1.6248 0.2945
1.1900 1.6059 0.3081
0.2045 1.1937 0.3201
1.1602 0.5080 0.3356
1.1782 1.6100 0.3449
0.6558 1.1826 0.3596
0.6654 1.1766 0.3679
1.1686 1.6092 0.3688
1.0889 0.2180 0.3791
1.1640 1.6094 0.3809
0.7573 1.6042 0.3868
1.1576 1.6091 0.3968
0.0822 1.5560 0.3983
0.6861 1.0790 0.4042
1.1536 1.6092 0.4068
0.3248 1.6054 0.4123
1.1005 1.5836 0.4172
0.6377 1.1597 0.4282
1.0587 1.6080 0.4306
0.6369 1.0724 0.4450
0.6709 1.1319 0.4497
0.5279 1.5835 0.4603
0.6446 1.1359 0.4682
1.5704 0.6672 0.4697
0.1886 1.1566 0.4703
0.1968 1.1506 0.4714
1.1489 1.1762 0.4729
1.0999 1.6090 0.4825
0.2785 1.6089 0.4862
0.5199 1.5968 0.5009
0.5590 1.5804 0.5162
1.0784 1.1307 0.5219
0.1695 1.1490 0.5226
1.5885 0.6712 0.5383
0.2143 1.5973 0.5422
0.2474 1.6120 0.5449
1.0882 1.1316 0.5474
1.5908 0.6578 0.5646
1.5418 1.1281 0.5665
1.5898 0.6483 0.5711
1.1018 1.1270 0.5847
0.6705 1.5833 0.5972
1.1114 1.1261 0.6010
1.5972 0.6416 0.6020
0.1818 1.6044 0.6083
0.6161 1.5801 0.6090
0.1090 1.5960 0.6177
0.6510 1.5850 0.6345
0.1259 1.6018 0.6381
1.6151 0.6338 0.6561
1.6151 0.6338 0.6561
1.6151 0.6338 0.6561
1.0938 0.7005 0.6584
1.5924 1.1610 0.6877
1.6375 0.6088 0.6903
1.6375 0.6088 0.6903
1.0927 0.6382 0.7443
1.5958 1.1518 0.7590
-0.0392 1.6101 0.8195
-0.0391 1.6102 0.8196
-0.0391 1.6102 0.8197
-0.0391 1.6103 0.8197
1.5903 1.1226 0.9015
1.5903 1.1226 0.9015
1.5903 1.1226 0.9015
1.5897 1.1085 0.9069
1.5983 1.1276 0.9234
1.5986 1.1008 0.9379
1.5986 1.1008 0.9379
1.5986 1.1008 0.9379
1.5986 1.1008 0.9379
