1.7940 1.6946 0.0346
-0.3040 0.7691 0.0736
1.6682 1.2955 0.1043
1.7455 1.6852 0.1322
1.7081 1.7270 0.1421
0.2538 0.7408 0.1489
0.8868 1.1311 0.1555
0.9701 1.1981 0.1759
0.0051 0.5444 0.1847
1.7166 1.6916 0.1938
1.6803 0.3430 0.2366
0.0059 0.6078 0.2520
1.5516 0.0383 0.2580
1.5516 0.0383 0.2580
-0.0147 0.6217 0.2608
1.7129 1.6298 0.2685
1.7103 1.6233 0.2749
1.7055 0.5422 0.2886
1.6820 1.6805 0.3042
1.6971 1.6114 0.3069
1.6974 1.6209 0.3098
1.6809 1.6785 0.3106
1.2507 1.6057 0.3157
1.7040 0.1447 0.3161
0.1415 0.6561 0.3239
1.6875 1.2094 0.3441
1.6842 1.6274 0.3460
1.6837 1.6277 0.3476
1.6348 1.6187 0.4271
1.6348 1.6187 0.4271
1.5324 1.1303 0.4325
1.2282 1.6210 0.4388
1.5366 1.1260 0.4549
1.6338 1.0276 0.4822
1.6338 1.0276 0.4822
1.6541 0.1870 0.4870
1.6296 1.0318 0.5004
1.7159 -0.4317 0.5167
1.6107 0.6079 0.5288
1.6107 0.6079 0.5288
1.6107 0.6079 0.5288
1.6107 0.6079 0.5288
1.6107 0.6079 0.5288
1.6107 0.6079 0.5288
1.6107 0.6079 0.5288
1.6107 0.6079 0.5288
1.6166 0.5986 0.5341
0.0403 1.0519 0.5408
1.5851 1.1774 0.5475
1.6138 0.6326 0.5618
1.6130 0.6362 0.5633
0.4919 1.1708 0.5815
1.6770 -0.3526 0.5944
1.1705 1.6361 0.6719
1.1705 1.6361 0.6719
1.1705 1.6361 0.6719
1.1705 1.6361 0.6719
1.1705 1.6361 0.6719
1.1705 1.6361 0.6719
1.1705 1.6361 0.6719
1.1705 1.6361 0.6719
1.1705 1.6361 0.6719
1.1705 1.6361 0.6719
1.1910 0.5589 0.6793
0.5243 1.1496 0.7474
0.5418 1.1286 0.8472
1.1264 0.5137 0.9978
1.1291 0.5278 1.0287
1.1291 0.5278 1.0287
-0.0401 1.0979 1.1261
1.1165 0.5392 1.1370
1.1165 0.5392 1.1370
0.1531 1.1505 1.1752
0.1531 1.1505 1.1752
0.3827 1.6239 1.3445
0.3827 1.6239 1.3445
0.3611 1.6450 1.4906
0.3611 1.6450 1.4906
-0.3436 1.6296 1.6069
-0.3436 1.6296 1.6069
-0.3436 1.6296 1.6069
-0.3436 1.6296 1.6069
-0.7503 1.6319 1.6968
-0.7503 1.6319 1.6968
-0.7503 1.6319 1.6968
-0.7503 1.6319 1.6968
-0.7503 1.6319 1.6968
-0.7108 1.5969 1.9228
-0.7108 1.5969 1.9228
-0.7108 1.5969 1.9228
0.0695 1.6569 2.1660
0.0695 1.6569 2.1660
0.0695 1.6569 2.1660
0.0983 1.6500 2.3055
0.0983 1.6500 2.3055
0.0983 1.6500 2.3055
-0.6453 1.6168 2.4696
-0.6453 1.6168 2.4696
-0.6453 1.6168 2.4696
-0.6453 1.6168 2.4696
