0.5987 1.4674 0.0521
1.2419 0.9897 0.0749
0.8589 1.1188 0.1025
0.8057 0.6133 0.1223
0.7863 0.6612 0.1516
1.4876 1.6295 0.1889
1.6514 1.5000 0.2110
0.2559 1.0595 0.2235
0.7687 1.1013 0.2295
1.2190 1.5443 0.2333
0.3219 1.1432 0.2412
1.2658 1.6408 0.2470
1.5948 1.5219 0.2555
1.5387 1.1974 0.2897
0.6260 1.0253 0.2988
1.0400 0.0406 0.3174
1.6150 1.2397 0.3357
0.0985 1.1595 0.3427
1.5366 1.6428 0.3525
0.5135 1.5780 0.3603
1.0453 -0.2408 0.3700
0.6988 1.5604 0.3769
1.6937 0.6657 0.3778
1.5498 1.6127 0.3837
1.2254 1.1370 0.4103
1.5766 0.6214 0.4220
1.6364 1.5608 0.4263
-0.0843 1.1019 0.4346
-0.0843 1.1019 0.4346
-0.0843 1.1019 0.4346
-0.0843 1.1019 0.4346
1.6051 0.5526 0.4448
1.5731 1.6053 0.4487
1.0896 0.6860 0.4548
1.6542 0.5563 0.4592
1.6542 0.5563 0.4592
1.6750 0.6330 0.4604
1.6750 0.6330 0.4604
1.6514 0.6771 0.4712
1.6514 0.6771 0.4712
1.7005 1.6306 0.4714
1.6530 0.6726 0.4748
1.5908 1.5997 0.4854
1.0999 1.5513 0.4881
0.6994 1.5829 0.4886
1.6909 1.6241 0.4968
1.6322 0.6683 0.4984
0.6162 1.1431 0.4985
1.6544 1.5895 0.5045
1.6862 1.6599 0.5064
1.6577 1.5939 0.5119
1.6587 1.5954 0.5140
0.1712 1.6118 0.5186
1.6620 1.5998 0.5201
1.6606 1.6037 0.5305
-0.0254 1.6255 0.5379
-0.0254 1.6255 0.5379
-0.0254 1.6255 0.5379
-0.0254 1.6255 0.5379
-0.0254 1.6255 0.5379
-0.0254 1.6255 0.5379
-0.0254 1.6255 0.5379
-0.0254 1.6255 0.5379
0.6842 0.6447 0.5461
0.0562 1.6355 0.5461
0.5954 1.5882 0.5611
1.6449 1.6130 0.5628
1.6655 1.6494 0.5629
1.6419 1.6204 0.5745
1.1150 0.2318 0.5829
1.1150 0.2318 0.5829
1.6294 1.6293 0.5834
1.6383 1.6355 0.5881
1.1482 0.0073 0.5888
1.6324 1.6439 0.5897
1.1844 1.6062 0.5938
1.1268 -0.0528 0.5940
1.1268 -0.0528 0.5940
1.5725 1.1448 0.6095
1.1175 -0.2510 0.6387
1.1175 -0.2510 0.6387
1.1673 1.6013 0.6537
1.1379 -0.2386 0.6635
1.1379 -0.2386 0.6635
1.1267 1.1501 0.6856
1.1112 1.1271 0.6940
1.0577 1.6341 0.6985
1.1260 1.1179 0.7115
1.6531 1.1603 0.7164
1.6173 1.1493 0.7474
1.1540 1.6179 0.7481
1.1459 1.6129 0.7570
1.1459 1.6129 0.7570
1.6204 1.1052 0.7772
1.1312 1.6127 0.7827
1.6399 1.1119 0.7927
1.6359 1.1120 0.7937
0.6853 -0.0293 0.8101
0.6853 -0.0293 0.8101
0.6853 -0.0293 0.8101
