0.5607 0.9463 0.0277
0.7047 1.2669 0.0420
0.7496 0.7501 0.0566
1.3423 1.3420 0.0828
-0.5837 1.4501 0.1049
1.3811 1.3759 0.1169
0.9921 1.1326 0.1401
1.1968 1.2273 0.1601
0.6139 0.7299 0.1727
0.6062 0.7232 0.1817
0.6253 1.0427 0.1879
0.2148 1.0660 0.1943
0.0010 1.5243 0.2163
-0.0979 1.0223 0.2280
0.4681 1.5607 0.2404
0.5817 0.5719 0.2484
0.6598 1.1592 0.2536
0.6591 1.1532 0.2600
1.1191 1.0383 0.2755
0.0650 0.5454 0.3002
0.0650 0.5454 0.3002
1.1715 1.1674 0.3272
1.1684 1.1696 0.3276
0.7127 1.5892 0.4156
0.6760 1.5740 0.4187
1.0781 1.5747 0.5797
1.6021 1.6255 0.5821
1.6021 1.6255 0.5821
1.6021 1.6255 0.5821
1.6021 1.6255 0.5821
1.6021 1.6255 0.5821
1.6021 1.6255 0.5821
1.6021 1.6255 0.5821
1.6369 1.6207 0.5951
1.6369 1.6207 0.5951
1.6369 1.6207 0.5951
1.6369 1.6207 0.5951
1.6369 1.6207 0.5951
1.6369 1.6207 0.5951
1.6390 1.6264 0.5969
1.6390 1.6264 0.5969
1.6390 1.6264 0.5969
1.6390 1.6264 0.5969
1.6390 1.6264 0.5969
1.6390 1.6264 0.5969
1.6390 1.6264 0.5969
1.6390 1.6264 0.5969
1.6390 1.6264 0.5969
1.6390 1.6264 0.5969
1.6390 1.6264 0.5969
1.6390 1.6264 0.5969
1.6390 1.6264 0.5969
1.6390 1.6264 0.5969
1.6390 1.6264 0.5969
1.6390 1.6264 0.5969
1.6390 1.6264 0.5969
1.0389 -0.1901 0.6352
-0.6447 0.9213 0.7178
-0.6447 0.9213 0.7178
1.2137 0.5890 0.7374
0.6853 -0.0293 0.7389
1.5797 1.1624 0.7891
1.5797 1.1624 0.7891
1.5882 1.1705 0.7985
1.0743 -0.2592 0.8102
1.0743 -0.2592 0.8102
1.0743 -0.2592 0.8102
1.0743 -0.2592 0.8102
1.0743 -0.2592 0.8102
-0.0254 1.6255 0.8983
-0.0254 1.6255 0.8983
0.0599 1.6482 0.9214
1.6221 0.5830 1.1850
1.6221 0.5830 1.1850
1.6221 0.5830 1.1850
1.6221 0.5830 1.1850
1.6221 0.5830 1.1850
1.6221 0.5830 1.1850
1.6221 0.5830 1.1850
1.6221 0.5830 1.1850
1.6221 0.5830 1.1850
1.6221 0.5830 1.1850
1.6221 0.5830 1.1850
1.6221 0.5830 1.1850
1.6221 0.5830 1.1850
1.6221 0.5830 1.1850
1.6221 0.5918 1.2170
1.6221 0.5918 1.2170
1.6221 0.5918 1.2170
1.6221 0.5918 1.2170
1.6102 1.1061 1.2229
1.6102 1.1061 1.2229
1.6102 1.1061 1.2229
1.6102 1.1061 1.2229
1.6102 1.1061 1.2229
1.6102 1.1061 1.2229
1.6102 1.1061 1.2229
1.6102 1.1061 1.2229
1.6102 1.1061 1.2229
1.6102 1.1061 1.2229
