1.3406 1.6114 0.0315
1.3249 1.6128 0.0396
1.2835 1.1428 0.1055
0.6288 1.5025 0.1555
1.5660 1.6135 0.2264
1.1897 1.6070 0.2414
1.5858 1.6140 0.2579
1.5929 1.6123 0.2662
1.1686 1.6092 0.2829
1.6103 1.6118 0.2839
1.6125 1.6131 0.2864
1.6138 1.6138 0.2878
1.6143 1.6141 0.2883
1.1658 1.6100 0.2887
1.6149 1.6145 0.2890
1.6151 1.6146 0.2892
1.6123 1.6193 0.2899
1.6160 1.6151 0.2903
1.1640 1.6094 0.2913
1.6174 1.6159 0.2922
1.6179 1.6181 0.2939
1.6179 1.6181 0.2939
1.6191 1.6183 0.2952
1.6207 1.6201 0.2979
1.6214 1.6204 0.2987
1.1578 1.6091 0.3018
1.6252 1.6239 0.3043
1.6261 1.6248 0.3056
1.1534 1.6092 0.3093
1.1424 1.6045 0.3205
0.7573 1.6042 0.3305
0.7320 1.1136 0.3313
0.6879 1.1797 0.3358
1.1303 1.6093 0.3436
1.0999 1.6090 0.3574
1.6248 1.2136 0.3776
1.1454 1.0599 0.4151
1.0784 1.1307 0.4406
0.5430 1.1255 0.4427
0.5441 1.5817 0.4518
0.6377 1.1597 0.4538
0.5931 1.0658 0.4593
1.0873 1.1283 0.4607
0.5590 1.5804 0.4689
1.1517 1.0911 0.4697
0.5199 1.5968 0.4766
1.0970 1.1274 0.4769
1.1018 1.1270 0.4834
1.1114 1.1261 0.4937
0.6793 1.5844 0.4991
0.6446 1.1359 0.5014
0.6161 1.5801 0.5292
0.6169 1.5802 0.5298
1.6041 1.0483 0.5368
0.6444 1.5822 0.5372
1.5924 1.1610 0.5438
1.1976 0.6415 0.6233
0.2474 1.6120 0.6245
1.5885 0.6712 0.6293
1.5885 0.6712 0.6293
1.5897 1.1085 0.6516
1.5903 1.1226 0.6566
1.5903 1.1226 0.6566
1.5986 1.1008 0.6754
1.5986 1.1008 0.6754
1.5986 1.1008 0.6754
0.1090 1.5960 0.6872
0.1090 1.5960 0.6872
0.1818 1.6044 0.6885
0.1818 1.6044 0.6885
1.1602 0.5080 0.6967
1.0938 0.7005 0.7053
0.2342 1.1593 0.7068
0.1259 1.6018 0.7133
1.5972 0.6416 0.7162
1.5972 0.6416 0.7162
1.1229 0.3510 0.7217
1.6151 0.6338 0.7783
1.6151 0.6338 0.7783
1.6151 0.6338 0.7783
1.6151 0.6338 0.7783
1.6151 0.6338 0.7783
-0.0389 1.6102 0.7849
-0.0392 1.6101 0.7851
-0.0391 1.6102 0.7852
-0.0391 1.6102 0.7853
-0.0391 1.6102 0.7853
-0.0391 1.6103 0.7853
1.6492 0.5957 0.8364
1.6492 0.5957 0.8364
1.6375 0.6088 0.8403
1.6375 0.6088 0.8403
0.1886 1.1566 0.9003
1.0927 0.6382 0.9891
0.1695 1.1490 1.0311
0.1695 1.1490 1.0311
1.0889 0.2180 1.2563
1.0889 0.2180 1.2563
1.1163 0.2104 1.4600
1.1163 0.2104 1.4600
