0.3485 0.4560 0.0287
1.7928 1.6431 0.0616
0.1135 0.3674 0.0758
1.2432 0.0268 0.1303
1.6483 1.7385 0.1508
1.5079 1.2249 0.1695
0.1498 -0.0933 0.1796
-0.2096 1.2487 0.1876
1.7212 1.6419 0.1973
1.6851 1.6888 0.2103
-0.1993 -0.1011 0.2228
1.2350 0.4975 0.2235
1.7092 1.6196 0.2271
1.6391 1.7017 0.2349
1.6396 1.7004 0.2374
0.5694 0.2879 0.2613
1.6907 1.6226 0.2635
1.6482 1.6732 0.2823
1.6477 1.6709 0.2863
1.6733 1.6220 0.2923
1.6709 1.6292 0.2948
1.6661 1.6252 0.3023
1.6651 1.6242 0.3037
1.6498 1.6244 0.3218
1.6348 1.6187 0.3331
0.6960 0.1779 0.3415
0.1110 0.6003 0.3697
0.0993 0.6122 0.3798
0.1193 0.6166 0.3986
0.7543 1.0363 0.4456
1.1871 -0.1721 0.4923
0.7417 1.0331 0.4990
0.6887 -0.2533 0.5028
0.6830 -0.2534 0.5254
0.7176 1.0278 0.6179
1.5856 0.6398 0.7749
1.5856 0.6398 0.7749
1.5856 0.6398 0.7749
1.5856 0.6398 0.7749
1.5856 0.6398 0.7749
1.5856 0.6398 0.7749
1.5856 0.6398 0.7749
1.5856 0.6398 0.7749
-0.0782 1.5981 0.7765
0.0509 1.6037 0.7811
0.0509 1.6037 0.7811
1.5905 -0.2429 0.7824
1.5870 0.6560 0.7914
-0.1011 1.5950 0.7922
-0.1011 1.5950 0.7922
1.5890 0.6563 0.8033
1.5959 -0.2471 0.8156
1.5959 -0.2471 0.8156
1.5959 -0.2471 0.8156
1.5959 -0.2471 0.8156
1.5961 1.1851 0.8215
0.2658 1.6387 0.8286
0.2658 1.6387 0.8286
0.0389 1.6316 0.8394
0.0389 1.6316 0.8394
0.0389 1.6316 0.8394
-0.7237 0.7108 0.8449
1.1307 1.6658 0.8572
1.6013 1.1755 0.9044
1.6013 1.1755 0.9044
1.6013 1.1755 0.9044
1.6013 1.1755 0.9044
1.6013 1.1755 0.9044
1.6013 1.1755 0.9044
1.6013 1.1755 0.9044
1.6013 1.1755 0.9044
1.6013 1.1755 0.9044
1.6013 1.1755 0.9044
1.0885 1.6101 0.9175
1.0885 1.6101 0.9175
1.0949 1.6145 0.9389
0.6071 1.5765 0.9538
-0.6996 0.7161 1.0011
-0.7097 0.7051 1.0082
-0.7097 0.7051 1.0082
0.6154 1.5928 1.0519
0.6307 1.6369 1.1137
0.6307 1.6369 1.1137
0.6307 1.6369 1.1137
0.6307 1.6369 1.1137
0.6307 1.6369 1.1137
0.6307 1.6369 1.1137
0.6307 1.6369 1.1137
0.6307 1.6369 1.1137
0.6307 1.6369 1.1137
0.6307 1.6369 1.1137
-0.5110 1.5956 1.4254
-0.5110 1.5956 1.4254
-0.6809 1.5618 1.7230
-0.6809 1.5618 1.7230
1.0887 1.0566 1.7468
1.0887 1.0566 1.7468
1.0887 1.0566 1.7468
1.0951 1.0712 1.9802
1.0951 1.0712 1.9802
