1.0514 1.3003 0.0445
1.7832 1.7020 0.0850
1.8017 1.3974 0.1074
0.7243 1.2456 0.1184
1.0221 0.4645 0.1418
1.7212 1.7454 0.1658
1.0480 0.7617 0.1785
1.2949 1.6959 0.1862
1.6934 0.7900 0.2072
1.6074 0.9649 0.2198
1.7069 1.0281 0.2559
0.1255 1.7395 0.2770
0.1458 0.3614 0.3155
1.6996 1.0440 0.3239
1.7154 1.1783 0.3340
1.1071 1.0408 0.3438
1.7468 1.6538 0.3472
1.1959 1.0955 0.3553
0.7319 1.1325 0.3962
1.6749 0.7445 0.4170
0.6081 1.2040 0.4336
1.1402 1.7509 0.4368
0.7406 1.5942 0.4433
0.6721 0.4953 0.4439
1.1511 1.1102 0.4895
-0.1173 1.7029 0.4963
1.6681 0.7256 0.5131
1.1712 0.6636 0.5207
1.1353 1.1459 0.5209
0.6435 1.0659 0.5484
1.1380 0.1900 0.5760
0.6600 1.1150 0.6291
1.1139 0.6025 0.6612
1.6389 0.5371 0.6765
0.0984 1.6921 0.6829
-0.2300 1.6455 0.6944
-0.2300 1.6178 0.7004
-0.2300 1.6178 0.7004
-0.2300 1.6178 0.7004
0.3640 1.6591 0.7128
1.5986 0.0706 0.7160
-0.1364 1.6695 0.7315
0.6411 0.5453 0.7374
-0.6944 1.6158 0.7387
-0.6944 1.6158 0.7387
-0.6944 1.6158 0.7387
-0.6944 1.6158 0.7387
-0.6944 1.6158 0.7387
0.3474 1.6627 0.7445
1.6655 0.5843 0.7450
1.1056 0.0251 0.7489
1.0664 -0.6663 0.7569
1.0664 -0.6663 0.7569
1.0664 -0.6663 0.7569
1.0664 -0.6663 0.7569
1.0664 -0.6663 0.7569
1.0664 -0.6663 0.7569
1.0664 -0.6663 0.7569
1.0664 -0.6663 0.7569
-0.6693 1.6465 0.7596
-0.6693 1.6465 0.7596
-0.6693 1.6465 0.7596
-0.6693 1.6465 0.7596
-0.6693 1.6465 0.7596
-0.6693 1.6465 0.7596
-0.6693 1.6465 0.7596
0.2295 -0.0133 0.7607
-0.1881 1.6278 0.8022
-0.1881 1.6278 0.8022
-0.1881 1.6278 0.8022
-0.1881 1.6278 0.8022
0.6333 -0.5513 0.8137
0.6333 -0.5513 0.8137
0.6333 -0.5513 0.8137
0.6333 -0.5513 0.8137
-0.6342 1.6190 0.8185
-0.6342 1.6190 0.8185
0.6606 0.1853 0.8424
1.6065 -0.0186 0.8428
0.6307 1.6369 0.8744
1.6348 1.6187 0.9044
1.0879 1.6064 0.9358
1.0879 1.6064 0.9358
1.1715 1.6666 1.0087
1.1307 1.6658 1.0555
1.1307 1.6658 1.0555
1.5859 -0.2539 1.2178
1.5959 -0.2471 1.3291
1.5959 -0.2471 1.3291
0.0928 0.6501 2.0536
0.0928 0.6501 2.0536
0.0928 0.6501 2.0536
-0.1551 1.1276 2.5479
-0.1551 1.1276 2.5479
-0.1551 1.1276 2.5479
-0.1551 1.1276 2.5479
-0.1551 1.1276 2.5479
-0.1551 1.1276 2.5479
-0.1551 1.1276 2.5479
-0.1551 1.1276 2.5479
