0.3731 -0.3634 0.0093
0.0832 0.3991 0.0466
0.8797 1.0524 0.0640
1.4633 0.5956 0.0770
0.1100 0.2859 0.0866
0.2020 0.0252 0.0998
1.1555 0.8964 0.1061
-0.2523 0.0577 0.1187
1.4892 0.1682 0.1438
-0.2357 0.1215 0.1474
0.5358 -0.1481 0.1568
-0.1561 -0.1094 0.1682
-0.1660 -0.1455 0.1900
0.7345 -0.2400 0.2023
1.5978 1.2585 0.2084
0.6803 0.4947 0.2291
-0.1638 1.2144 0.2362
0.6040 -0.1119 0.2571
0.0438 1.0607 0.2871
1.0740 0.4407 0.2992
0.6425 -0.2568 0.3028
0.0334 1.1599 0.3484
1.5095 -0.2965 0.3709
0.7777 1.6191 0.3713
1.5773 1.0495 0.3844
1.1067 1.5127 0.3868
1.5809 1.1753 0.3952
1.5993 1.1946 0.3977
1.5641 1.5422 0.4262
1.6013 1.1755 0.4492
1.6013 1.1755 0.4492
1.6013 1.1755 0.4492
1.6013 1.1755 0.4492
1.6013 1.1755 0.4492
1.6013 1.1755 0.4492
1.6013 1.1755 0.4492
1.6013 1.1755 0.4492
1.1793 1.1241 0.5114
1.0887 1.0566 0.5231
1.0887 1.0566 0.5231
1.0887 1.0566 0.5231
0.7220 1.6278 0.5300
-0.7237 0.7108 0.5342
0.6071 1.5765 0.5507
1.0951 1.0712 0.5965
0.6154 1.5928 0.6078
-0.6996 0.7161 0.6269
-0.7097 0.7051 0.6308
-0.7097 0.7051 0.6308
0.6307 1.6369 0.6460
0.6307 1.6369 0.6460
0.6307 1.6369 0.6460
0.6307 1.6369 0.6460
0.6307 1.6369 0.6460
0.6307 1.6369 0.6460
0.6307 1.6369 0.6460
0.6307 1.6369 0.6460
0.6307 1.6369 0.6460
0.6307 1.6369 0.6460
0.6307 1.6369 0.6460
0.6307 1.6369 0.6460
0.5906 1.6376 0.6597
1.1230 1.1431 0.6992
1.1509 1.5807 0.8344
1.1509 1.5807 0.8344
1.5839 1.5899 0.8644
1.0885 1.6101 0.9687
1.0885 1.6101 0.9687
1.0885 1.6101 0.9687
1.0885 1.6101 0.9687
-0.5907 0.6846 0.9836
0.0389 1.6316 1.0006
0.0389 1.6316 1.0006
1.0949 1.6145 1.0075
1.0949 1.6145 1.0075
1.5812 1.6158 1.0076
1.5812 1.6158 1.0076
1.1307 1.6658 1.0953
1.1307 1.6658 1.0953
1.6613 0.5333 1.1246
1.6613 0.5333 1.1246
1.5804 1.6729 1.1687
1.5804 1.6729 1.1687
-0.5110 1.5956 1.2635
-0.5110 1.5956 1.2635
-0.5110 1.5956 1.2635
-0.5110 1.5956 1.2635
1.1002 -0.3368 1.2978
1.1002 -0.3368 1.2978
1.1002 -0.3368 1.2978
1.6348 1.6187 1.3419
1.6348 1.6187 1.3419
-0.6809 1.5618 1.5366
-0.6809 1.5618 1.5366
-0.6809 1.5618 1.5366
-0.6809 1.5618 1.5366
-0.6809 1.5618 1.5366
1.5657 -0.2700 1.6512
1.5657 -0.2700 1.6512
1.5657 -0.2700 1.6512
