0.7826 0.9991 0.0355
0.5303 1.2630 0.0614
0.2937 1.7387 0.0822
-0.2469 1.7527 0.1055
1.1195 1.4865 0.1269
0.9567 1.1483 0.1440
-0.3396 -0.0111 0.1593
0.3012 1.0339 0.1846
0.3747 1.0674 0.2084
0.3010 0.0114 0.2190
-0.0215 1.5357 0.2379
-0.3301 0.0998 0.2409
0.3141 0.6586 0.2501
0.7428 0.6469 0.2563
0.3661 1.6507 0.2584
0.4558 1.6315 0.2690
0.7395 1.0720 0.2792
0.7314 1.6653 0.2888
1.2204 1.1024 0.3243
-0.3945 1.6826 0.3539
1.0591 0.5178 0.3722
0.6028 1.5983 0.4011
0.6028 1.5983 0.4011
1.1540 0.3525 0.4251
0.2098 0.0765 0.4424
1.1178 1.5941 0.4863
1.1705 1.6361 0.5106
1.1705 1.6361 0.5106
1.1705 1.6361 0.5106
1.1705 1.6361 0.5106
1.1705 1.6361 0.5106
-0.1754 1.5661 0.5225
1.2141 0.0851 0.5384
1.2170 0.6207 0.5424
1.1610 0.7093 0.5585
-0.2867 1.6470 0.5975
1.2001 0.6541 0.5987
-0.0663 1.6341 0.6529
-0.1186 1.6262 0.7204
-0.6272 -0.0570 0.7395
-0.6272 -0.0570 0.7395
-0.6272 -0.0570 0.7395
1.6355 1.0352 0.8414
1.6355 1.0352 0.8414
1.6355 1.0352 0.8414
1.6355 1.0352 0.8414
1.6355 1.0352 0.8414
1.6355 1.0352 0.8414
1.6355 1.0352 0.8414
1.1017 0.0192 0.8493
1.1017 0.0192 0.8493
-0.5433 1.6372 0.8606
-0.7108 1.5969 0.9739
-0.7108 1.5969 0.9739
-0.7108 1.5969 0.9739
-0.7108 1.5969 0.9739
-0.6453 1.6168 1.1233
-0.6453 1.6168 1.1233
-0.6453 1.6168 1.1233
-0.6453 1.6168 1.1233
-0.6453 1.6168 1.1233
-0.6453 1.6168 1.1233
1.6046 -0.4198 1.1260
1.6046 -0.4198 1.1260
1.5344 -0.6774 1.2357
1.5344 -0.6774 1.2357
1.5344 -0.6774 1.2357
1.5344 -0.6774 1.2357
1.6348 1.6187 1.3487
1.6348 1.6187 1.3487
1.6348 1.6187 1.3487
1.6348 1.6187 1.3487
1.6348 1.6187 1.3487
1.6348 1.6187 1.3487
1.6348 1.6187 1.3487
1.6348 1.6187 1.3487
1.6348 1.6187 1.3487
1.6348 1.6187 1.3487
1.6348 1.6187 1.3487
1.6348 1.6187 1.3487
1.6348 1.6187 1.3487
1.6351 -0.4683 1.3564
1.6351 -0.4683 1.3564
1.6351 -0.4683 1.3564
1.6351 -0.4683 1.3564
1.5724 0.5219 2.3332
1.5724 0.5219 2.3332
1.5724 0.5219 2.3332
1.5685 0.0603 2.4725
1.5685 0.0603 2.4725
1.5685 0.0603 2.4725
1.5685 0.0603 2.4725
1.0974 -0.5634 2.6852
1.0974 -0.5634 2.6852
1.0974 -0.5634 2.6852
1.0974 -0.5634 2.6852
1.0974 -0.5634 2.6852
1.0974 -0.5634 2.6852
1.0974 -0.5634 2.6852
1.0974 -0.5634 2.6852
