1.4855 1.2220 0.0512
1.5815 1.5214 0.1321
1.5279 1.6134 0.1603
1.5574 0.7787 0.1716
1.2436 0.6368 0.1987
1.1078 1.5306 0.2127
0.6288 1.5025 0.2177
1.5660 1.6135 0.2265
1.5681 1.6138 0.2300
1.2077 1.6104 0.2348
1.5989 1.2448 0.2493
1.1926 1.6030 0.2598
1.1878 1.6096 0.2770
1.1873 1.6093 0.2778
1.6099 1.6116 0.2803
1.6103 1.6118 0.2806
1.6120 1.6127 0.2825
1.6136 1.6135 0.2842
1.6140 1.6138 0.2847
1.6148 1.6145 0.2856
1.6156 1.6147 0.2865
1.6162 1.6144 0.2868
1.6161 1.6151 0.2871
1.6163 1.6153 0.2874
1.6168 1.6154 0.2879
1.6170 1.6157 0.2883
1.6174 1.6159 0.2889
1.6179 1.6181 0.2910
1.6208 1.6187 0.2941
1.1781 1.6097 0.2976
1.1229 0.3510 0.2993
1.6242 1.6230 0.2999
1.6252 1.6239 0.3013
1.6261 1.6248 0.3026
1.5634 0.7252 0.3094
0.2342 1.1593 0.3202
1.1658 1.6100 0.3230
1.1564 0.3240 0.3245
0.9924 1.1336 0.3378
1.1602 0.5080 0.3474
1.1446 1.6016 0.3514
1.5664 1.1959 0.3651
1.1391 1.6089 0.3705
1.1973 0.5979 0.3733
0.1886 1.1566 0.3801
1.1272 1.6086 0.3883
1.1976 0.6415 0.3916
1.0999 1.6090 0.4003
1.0999 1.6090 0.4003
0.1695 1.1490 0.4192
0.4512 1.6114 0.4564
0.6879 1.1797 0.4959
0.5620 1.1296 0.4990
0.5931 1.0658 0.5027
0.2474 1.6120 0.5142
1.0938 0.7005 0.5219
1.5885 0.6712 0.5285
0.1090 1.5960 0.5448
0.1090 1.5960 0.5448
1.0889 0.2180 0.5538
0.1818 1.6044 0.5556
0.1818 1.6044 0.5556
0.5441 1.5817 0.5588
0.0459 1.5979 0.5622
0.5199 1.5968 0.5653
0.1259 1.6018 0.5682
0.5590 1.5804 0.5910
1.5972 0.6416 0.6034
1.1454 1.0599 0.6065
1.1440 1.0621 0.6177
1.5924 1.1610 0.6405
1.1163 0.2104 0.6455
1.0784 1.1307 0.6542
0.6446 1.1359 0.6554
0.6793 1.5844 0.6639
1.6151 0.6338 0.6641
1.6151 0.6338 0.6641
-0.0389 1.6102 0.6697
-0.0392 1.6101 0.6700
-0.0391 1.6102 0.6701
-0.0391 1.6102 0.6701
-0.0391 1.6103 0.6701
1.1655 1.1051 0.6737
1.6041 1.0483 0.6740
1.0873 1.1283 0.6821
1.1517 1.0911 0.6870
0.6161 1.5801 0.7034
0.6169 1.5802 0.7043
1.6492 0.5957 0.7088
1.6375 0.6088 0.7115
0.6444 1.5822 0.7171
0.6444 1.5822 0.7171
1.1114 1.1261 0.7192
1.1055 1.0901 0.7199
1.1246 1.0901 0.7233
1.5903 1.1226 0.8192
1.5897 1.1085 0.8332
1.5986 1.1008 0.8647
1.5986 1.1008 0.8647
0.7263 0.6236 1.2425
