0.7590 -0.3353 0.0355
0.4783 0.1165 0.0626
0.7433 0.4862 0.0905
0.2342 0.1389 0.1057
-0.7760 0.0439 0.1174
1.0004 -0.5742 0.1352
0.3203 0.6004 0.1738
0.3288 1.2260 0.1886
0.7614 -0.6047 0.2099
0.6581 0.1805 0.2243
1.2397 -0.6608 0.2405
0.2563 0.6324 0.2612
-0.5953 0.3480 0.2810
0.0905 0.6422 0.3042
1.0724 -0.5771 0.3306
-0.7019 -0.2930 0.3494
-0.7213 -0.1186 0.3830
-0.2351 0.6476 0.3994
-0.1849 0.6295 0.4261
-0.6405 1.5216 0.4477
-0.7257 1.2108 0.4736
-0.2667 1.0841 0.5123
1.0657 0.5696 0.5394
-0.7761 1.1601 0.5593
0.5987 -0.5855 0.5997
0.5987 -0.5855 0.5997
1.1486 0.2402 0.6159
1.1963 0.6314 0.7028
-0.6547 1.5565 0.7411
-0.0107 1.5692 0.7828
1.6348 1.6187 0.8133
1.6348 1.6187 0.8133
1.6348 1.6187 0.8133
1.6348 1.6187 0.8133
1.6348 1.6187 0.8133
1.6348 1.6187 0.8133
1.6348 1.6187 0.8133
1.6348 1.6187 0.8133
1.6348 1.6187 0.8133
1.6348 1.6187 0.8133
1.6348 1.6187 0.8133
1.6348 1.6187 0.8133
1.6348 1.6187 0.8133
1.6348 1.6187 0.8133
1.6348 1.6187 0.8133
1.6348 1.6187 0.8133
1.6348 1.6187 0.8133
1.6348 1.6187 0.8133
1.6348 1.6187 0.8133
-0.6550 1.5700 0.8585
0.5502 1.1028 0.8687
0.7546 1.1129 0.8959
-0.6552 1.5792 0.9360
0.3463 1.6039 1.0273
-0.6555 1.5928 1.0431
1.5586 -0.2191 1.1439
1.5586 -0.2191 1.1439
-0.6734 1.1125 1.1621
-0.6693 1.6465 1.2066
-0.6693 1.6465 1.2066
-0.6693 1.6465 1.2066
-0.6693 1.6465 1.2066
0.2497 1.6319 1.3733
1.5859 -0.2539 1.4942
1.5859 -0.2539 1.4942
1.0208 1.6002 1.7693
1.0208 1.6002 1.7693
0.6340 1.5413 1.7767
0.6340 1.5413 1.7767
1.1521 1.5820 2.3249
1.1521 1.5820 2.3249
1.1521 1.5820 2.3249
1.1521 1.5820 2.3249
1.1521 1.5820 2.3249
0.6034 1.5877 2.8653
0.6034 1.5877 2.8653
0.6034 1.5877 2.8653
1.1197 1.6595 2.9608
1.1197 1.6595 2.9608
1.1197 1.6595 2.9608
1.1197 1.6595 2.9608
1.1197 1.6595 2.9608
1.1197 1.6595 2.9608
1.6370 1.1072 3.0143
1.6370 1.1072 3.0143
1.6370 1.1072 3.0143
1.6370 1.1072 3.0143
1.6370 1.1072 3.0143
1.6370 1.1072 3.0143
1.6370 1.1072 3.0143
1.6370 1.1072 3.0143
1.6370 1.1072 3.0143
1.6370 1.1072 3.0143
1.6370 1.1072 3.0143
1.6370 1.1072 3.0143
1.6370 1.1072 3.0143
1.6537 0.5414 3.4683
1.6537 0.5414 3.4683
1.6537 0.5414 3.4683
1.6537 0.5414 3.4683
