0.8786 0.6783 0.0318
0.7841 0.0783 0.0555
0.8238 1.0971 0.0728
0.3486 1.0544 0.0981
1.1052 0.8196 0.1128
0.7167 0.7332 0.1275
1.0034 1.0731 0.1450
0.3901 1.1076 0.1522
0.9241 1.6120 0.1627
0.6309 0.7373 0.1832
0.2713 1.1953 0.2010
0.4848 0.6175 0.2185
-0.6138 0.9613 0.2298
0.7104 1.1188 0.2512
1.2439 1.1244 0.2551
1.1041 1.0360 0.2747
-0.3104 1.5708 0.2856
1.0485 1.1576 0.2922
0.6919 1.5443 0.3102
1.0911 1.5419 0.3499
0.4921 1.5631 0.3738
-0.3151 1.5999 0.3934
1.1122 1.0885 0.4108
0.0859 1.0983 0.4356
0.6332 0.6029 0.4492
1.0419 1.6256 0.4755
1.0419 1.6256 0.4755
1.1465 1.5608 0.5001
0.7054 1.6012 0.5125
0.2648 1.5655 0.5259
0.4967 1.5927 0.5410
-0.5295 1.5773 0.5439
0.6891 1.6121 0.5994
0.6891 1.6121 0.5994
1.5378 1.0816 0.6430
0.6850 1.6321 0.6479
1.1217 0.0812 0.6582
0.6661 1.6111 0.6749
0.6654 1.6109 0.6769
1.1086 1.6434 0.6969
1.1118 1.6410 0.7032
1.1174 1.6552 0.7045
1.1174 1.6552 0.7045
-0.5761 1.5724 0.7092
1.1249 1.6444 0.7228
1.1535 1.6426 0.7261
1.1506 1.6475 0.7272
1.1195 -0.1881 0.7848
1.1195 -0.1881 0.7848
0.1368 1.6520 0.9440
0.1368 1.6520 0.9440
1.5801 0.6103 0.9486
0.1497 1.6530 0.9594
0.1497 1.6530 0.9594
0.1497 1.6530 0.9594
1.5844 1.5991 1.0052
1.5844 1.5991 1.0052
1.5689 1.1502 1.1082
1.6021 1.6255 1.1471
1.6021 1.6255 1.1471
1.6021 1.6255 1.1471
1.6021 1.6255 1.1471
1.6021 1.6255 1.1471
1.6021 1.6255 1.1471
1.6021 1.6255 1.1471
1.6021 1.6255 1.1471
1.5797 1.1624 1.1634
1.6221 0.5830 1.1694
1.6221 0.5830 1.1694
1.6221 0.5830 1.1694
1.6221 0.5830 1.1694
1.6221 0.5830 1.1694
1.6221 0.5830 1.1694
1.6221 0.5918 1.1878
1.6221 0.5918 1.1878
1.5882 1.1705 1.1985
1.6369 1.6207 1.2038
1.6369 1.6207 1.2038
1.6369 1.6207 1.2038
1.6369 1.6207 1.2038
1.6369 1.6207 1.2038
1.6369 1.6207 1.2038
1.6390 1.6264 1.2087
1.6390 1.6264 1.2087
1.6390 1.6264 1.2087
1.6390 1.6264 1.2087
1.6390 1.6264 1.2087
1.6390 1.6264 1.2087
1.6390 1.6264 1.2087
1.6390 1.6264 1.2087
1.6390 1.6264 1.2087
1.6390 1.6264 1.2087
1.6390 1.6264 1.2087
1.6390 1.6264 1.2087
1.6390 1.6264 1.2087
1.6102 1.1061 1.5304
1.6102 1.1061 1.5304
1.6102 1.1061 1.5304
1.6102 1.1061 1.5304
1.6102 1.1061 1.5304
