0.8064 0.4700 0.0089
1.6119 1.4670 0.0720
1.1720 1.5025 0.1310
0.8045 1.5719 0.1686
0.4390 1.0826 0.2102
1.1646 1.5290 0.2153
1.6062 1.2446 0.2242
1.6008 1.5776 0.2246
1.5850 1.5969 0.2296
1.5885 1.5995 0.2353
1.6027 1.5916 0.2410
1.6083 1.5931 0.2468
1.0824 1.5318 0.2523
1.6002 1.6082 0.2526
1.6109 1.6017 0.2558
1.6102 1.6074 0.2593
1.6115 1.6102 0.2620
1.6011 1.6236 0.2631
1.6144 1.6105 0.2641
1.6065 1.6236 0.2670
1.6187 1.6126 0.2683
1.6096 1.6236 0.2691
1.6147 1.6202 0.2701
1.6172 1.6198 0.2714
1.6216 1.6158 0.2720
1.6197 1.6194 0.2727
1.6228 1.6193 0.2747
1.6215 1.6221 0.2755
1.6232 1.6266 0.2790
1.6253 1.6263 0.2800
1.6270 1.6269 0.2812
1.1122 0.3090 0.2860
1.1763 1.0298 0.3276
0.2242 1.0705 0.3378
0.2242 1.0705 0.3378
0.3777 1.5724 0.3440
1.0549 1.0755 0.3636
1.1116 1.5579 0.3886
1.1516 1.5751 0.3945
1.0855 0.1703 0.3953
0.7048 0.5926 0.3974
0.5631 0.6838 0.4034
0.5631 0.6838 0.4034
1.0619 1.5828 0.4048
1.0981 0.1886 0.4105
1.0833 0.1380 0.4137
1.0859 0.5285 0.4168
1.0854 0.1333 0.4239
0.3923 1.5916 0.4295
1.1588 1.0585 0.4379
1.1589 1.0627 0.4481
0.5567 1.1169 0.4609
0.6864 0.6056 0.4719
1.1085 1.1608 0.4727
0.1678 1.0915 0.4753
1.1368 1.0645 0.4771
1.5804 1.1722 0.4865
1.1442 1.6015 0.4914
0.5823 1.1124 0.4998
0.5833 1.1135 0.5026
0.1694 1.1482 0.5044
0.4665 1.5970 0.5109
1.0894 0.5543 0.5147
1.1107 1.1372 0.5184
0.6107 1.1406 0.5412
1.1282 1.1085 0.5429
1.1257 1.6092 0.5558
1.0999 1.6090 0.5659
1.5894 1.1592 0.5895
0.6163 1.5686 0.6082
1.0773 0.6060 0.6103
1.6150 1.1677 0.6117
1.6150 1.1677 0.6117
0.0445 1.5724 0.6394
0.2680 1.5963 0.6395
0.0324 1.5732 0.6518
0.1224 1.5711 0.6524
0.6445 1.5825 0.6652
0.6445 1.5825 0.6652
0.5890 1.5784 0.6686
0.0386 1.5766 0.6721
1.6138 1.1450 0.7589
0.0597 1.6109 0.8818
0.0597 1.6109 0.8818
1.6139 1.1164 0.9548
-0.0391 1.6102 1.0190
-0.0391 1.6102 1.0190
-0.0391 1.6102 1.0190
1.5972 0.6429 1.1908
1.5972 0.6429 1.1908
1.6125 0.5877 1.2118
1.6292 0.5886 1.2453
1.6292 0.5886 1.2453
1.6492 0.5957 1.2455
1.6492 0.5957 1.2455
1.6151 0.6338 1.2712
1.6151 0.6338 1.2712
1.6375 0.6088 1.2781
1.6375 0.6088 1.2781
1.6298 0.6183 1.2897
