0.4286 0.4745 0.0241
1.6114 1.3914 0.0584
1.3333 0.9142 0.0763
0.8607 1.6092 0.0972
0.8408 1.6423 0.1130
0.7723 -0.0533 0.1507
0.7856 1.5989 0.1680
1.6030 1.2817 0.1759
-0.2277 0.5324 0.1859
0.0232 1.2471 0.1973
-0.4930 0.7086 0.2010
-0.0097 -0.0169 0.2155
0.4978 0.6352 0.2190
0.5476 0.5535 0.2248
0.7265 0.5655 0.2429
-0.5740 0.7623 0.2502
0.6888 0.2407 0.2678
-0.5382 0.7221 0.2779
1.5040 0.6514 0.2787
0.7011 0.5615 0.2853
0.7011 0.5615 0.2853
1.1999 1.5710 0.2979
1.0446 1.6500 0.3189
1.0512 1.6611 0.3259
1.1636 1.2100 0.3300
1.2282 1.1326 0.3525
1.2483 0.6115 0.3759
1.1509 1.5807 0.3953
1.0885 1.6101 0.4068
1.0885 1.6101 0.4068
1.0885 1.6101 0.4068
0.6581 1.6749 0.4215
1.0949 1.6145 0.4248
0.2077 1.2029 0.4406
0.6606 1.6651 0.4414
1.5274 0.6431 0.4482
0.5358 1.0329 0.4538
0.6688 1.6330 0.4629
1.1307 1.6658 0.4697
1.6734 1.1982 0.5120
1.6514 1.2044 0.5227
0.6307 1.6369 0.5367
1.6422 1.5511 0.5505
1.5962 1.0234 0.5610
0.5906 1.6376 0.5813
-0.5907 0.6846 0.5816
1.1444 1.1436 0.5992
1.1230 1.1431 0.6127
1.5839 1.5899 0.6374
1.1062 1.0810 0.6379
1.1110 1.0989 0.6603
1.5809 1.1380 0.6641
1.5812 1.6158 0.7153
1.5812 1.6158 0.7153
1.5804 1.6729 0.7474
1.5804 1.6729 0.7474
1.6117 1.1394 0.7842
-0.5110 1.5956 0.7915
-0.5110 1.5956 0.7915
-0.5110 1.5956 0.7915
-0.5110 1.5956 0.7915
-0.5110 1.5956 0.7915
1.5941 1.6246 0.7958
-0.6809 1.5618 0.8434
-0.6809 1.5618 0.8434
-0.6809 1.5618 0.8434
-0.6809 1.5618 0.8434
-0.6809 1.5618 0.8434
-0.6809 1.5618 0.8434
-0.6809 1.5618 0.8434
1.1394 0.5185 0.8729
1.6348 1.6187 0.8743
1.6348 1.6187 0.8743
1.6348 1.6187 0.8743
1.6348 1.6187 0.8743
1.6348 1.6187 0.8743
1.1002 -0.3368 0.8931
1.1002 -0.3368 0.8931
1.1002 -0.3368 0.8931
1.1002 -0.3368 0.8931
1.6613 0.5333 0.9388
1.6613 0.5333 0.9388
1.6613 0.5333 0.9388
1.6641 0.6888 0.9747
1.6641 0.6888 0.9747
1.6497 0.6750 1.0586
1.6461 0.6479 1.1289
1.6461 0.6479 1.1289
1.5420 0.0235 1.1856
1.5420 0.0235 1.1856
-0.2561 1.6239 1.2303
0.0389 1.6316 1.2930
0.0389 1.6316 1.2930
0.0389 1.6316 1.2930
0.0389 1.6316 1.2930
1.5657 -0.2700 1.5429
1.5657 -0.2700 1.5429
1.5657 -0.2700 1.5429
1.5657 -0.2700 1.5429
1.5657 -0.2700 1.5429
