1.5334 1.6156 0.1674
1.5748 1.5933 0.2096
1.6009 1.5779 0.2190
0.8060 1.5726 0.2208
1.0591 0.2158 0.2240
1.5875 1.5984 0.2273
1.5905 1.6008 0.2321
1.0725 0.2414 0.2363
1.6081 1.5935 0.2395
1.6013 1.6083 0.2466
1.6114 1.6018 0.2482
1.6103 1.6076 0.2516
1.6118 1.6103 0.2542
1.6147 1.6107 0.2560
1.6188 1.6127 0.2594
1.6199 1.6150 0.2612
1.6161 1.6204 0.2623
1.6172 1.6203 0.2627
1.6208 1.6184 0.2633
1.1496 1.5177 0.2640
1.6230 1.6197 0.2650
1.6239 1.6215 0.2665
1.6247 1.6222 0.2673
1.6232 1.6278 0.2696
1.6262 1.6264 0.2702
1.6279 1.6270 0.2713
1.0157 1.5548 0.2774
1.0886 0.2187 0.2889
1.0548 1.5347 0.2960
0.2782 1.0961 0.3239
0.7076 0.5939 0.3271
1.1018 0.1890 0.3367
0.2246 1.0717 0.3400
1.1155 0.2101 0.3405
1.0857 0.1346 0.3445
0.3745 1.5908 0.3513
0.5632 0.6849 0.3558
0.5655 0.6839 0.3616
1.0349 1.0495 0.3692
1.5838 1.1912 0.3942
1.5865 1.1898 0.4084
0.6802 0.6210 0.4200
0.5950 0.6752 0.4226
0.0324 1.5732 0.4394
1.0894 0.5543 0.4420
1.6147 1.1935 0.4503
0.1224 1.5711 0.4542
1.6147 1.1926 0.4551
0.4665 1.5970 0.4707
0.2680 1.5963 0.4798
0.1697 1.0920 0.4899
0.6132 1.0613 0.4973
1.1532 1.5755 0.5001
0.1694 1.1482 0.5098
1.0944 1.5602 0.5231
1.1119 1.5580 0.5265
1.0558 1.0760 0.5349
1.1593 1.0587 0.5627
1.0632 1.5838 0.5654
1.1600 1.0635 0.5753
0.0597 1.6109 0.5806
0.5839 1.1136 0.5886
0.5851 1.1132 0.5918
1.6150 1.1677 0.5930
1.0930 0.6121 0.6079
0.1481 1.6112 0.6202
1.1371 1.0645 0.6327
1.1445 1.6016 0.6328
1.1550 1.1377 0.6577
-0.0391 1.6102 0.6715
-0.0391 1.6102 0.6715
-0.0391 1.6102 0.6715
0.6107 1.1406 0.6736
1.5891 1.1385 0.6966
1.1107 1.1372 0.7116
1.1282 1.1085 0.7263
1.1284 1.6080 0.7265
1.1093 1.1028 0.7269
1.6138 1.1450 0.7382
1.5694 0.6248 0.7384
1.1257 1.6092 0.7417
0.5890 1.5784 0.7428
0.6170 1.5758 0.7589
1.0999 1.6090 0.7706
0.6445 1.5825 0.8016
0.6445 1.5825 0.8016
1.6125 0.5877 0.8735
1.6492 0.5957 0.8812
1.6492 0.5957 0.8812
1.5972 0.6429 0.8848
1.5972 0.6429 0.8848
1.6292 0.5886 0.8877
1.6292 0.5886 0.8877
1.6292 0.5886 0.8877
1.6375 0.6088 0.9145
1.6375 0.6088 0.9145
1.6151 0.6338 0.9296
1.6151 0.6338 0.9296
1.6139 1.1164 0.9325
1.6139 1.1164 0.9325
