0.9247 0.8628 0.0193
1.3421 1.6126 0.0451
1.2886 1.1268 0.0808
1.0628 1.2544 0.1305
1.6204 1.5323 0.1916
1.1402 0.4139 0.2213
1.5808 1.5955 0.2527
1.1869 0.5423 0.2632
1.6027 1.5855 0.2659
1.5990 1.6016 0.2785
1.6085 1.5961 0.2818
1.0577 1.0765 0.2837
1.6036 1.6056 0.2857
1.6050 1.6095 0.2898
1.1606 1.0600 0.2919
1.6133 1.6065 0.2934
1.0991 0.5161 0.2943
0.6633 1.0278 0.2954
1.6158 1.6095 0.2972
1.6146 1.6113 0.2976
1.6134 1.6139 0.2987
1.6167 1.6126 0.2999
1.6183 1.6137 0.3018
1.6136 1.6186 0.3023
1.6182 1.6148 0.3026
1.6181 1.6158 0.3031
1.6181 1.6162 0.3034
1.6205 1.6175 0.3060
1.6192 1.6208 0.3074
1.6202 1.6204 0.3079
1.6180 1.6229 0.3083
1.0543 1.5332 0.3090
1.6252 1.6241 0.3140
1.6261 1.6261 0.3159
1.5824 1.1908 0.3172
1.1343 1.0639 0.3249
0.6867 1.2054 0.3381
1.1319 1.0708 0.3406
1.6136 1.2007 0.3499
1.1181 1.0879 0.3771
1.1072 1.1014 0.3965
1.1535 1.1373 0.3973
1.1088 1.1356 0.4218
1.5976 1.0608 0.4276
1.5692 0.6244 0.4514
1.0888 0.2179 0.4554
1.5989 1.1542 0.4654
1.5890 1.1385 0.4726
0.7575 1.5803 0.5195
1.1162 0.2101 0.5200
1.1531 1.5750 0.5221
1.5985 1.1008 0.5249
1.5986 1.1122 0.5360
0.5710 0.6833 0.5435
1.5972 0.6415 0.5530
0.3403 1.1334 0.5581
0.6792 0.6225 0.5688
0.0322 1.5735 0.5706
1.6139 1.1164 0.5800
0.1233 1.5676 0.5834
1.6075 0.6157 0.5931
1.6151 0.6338 0.6031
1.6151 0.6338 0.6031
0.5832 1.1132 0.6216
0.5836 1.1129 0.6217
0.6607 0.6029 0.6261
1.0634 1.5838 0.6265
1.6292 0.5886 0.6286
1.6292 0.5886 0.6286
1.6492 0.5957 0.6324
0.6092 1.1404 0.6352
0.6578 0.6068 0.6354
1.6375 0.6088 0.6364
1.6375 0.6088 0.6364
0.2687 1.5965 0.6641
1.1445 1.6016 0.6662
0.2474 1.6123 0.7616
0.2474 1.6123 0.7616
1.1284 1.6080 0.7625
0.0597 1.6109 0.7644
-0.0391 1.6102 0.7740
-0.0391 1.6102 0.7740
-0.0391 1.6102 0.7740
-0.0391 1.6102 0.7740
-0.0391 1.6102 0.7740
-0.0391 1.6102 0.7740
1.1257 1.6092 0.7788
1.0999 1.6090 0.8179
1.0999 1.6090 0.8179
0.1481 1.6112 0.8348
0.1481 1.6112 0.8348
0.6170 1.5758 0.9306
0.5890 1.5784 0.9309
0.5890 1.5784 0.9309
0.6445 1.5825 0.9692
0.6445 1.5825 0.9692
0.6445 1.5825 0.9692
0.6445 1.5825 0.9692
0.1695 1.1490 1.4818
0.1695 1.1490 1.4818
