1.9457 -0.3050 0.0199
1.9363 1.5675 0.0368
1.6266 1.8475 0.0445
0.7363 1.4957 0.0725
1.7974 1.6613 0.1071
1.2869 1.9045 0.1104
1.7946 1.6572 0.1187
1.7468 -0.4966 0.1363
0.9387 1.9200 0.1419
1.1644 1.7469 0.1853
1.2012 1.5267 0.1883
1.0065 1.6942 0.2107
1.1145 1.5125 0.2242
1.6762 1.2546 0.2413
1.6761 1.2515 0.2531
0.6861 1.5238 0.2623
1.6945 0.3625 0.2709
1.5085 1.6121 0.2801
1.6895 0.3678 0.2908
1.0288 1.5806 0.3034
1.1674 0.9677 0.3070
1.6416 1.2495 0.3256
1.6386 1.2482 0.3342
1.7004 1.2127 0.3354
1.0560 1.5720 0.3448
1.6415 1.2427 0.3572
1.5718 -0.2647 0.3630
1.5718 -0.2647 0.3630
1.8878 1.9580 0.3933
1.6710 -0.2237 0.4025
1.6707 -0.2225 0.4041
1.6707 -0.2225 0.4041
1.6707 -0.2225 0.4041
1.8869 1.9550 0.4161
1.0330 0.6618 0.4393
1.0330 0.6618 0.4393
1.5928 -0.0896 0.4625
1.5943 -0.0918 0.4666
1.5943 -0.0918 0.4666
1.5951 -0.0890 0.4686
-0.5559 1.6123 0.5360
-0.5560 1.6146 0.5388
1.6966 0.7192 0.5409
-0.5583 1.6162 0.5447
-0.5584 1.6173 0.5462
-0.5663 1.6161 0.5600
-0.5663 1.6161 0.5600
-0.5663 1.6161 0.5600
-0.5663 1.6161 0.5600
-0.5663 1.6161 0.5600
-0.5663 1.6161 0.5600
-0.5663 1.6161 0.5600
-0.5663 1.6161 0.5600
-0.5663 1.6161 0.5600
-0.5663 1.6161 0.5600
-0.5663 1.6161 0.5600
-0.5663 1.6161 0.5600
1.6792 0.5784 0.6040
1.6601 0.5519 0.6206
1.6601 0.5519 0.6206
1.6601 0.5519 0.6206
1.1451 0.7153 0.6239
-0.1302 1.6729 0.6352
-0.1302 1.6729 0.6352
-0.1302 1.6729 0.6352
-0.1302 1.6729 0.6352
1.6750 0.5829 0.6391
1.1423 0.7112 0.6419
0.6859 1.6473 0.6460
0.6859 1.6473 0.6460
1.6348 1.6187 0.7055
1.6348 1.6187 0.7055
0.5225 1.6132 0.7503
0.5175 1.6186 0.7522
0.5202 1.6191 0.7581
0.5202 1.6191 0.7581
1.1516 0.0328 0.7648
1.1495 0.0250 0.7826
1.1495 0.0250 0.7826
1.1495 0.0250 0.7826
-0.0751 1.6101 0.7941
-0.0751 1.6101 0.7941
-0.0751 1.6101 0.7941
-0.0751 1.6101 0.7941
-0.0286 1.6443 0.8018
-0.0286 1.6443 0.8018
-0.0286 1.6443 0.8018
0.2329 1.6279 0.9494
0.2329 1.6279 0.9494
0.2269 1.6296 0.9589
0.2269 1.6296 0.9589
0.2269 1.6296 0.9589
1.1180 1.0829 1.0369
1.1180 1.0829 1.0369
1.1190 1.0849 1.0442
1.1190 1.0849 1.0442
1.1214 1.0857 1.0476
1.1214 1.0857 1.0476
0.1101 0.0926 1.3274
0.1101 0.0926 1.3274
