1.2100 1.4973 0.0604
0.7129 1.2315 0.1317
0.6840 1.5157 0.1555
0.7903 1.0873 0.1657
0.7461 1.5574 0.1932
0.6968 1.2112 0.2076
1.0647 1.5528 0.2341
1.6150 1.5599 0.2375
1.5710 1.6136 0.2467
1.0745 0.4318 0.2566
1.2035 1.6100 0.2619
0.7496 1.0995 0.2661
1.1676 0.3826 0.2735
1.5627 0.7455 0.2765
1.5943 1.6153 0.2794
1.1915 1.6064 0.2863
0.7573 1.6042 0.2911
1.1569 0.3882 0.2924
1.6114 1.6149 0.2939
1.6112 1.6157 0.2941
1.6151 1.6153 0.2965
1.6162 1.6155 0.2973
1.6166 1.6177 0.2986
1.6175 1.6176 0.2991
1.6177 1.6177 0.2993
1.6181 1.6183 0.2999
1.6183 1.6183 0.3000
1.6188 1.6183 0.3004
1.6191 1.6196 0.3014
1.6203 1.6196 0.3023
1.6211 1.6204 0.3034
1.6210 1.6226 0.3048
1.6240 1.6229 0.3072
1.6248 1.6236 0.3082
1.6251 1.6240 0.3086
1.6261 1.6248 0.3098
1.6261 1.6248 0.3098
0.7234 1.5785 0.3129
1.1782 1.6100 0.3216
0.6558 1.1826 0.3349
1.1686 1.6092 0.3415
1.1640 1.6094 0.3513
1.0587 1.6080 0.3523
1.1005 1.5836 0.3584
1.1576 1.6091 0.3637
0.5279 1.5835 0.3708
0.2785 1.6089 0.3743
0.2045 1.1937 0.3772
0.2465 1.6027 0.3997
0.5199 1.5968 0.4012
0.6377 1.1597 0.4057
0.5590 1.5804 0.4155
0.2474 1.6120 0.4193
0.2143 1.5973 0.4221
0.6369 1.0724 0.4243
1.5878 0.7235 0.4296
1.0278 1.1240 0.4377
0.6446 1.1359 0.4452
1.5418 1.1281 0.4552
0.1818 1.6044 0.4726
0.1090 1.5960 0.4745
0.6510 1.5850 0.4766
0.6800 1.5986 0.4823
0.6288 1.5837 0.4854
0.1259 1.6018 0.4898
1.1054 1.1813 0.5211
1.5930 1.1669 0.5402
1.5924 1.1610 0.5627
1.5885 0.6712 0.5770
1.5954 1.1594 0.5792
0.1886 1.1566 0.5958
1.5958 1.1518 0.6120
1.5908 0.6578 0.6143
1.5898 0.6483 0.6258
-0.0392 1.6101 0.6316
-0.0391 1.6102 0.6317
-0.0391 1.6102 0.6317
1.0784 1.1307 0.6474
1.5972 0.6416 0.6644
0.1695 1.1490 0.6736
1.0882 1.1316 0.6817
1.5897 1.1085 0.6933
1.0889 0.2180 0.6936
1.5903 1.1226 0.6953
1.5903 1.1226 0.6953
1.5903 1.1226 0.6953
1.5983 1.1276 0.7140
1.5986 1.1008 0.7148
1.5986 1.1008 0.7148
1.5986 1.1008 0.7148
1.6151 0.6338 0.7288
1.6151 0.6338 0.7288
1.6151 0.6338 0.7288
1.1018 1.1270 0.7339
1.1114 1.1261 0.7525
1.0938 0.7005 0.7570
1.1486 0.6340 0.7806
1.6375 0.6088 0.7812
1.6375 0.6088 0.7812
1.0927 0.6382 0.8556
