1.1926 1.3429 0.0133
1.4000 1.5763 0.0288
0.9873 1.2340 0.0691
1.4098 1.3624 0.0996
1.1950 1.2584 0.1183
1.4791 1.6496 0.1293
1.9296 1.4404 0.1721
1.2573 1.1355 0.1932
1.2722 1.6232 0.2036
1.2180 1.0408 0.2351
1.6186 1.7195 0.2678
0.3172 1.5426 0.2787
0.7945 1.5687 0.2970
1.7105 1.2116 0.3067
0.7814 1.5660 0.3290
1.5265 1.1189 0.3411
0.6967 1.2285 0.3602
1.6902 1.2149 0.3723
1.7298 1.0849 0.3845
0.7987 0.6578 0.3990
0.7358 0.1460 0.4418
0.7190 0.2722 0.4708
1.8839 0.8782 0.4822
1.6348 1.6187 0.4946
0.3974 1.5999 0.5172
1.1949 -0.5134 0.5494
1.1949 -0.5134 0.5494
1.0899 1.1289 0.5570
1.0730 0.7657 0.5751
1.1458 1.5767 0.5854
1.5753 1.1286 0.5885
1.1559 -0.4772 0.5941
1.1559 -0.4772 0.5941
1.1559 -0.4772 0.5941
0.1910 1.5718 0.6346
0.3018 1.6164 0.6467
1.1254 1.5841 0.6506
0.0064 -0.6442 0.6610
0.0064 -0.6442 0.6610
0.0064 -0.6442 0.6610
0.0064 -0.6442 0.6610
0.6060 -0.0926 0.6737
0.6060 -0.0926 0.6737
1.6788 -0.6164 0.6742
1.6788 -0.6164 0.6742
1.6788 -0.6164 0.6742
1.6788 -0.6164 0.6742
1.6788 -0.6164 0.6742
1.6788 -0.6164 0.6742
1.6788 -0.6164 0.6742
1.6788 -0.6164 0.6742
1.6788 -0.6164 0.6742
1.6788 -0.6164 0.6742
1.6788 -0.6164 0.6742
1.6788 -0.6164 0.6742
0.2804 1.6300 0.6968
-0.0350 -0.0505 0.6971
0.2041 0.5585 0.6989
1.6236 1.1523 0.7083
1.7191 -0.0883 0.7193
0.2269 1.6296 0.7906
0.2269 1.6296 0.7906
-0.0286 1.6443 0.8278
-0.0286 1.6443 0.8278
0.5175 1.6186 0.8300
-0.1302 1.6729 0.8527
-0.1302 1.6729 0.8527
-0.1302 1.6729 0.8527
1.6707 -0.2225 0.8616
1.6707 -0.2225 0.8616
1.6707 -0.2225 0.8616
1.6707 -0.2225 0.8616
-0.0751 1.6101 0.9071
-0.0751 1.6101 0.9071
-0.0751 1.6101 0.9071
1.6966 0.7192 0.9256
0.6859 1.6473 1.1336
0.6859 1.6473 1.1336
1.0330 0.6618 1.1585
1.0330 0.6618 1.1585
1.5943 -0.0918 1.5046
1.5943 -0.0918 1.5046
1.1495 0.0250 1.6461
1.1495 0.0250 1.6461
1.6601 0.5519 2.0070
1.6601 0.5519 2.0070
1.6601 0.5519 2.0070
-0.5663 1.6161 2.1186
-0.5663 1.6161 2.1186
-0.5663 1.6161 2.1186
-0.5663 1.6161 2.1186
-0.5663 1.6161 2.1186
-0.5663 1.6161 2.1186
-0.5663 1.6161 2.1186
-0.5663 1.6161 2.1186
-0.5663 1.6161 2.1186
-0.5663 1.6161 2.1186
-0.5663 1.6161 2.1186
-0.5663 1.6161 2.1186
-0.5663 1.6161 2.1186
