0.3683 1.3611 0.0231
1.2345 1.4977 0.0556
1.1011 0.8556 0.0945
1.4859 1.6141 0.1401
1.4897 1.6128 0.1473
1.2680 1.6104 0.1957
0.5780 1.0359 0.2145
0.2765 1.5646 0.2300
0.2766 1.1267 0.2457
0.7263 0.6236 0.2498
1.1544 0.3190 0.2522
0.2182 1.1684 0.2574
1.0308 0.6374 0.2666
0.7120 0.6143 0.2836
1.5989 1.2448 0.2905
1.0813 0.2264 0.3095
1.0889 0.2180 0.3407
0.1695 1.1490 0.3425
1.1976 0.6415 0.3493
1.5507 0.6655 0.3556
0.5937 1.1267 0.3775
0.6726 1.1207 0.3851
1.5723 0.7010 0.3881
1.6076 1.6088 0.3979
0.6446 1.1359 0.3989
1.6095 1.6114 0.4017
1.6107 1.6109 0.4023
1.6122 1.6128 0.4051
1.6127 1.6130 0.4057
1.6138 1.6136 0.4071
1.6148 1.6142 0.4084
1.6161 1.6132 0.4089
1.6161 1.6138 0.4093
1.1163 0.2104 0.4094
1.6157 1.6150 0.4099
1.6168 1.6138 0.4100
1.6164 1.6153 0.4109
1.6170 1.6155 0.4116
1.6175 1.6153 0.4121
1.6174 1.6159 0.4125
1.6183 1.6158 0.4134
0.2474 1.6120 0.4139
1.6172 1.6176 0.4142
1.6188 1.6180 0.4163
1.6185 1.6184 0.4164
1.6193 1.6200 0.4193
1.6261 1.6248 0.4313
1.6261 1.6248 0.4313
0.0435 1.5884 0.4340
0.2033 1.6044 0.4392
1.5985 0.7170 0.4427
0.0459 1.5979 0.4714
1.0784 1.1307 0.4797
1.1055 1.0901 0.4929
0.5199 1.5968 0.4986
1.0873 1.1283 0.5018
1.1246 1.0901 0.5042
1.5491 1.1375 0.5097
0.5590 1.5804 0.5206
1.6084 0.6934 0.5274
1.6083 0.6932 0.5276
1.1114 1.1261 0.5386
1.1533 1.5751 0.5514
1.5972 0.6416 0.5854
-0.0389 1.6102 0.5986
-0.0392 1.6101 0.5990
-0.0391 1.6102 0.5991
-0.0391 1.6102 0.5991
-0.0391 1.6103 0.5992
0.6161 1.5801 0.6283
0.6169 1.5802 0.6295
1.6120 1.0491 0.6344
1.5976 1.0607 0.6373
1.6151 0.6338 0.6419
1.6151 0.6338 0.6419
0.6444 1.5822 0.6554
1.5924 1.1610 0.6633
1.6292 0.5886 0.6703
1.6492 0.5957 0.6755
1.6375 0.6088 0.6780
1.6375 0.6088 0.6780
1.6375 0.6088 0.6780
1.1446 1.6016 0.6862
1.5991 1.1542 0.7190
1.1391 1.6089 0.7286
1.1391 1.6089 0.7286
1.5890 1.1381 0.7317
1.1284 1.6081 0.7592
1.1257 1.6092 0.7709
1.1257 1.6092 0.7709
1.1257 1.6092 0.7709
1.5897 1.1085 0.7714
1.5897 1.1085 0.7714
1.5903 1.1226 0.7776
1.0999 1.6090 0.7815
1.0999 1.6090 0.7815
1.0999 1.6090 0.7815
1.0999 1.6090 0.7815
1.5986 1.1008 0.7982
1.5986 1.1123 0.8267
