1.2932 0.1959 0.0129
1.3387 1.2801 0.0413
0.2209 0.7676 0.0626
1.4951 0.0759 0.0784
1.0303 0.9951 0.0976
0.7153 -0.3465 0.1195
0.4638 1.0435 0.1466
0.8720 -0.6419 0.1549
0.4985 -0.7542 0.1818
0.1578 0.7002 0.1892
-0.3694 0.0418 0.1976
1.0624 -0.0092 0.2234
0.0264 0.6625 0.2314
1.5232 -0.1273 0.2354
0.4353 -0.6386 0.2497
0.7396 1.0672 0.2627
0.6968 -0.1652 0.3021
1.5359 -0.2393 0.3275
1.5735 0.4253 0.3346
0.4866 -0.6466 0.3533
1.1038 -0.3027 0.3658
0.2293 1.1647 0.3666
0.0464 1.1696 0.3805
-0.3899 1.1445 0.3880
0.6171 1.5039 0.3959
0.6171 1.5039 0.3959
0.2185 1.1365 0.4093
1.1098 -0.2104 0.4134
0.2380 -0.6017 0.4198
0.3703 1.5832 0.4426
1.0483 1.1252 0.4732
1.0949 1.0743 0.4799
-0.4407 1.0998 0.4897
-0.1193 1.1190 0.5118
-0.1193 1.1190 0.5118
0.5368 -0.6485 0.5459
0.6522 1.0924 0.5524
-0.2356 1.5906 0.5925
0.0743 1.6787 0.5952
0.0433 1.6132 0.6492
0.0433 1.6132 0.6492
0.2159 1.6577 0.7202
0.2159 1.6577 0.7202
0.2159 1.6577 0.7202
0.2159 1.6577 0.7202
-0.1436 1.6470 0.7975
-0.1436 1.6470 0.7975
-0.1436 1.6470 0.7975
0.0434 -0.6802 0.8183
0.0434 -0.6802 0.8183
1.6184 0.1583 0.8331
-0.6453 1.6168 0.8599
-0.6453 1.6168 0.8599
-0.6453 1.6168 0.8599
-0.6453 1.6168 0.8599
-0.6453 1.6168 0.8599
-0.6453 1.6168 0.8599
-0.6453 1.6168 0.8599
-0.6453 1.6168 0.8599
1.6531 0.1206 0.8669
1.6165 -0.1150 0.8678
1.6165 -0.1150 0.8678
-0.6402 1.6214 0.8678
-0.6402 1.6214 0.8678
-0.6402 1.6214 0.8678
-0.6402 1.6214 0.8678
-0.6693 1.6465 0.8792
-0.6693 1.6465 0.8792
1.6149 -0.2054 0.9206
1.6149 -0.2054 0.9206
1.6200 -0.2176 0.9394
1.6058 0.6326 0.9670
1.6058 0.6326 0.9670
-0.7019 -0.2930 0.9780
-0.6568 0.4314 1.0690
-0.6568 0.4314 1.0690
1.0724 -0.5771 1.3245
1.0724 -0.5771 1.3245
-0.6317 0.1557 1.5429
-0.6317 0.1557 1.5429
1.6370 1.1072 1.8193
1.6370 1.1072 1.8193
1.6370 1.1072 1.8193
1.5668 -0.5747 1.9019
1.5668 -0.5747 1.9019
1.5668 -0.5747 1.9019
1.5668 -0.5747 1.9019
1.5668 -0.5747 1.9019
1.5668 -0.5747 1.9019
1.6348 1.6187 7.3702
1.6348 1.6187 7.3702
1.6348 1.6187 7.3702
1.6348 1.6187 7.3702
1.6348 1.6187 7.3702
1.6348 1.6187 7.3702
1.6348 1.6187 7.3702
1.6348 1.6187 7.3702
1.6348 1.6187 7.3702
1.6348 1.6187 7.3702
1.6348 1.6187 7.3702
