1.3239 1.6982 0.0317
1.8070 1.8158 0.0473
1.3384 1.6493 0.0620
0.9403 1.8182 0.0741
1.4465 1.8592 0.0864
1.6897 1.7459 0.0929
1.6890 1.7396 0.1057
1.3410 1.3826 0.1196
1.8562 1.8299 0.1266
1.5424 1.6903 0.1858
0.8391 1.6194 0.2075
1.5855 0.8286 0.2465
1.1434 0.8955 0.2676
1.6942 1.6243 0.2776
1.1797 1.5451 0.3270
0.7846 1.6425 0.3416
0.7615 1.6115 0.4032
1.6479 0.7917 0.4237
1.0983 1.5769 0.4950
1.0571 1.6131 0.4995
1.0850 1.2026 0.5031
1.6861 0.4624 0.5107
1.0568 1.1779 0.5268
1.0997 1.6559 0.5741
0.6808 1.1656 0.6225
1.6096 1.1862 0.6252
0.6876 1.6838 0.6361
-0.5313 0.7695 0.6385
1.6072 0.7457 0.6442
1.6072 0.7457 0.6442
0.3473 1.5969 0.6488
1.1987 -0.5052 0.6491
1.1987 -0.5052 0.6491
1.1987 -0.5052 0.6491
1.1987 -0.5052 0.6491
0.5589 1.5901 0.7180
1.6656 0.7210 0.7200
1.5946 1.1096 0.7258
0.5593 1.1514 0.7273
1.6207 1.1312 0.7728
1.6207 1.1312 0.7728
1.6207 1.1312 0.7728
1.6207 1.1312 0.7728
1.6207 1.1312 0.7728
1.6207 1.1312 0.7728
1.6207 1.1312 0.7728
1.6442 0.4941 0.7957
1.6120 0.2694 0.8086
1.6954 0.6044 0.8231
1.6954 0.6044 0.8231
1.6195 -0.4740 0.8265
1.6195 -0.4740 0.8265
1.6195 -0.4740 0.8265
1.6195 -0.4740 0.8265
1.6101 0.2512 0.8478
0.6325 1.1340 0.8496
0.6325 1.1340 0.8496
1.6667 0.0911 0.8771
1.6667 0.0911 0.8771
-0.3846 0.6480 0.9485
-0.3846 0.6480 0.9485
1.1633 0.3921 0.9894
1.1633 0.3921 0.9894
1.6147 0.0022 0.9919
1.1704 0.4484 1.0459
1.1704 0.4484 1.0459
1.6374 -0.0364 1.0564
1.6374 -0.0364 1.0564
1.6374 -0.0364 1.0564
0.2439 0.7099 1.0723
0.2439 0.7099 1.0723
1.6643 -0.5369 1.0758
1.6643 -0.5369 1.0758
1.6643 -0.5369 1.0758
1.6643 -0.5369 1.0758
1.6643 -0.5369 1.0758
1.6643 -0.5369 1.0758
1.6643 -0.5369 1.0758
-0.0298 1.6089 1.1407
-0.0298 1.6089 1.1407
-0.0298 1.6089 1.1407
-0.0298 1.6089 1.1407
-0.0298 1.6089 1.1407
-0.0298 1.6089 1.1407
-0.0298 1.6089 1.1407
-0.0298 1.6089 1.1407
-0.0298 1.6089 1.1407
0.2464 0.5747 1.2576
0.2464 0.5747 1.2576
-0.1672 1.1354 1.2662
-0.1672 1.1354 1.2662
-0.1672 1.1354 1.2662
-0.1672 1.1354 1.2662
-0.1672 1.1354 1.2662
-0.1672 1.1354 1.2662
-0.1672 1.1354 1.2662
-0.1672 1.1354 1.2662
-0.1672 1.1354 1.2662
0.2053 1.6489 1.3119
0.2053 1.6489 1.3119
