1.3769 1.6109 0.0334
1.3632 0.9018 0.0616
0.8735 1.5926 0.1656
1.5804 1.5952 0.2508
1.5990 1.6045 0.2769
1.6008 1.6058 0.2791
1.6003 1.6078 0.2802
1.6106 1.6064 0.2862
1.6107 1.6109 0.2885
1.6130 1.6128 0.2907
1.6140 1.6127 0.2912
1.6146 1.6126 0.2915
1.6136 1.6143 0.2919
1.6167 1.6136 0.2933
1.6173 1.6133 0.2936
1.6182 1.6140 0.2945
1.6172 1.6156 0.2947
1.6186 1.6142 0.2949
1.6189 1.6147 0.2954
1.6185 1.6160 0.2959
1.6180 1.6174 0.2964
1.6197 1.6186 0.2984
1.6202 1.6188 0.2989
1.6188 1.6215 0.2998
1.6223 1.6194 0.3009
1.6229 1.6216 0.3027
1.6261 1.6248 0.3068
0.3806 1.1051 0.3073
1.0745 1.1302 0.3188
1.1482 1.0902 0.3303
1.1055 1.0901 0.3329
1.1032 1.1578 0.3347
1.1329 1.0919 0.3391
1.1198 1.0991 0.3464
0.6072 1.2130 0.3496
1.1114 1.1261 0.3558
0.5711 0.6834 0.4561
1.1532 1.5751 0.4632
1.1532 1.5751 0.4632
1.5694 0.6247 0.4943
0.2766 1.1267 0.4953
0.6794 0.6225 0.4988
0.6794 0.6225 0.4988
0.2736 1.1274 0.5026
0.0434 1.5884 0.5076
0.5040 1.5972 0.5097
0.0411 1.5890 0.5099
0.6607 0.6029 0.5292
0.6578 0.6068 0.5374
0.5199 1.5968 0.5451
0.2474 1.6120 0.5492
1.5972 0.6416 0.5915
1.0991 0.5163 0.5938
1.0991 0.5163 0.5938
1.1446 1.6016 0.5974
0.5889 1.5783 0.5998
0.6169 1.5756 0.6110
-0.0389 1.6102 0.6171
-0.0392 1.6101 0.6172
-0.0391 1.6102 0.6174
-0.0391 1.6102 0.6174
-0.0391 1.6103 0.6174
-0.0393 1.6101 0.6175
0.1481 1.6112 0.6233
1.6075 0.6157 0.6316
0.6161 1.5801 0.6370
0.6169 1.5802 0.6378
1.5976 1.0607 0.6389
1.6151 0.6338 0.6397
1.6151 0.6338 0.6397
1.6151 0.6338 0.6397
1.6292 0.5886 0.6514
1.6292 0.5886 0.6514
0.6441 1.5820 0.6536
1.6492 0.5957 0.6543
0.6444 1.5822 0.6545
0.6444 1.5823 0.6554
1.6375 0.6088 0.6615
1.6375 0.6088 0.6615
1.6375 0.6088 0.6615
1.6375 0.6088 0.6615
1.5991 1.1542 0.6715
1.1284 1.6081 0.6759
0.1695 1.1490 0.6882
0.1695 1.1490 0.6882
0.1695 1.1490 0.6882
1.1257 1.6092 0.6891
1.5890 1.1381 0.6939
1.0999 1.6090 0.7054
1.0999 1.6090 0.7054
1.0889 0.2180 0.7520
1.0889 0.2180 0.7520
1.0889 0.2180 0.7520
1.5903 1.1226 0.7587
1.5897 1.1085 0.7674
1.5986 1.1008 0.8048
1.5986 1.1123 0.8268
1.1163 0.2104 0.8855
1.1163 0.2104 0.8855
1.6139 1.1164 0.9051
