1.2345 1.4977 0.0368
1.6029 1.4592 0.0629
1.5970 1.2910 0.0921
0.8390 1.1019 0.1154
1.2661 1.6105 0.1269
1.5989 1.2448 0.2078
0.8477 1.6103 0.2182
1.6076 1.6088 0.2774
1.6095 1.6114 0.2801
1.6107 1.6116 0.2810
1.6122 1.6128 0.2825
1.6138 1.6136 0.2839
1.6142 1.6140 0.2844
1.6148 1.6142 0.2848
1.6154 1.6146 0.2855
1.6162 1.6143 0.2858
1.6168 1.6138 0.2860
1.6161 1.6151 0.2862
1.6164 1.6153 0.2866
1.6170 1.6155 0.2871
1.6174 1.6159 0.2877
1.6179 1.6162 0.2883
1.6172 1.6176 0.2888
1.6181 1.6184 0.2902
1.6185 1.6184 0.2904
1.6208 1.6187 0.2926
1.6236 1.6219 0.2971
1.6261 1.6248 0.3008
1.6261 1.6248 0.3008
1.5507 0.6655 0.3374
1.5723 0.7010 0.3662
0.5432 1.1149 0.3989
0.2766 1.1267 0.4030
1.5985 0.7170 0.4146
0.2182 1.1684 0.4359
1.1446 1.6016 0.4429
1.1976 0.6415 0.4493
1.5861 0.6794 0.4533
1.1602 0.5080 0.4555
1.1391 1.6089 0.4684
1.1391 1.6089 0.4684
0.4512 1.6114 0.4814
0.5937 1.1267 0.4821
0.2026 1.1621 0.4865
1.0760 1.6101 0.4866
1.6084 0.6934 0.4882
1.1284 1.6081 0.4903
1.1257 1.6092 0.4977
1.1257 1.6092 0.4977
0.6446 1.1359 0.5008
0.2474 1.6120 0.5023
0.6473 1.1227 0.5028
1.0999 1.6090 0.5084
1.0999 1.6090 0.5084
1.0999 1.6090 0.5084
0.1090 1.5960 0.5105
0.1090 1.5960 0.5105
1.6041 1.0483 0.5128
0.0459 1.5979 0.5166
1.5924 1.1610 0.5183
0.1818 1.6044 0.5273
0.1818 1.6044 0.5273
1.6014 0.6554 0.5362
1.5976 1.0607 0.5376
1.1440 1.0621 0.5388
1.5972 0.6416 0.5395
0.1852 1.1552 0.5462
1.0784 1.1307 0.5882
1.5890 1.1381 0.5886
1.6151 0.6338 0.5888
1.6151 0.6338 0.5888
0.1695 1.1490 0.6032
1.6292 0.5886 0.6149
1.6492 0.5957 0.6168
1.0873 1.1283 0.6178
1.6375 0.6088 0.6207
1.6375 0.6088 0.6207
1.1055 1.0901 0.6234
0.5199 1.5968 0.6250
-0.0389 1.6102 0.6275
-0.0392 1.6101 0.6279
-0.0391 1.6102 0.6279
-0.0391 1.6102 0.6280
-0.0391 1.6103 0.6280
1.5903 1.1226 0.6346
1.5897 1.1085 0.6346
1.5897 1.1085 0.6346
1.1246 1.0901 0.6350
1.5986 1.1008 0.6557
1.1114 1.1261 0.6644
0.5590 1.5804 0.6644
1.0813 0.2264 0.6646
0.7263 0.6236 0.7189
1.0889 0.2180 0.7248
0.6161 1.5801 0.8004
0.6169 1.5802 0.8016
0.6444 1.5822 0.8180
0.6444 1.5822 0.8180
1.1163 0.2104 0.8406
0.7120 0.6143 0.8487
