1.2943 1.1839 0.0655
1.0627 1.2430 0.1441
1.5336 1.6158 0.1962
1.0370 1.0507 0.2385
1.5753 1.5936 0.2464
0.5715 0.6853 0.2548
0.6885 1.2072 0.2570
1.5988 1.5833 0.2608
1.5877 1.5987 0.2663
1.0551 1.5353 0.2685
1.6053 1.5865 0.2700
1.6081 1.5937 0.2796
1.0737 0.2414 0.2829
1.6019 1.6085 0.2876
1.6114 1.6023 0.2892
1.6111 1.6067 0.2922
1.6148 1.6077 0.2952
1.6162 1.6069 0.2955
1.6138 1.6113 0.2970
1.6144 1.6125 0.2981
1.6168 1.6128 0.2998
1.6188 1.6130 0.3011
1.6199 1.6164 0.3039
1.6172 1.6193 0.3044
1.6214 1.6165 0.3048
1.6212 1.6178 0.3055
1.6179 1.6222 0.3068
1.6220 1.6198 0.3073
1.6234 1.6202 0.3084
1.6233 1.6223 0.3097
0.6807 0.6227 0.3105
1.6226 1.6247 0.3110
1.6220 1.6264 0.3118
1.6236 1.6281 0.3138
1.6282 1.6271 0.3155
1.0818 0.5112 0.3224
1.6157 1.2280 0.3262
1.0894 0.2188 0.3428
1.0589 1.0778 0.3517
1.1879 0.5428 0.3997
1.1168 0.2115 0.4002
1.1168 0.2115 0.4002
1.1022 0.1895 0.4018
1.1597 1.0594 0.4170
0.5839 1.1136 0.4196
0.5851 1.1132 0.4207
1.1613 1.0640 0.4238
1.5841 1.1920 0.4252
0.6107 1.1406 0.4494
1.1371 1.0645 0.4515
1.1550 1.1377 0.4693
1.1107 1.1372 0.4831
1.1093 1.1028 0.4928
1.6154 1.1938 0.4930
1.1125 1.5585 0.4988
1.1282 1.1085 0.5054
1.1535 1.5760 0.5060
1.0639 1.5840 0.5426
1.6262 0.7378 0.5518
0.1244 1.5711 0.5649
0.2687 1.5965 0.5674
1.5694 0.6248 0.5863
1.6347 0.7281 0.5864
0.1695 1.1490 0.5914
0.0326 1.5736 0.5928
1.0930 0.6121 0.6346
1.6150 1.1677 0.6412
1.1445 1.6016 0.6486
1.5972 0.6429 0.6971
1.5972 0.6429 0.6971
1.6125 0.5877 0.7061
1.6492 0.5957 0.7138
1.6492 0.5957 0.7138
1.6292 0.5886 0.7183
1.6292 0.5886 0.7183
1.6292 0.5886 0.7183
0.5890 1.5784 0.7225
1.5891 1.1385 0.7241
0.6170 1.5758 0.7316
1.1284 1.6080 0.7357
1.6375 0.6088 0.7361
1.6375 0.6088 0.7361
1.6151 0.6338 0.7378
1.6151 0.6338 0.7378
1.5985 1.0596 0.7484
1.1257 1.6092 0.7499
1.5979 1.0608 0.7513
1.5979 1.0608 0.7513
1.0999 1.6090 0.7622
0.6445 1.5825 0.7666
0.6445 1.5825 0.7666
1.6138 1.1450 0.7799
0.1481 1.6112 0.7843
0.0597 1.6109 0.7906
-0.0391 1.6102 0.9026
-0.0391 1.6102 0.9026
-0.0391 1.6102 0.9026
-0.0391 1.6102 0.9026
1.6139 1.1164 0.9502
1.6139 1.1164 0.9502
