0.5472 0.4115 0.0762
0.5334 0.1942 0.1406
0.5408 0.1965 0.1480
1.4981 1.1218 0.1812
-0.0344 1.5648 0.2110
0.6196 0.1578 0.2281
0.6213 0.1494 0.2294
0.6254 0.1525 0.2310
-0.0498 1.5733 0.2366
1.5858 1.5291 0.2613
1.6034 0.8140 0.2686
0.1428 1.5697 0.2728
1.6124 0.8155 0.2799
1.0465 0.4655 0.2846
0.8410 1.6456 0.2946
1.6071 1.5281 0.2951
1.0590 0.7603 0.3076
1.0506 0.4686 0.3120
1.1612 0.9838 0.3145
0.1646 1.6757 0.3265
-0.0705 1.6324 0.3344
0.1655 1.6708 0.3389
-0.1181 1.6505 0.3402
-0.1036 1.6446 0.3439
-0.2051 1.6442 0.3441
-0.1751 1.6475 0.3471
1.5326 0.6986 0.3565
1.5344 0.6985 0.3682
1.5608 1.1539 0.3880
0.3193 1.6365 0.4174
-0.5787 1.6307 0.4308
-0.5796 1.6272 0.4319
-0.5798 1.6294 0.4321
-0.5808 1.6305 0.4333
0.6334 0.5699 0.4556
-0.6005 1.6318 0.4568
-0.6005 1.6318 0.4568
-0.6005 1.6318 0.4568
-0.6005 1.6318 0.4568
-0.6005 1.6318 0.4568
-0.6005 1.6318 0.4568
-0.6005 1.6318 0.4568
-0.6005 1.6318 0.4568
1.6727 1.1769 0.4580
1.6775 1.1723 0.4601
1.0971 -0.4256 0.4631
0.4666 1.1386 0.4791
1.5480 0.6901 0.4897
1.6944 1.1328 0.4925
1.6676 1.1573 0.5212
1.5705 1.6435 0.5282
1.5705 1.6435 0.5282
1.5705 1.6435 0.5282
1.6675 1.1522 0.5337
1.6596 1.1535 0.5456
0.6786 0.6648 0.5528
1.0780 -0.1715 0.5749
1.0321 1.6604 0.5766
0.7276 1.1055 0.5770
0.6695 0.6634 0.5775
1.1865 1.6442 0.5901
1.1846 1.6483 0.5951
1.1847 1.6461 0.5965
1.1817 1.6488 0.6072
1.0411 1.6611 0.6104
1.6021 1.6255 0.6214
1.6021 1.6255 0.6214
0.7195 1.1108 0.6270
1.0414 1.6434 0.6544
1.0819 1.6824 0.6603
1.6390 1.6264 0.6894
1.0987 0.7107 0.7020
1.0958 0.7076 0.7086
1.6601 0.7114 0.7138
1.1195 -0.1881 0.7238
1.6480 0.7143 0.7247
1.1137 1.6658 0.7469
1.1179 1.6646 0.7485
1.1797 0.1234 0.7619
1.1797 0.1234 0.7619
1.1174 1.6552 0.7723
1.1174 1.6552 0.7723
0.6641 1.0901 0.7748
1.1118 1.6410 0.7982
0.6645 1.0992 0.8075
1.1599 1.1585 0.8150
1.1599 1.1585 0.8150
1.1555 1.1567 0.8406
1.1458 1.1617 0.8588
1.1268 1.1242 0.9581
1.1268 1.1242 0.9581
1.1268 1.1242 0.9581
1.6221 0.5830 1.1169
1.6221 0.5830 1.1169
1.6221 0.5830 1.1169
1.6221 0.5918 1.1268
0.6891 1.6121 1.1656
0.6891 1.6121 1.1656
0.6850 1.6321 1.2289
0.6850 1.6321 1.2289
