1.5592 1.3482 0.0201
1.4336 1.3235 0.0388
1.9195 1.5969 0.0515
0.3521 1.2415 0.0580
1.3030 0.6033 0.0725
1.5434 1.4982 0.0874
1.0823 0.8908 0.1001
1.7652 1.5573 0.1089
0.8488 1.0952 0.1145
1.8123 0.9447 0.1214
1.0710 1.5251 0.1495
1.1568 0.9365 0.1578
1.1887 1.7254 0.1606
0.6972 1.0017 0.1817
0.4689 1.7165 0.1907
1.1240 1.7269 0.2012
1.0659 1.5609 0.2254
0.2769 1.2019 0.2497
0.7427 1.5766 0.2500
1.1544 0.9795 0.2575
0.5939 0.3974 0.2836
-0.4623 1.8438 0.3032
1.8941 0.3073 0.3128
1.1633 1.6579 0.3370
1.1633 1.6579 0.3370
1.1633 1.6579 0.3370
1.1633 1.6579 0.3370
1.9398 -0.3930 0.3401
1.7491 0.0158 0.3418
0.3626 0.6368 0.3531
0.5211 1.1774 0.3560
1.7210 1.6115 0.3597
1.5566 0.3866 0.3674
1.5566 0.3866 0.3674
1.5566 0.3866 0.3674
1.1306 1.6286 0.3725
1.1306 1.6286 0.3725
1.1306 1.6286 0.3725
1.1306 1.6286 0.3725
1.5587 1.1812 0.3757
0.6949 1.1947 0.3762
1.4849 -0.4973 0.3856
0.6645 1.6897 0.3996
-0.3369 -0.0270 0.4136
0.5167 1.1310 0.4214
1.6550 1.5697 0.4372
1.6160 1.2007 0.4625
1.6160 1.2007 0.4625
1.6160 1.2007 0.4625
1.6160 1.2007 0.4625
1.6160 1.2007 0.4625
1.6160 1.2007 0.4625
1.6160 1.2007 0.4625
1.6160 1.2007 0.4625
1.6160 1.2007 0.4625
1.8742 1.9410 0.4753
0.6716 1.6605 0.4779
0.6716 1.6605 0.4779
0.6716 1.6605 0.4779
0.6716 1.6605 0.4779
0.6716 1.6605 0.4779
0.6716 1.6605 0.4779
1.5543 0.4952 0.4919
0.4971 0.1678 0.4962
1.6497 1.5993 0.5164
0.5196 1.6554 0.5174
1.6407 1.6410 0.5498
1.6407 1.6410 0.5498
1.6407 1.6410 0.5498
1.6407 1.6410 0.5498
1.6407 1.6410 0.5498
1.6407 1.6410 0.5498
1.6407 1.6410 0.5498
1.6407 1.6410 0.5498
1.6407 1.6410 0.5498
1.6407 1.6410 0.5498
1.6407 1.6410 0.5498
1.6407 1.6410 0.5498
1.6407 1.6410 0.5498
1.6407 1.6410 0.5498
1.6407 1.6410 0.5498
1.6439 1.6423 0.5500
0.5485 1.6036 0.5684
0.5485 1.6036 0.5684
1.8602 1.8857 0.5781
0.1524 1.1594 0.5904
0.6301 1.1487 0.6062
1.5570 0.5536 0.7150
1.5570 0.5536 0.7150
1.6684 0.3229 0.8054
1.6684 0.3229 0.8054
0.2307 -0.1242 1.1504
0.2307 -0.1242 1.1504
1.2438 -0.1855 1.2514
1.2438 -0.1855 1.2514
1.2438 -0.1855 1.2514
-0.6349 -0.2800 1.9140
-0.6349 -0.2800 1.9140
-0.6349 -0.2800 1.9140
-0.6349 -0.2800 1.9140
