0.7888 1.2507 0.0357
0.8289 1.7240 0.0563
1.7074 1.4887 0.0764
1.8583 1.4441 0.0945
1.5657 0.8622 0.1179
1.2522 1.0379 0.1384
1.7582 0.5498 0.1590
1.6688 0.9283 0.2020
1.0929 0.8009 0.2174
1.4243 1.8955 0.2392
1.7116 1.6929 0.2528
0.7660 1.7004 0.2731
0.7891 1.6797 0.2849
1.0372 0.7317 0.3086
1.0815 1.7349 0.3265
1.7024 1.6102 0.3466
1.1233 1.7394 0.3550
1.0881 1.0164 0.3706
1.7326 0.0026 0.3744
1.2012 0.3526 0.3930
1.5533 1.1797 0.4150
1.2101 1.6997 0.4199
1.0168 1.1275 0.4362
0.3767 1.1763 0.4407
1.1742 0.4349 0.4718
1.7263 -0.0698 0.4858
1.1759 1.2030 0.4974
1.5945 1.6110 0.5017
1.5945 1.6110 0.5017
1.5945 1.6110 0.5017
0.5182 0.5186 0.5042
1.0824 1.1999 0.5206
1.6348 1.6187 0.5218
0.2329 1.7151 0.5262
0.5576 0.1007 0.5529
0.2334 1.7100 0.5832
0.6029 1.2146 0.5867
1.1692 1.0819 0.5991
1.1094 1.5513 0.6116
1.5323 -0.1840 0.6140
-0.0849 0.6653 0.6485
-0.0849 0.6653 0.6485
-0.0849 0.6653 0.6485
-0.0849 0.6653 0.6485
1.7150 0.0878 0.6620
0.7048 1.6706 0.6815
1.7198 0.1812 0.6842
1.1467 1.1620 0.7097
1.1467 1.1620 0.7097
1.1443 0.6857 0.7253
0.1607 1.2152 0.7258
1.1016 1.1210 0.7435
0.1431 1.0445 0.7518
0.1431 1.0445 0.7518
1.6616 0.3897 0.7542
-0.3052 1.6722 0.7637
0.5224 1.1503 0.7691
0.5224 1.1503 0.7691
1.1570 1.5902 0.7884
1.1490 1.5902 0.8045
1.1949 -0.5134 0.8676
1.1949 -0.5134 0.8676
1.1949 -0.5134 0.8676
0.6060 -0.0926 0.8952
0.6060 -0.0926 0.8952
1.6788 -0.6164 0.8960
1.6788 -0.6164 0.8960
1.6788 -0.6164 0.8960
1.6788 -0.6164 0.8960
1.6788 -0.6164 0.8960
1.6788 -0.6164 0.8960
1.6788 -0.6164 0.8960
1.6788 -0.6164 0.8960
1.6788 -0.6164 0.8960
1.6788 -0.6164 0.8960
1.6788 -0.6164 0.8960
1.6788 -0.6164 0.8960
-0.1302 1.6729 0.9119
-0.1302 1.6729 0.9119
1.6707 -0.2225 0.9615
1.6707 -0.2225 0.9615
1.6707 -0.2225 0.9615
1.1559 -0.4772 0.9774
1.1559 -0.4772 0.9774
1.1559 -0.4772 0.9774
0.3018 1.6164 0.9822
-0.0286 1.6443 1.0383
-0.0286 1.6443 1.0383
-0.0350 -0.0505 1.0918
-0.0751 1.6101 1.1059
-0.0751 1.6101 1.1059
0.0064 -0.6442 1.3221
0.0064 -0.6442 1.3221
0.0064 -0.6442 1.3221
0.0064 -0.6442 1.3221
-0.5663 1.6161 2.9685
-0.5663 1.6161 2.9685
-0.5663 1.6161 2.9685
-0.5663 1.6161 2.9685
-0.5663 1.6161 2.9685
