0.6794 1.3123 0.0288
1.0156 0.3540 0.0500
0.2900 0.7270 0.0614
-0.9698 -0.7471 0.0767
0.8474 1.1786 0.0990
1.3465 1.1327 0.1038
0.2193 0.7144 0.1153
-0.0478 -0.2482 0.1249
0.5204 -0.2804 0.1410
0.5422 -0.9337 0.1638
0.6901 0.6931 0.1756
1.4414 1.3196 0.1907
0.1975 -0.2039 0.1987
1.1253 1.3098 0.2079
0.5837 -0.0707 0.2215
1.1126 0.3620 0.2269
0.6158 1.0391 0.2599
-0.6537 -0.4801 0.2646
1.1414 1.4463 0.2875
-0.7492 -0.6174 0.2943
1.1554 0.2550 0.3104
1.1614 0.2399 0.3167
0.0742 1.1069 0.3248
0.1524 1.1594 0.3270
0.1524 1.1594 0.3270
0.1524 1.1594 0.3270
0.1524 1.1594 0.3270
-0.4139 1.0493 0.3551
-0.2223 -0.7196 0.3656
-0.1464 1.2018 0.3935
-0.6862 -0.7000 0.4235
-0.0571 -0.6109 0.4491
-0.1629 -0.6192 0.4716
0.6301 1.1487 0.4853
0.6301 1.1487 0.4853
0.6301 1.1487 0.4853
0.6301 1.1487 0.4853
0.2027 -0.5497 0.4923
1.0472 1.1951 0.5478
-0.2696 1.1781 0.5728
0.6930 -0.5514 0.6879
0.5196 1.6554 0.7321
0.5196 1.6554 0.7321
0.5485 1.6036 0.7533
0.5485 1.6036 0.7533
0.5485 1.6036 0.7533
0.5485 1.6036 0.7533
0.5485 1.6036 0.7533
1.1959 1.0990 0.8366
1.1959 1.0990 0.8366
1.1959 1.0990 0.8366
1.1959 1.0990 0.8366
0.6716 1.6605 0.9744
0.6716 1.6605 0.9744
0.6716 1.6605 0.9744
0.6716 1.6605 0.9744
0.6716 1.6605 0.9744
0.6716 1.6605 0.9744
1.2426 -0.6041 0.9789
1.2426 -0.6041 0.9789
1.1321 -0.4987 1.2213
1.1321 -0.4987 1.2213
1.5650 0.2593 1.2427
1.6237 -0.2509 1.2624
1.6237 -0.2509 1.2624
1.6237 -0.2509 1.2624
1.6237 -0.2509 1.2624
1.6237 -0.2509 1.2624
1.6237 -0.2509 1.2624
1.6237 -0.2509 1.2624
1.6237 -0.2509 1.2624
1.6237 -0.2509 1.2624
1.6237 -0.2509 1.2624
1.7479 0.7120 1.5318
1.7479 0.7120 1.5318
1.5913 1.0756 3.2994
1.5913 1.0756 3.2994
1.5913 1.0756 3.2994
1.5913 1.0756 3.2994
1.5913 1.0756 3.2994
1.6407 1.6410 12.8157
1.6407 1.6410 12.8157
1.6407 1.6410 12.8157
1.6407 1.6410 12.8157
1.6407 1.6410 12.8157
1.6407 1.6410 12.8157
1.6407 1.6410 12.8157
1.6407 1.6410 12.8157
1.6407 1.6410 12.8157
1.6407 1.6410 12.8157
1.6407 1.6410 12.8157
1.6407 1.6410 12.8157
1.6407 1.6410 12.8157
1.6407 1.6410 12.8157
1.6407 1.6410 12.8157
1.6407 1.6410 12.8157
1.6407 1.6410 12.8157
1.6407 1.6410 12.8157
1.6407 1.6410 12.8157
1.6407 1.6410 12.8157
