0.8710 1.2838 0.0161
0.7399 -0.3529 0.0481
0.4257 0.5426 0.0784
0.9472 -0.6447 0.1020
0.9908 0.5362 0.1223
-0.3910 1.5360 0.1356
1.0467 -0.0756 0.1508
1.0450 -0.1390 0.1564
0.1101 0.0926 0.1672
1.1300 -0.3698 0.1885
0.6929 -0.1628 0.2090
0.2500 0.5910 0.2283
0.5208 0.5841 0.2444
0.6340 -0.2424 0.2573
-0.7420 0.4902 0.2740
1.1495 0.0250 0.2875
0.7148 0.5760 0.2920
-0.1365 0.5044 0.3183
0.1977 1.2028 0.3295
0.2797 1.5867 0.3440
1.1033 -0.8158 0.3461
0.1213 0.6226 0.3550
0.6412 0.5794 0.4182
0.1629 1.5984 0.4494
-0.0286 1.6443 0.4526
-0.0286 1.6443 0.4526
-0.0751 1.6101 0.4589
-0.0751 1.6101 0.4589
-0.0751 1.6101 0.4589
0.2329 1.6279 0.4609
0.2329 1.6279 0.4609
-0.1302 1.6729 0.4617
-0.1302 1.6729 0.4617
-0.1302 1.6729 0.4617
0.2269 1.6296 0.4657
0.2269 1.6296 0.4657
-0.7119 -0.3565 0.4858
0.2493 -0.7621 0.4944
1.0414 1.5105 0.4959
-0.6267 0.3315 0.5921
1.8507 1.4573 0.5932
0.5175 1.6186 0.6103
0.5225 1.6132 0.6146
0.5202 1.6191 0.6201
0.5202 1.6191 0.6201
1.1451 0.7153 0.6494
1.1423 0.7112 0.6664
-0.1943 0.5690 0.6779
-0.6313 1.5601 0.6786
-0.3872 -0.6198 0.7071
-0.1347 1.0616 0.7256
-0.7466 0.6199 0.7587
-0.7466 0.6199 0.7587
1.1990 1.5232 0.8985
1.1180 1.0829 0.9393
1.1180 1.0829 0.9393
1.1180 1.0829 0.9393
1.1190 1.0849 0.9506
1.1190 1.0849 0.9506
1.1190 1.0849 0.9506
1.1214 1.0857 0.9604
1.1214 1.0857 0.9604
1.1214 1.0857 0.9604
1.1322 1.5086 0.9675
0.6859 1.6473 1.0344
0.6859 1.6473 1.0344
0.6859 1.6473 1.0344
-0.5988 1.6747 1.0847
-0.5988 1.6747 1.0847
1.5993 -0.5130 2.2474
1.5993 -0.5130 2.2474
1.5993 -0.5130 2.2474
1.5993 -0.5130 2.2474
1.6348 1.6187 2.8585
1.6348 1.6187 2.8585
1.6348 1.6187 2.8585
1.6348 1.6187 2.8585
1.6348 1.6187 2.8585
1.6348 1.6187 2.8585
1.6348 1.6187 2.8585
1.6348 1.6187 2.8585
1.6348 1.6187 2.8585
1.6348 1.6187 2.8585
1.6348 1.6187 2.8585
1.6348 1.6187 2.8585
1.6348 1.6187 2.8585
1.6348 1.6187 2.8585
1.6348 1.6187 2.8585
1.6348 1.6187 2.8585
1.6348 1.6187 2.8585
1.6601 0.5519 3.0203
1.6601 0.5519 3.0203
1.6601 0.5519 3.0203
1.6601 0.5519 3.0203
1.6601 0.5519 3.0203
1.6750 0.5829 3.2445
1.6750 0.5829 3.2445
1.6750 0.5829 3.2445
1.6750 0.5829 3.2445
1.6750 0.5829 3.2445
