0.5886 0.9008 0.0241
0.8295 1.0764 0.0442
1.3195 1.1197 0.0541
0.8004 1.0968 0.0775
1.2415 0.2513 0.1089
1.5843 0.8369 0.1461
1.1895 0.3520 0.1710
1.5621 0.9784 0.1797
0.6548 0.7354 0.2022
1.5396 0.7231 0.2063
0.7416 1.5721 0.2262
0.3689 1.6062 0.2421
0.6789 1.1036 0.2459
0.3602 1.6069 0.2468
1.2218 0.1520 0.2603
0.1871 1.5612 0.2792
0.6270 1.0998 0.2904
0.2849 1.1635 0.3014
0.3109 1.6234 0.3053
1.0876 1.1353 0.3292
1.1895 0.6286 0.3368
0.2649 1.6119 0.3475
1.1431 1.1065 0.3631
0.6480 0.6841 0.3654
0.6480 0.6841 0.3654
0.5648 1.5915 0.3768
0.5648 1.5915 0.3768
0.5648 1.5915 0.3768
0.5648 1.5915 0.3768
1.1382 1.1317 0.3783
0.5954 1.5882 0.4043
0.5954 1.5882 0.4043
1.1521 0.6508 0.4129
1.1056 0.6547 0.4176
1.1524 0.6334 0.4263
1.0325 1.6444 0.4513
1.5429 1.1491 0.4557
1.1693 0.1667 0.4639
1.0359 1.6401 0.4656
0.1672 1.1701 0.4731
1.1614 0.1777 0.4748
1.5798 1.5559 0.4812
1.5911 0.6958 0.4858
1.6090 1.5396 0.4924
0.1337 1.6250 0.4996
1.1600 0.1555 0.5072
0.6151 1.6367 0.5176
1.0945 1.5813 0.5197
0.1041 1.6270 0.5222
1.0713 1.5998 0.5300
0.0926 1.6372 0.5315
1.1630 0.1227 0.5366
1.5959 1.5587 0.5463
1.5933 0.5401 0.5468
1.6001 0.6833 0.5504
0.0366 1.6331 0.5570
1.6006 1.5595 0.5636
1.5918 1.5661 0.5666
1.6367 0.7062 0.5714
1.6064 1.5580 0.5726
1.1822 1.6343 0.5738
-0.0060 1.6515 0.5749
1.5619 1.1412 0.5826
1.5633 1.1244 0.5957
-0.0092 1.6389 0.5961
1.1356 1.5982 0.5994
1.1655 1.6244 0.6057
1.1655 1.6244 0.6057
1.1655 1.6244 0.6057
1.1655 1.6244 0.6057
1.1655 1.6244 0.6057
1.6332 0.6907 0.6131
1.5960 1.5739 0.6149
-0.0226 1.6371 0.6206
-0.0240 1.6316 0.6256
0.0465 1.0876 0.6258
0.1080 1.1296 0.6386
0.1057 1.1281 0.6406
1.1312 1.6127 0.6422
1.1312 1.6127 0.6422
1.1312 1.6127 0.6422
1.6143 0.6516 0.6660
1.5966 1.0774 0.7056
1.6312 0.5820 0.7176
1.6183 1.5846 0.7194
1.6183 1.5846 0.7194
1.6183 1.5846 0.7194
1.6183 1.5846 0.7194
1.6183 1.5846 0.7194
1.6502 0.5789 0.7217
1.6127 1.6083 0.7929
1.6127 1.6083 0.7929
1.6294 1.6293 0.8672
1.6294 1.6293 0.8672
1.6294 1.6293 0.8672
1.6294 1.6293 0.8672
1.6294 1.6293 0.8672
1.6294 1.6293 0.8672
1.6294 1.6293 0.8672
1.6294 1.6293 0.8672
