1.3386 1.1316 0.0214
1.3317 1.5988 0.0594
1.5930 0.8489 0.0759
1.3095 1.6112 0.0939
0.9762 1.1109 0.1416
1.6107 0.7662 0.1773
0.7237 1.5420 0.2350
1.1034 1.1941 0.2485
1.5668 0.6644 0.2520
1.0496 1.1149 0.2714
0.4194 1.1391 0.2823
1.5700 1.0917 0.3190
1.1541 1.5516 0.3258
1.1081 1.1394 0.3269
1.1008 1.5525 0.3372
1.5657 1.1266 0.3441
1.6091 0.6536 0.3482
1.6245 0.6544 0.3630
1.5821 1.1703 0.3665
0.5915 1.1892 0.3683
1.5504 1.6200 0.3695
1.0503 1.5916 0.3758
1.6538 0.5960 0.3765
1.6479 0.6063 0.3823
1.6332 0.6230 0.3855
1.6372 0.5891 0.3859
1.6363 0.5936 0.3865
0.3810 1.5928 0.3983
0.6989 1.1388 0.4117
1.0615 1.6030 0.4307
1.1519 1.5805 0.4352
1.1185 0.3270 0.4368
1.0553 1.6129 0.4377
1.5727 1.6227 0.4391
1.5972 1.5939 0.4607
1.1151 1.5828 0.4634
1.1157 0.3078 0.4676
1.0868 1.5971 0.4683
1.6224 1.1712 0.4707
1.0740 1.6157 0.4869
1.6109 1.6018 0.4918
0.6624 1.1043 0.4931
1.5995 1.6258 0.4962
1.0931 1.6032 0.4966
1.6025 1.6261 0.5004
1.0836 1.6132 0.5023
1.6128 1.6122 0.5036
0.6453 1.1397 0.5047
1.6062 1.6267 0.5051
1.6146 1.6142 0.5067
1.6216 1.1196 0.5124
1.6292 1.6291 0.5177
1.6292 1.6291 0.5177
1.6292 1.6291 0.5177
1.6292 1.6291 0.5177
1.6292 1.6291 0.5177
1.6294 1.6293 0.5178
1.6294 1.6293 0.5178
1.6294 1.6293 0.5178
1.6294 1.6293 0.5178
1.6294 1.6293 0.5178
1.6294 1.6293 0.5178
1.6294 1.6293 0.5178
1.6294 1.6293 0.5178
1.6294 1.6293 0.5178
1.6294 1.6293 0.5178
1.6297 1.6292 0.5181
1.6297 1.6292 0.5181
1.6300 1.6295 0.5184
1.6301 1.6325 0.5207
1.1430 0.4981 0.5330
1.1091 1.6134 0.5466
1.1420 1.6170 0.5524
1.1239 1.6160 0.5639
0.6163 1.5686 0.5745
0.6445 1.5825 0.6324
0.6445 1.5825 0.6324
0.5890 1.5784 0.6420
0.0473 1.5777 0.6475
0.0365 1.5773 0.6476
0.0365 1.5773 0.6476
0.1225 1.5774 0.6515
0.0387 1.5784 0.6535
1.1134 0.1926 0.7013
1.1134 0.1926 0.7013
1.1071 0.1850 0.7045
1.0912 0.1367 0.7241
1.0912 0.1367 0.7241
1.0912 0.1367 0.7241
0.0907 1.5956 0.7688
0.1694 1.1482 0.8061
1.0792 0.6089 0.8506
0.1678 1.0915 0.9278
0.1678 1.0915 0.9278
0.5631 0.6838 0.9466
0.5631 0.6838 0.9466
0.5631 0.6838 0.9466
0.5631 0.6838 0.9466
-0.0391 1.6102 1.0469
-0.0391 1.6102 1.0469
