1.3909 0.3752 0.0455
1.5205 1.2465 0.0776
1.0035 0.0887 0.1128
0.8198 0.5692 0.1262
1.4694 1.6673 0.1338
1.2901 1.6246 0.1511
1.2810 1.6297 0.1746
1.6990 1.2262 0.2112
1.6657 1.2360 0.2566
1.0962 1.2621 0.2997
0.9630 1.6552 0.3032
1.7250 1.1093 0.3089
1.6874 1.1991 0.3201
1.1409 0.3926 0.3245
0.5793 -0.3677 0.3494
-0.0929 -0.0603 0.3582
1.7400 1.6024 0.3661
0.8257 1.6226 0.3732
1.0828 0.2002 0.3791
1.0986 0.0584 0.3896
1.2013 0.5263 0.3975
1.6961 1.1471 0.4080
1.5454 1.6662 0.4150
-0.6870 1.5366 0.4360
-0.1620 -0.0026 0.4458
-0.1300 1.5291 0.4848
1.6137 1.1731 0.4881
-0.1696 1.0686 0.4939
-0.4350 1.1429 0.5147
1.0269 1.6416 0.5183
1.6611 1.1375 0.5231
1.6048 1.7018 0.5391
1.6543 1.1249 0.5485
1.5641 0.6521 0.5489
1.1792 1.6180 0.5514
0.6578 -0.1762 0.5575
1.6495 1.1104 0.5604
1.5774 1.6297 0.5761
1.5910 0.5659 0.5793
1.6537 0.5414 0.5816
1.6537 0.5414 0.5816
1.6537 0.5414 0.5816
1.6537 0.5414 0.5816
1.1189 -0.2376 0.5992
-0.0742 1.1768 0.6190
1.6168 1.6818 0.6381
-0.0838 1.5467 0.6563
-0.1783 1.1142 0.6608
1.6143 1.6681 0.6680
1.6324 0.5682 0.6736
1.6348 1.6187 0.6940
1.6348 1.6187 0.6940
1.6348 1.6187 0.6940
1.6348 1.6187 0.6940
-0.2071 0.6333 0.7262
-0.0241 0.6234 0.7324
0.0264 1.1007 0.7421
-0.1043 0.5831 0.7711
1.1577 1.1981 0.7772
0.1068 1.0946 0.7879
1.6010 0.2481 0.7888
-0.6944 1.6158 0.7892
-0.6944 1.6158 0.7892
-0.6944 1.6158 0.7892
-0.6944 1.6158 0.7892
-0.6693 1.6465 0.8333
-0.6693 1.6465 0.8333
-0.6693 1.6465 0.8333
-0.6693 1.6465 0.8333
-0.6693 1.6465 0.8333
-0.6693 1.6465 0.8333
1.5859 -0.2539 0.9135
1.5859 -0.2539 0.9135
1.5859 -0.2539 0.9135
1.5859 -0.2539 0.9135
1.5859 -0.2539 0.9135
1.5859 -0.2539 0.9135
1.5987 0.2005 0.9412
-0.2300 1.6178 1.1890
-0.2300 1.6178 1.1890
-0.2300 1.6455 1.2085
0.6333 -0.5513 1.2415
0.6333 -0.5513 1.2415
0.6034 1.5877 1.2857
0.6034 1.5877 1.2857
0.6034 1.5877 1.2857
0.6034 1.5877 1.2857
0.6034 1.5877 1.2857
0.6034 1.5877 1.2857
0.2164 1.5986 1.3910
0.2164 1.5986 1.3910
1.0664 -0.6663 1.4004
1.0664 -0.6663 1.4004
1.0664 -0.6663 1.4004
-0.1881 1.6278 1.4353
-0.1881 1.6278 1.4353
0.2497 1.6319 1.4664
0.2497 1.6319 1.4664
0.2149 1.6130 1.4829
0.2149 1.6130 1.4829
