1.3936 0.9891 0.0126
1.5301 1.4680 0.0685
1.0531 0.9743 0.1156
-0.1460 1.5197 0.1194
0.5728 0.1244 0.1518
0.5908 0.1226 0.1675
0.6016 0.1275 0.1772
-0.2729 1.5731 0.1964
0.3044 1.5201 0.2163
-0.6513 1.5463 0.2334
-0.5713 1.5774 0.2691
-0.5749 1.5791 0.2781
1.0147 -0.4841 0.3240
-0.6042 1.5847 0.3286
0.2904 1.5344 0.3402
1.5437 1.0446 0.3623
-0.2056 1.6195 0.3727
0.7205 1.0751 0.3980
0.4506 1.0921 0.4351
1.0197 -0.5018 0.4380
1.0987 0.7107 0.4526
-0.1156 1.6557 0.4721
0.4481 1.1092 0.4753
0.4380 1.1146 0.4767
1.0198 -0.5119 0.4922
0.7195 1.1108 0.4942
1.0411 1.6611 0.5124
1.1599 1.1585 0.5221
1.1555 1.1567 0.5328
1.1458 1.1617 0.5365
1.1230 1.1653 0.5453
1.1266 1.1606 0.5529
1.1266 1.1606 0.5529
1.0819 1.6824 0.5706
1.0968 1.1310 0.5721
1.1194 1.1199 0.5781
1.1268 1.1242 0.5785
1.1268 1.1242 0.5785
0.6422 0.6263 0.5868
1.6601 0.7114 0.6000
0.7470 1.6388 0.6016
0.6207 0.6432 0.6027
1.6570 0.7122 0.6031
1.6480 0.7143 0.6084
1.1797 0.1234 0.6127
1.1797 0.1234 0.6127
-0.5979 1.0555 0.6192
-0.6048 1.0537 0.6252
0.7136 1.5756 0.6254
1.1865 1.6442 0.6441
1.1715 0.1491 0.6456
1.1846 1.6483 0.6467
1.1817 1.6488 0.6549
0.6641 1.0901 0.6607
1.0933 1.6538 0.6828
1.1137 1.6658 0.6851
0.6645 1.0992 0.6902
1.1566 0.1481 0.6913
1.1179 1.6646 0.6928
1.1174 1.6552 0.7124
1.1174 1.6552 0.7124
1.1086 1.6434 0.7192
1.1506 1.6475 0.7234
1.1535 1.6426 0.7234
1.1118 1.6410 0.7246
1.1249 1.6444 0.7323
1.5689 1.1502 0.7436
1.6221 0.5830 0.7539
1.6221 0.5830 0.7539
1.6221 0.5830 0.7539
1.6221 0.5918 0.7629
0.7054 1.6012 0.7873
1.5797 1.1624 0.7974
0.1368 1.6520 0.8248
1.5882 1.1705 0.8364
0.1497 1.6530 0.8704
0.1497 1.6530 0.8704
0.6891 1.6121 0.9138
0.6891 1.6121 0.9138
0.6850 1.6321 0.9690
1.1195 -0.1881 1.0162
1.1195 -0.1881 1.0162
0.6661 1.6111 1.0445
0.6654 1.6109 1.0484
1.6102 1.1061 1.0605
1.6102 1.1061 1.0605
1.5844 1.5991 1.2574
1.6021 1.6255 1.5412
1.6021 1.6255 1.5412
1.6021 1.6255 1.5412
1.6021 1.6255 1.5412
1.6369 1.6207 1.7094
1.6369 1.6207 1.7094
1.6369 1.6207 1.7094
1.6390 1.6264 1.7348
1.6390 1.6264 1.7348
1.6390 1.6264 1.7348
1.6390 1.6264 1.7348
1.6390 1.6264 1.7348
1.6390 1.6264 1.7348
