1.3323 -0.2919 0.0221
-0.3327 -0.0884 0.0365
-0.5684 -0.3937 0.0476
0.3965 -0.0170 0.0643
-0.7680 -0.7154 0.0720
0.4481 -0.7289 0.0815
0.0277 -0.2578 0.0858
-0.4176 1.8100 0.0934
-0.2392 -0.5514 0.0960
0.3121 -0.1021 0.1133
0.1274 -0.5364 0.1217
-0.8394 1.0577 0.1311
-0.6820 -0.5311 0.1370
-0.6063 -0.1269 0.1452
-0.6284 -0.0423 0.1508
-0.6364 -0.1276 0.1540
-0.7043 1.9738 0.1676
-0.3705 0.5723 0.1760
-0.0514 1.7671 0.1884
0.4927 0.1575 0.1954
-0.6721 0.1475 0.2345
-0.3945 0.6598 0.2654
0.5309 0.1329 0.2872
0.7428 0.5144 0.2935
-0.6002 1.4826 0.3171
-0.6065 0.7581 0.3939
0.0632 0.7436 0.4033
-0.8005 1.8559 0.4156
0.6383 0.2526 0.4341
1.2273 -0.1754 0.4488
0.2809 1.2320 0.4693
1.0352 -0.0577 0.4863
0.6336 0.2050 0.4983
0.9255 1.3895 0.5643
-0.7660 1.1515 0.5907
0.5767 -0.5490 0.6008
0.5812 -0.5651 0.6646
0.5812 -0.5651 0.6646
0.0635 0.6237 0.7020
0.4072 1.7134 0.7270
1.1737 -0.2581 0.7752
1.1737 -0.2581 0.7752
-0.3710 1.5765 0.8363
-0.8761 1.8638 0.8853
-0.8761 1.8638 0.8853
1.1672 -0.1627 0.9094
1.1672 -0.1627 0.9094
1.6602 1.9561 0.9497
1.6602 1.9561 0.9497
-0.5171 1.0904 0.9550
0.6255 0.7218 1.0628
0.6255 0.7218 1.0628
0.6255 0.7218 1.0628
1.9993 0.6956 1.0700
1.9993 0.6956 1.0700
1.0189 1.0242 1.1097
1.0189 1.0242 1.1097
1.5271 0.7534 1.2247
1.5271 0.7534 1.2247
0.5867 0.6446 1.2322
0.5867 0.6446 1.2322
1.7428 0.6331 1.2631
1.7428 0.6331 1.2631
1.7428 0.6331 1.2631
-0.5866 1.6989 1.2788
-0.5866 1.6989 1.2788
-0.7444 1.6151 1.4785
-0.7444 1.6151 1.4785
-0.7444 1.6151 1.4785
0.3269 1.6523 1.6455
0.3269 1.6523 1.6455
0.3269 1.6523 1.6455
0.5430 1.6347 3.1530
0.5430 1.6347 3.1530
0.5430 1.6347 3.1530
0.5430 1.6347 3.1530
0.5430 1.6347 3.1530
0.5430 1.6347 3.1530
1.5795 1.6830 3.7452
1.5795 1.6830 3.7452
1.5795 1.6830 3.7452
1.5795 1.6830 3.7452
1.5795 1.6830 3.7452
1.5795 1.6830 3.7452
1.5795 1.6830 3.7452
1.5795 1.6830 3.7452
1.5795 1.6830 3.7452
1.5795 1.6830 3.7452
1.5795 1.6830 3.7452
1.5795 1.6830 3.7452
1.5795 1.6830 3.7452
1.5795 1.6830 3.7452
1.5795 1.6830 3.7452
1.5795 1.6830 3.7452
1.5795 1.6830 3.7452
1.5795 1.6830 3.7452
1.5795 1.6830 3.7452
1.5795 1.6830 3.7452
1.5795 1.6830 3.7452
1.5795 1.6830 3.7452
