0.8155 0.0582 0.0124
0.7405 0.3078 0.0533
0.7648 -0.1503 0.0686
0.4394 0.5640 0.0769
0.9950 0.1703 0.0894
-0.3256 -0.1615 0.0988
-0.0991 0.2634 0.1100
0.5543 -0.0605 0.1200
0.2464 0.5747 0.1265
0.1096 0.1207 0.1457
-0.7827 0.0250 0.1578
0.6108 -0.2694 0.1714
1.2325 0.0846 0.1847
0.8429 1.1708 0.2010
0.4316 -0.5800 0.2166
1.0022 0.6221 0.2259
1.1704 0.4484 0.2386
-0.0882 0.6344 0.2423
0.5514 0.6867 0.2482
0.7898 1.0719 0.2587
1.0753 -0.8558 0.2911
0.1015 1.5445 0.3276
0.9621 1.1000 0.3356
-0.6449 -0.9372 0.3561
1.1852 0.1483 0.3829
0.2285 -0.5836 0.4303
1.0034 -0.6851 0.4327
-0.1672 1.1354 0.4407
-0.1672 1.1354 0.4407
-0.1672 1.1354 0.4407
-0.1672 1.1354 0.4407
-0.1672 1.1354 0.4407
-0.1672 1.1354 0.4407
-0.5886 -0.1016 0.4743
-0.5886 -0.1016 0.4743
0.4825 1.1134 0.4990
1.0295 -0.5591 0.4995
1.0927 -0.2916 0.5269
-0.0298 1.6089 0.5331
-0.0298 1.6089 0.5331
-0.0298 1.6089 0.5331
-0.0298 1.6089 0.5331
-0.0298 1.6089 0.5331
-0.0298 1.6089 0.5331
-0.0298 1.6089 0.5331
-0.2032 -0.6022 0.5333
-0.6609 -0.0301 0.5805
0.7263 1.0965 0.6169
1.0974 -0.7908 0.6558
1.5809 0.2317 0.7301
0.2053 1.6489 0.7892
-0.2122 1.6113 0.8195
0.6692 -0.6767 0.8510
1.6147 0.0022 0.8586
1.6147 0.0022 0.8586
0.6139 -0.6334 0.9056
1.6374 -0.0364 0.9349
1.6374 -0.0364 0.9349
1.6374 -0.0364 0.9349
1.6374 -0.0364 0.9349
1.6341 0.1221 0.9822
1.6341 0.1221 0.9822
1.6643 -0.5369 0.9847
1.6643 -0.5369 0.9847
1.6643 -0.5369 0.9847
1.6643 -0.5369 0.9847
1.6643 -0.5369 0.9847
1.6643 -0.5369 0.9847
1.6643 -0.5369 0.9847
1.6643 -0.5369 0.9847
1.6643 -0.5369 0.9847
1.6643 -0.5369 0.9847
1.6310 0.2715 0.9877
1.6310 0.2715 0.9877
-0.3839 1.6136 0.9945
1.6277 0.4301 1.2193
1.6277 0.4301 1.2193
0.5899 1.5761 1.8371
0.5899 1.5761 1.8371
0.5899 1.5761 1.8371
-0.5663 1.6161 4.7482
-0.5663 1.6161 4.7482
-0.5663 1.6161 4.7482
-0.5663 1.6161 4.7482
-0.5663 1.6161 4.7482
-0.5663 1.6161 4.7482
-0.5663 1.6161 4.7482
1.6207 1.1312 9.0454
1.6207 1.1312 9.0454
1.6207 1.1312 9.0454
1.6207 1.1312 9.0454
1.6207 1.1312 9.0454
1.6207 1.1312 9.0454
1.6207 1.1312 9.0454
1.6207 1.1312 9.0454
1.6207 1.1312 9.0454
1.6207 1.1312 9.0454
1.6207 1.1312 9.0454
1.6207 1.1312 9.0454
1.6207 1.1312 9.0454
