1.5388 1.4285 0.0100
0.2654 1.3604 0.0300
1.3163 1.1749 0.0462
1.4363 1.6161 0.0643
1.9276 1.4606 0.0722
0.3934 1.9171 0.0971
0.7598 1.5164 0.1077
1.4739 1.1320 0.1189
0.7991 1.8539 0.1328
1.7657 1.0927 0.1390
1.6372 1.7506 0.1557
1.6333 0.8621 0.1696
1.9998 0.7244 0.1856
1.7437 1.6410 0.1890
1.8274 1.8561 0.1941
1.8920 1.8202 0.2091
0.9890 1.0567 0.2222
1.2399 1.1635 0.2557
1.7428 0.6331 0.2632
1.5795 1.6830 0.2691
1.5795 1.6830 0.2691
1.5795 1.6830 0.2691
1.5795 1.6830 0.2691
1.5795 1.6830 0.2691
1.5795 1.6830 0.2691
1.5795 1.6830 0.2691
1.5795 1.6830 0.2691
1.5795 1.6830 0.2691
1.5795 1.6830 0.2691
1.5795 1.6830 0.2691
1.5795 1.6830 0.2691
1.5795 1.6830 0.2691
1.9997 1.0612 0.2766
0.7610 1.5634 0.2855
1.6926 1.6363 0.3265
1.5204 0.6494 0.3410
1.5609 1.0600 0.3452
1.5838 1.6231 0.3520
1.5258 0.3378 0.3611
1.5943 1.6068 0.3650
0.9699 1.6220 0.4009
0.9807 -0.2049 0.4069
1.5605 1.1622 0.4099
1.0587 1.7211 0.4267
1.5607 1.1425 0.4348
0.3269 1.6523 0.4634
0.3269 1.6523 0.4634
0.3269 1.6523 0.4634
1.1673 1.1924 0.4638
1.7078 0.6390 0.4984
0.5430 1.6347 0.5244
0.5430 1.6347 0.5244
0.5430 1.6347 0.5244
0.5430 1.6347 0.5244
0.5430 1.6347 0.5244
0.5430 1.6347 0.5244
1.0611 1.7053 0.5480
0.7487 1.1013 0.5775
1.0954 1.1559 0.6643
1.0954 1.1559 0.6643
1.0322 0.2141 0.6830
1.1233 1.1071 0.6835
0.6663 0.6951 0.8018
0.6663 0.6951 0.8018
1.2203 -0.3429 0.8078
1.2203 -0.3429 0.8078
1.1306 1.6286 0.8659
1.5102 -0.0203 1.0142
1.5102 -0.0203 1.0142
1.5102 -0.0203 1.0142
0.5867 0.6446 1.1211
0.5867 0.6446 1.1211
-0.5866 1.6989 1.4797
-0.5866 1.6989 1.4797
-0.5866 1.6989 1.4797
-0.5866 1.6989 1.4797
-0.5866 1.6989 1.4797
-0.5866 1.6989 1.4797
-0.0311 0.5840 1.5670
-0.0311 0.5840 1.5670
-0.0311 0.5840 1.5670
-0.7444 1.6151 1.5929
-0.7444 1.6151 1.5929
-0.7444 1.6151 1.5929
-0.7444 1.6151 1.5929
-0.7444 1.6151 1.5929
-0.7444 1.6151 1.5929
-0.7444 1.6151 1.5929
-0.7444 1.6151 1.5929
-0.7444 1.6151 1.5929
-0.7444 1.6151 1.5929
-0.5902 0.4950 2.2609
-0.5902 0.4950 2.2609
-0.5902 0.4950 2.2609
-0.5902 0.4950 2.2609
-0.3147 1.6038 2.3562
-0.3147 1.6038 2.3562
-0.3147 1.6038 2.3562
-0.3147 1.6038 2.3562
-0.3147 1.6038 2.3562
