1.2120 1.5559 0.1858
1.5660 1.6135 0.2305
1.5706 1.6122 0.2368
1.5875 1.6142 0.2606
1.5942 1.6126 0.2674
1.6103 1.6118 0.2809
1.6125 1.6131 0.2830
1.6138 1.6138 0.2843
1.6145 1.6143 0.2850
1.6151 1.6147 0.2855
1.6159 1.6150 0.2863
1.6174 1.6159 0.2879
1.6175 1.6178 0.2889
1.6174 1.6181 0.2889
1.6179 1.6181 0.2894
1.6191 1.6183 0.2904
1.6195 1.6201 0.2918
1.6207 1.6201 0.2928
1.6214 1.6204 0.2935
1.6246 1.6234 0.2979
1.6261 1.6248 0.2997
1.6261 1.6248 0.2997
1.1864 1.5838 0.3129
0.6607 1.1781 0.3264
1.1897 1.6070 0.3432
1.5597 0.6835 0.3531
1.0316 1.1320 0.3586
0.7573 1.6042 0.3676
0.5931 1.0658 0.3718
0.6377 1.1597 0.3777
0.6377 1.1597 0.3777
1.1782 1.6100 0.3817
0.6709 1.1319 0.3926
1.1686 1.6092 0.4091
0.6446 1.1359 0.4121
1.5704 0.6672 0.4132
1.1658 1.6100 0.4185
1.1640 1.6094 0.4229
1.1760 1.0671 0.4396
1.1576 1.6091 0.4413
0.5441 1.5817 0.4429
1.1536 1.6092 0.4531
0.5590 1.5804 0.4617
1.1229 0.3510 0.4629
0.5199 1.5968 0.4667
1.5885 0.6712 0.4679
0.2342 1.1593 0.4704
1.1424 1.6045 0.4771
0.2353 1.1552 0.4804
1.1005 1.5836 0.4821
0.1090 1.5960 0.4871
1.5908 0.6578 0.4900
0.2474 1.6120 0.4949
1.5898 0.6483 0.4964
1.0784 1.1307 0.5043
0.1259 1.6018 0.5119
0.1818 1.6044 0.5184
1.1303 1.6093 0.5198
1.5972 0.6416 0.5221
1.5972 0.6416 0.5221
-0.0392 1.6101 0.5226
-0.0391 1.6102 0.5227
-0.0391 1.6102 0.5227
-0.0391 1.6103 0.5227
0.6705 1.5833 0.5311
0.6161 1.5801 0.5352
1.1108 1.1515 0.5371
1.1162 1.6033 0.5375
1.1602 0.5080 0.5481
1.0970 1.1274 0.5489
1.0999 1.6090 0.5541
1.1018 1.1270 0.5571
1.6151 0.6338 0.5641
1.6151 0.6338 0.5641
1.6151 0.6338 0.5641
1.5679 1.1482 0.5666
1.1114 1.1261 0.5702
1.1976 0.6415 0.5765
0.1886 1.1566 0.5803
0.1968 1.1506 0.5822
1.6492 0.5957 0.5843
1.6375 0.6088 0.5936
1.6375 0.6088 0.5936
1.1424 0.2841 0.6194
1.5924 1.1610 0.6219
0.1695 1.1490 0.6503
0.1695 1.1490 0.6503
1.0889 0.2180 0.7324
1.0889 0.2180 0.7324
1.0938 0.7005 0.7543
1.5897 1.1085 0.7686
1.5903 1.1226 0.7715
1.5903 1.1226 0.7715
1.5986 1.1008 0.7909
1.5986 1.1008 0.7909
1.5986 1.1008 0.7909
1.5983 1.1276 0.7948
1.1163 0.2104 0.8540
1.0927 0.6382 1.0317
1.0927 0.6382 1.0317
