-0.3677 1.3113 0.0079
0.8292 0.6288 0.0454
0.8301 1.1960 0.0740
0.4652 0.1137 0.0919
0.6624 1.2711 0.1042
-0.5019 0.4349 0.1169
0.5084 0.6856 0.1339
0.6656 0.5062 0.1553
0.9665 1.0698 0.1694
0.0791 -0.2762 0.1785
1.0754 0.4836 0.1872
-0.2678 0.1753 0.1929
-0.0622 -0.4481 0.2014
0.1686 -0.2157 0.2393
-0.1034 0.1060 0.2435
0.0150 -0.1586 0.2487
1.3239 1.5907 0.2706
0.7051 1.0726 0.2731
1.0840 0.0099 0.2774
0.5243 1.1496 0.2926
1.1264 0.5137 0.3078
1.0579 1.2458 0.3195
1.1032 0.1655 0.3265
1.1291 0.5278 0.3352
1.0892 -0.2496 0.3468
1.1165 0.5392 0.3469
1.1910 0.5589 0.3519
0.8096 -0.6475 0.3537
-0.0401 1.0979 0.3651
0.6639 -0.1479 0.3730
0.6130 1.1042 0.3897
1.0838 1.4957 0.3978
-0.0732 1.1321 0.4097
-0.1978 1.1538 0.4261
0.1531 1.1505 0.4375
-0.1539 1.1207 0.4430
0.3827 1.6239 0.4812
0.3827 1.6239 0.4812
0.3611 1.6450 0.4857
-0.2352 0.6145 0.4862
-0.3436 1.6296 0.5384
-0.3436 1.6296 0.5384
-0.3436 1.6296 0.5384
0.3185 1.6274 0.5414
-0.6634 0.4181 0.5913
-0.7503 1.6319 0.6374
-0.7503 1.6319 0.6374
-0.7503 1.6319 0.6374
-0.7503 1.6319 0.6374
1.1335 1.0051 0.6438
1.1821 -0.5371 0.6458
1.5219 1.5320 0.6544
0.0695 1.6569 0.6553
0.0695 1.6569 0.6553
0.0695 1.6569 0.6553
0.0983 1.6500 0.6913
0.0983 1.6500 0.6913
0.0983 1.6500 0.6913
0.5795 1.5579 0.6996
-0.7108 1.5969 0.7159
-0.7108 1.5969 0.7159
-0.7108 1.5969 0.7159
-0.7108 1.5969 0.7159
1.6752 1.4865 0.9050
-0.6453 1.6168 0.9257
-0.6453 1.6168 0.9257
-0.6453 1.6168 0.9257
-0.6453 1.6168 0.9257
1.0974 -0.5634 0.9681
1.0974 -0.5634 0.9681
1.6046 -0.4198 1.0575
0.6028 1.5983 1.1999
0.6028 1.5983 1.1999
1.5344 -0.6774 1.2183
1.5344 -0.6774 1.2183
1.6351 -0.4683 1.4577
1.6351 -0.4683 1.4577
-0.6272 -0.0570 1.7254
-0.6272 -0.0570 1.7254
-0.6272 -0.0570 1.7254
1.1705 1.6361 1.8090
1.1705 1.6361 1.8090
1.1705 1.6361 1.8090
1.1705 1.6361 1.8090
1.1705 1.6361 1.8090
1.1705 1.6361 1.8090
1.1705 1.6361 1.8090
1.1705 1.6361 1.8090
1.6348 1.6187 3.8973
1.6348 1.6187 3.8973
1.6348 1.6187 3.8973
1.6348 1.6187 3.8973
1.6348 1.6187 3.8973
1.6355 1.0352 4.6509
1.6355 1.0352 4.6509
1.6355 1.0352 4.6509
1.6355 1.0352 4.6509
1.6355 1.0352 4.6509
1.6355 1.0352 4.6509
1.6355 1.0352 4.6509
