0.8576 1.1989 0.0285
1.2380 0.3498 0.0477
1.4897 0.6935 0.0608
1.1487 0.9185 0.0712
1.3098 1.5792 0.0775
1.5519 0.7978 0.0893
0.9997 1.5240 0.1082
1.4857 1.1429 0.1204
1.2479 1.1785 0.1321
1.0656 1.0080 0.1411
0.3977 1.1181 0.1494
1.2036 1.2186 0.1569
0.1535 1.2211 0.1667
0.3373 1.1312 0.1812
1.5322 0.6669 0.1898
0.5185 1.0925 0.1944
1.5231 1.0760 0.2045
1.0829 1.0419 0.2317
1.2105 1.0906 0.2394
1.2546 1.5985 0.2405
0.9620 1.5911 0.2440
0.6201 1.0818 0.2614
0.6593 1.1040 0.2766
1.5723 0.5287 0.2787
1.5331 1.1313 0.2837
1.2005 0.6273 0.2983
1.0604 1.1367 0.3068
0.1386 1.5609 0.3221
1.5766 0.6796 0.3338
1.5831 1.5357 0.3508
0.1633 1.1567 0.3509
1.0881 1.1353 0.3580
1.6062 0.5177 0.3602
0.1598 1.1415 0.3770
1.6471 0.5081 0.3880
1.6328 0.5115 0.3905
1.5725 1.5535 0.3924
0.1315 1.1422 0.3985
0.1315 1.1422 0.3985
0.1315 1.1422 0.3985
1.5912 0.6643 0.3987
1.5687 1.5597 0.4054
0.3188 1.6131 0.4116
1.6199 0.5606 0.4436
1.1459 0.5785 0.4449
1.1541 0.1157 0.4578
1.1541 0.1157 0.4578
1.1541 0.1157 0.4578
1.1291 0.1939 0.4586
1.5892 1.0724 0.4713
1.1412 0.1368 0.4715
1.1412 0.1368 0.4715
1.6186 0.6518 0.4795
1.0750 0.6227 0.4906
1.1438 0.0823 0.4984
0.0922 1.6206 0.5134
0.0922 1.6206 0.5134
-0.0254 1.6255 0.5144
-0.0254 1.6255 0.5144
-0.0254 1.6255 0.5144
-0.0254 1.6255 0.5144
-0.0254 1.6255 0.5144
-0.0254 1.6255 0.5144
-0.0254 1.6255 0.5144
0.0562 1.6355 0.5147
0.0562 1.6355 0.5147
-0.0290 1.6250 0.5188
1.6006 1.5595 0.5214
-0.0340 1.6230 0.5250
0.0014 1.0796 0.5254
1.6064 1.5580 0.5318
1.0689 1.5858 0.5553
1.5960 1.5739 0.5780
1.1822 1.6343 0.5800
1.1822 1.6343 0.5800
1.1655 1.6244 0.6258
1.1655 1.6244 0.6258
1.1655 1.6244 0.6258
1.1655 1.6244 0.6258
1.1655 1.6244 0.6258
1.1356 1.5982 0.6341
0.5648 1.5915 0.6447
0.5648 1.5915 0.6447
0.5648 1.5915 0.6447
0.5648 1.5915 0.6447
0.5648 1.5915 0.6447
0.5648 1.5915 0.6447
1.1312 1.6127 0.6898
1.1312 1.6127 0.6898
1.1312 1.6127 0.6898
1.6183 1.5846 0.7059
1.6183 1.5846 0.7059
1.6183 1.5846 0.7059
0.5954 1.5882 0.7059
0.5954 1.5882 0.7059
1.6127 1.6083 0.7967
0.6480 0.6841 0.8245
0.6480 0.6841 0.8245
1.6294 1.6293 0.9161
1.6294 1.6293 0.9161
