0.2564 1.4639 0.0109
1.5754 1.4511 0.0369
1.4347 1.6218 0.0542
1.3113 1.6198 0.0775
1.5076 0.5385 0.0921
0.5115 0.4196 0.1116
1.4869 1.6474 0.1231
1.5455 0.4287 0.1299
1.6338 1.5021 0.1371
1.5882 1.5385 0.1849
0.1482 1.5165 0.1903
1.6038 1.2171 0.2026
1.6333 1.5326 0.2073
1.5408 1.1066 0.2124
0.2065 1.2272 0.2212
0.7128 1.5046 0.2309
1.5761 0.4043 0.2316
1.5420 0.5816 0.2511
1.6106 1.0142 0.2669
1.6321 1.5601 0.2790
1.6250 1.1898 0.2796
1.6286 1.5633 0.2859
1.6133 1.1803 0.2892
1.1688 1.5408 0.2903
1.6144 1.1762 0.2982
1.6020 1.5810 0.3048
1.5798 1.0961 0.3078
1.6380 1.5722 0.3129
1.6317 1.5744 0.3165
1.6110 1.1468 0.3417
1.5918 1.6086 0.3441
1.6102 1.1061 0.3633
1.6102 1.1061 0.3633
1.6102 1.1061 0.3633
1.6102 1.1061 0.3633
1.6102 1.1061 0.3633
1.6102 1.1061 0.3633
0.2701 0.6438 0.3655
1.6308 1.5994 0.3763
1.6124 0.4953 0.3801
1.5982 1.6327 0.3831
1.5982 1.6327 0.3831
0.3282 1.1640 0.3859
0.8161 1.6097 0.3888
1.6211 1.6182 0.4006
1.6719 1.6217 0.4029
1.6742 1.6489 0.4162
0.1193 1.1910 0.4184
1.5837 0.5754 0.4211
1.6282 1.6343 0.4244
0.1734 0.5815 0.4360
0.1734 0.5815 0.4360
1.1269 0.4963 0.4593
0.0286 1.5714 0.4835
0.7227 0.6900 0.4887
0.1404 0.6479 0.5004
1.0743 -0.2592 0.5101
1.0743 -0.2592 0.5101
1.0743 -0.2592 0.5101
1.0743 -0.2592 0.5101
1.0743 -0.2592 0.5101
0.7082 1.5420 0.5130
1.1633 1.5986 0.5154
1.1633 1.5986 0.5154
0.0985 1.1595 0.5659
0.7764 1.6166 0.5753
0.7764 1.6166 0.5753
1.0665 0.0500 0.6030
0.3293 1.6216 0.6315
0.3293 1.6216 0.6315
1.1312 1.6127 0.6638
1.1312 1.6127 0.6638
1.1312 1.6127 0.6638
1.1312 1.6127 0.6638
0.0599 1.6482 0.6931
0.0599 1.6482 0.6931
0.2173 1.6124 0.7258
0.2173 1.6124 0.7258
1.0521 0.1806 0.7355
-0.0254 1.6255 0.7355
-0.0254 1.6255 0.7355
-0.0254 1.6255 0.7355
-0.0254 1.6255 0.7355
-0.0254 1.6255 0.7355
-0.0254 1.6255 0.7355
-0.0254 1.6255 0.7355
0.2223 1.6244 0.7559
0.6992 1.5696 0.7801
0.6992 1.5696 0.7801
0.6992 1.5696 0.7801
1.1497 -0.0019 0.8285
1.1497 -0.0019 0.8285
0.6853 -0.0293 0.8881
0.6853 -0.0293 0.8881
-0.0843 1.1019 0.9737
-0.0843 1.1019 0.9737
-0.4955 1.0106 1.0589
-0.4955 1.0106 1.0589
0.6311 1.1565 1.1048
0.6311 1.1565 1.1048
