-0.4783 0.3110 0.0365
0.4187 0.0041 0.0617
-0.3205 0.7313 0.0752
-0.1347 0.2086 0.0956
-0.0135 -0.0870 0.1134
-0.0311 0.5840 0.1222
-0.6016 0.4286 0.1374
-0.1384 0.5839 0.1473
-0.7917 0.6764 0.1596
0.1925 -0.2088 0.1711
1.2367 1.4952 0.1838
-0.1000 -0.5427 0.2483
1.2301 1.5035 0.2802
0.2665 -0.6114 0.3188
0.4459 1.0946 0.3222
0.6663 0.6951 0.3358
0.6663 0.6951 0.3358
0.5867 0.6446 0.3400
0.5867 0.6446 0.3400
0.3851 1.1111 0.3565
1.3363 1.3701 0.3601
-0.6715 -0.7055 0.3840
0.5170 1.0768 0.3896
0.3577 1.1386 0.3900
-0.6891 1.0045 0.3937
1.0322 0.2141 0.3955
1.0322 0.2141 0.3955
-0.1074 1.2155 0.4163
-0.7010 1.0170 0.4417
-0.6455 -0.6139 0.5212
0.3256 1.5724 0.8812
0.6152 1.1651 0.8893
0.6152 1.1651 0.8893
0.6152 1.1651 0.8893
0.6152 1.1651 0.8893
-0.3147 1.6038 0.9815
1.0678 1.0332 1.1624
0.3186 1.6047 1.2486
0.3186 1.6047 1.2486
0.3186 1.6047 1.2486
0.3186 1.6047 1.2486
0.2699 1.5900 1.3032
1.0971 0.5458 1.3073
1.0971 0.5458 1.3073
1.1258 0.5359 1.4229
1.1258 0.5359 1.4229
1.1710 -0.4996 1.6082
1.1710 -0.4996 1.6082
-0.5420 1.6381 1.8508
-0.5420 1.6381 1.8508
1.1206 -0.1887 1.9851
1.1206 -0.1887 1.9851
1.1233 1.1071 1.9981
1.1233 1.1071 1.9981
1.1233 1.1071 1.9981
1.1233 1.1071 1.9981
1.1233 1.1071 1.9981
1.1233 1.1071 1.9981
1.1233 1.1071 1.9981
1.1233 1.1071 1.9981
1.1633 1.6579 2.1539
1.1633 1.6579 2.1539
1.1633 1.6579 2.1539
1.1633 1.6579 2.1539
1.1633 1.6579 2.1539
1.1306 1.6286 2.3807
1.1306 1.6286 2.3807
1.1306 1.6286 2.3807
1.1306 1.6286 2.3807
1.1306 1.6286 2.3807
1.1306 1.6286 2.3807
1.5566 0.3866 2.3916
1.5566 0.3866 2.3916
1.5566 0.3866 2.3916
1.6160 1.2007 3.6448
1.6160 1.2007 3.6448
1.6160 1.2007 3.6448
1.6160 1.2007 3.6448
1.6160 1.2007 3.6448
1.6160 1.2007 3.6448
1.6160 1.2007 3.6448
1.6160 1.2007 3.6448
1.6160 1.2007 3.6448
0.6716 1.6605 4.1704
0.6716 1.6605 4.1704
0.6716 1.6605 4.1704
0.6716 1.6605 4.1704
0.6716 1.6605 4.1704
1.6407 1.6410 9.0241
1.6407 1.6410 9.0241
1.6407 1.6410 9.0241
1.6407 1.6410 9.0241
1.6407 1.6410 9.0241
1.6407 1.6410 9.0241
1.6407 1.6410 9.0241
1.6407 1.6410 9.0241
1.6407 1.6410 9.0241
1.6407 1.6410 9.0241
1.6407 1.6410 9.0241
1.6407 1.6410 9.0241
