0.1680 0.9442 0.0288
1.0879 1.4391 0.0545
0.8551 1.3976 0.0734
-0.1043 0.7964 0.0862
1.2104 1.2613 0.0980
1.8232 1.8314 0.1162
0.4365 0.5588 0.1293
1.3236 1.6269 0.1480
0.7725 1.0603 0.1608
1.0156 1.0510 0.1668
1.6755 1.7336 0.1746
1.8313 1.8659 0.1823
0.0676 1.2387 0.1943
1.7150 1.6694 0.2276
1.7190 1.6581 0.2318
1.9183 1.9091 0.2398
1.0055 -0.0256 0.2689
1.1322 1.5086 0.3494
1.1322 1.5086 0.3494
0.2559 0.0852 0.3530
1.6389 1.6807 0.3717
1.0992 1.0715 0.3779
0.7121 0.6077 0.3849
1.6059 1.2546 0.4070
1.1214 1.0857 0.4236
1.1214 1.0857 0.4236
1.1214 1.0857 0.4236
1.1214 1.0857 0.4236
1.1214 1.0857 0.4236
1.1214 1.0857 0.4236
1.5955 1.6196 0.4468
1.6348 1.6187 0.4487
1.6348 1.6187 0.4487
1.6348 1.6187 0.4487
1.1393 1.0971 0.4520
0.0374 0.0515 0.4595
0.0760 0.1923 0.4761
1.0225 0.6112 0.4802
0.5261 1.1611 0.4905
0.5261 1.1611 0.4905
0.5261 1.1611 0.4905
0.1520 1.5316 0.4972
0.6114 0.6327 0.5059
0.6859 1.6473 0.6068
0.6859 1.6473 0.6068
0.6859 1.6473 0.6068
0.6859 1.6473 0.6068
0.6859 1.6473 0.6068
0.6859 1.6473 0.6068
0.6859 1.6473 0.6068
0.6859 1.6473 0.6068
1.0729 1.5658 0.6664
1.0729 1.5658 0.6664
1.7288 1.1040 0.6788
-0.4818 1.2009 0.6999
0.6378 1.6411 0.7096
0.6378 1.6411 0.7096
0.6378 1.6411 0.7096
0.6378 1.6411 0.7096
1.1513 0.3618 0.7399
1.6908 0.7344 0.7736
-0.2732 1.1161 0.7875
-0.2732 1.1161 0.7875
0.1798 1.5722 0.9439
1.5993 -0.5130 0.9658
1.5993 -0.5130 0.9658
1.5993 -0.5130 0.9658
1.5993 -0.5130 0.9658
1.5993 -0.5130 0.9658
1.5993 -0.5130 0.9658
1.5993 -0.5130 0.9658
1.5993 -0.5130 0.9658
1.5993 -0.5130 0.9658
1.5993 -0.5130 0.9658
1.5993 -0.5130 0.9658
1.5993 -0.5130 0.9658
1.0747 1.6160 1.0032
1.0747 1.6160 1.0032
1.6845 0.6294 1.5019
1.6845 0.6294 1.5019
-0.5988 1.6747 1.5224
-0.5988 1.6747 1.5224
-0.5988 1.6747 1.5224
-0.5988 1.6747 1.5224
-0.5988 1.6747 1.5224
-0.5988 1.6747 1.5224
-0.5988 1.6747 1.5224
-0.5988 1.6747 1.5224
-0.5793 1.6613 1.5476
-0.5793 1.6613 1.5476
-0.5793 1.6613 1.5476
-0.1572 1.6271 1.5657
-0.1572 1.6271 1.5657
1.5839 0.6253 1.7373
1.5839 0.6253 1.7373
1.5839 0.6253 1.7373
-0.6187 1.6421 1.8966
-0.6187 1.6421 1.8966
-0.6187 1.6421 1.8966
-0.6187 1.6421 1.8966
