0.4455 0.9935 0.0318
1.6382 1.3450 0.0577
1.0073 1.0054 0.0744
0.4677 1.2231 0.0839
0.8274 1.1664 0.0973
1.3000 1.6064 0.1140
1.2404 0.7100 0.1243
0.7556 0.6409 0.1473
0.7117 0.5420 0.1722
0.7297 0.5826 0.1805
1.5171 0.6448 0.1940
1.2347 0.6433 0.2022
1.6060 0.7891 0.2226
0.7051 0.6715 0.2346
0.7102 0.6546 0.2378
1.5807 1.5381 0.2587
1.6103 0.9988 0.2672
0.7121 1.1779 0.2753
1.2088 0.5850 0.2767
0.6013 1.1984 0.2829
0.7301 1.1361 0.2919
1.2096 1.0854 0.2960
1.0487 0.2151 0.2985
1.1955 1.1842 0.3017
1.2215 -0.0358 0.3179
0.6537 0.6265 0.3535
1.5652 1.0868 0.3550
0.2091 1.1871 0.3686
1.5840 1.0689 0.3834
0.8068 1.6016 0.3879
0.6598 1.1115 0.4103
1.5865 1.5957 0.4375
1.2172 -0.0943 0.4400
1.6064 1.5821 0.4420
1.6448 0.4734 0.4434
1.6130 1.5794 0.4439
1.6169 1.5778 0.4442
1.5944 0.6829 0.4484
1.6659 1.5830 0.4614
1.6145 1.1641 0.4697
1.6551 0.5101 0.4803
1.5906 0.6494 0.4885
1.1608 1.1165 0.4887
1.6019 0.6705 0.4915
1.6389 1.5928 0.5016
1.6173 1.1493 0.5019
1.6180 1.0934 0.5029
1.1365 1.1496 0.5180
1.6204 1.1052 0.5184
1.6204 1.1052 0.5184
1.6141 1.6211 0.5365
1.6359 1.1120 0.5378
1.6399 1.1119 0.5391
1.6399 1.1119 0.5391
1.6154 0.5636 0.5448
1.6466 1.6140 0.5458
1.6265 0.6647 0.5484
1.1828 1.6057 0.5496
1.6175 0.6526 0.5534
1.6419 1.6204 0.5544
1.6477 1.6224 0.5565
1.6655 1.6494 0.5585
1.6294 1.6293 0.5596
1.6271 0.5630 0.5619
1.6399 1.6301 0.5636
1.6399 1.6301 0.5636
1.6350 1.6344 0.5657
1.6383 1.6355 0.5672
1.6383 1.6355 0.5672
1.6383 1.6355 0.5672
1.6447 1.6562 0.5697
1.6369 0.5792 0.5873
1.1438 0.0823 0.5913
1.6253 0.6238 0.5922
1.1801 1.6221 0.5956
1.1822 1.6343 0.6003
0.2320 1.5952 0.6162
0.1598 1.1415 0.6228
1.0689 1.5858 0.6244
0.0644 1.5941 0.6245
0.1529 1.5931 0.6569
1.1655 1.6244 0.6680
1.1655 1.6244 0.6680
0.1315 1.1422 0.6825
0.0562 1.6355 0.7149
-0.0254 1.6255 0.7154
-0.0254 1.6255 0.7154
-0.0254 1.6255 0.7154
-0.0254 1.6255 0.7154
-0.0254 1.6255 0.7154
-0.0290 1.6250 0.7212
0.0922 1.6206 0.7287
0.0922 1.6206 0.7287
-0.0340 1.6230 0.7299
1.1312 1.6127 0.7613
0.5648 1.5915 0.7988
0.5648 1.5915 0.7988
0.5954 1.5882 0.8458
0.0014 1.0796 0.9970
0.0014 1.0796 0.9970
