0.4113 0.5072 0.0329
0.5999 0.8546 0.0579
-0.1737 0.2906 0.0743
-0.0542 -0.2637 0.0971
0.3010 1.2609 0.1099
-0.7486 1.4967 0.1306
0.0453 0.5535 0.1480
-0.5365 0.5675 0.1721
0.6740 0.7702 0.1927
-0.1655 0.5734 0.2132
-0.2032 1.0000 0.2226
-0.6918 0.5591 0.2333
0.4843 -0.5971 0.2453
-0.5668 0.6132 0.2760
0.9773 -0.6782 0.2933
0.7406 -0.6046 0.3161
-0.6799 0.6611 0.3514
1.2460 1.0570 0.4169
1.2538 -0.5553 0.4430
-0.3688 1.1052 0.4555
0.6049 -0.6426 0.5252
0.3745 1.1302 0.5377
0.6361 -0.6544 0.5459
0.6361 -0.6544 0.5459
1.5061 1.1240 0.5691
-0.7194 1.1765 0.6759
1.5839 -0.8919 0.6904
1.5839 -0.8919 0.6904
1.6607 1.5931 0.8595
1.6607 1.5931 0.8595
1.6607 1.5931 0.8595
1.6839 -0.4598 0.8887
1.6839 -0.4598 0.8887
1.6839 -0.4598 0.8887
1.6839 -0.4598 0.8887
1.6839 -0.4598 0.8887
1.1710 1.0350 0.9047
1.6653 1.1954 0.9197
1.6653 1.1954 0.9197
1.6653 1.1954 0.9197
1.6653 1.1954 0.9197
1.6653 1.1954 0.9197
1.6653 1.1954 0.9197
1.6348 1.6187 0.9395
1.6348 1.6187 0.9395
1.6348 1.6187 0.9395
1.6348 1.6187 0.9395
1.6348 1.6187 0.9395
1.6348 1.6187 0.9395
1.6348 1.6187 0.9395
1.6348 1.6187 0.9395
1.6348 1.6187 0.9395
1.6348 1.6187 0.9395
1.6348 1.6187 0.9395
1.6348 1.6187 0.9395
1.6348 1.6187 0.9395
1.6348 1.6187 0.9395
1.6348 1.6187 0.9395
1.6348 1.6187 0.9395
1.6348 1.6187 0.9395
1.6348 1.6187 0.9395
0.5243 1.1496 0.9597
0.1531 1.1505 1.0476
1.6338 1.0276 1.0490
1.6338 1.0276 1.0490
1.6338 1.0276 1.0490
1.5810 1.1681 1.0627
1.2282 1.6210 1.0714
1.2282 1.6210 1.0714
1.1910 0.5589 1.1691
-0.7503 1.6319 1.4167
-0.7503 1.6319 1.4167
-0.3436 1.6296 1.6579
-0.3436 1.6296 1.6579
1.1705 1.6361 2.0197
1.1705 1.6361 2.0197
1.1705 1.6361 2.0197
1.1705 1.6361 2.0197
1.1705 1.6361 2.0197
1.1705 1.6361 2.0197
1.1705 1.6361 2.0197
1.1705 1.6361 2.0197
1.1705 1.6361 2.0197
1.1705 1.6361 2.0197
1.6107 0.6079 2.0309
1.6107 0.6079 2.0309
1.6107 0.6079 2.0309
1.6107 0.6079 2.0309
1.6107 0.6079 2.0309
1.6107 0.6079 2.0309
1.6107 0.6079 2.0309
1.6107 0.6079 2.0309
1.6107 0.6079 2.0309
1.6107 0.6079 2.0309
1.6107 0.6079 2.0309
1.5516 0.0383 3.8218
1.5516 0.0383 3.8218
1.5516 0.0383 3.8218
1.5516 0.0383 3.8218
1.5516 0.0383 3.8218
