1.4399 0.8393 0.0145
1.4486 1.1248 0.0460
1.5540 0.8010 0.0639
1.1143 1.2702 0.0931
1.5512 0.7198 0.1418
1.2197 1.1478 0.1747
1.6059 0.7602 0.1862
1.5650 0.6641 0.2300
1.0223 1.5683 0.2361
0.7187 1.5397 0.2456
0.4101 1.1300 0.2600
1.1730 1.1256 0.2657
1.5529 1.0745 0.2741
1.1297 0.7216 0.2817
1.5895 0.6505 0.2954
1.1073 1.1345 0.3063
1.1537 1.5504 0.3173
1.1004 1.5509 0.3183
1.0669 1.5672 0.3276
1.6145 0.6571 0.3299
1.6559 0.5890 0.3330
1.6526 0.5918 0.3367
1.6503 0.5873 0.3371
1.6370 0.5832 0.3426
1.6356 0.5864 0.3437
1.6476 0.6036 0.3438
1.6381 0.5970 0.3459
1.6386 0.6028 0.3470
1.6237 0.6316 0.3475
1.6283 0.6348 0.3490
1.6329 0.6224 0.3507
0.3140 1.1319 0.3555
1.0474 1.5912 0.3632
1.5685 1.0888 0.3667
1.1421 0.4905 0.3764
1.5635 1.1244 0.3936
1.5487 1.6192 0.3980
0.5619 1.1700 0.4028
0.5882 1.1784 0.4199
1.0539 1.6105 0.4308
1.1489 1.5803 0.4380
1.1065 1.5802 0.4399
1.0786 0.6084 0.4677
1.0671 1.6142 0.4731
0.3718 1.5927 0.4767
1.5724 1.6222 0.4823
1.0925 1.6028 0.4970
1.5968 1.5936 0.5024
1.0788 1.6177 0.5092
0.6603 1.1038 0.5166
1.6098 1.6011 0.5404
1.1076 1.6116 0.5455
1.1238 1.6107 0.5571
1.6056 1.6263 0.5618
1.1396 1.6170 0.5661
1.6199 1.6179 0.5701
1.6292 1.6291 0.5761
1.6292 1.6291 0.5761
1.6292 1.6291 0.5761
1.6292 1.6291 0.5761
1.6292 1.6291 0.5761
1.6292 1.6291 0.5761
1.6292 1.6291 0.5761
1.6292 1.6291 0.5761
1.6292 1.6291 0.5761
0.2608 1.5735 0.5762
1.6294 1.6293 0.5762
1.6294 1.6293 0.5762
1.6294 1.6293 0.5762
1.6294 1.6293 0.5762
1.6294 1.6293 0.5762
1.6294 1.6293 0.5762
1.6294 1.6293 0.5762
1.6294 1.6293 0.5762
1.6294 1.6293 0.5762
1.6294 1.6293 0.5762
1.6294 1.6293 0.5762
1.6294 1.6293 0.5762
0.6163 1.5686 0.6364
0.1694 1.1482 0.6801
0.6445 1.5825 0.6951
0.6445 1.5825 0.6951
0.1678 1.0915 0.7019
0.5890 1.5784 0.7170
0.0473 1.5777 0.7860
0.0365 1.5773 0.7885
0.0365 1.5773 0.7885
0.1225 1.5774 0.7895
0.0387 1.5784 0.7950
0.5631 0.6838 0.8230
0.5631 0.6838 0.8230
0.5631 0.6838 0.8230
1.1134 0.1926 0.8314
1.1134 0.1926 0.8314
1.1071 0.1850 0.8323
1.0912 0.1367 0.8791
1.0912 0.1367 0.8791
0.0907 1.5956 0.9355
-0.0391 1.6102 1.2156
-0.0391 1.6102 1.2156
