1.1092 1.3386 0.0243
1.3469 1.4126 0.0512
0.8734 1.5926 0.1113
0.9934 1.1223 0.1652
1.5804 1.5952 0.2313
1.5903 1.5999 0.2456
0.6072 1.2130 0.2616
1.6106 1.6064 0.2645
1.6131 1.6064 0.2659
1.6107 1.6108 0.2667
1.6111 1.6116 0.2673
1.6120 1.6129 0.2685
1.6140 1.6127 0.2693
1.6145 1.6126 0.2695
1.6123 1.6146 0.2696
1.6173 1.6122 0.2710
1.6173 1.6133 0.2715
1.6182 1.6137 0.2723
1.6182 1.6140 0.2724
1.6181 1.6144 0.2726
1.6189 1.6147 0.2733
1.6166 1.6178 0.2739
1.6194 1.6168 0.2749
1.6197 1.6186 0.2761
1.6202 1.6187 0.2766
1.6197 1.6201 0.2772
1.6188 1.6215 0.2775
1.6223 1.6194 0.2785
1.6261 1.6248 0.2842
0.5653 1.0291 0.2938
1.1016 1.0663 0.3124
1.0744 1.1302 0.3193
0.3806 1.1051 0.3212
1.0972 1.0798 0.3276
1.1482 1.0902 0.3415
1.0989 1.1056 0.3515
1.1433 1.1055 0.3570
1.1114 1.1261 0.3617
1.1532 1.5750 0.3968
1.0630 1.5838 0.3998
0.6168 1.5755 0.4744
0.6441 1.5820 0.4836
0.6442 1.5821 0.4842
0.6444 1.5823 0.4847
0.5889 1.5783 0.4866
0.5831 1.1130 0.4992
1.1445 1.6016 0.5044
0.1237 1.5671 0.5371
1.5694 0.6246 0.5519
1.1284 1.6080 0.5611
1.0999 1.6090 0.5666
1.0999 1.6090 0.5666
1.1257 1.6092 0.5703
1.1870 0.5425 0.6439
1.5991 1.1541 0.6598
1.5972 0.6415 0.6616
1.1402 0.4140 0.6699
-0.0393 1.6101 0.6778
-0.0392 1.6102 0.6778
-0.0391 1.6102 0.6779
-0.0391 1.6102 0.6779
-0.0391 1.6102 0.6779
-0.0393 1.6101 0.6779
1.5976 1.0607 0.6803
1.5890 1.1381 0.6930
0.0597 1.6106 0.6935
1.6075 0.6157 0.6968
0.2474 1.6120 0.7053
1.6151 0.6338 0.7097
1.6151 0.6338 0.7097
1.6151 0.6338 0.7097
1.6292 0.5886 0.7159
1.6292 0.5886 0.7159
1.6292 0.5886 0.7159
1.6492 0.5957 0.7192
1.6375 0.6088 0.7295
1.6375 0.6088 0.7295
1.6375 0.6088 0.7295
1.6375 0.6088 0.7295
0.1481 1.6112 0.7772
0.1481 1.6112 0.7772
1.5986 1.1008 0.8395
1.5986 1.1123 0.8571
1.0991 0.5163 0.8845
1.0991 0.5163 0.8845
0.5711 0.6834 0.8976
1.6139 1.1164 0.9416
1.0889 0.2180 0.9994
1.0889 0.2180 0.9994
1.0889 0.2180 0.9994
0.1695 1.1490 1.0201
0.1695 1.1490 1.0201
0.1695 1.1490 1.0201
0.6794 0.6225 1.0976
0.6794 0.6225 1.0976
0.6607 0.6029 1.1509
0.6607 0.6029 1.1509
0.6578 0.6068 1.1655
1.1163 0.2104 1.1670
1.1163 0.2104 1.1670
