1.3348 1.1939 0.0180
0.8829 1.3952 0.0457
0.9125 1.1150 0.0721
1.1499 0.8811 0.0926
0.8115 1.6778 0.1005
0.8231 1.6267 0.1187
0.6970 1.7280 0.1386
1.6168 1.2851 0.1504
0.4098 1.6962 0.1577
1.2789 1.6606 0.1895
0.4650 1.6859 0.2031
1.1311 1.7554 0.2223
1.1953 0.7404 0.2336
1.6603 1.2440 0.2463
0.4072 1.6035 0.2542
-0.0700 1.7250 0.2761
-0.0700 1.7250 0.2761
1.6718 1.2244 0.2900
0.6785 1.6720 0.2989
1.1654 0.4495 0.3091
0.6615 1.0488 0.3260
1.1178 1.2071 0.3305
0.6703 1.6167 0.3369
0.7082 1.1319 0.3407
0.6115 1.5978 0.3498
0.5539 1.1843 0.3697
0.6269 1.6434 0.3787
1.7142 1.1017 0.3921
1.0591 1.6552 0.4021
1.1348 1.7074 0.4366
1.6524 1.1874 0.4542
1.6498 1.1834 0.4718
1.6701 1.1698 0.4740
1.6737 1.1662 0.4750
1.0791 0.6392 0.4920
1.6621 1.1692 0.4950
0.6067 1.1344 0.5099
1.0941 1.6457 0.5149
1.6444 1.1716 0.5192
1.5743 1.6793 0.5304
1.5727 1.6547 0.5662
1.1356 0.6317 0.5701
0.1768 1.6290 0.6119
0.0697 1.6381 0.6191
0.0962 1.6316 0.6297
0.0458 1.6295 0.6313
1.6370 1.6229 0.6487
1.6370 1.6229 0.6487
1.6370 1.6229 0.6487
1.6370 1.6229 0.6487
1.6370 1.6229 0.6487
1.6370 1.6229 0.6487
1.6370 1.6229 0.6487
1.6370 1.6229 0.6487
1.6370 1.6229 0.6487
1.6370 1.6229 0.6487
1.6370 1.6229 0.6487
1.6370 1.6229 0.6487
1.6370 1.6229 0.6487
1.6370 1.6229 0.6487
1.6370 1.6229 0.6487
1.6177 1.1131 0.6491
-0.0212 1.6316 0.6973
-0.0433 1.6371 0.7355
0.6444 0.6486 0.7696
0.6444 0.6486 0.7696
0.5928 0.6493 0.8022
0.5928 0.6493 0.8022
1.1724 -0.1704 0.8404
1.1724 -0.1704 0.8404
1.1724 -0.1704 0.8404
1.1724 -0.1704 0.8404
1.1724 -0.1704 0.8404
-0.6005 1.6318 1.1363
-0.6005 1.6318 1.1363
-0.6005 1.6318 1.1363
-0.6005 1.6318 1.1363
-0.6005 1.6318 1.1363
-0.6005 1.6318 1.1363
-0.6005 1.6318 1.1363
-0.6005 1.6318 1.1363
-0.6005 1.6318 1.1363
-0.6005 1.6318 1.1363
-0.6005 1.6318 1.1363
-0.6005 1.6318 1.1363
-0.6005 1.6318 1.1363
-0.6005 1.6318 1.1363
-0.6005 1.6318 1.1363
1.6221 0.5830 1.2149
1.6221 0.5830 1.2149
1.6461 0.6479 1.2407
1.6461 0.6479 1.2407
1.6461 0.6479 1.2407
1.6461 0.6479 1.2407
1.6461 0.6479 1.2407
1.6461 0.6479 1.2407
1.6461 0.6479 1.2407
1.6461 0.6479 1.2407
0.6213 0.1494 1.8392
0.6213 0.1494 1.8392
