0.2668 -0.4242 0.0302
0.1438 0.3938 0.0560
0.0945 -0.4818 0.0740
-0.7117 -0.3626 0.0948
-0.0798 -0.2236 0.1029
0.2908 -0.0469 0.1240
-0.5765 0.3744 0.1527
-0.7035 0.7898 0.1632
-0.7514 1.5137 0.1822
-0.2949 -0.6188 0.2060
0.7519 -0.6899 0.2142
0.7295 -0.7106 0.2315
-0.1856 1.5200 0.2398
1.0481 -0.9339 0.2477
-0.1852 -0.6365 0.2731
0.1123 1.2387 0.2821
-0.6669 -0.1970 0.3219
-0.6271 -0.1822 0.3316
-0.7580 0.5772 0.3497
0.5677 -0.6059 0.3660
-0.6059 -0.6038 0.4876
1.5424 0.6100 0.5512
0.5850 -0.1044 0.5979
-0.7175 1.0610 0.6231
-0.6089 1.0487 0.6246
1.5697 0.5698 0.6347
1.6511 1.2704 0.6713
1.6601 0.5519 0.6727
1.6601 0.5519 0.6727
1.6601 0.5519 0.6727
1.6601 0.5519 0.6727
1.6750 0.5829 0.6910
1.6750 0.5829 0.6910
1.6750 0.5829 0.6910
1.6750 0.5829 0.6910
1.5894 0.5759 0.7423
0.6347 -0.1115 0.7580
1.0110 0.5817 0.7735
1.5903 0.6037 0.8161
1.6348 1.6187 0.9166
1.6348 1.6187 0.9166
1.6348 1.6187 0.9166
1.6348 1.6187 0.9166
1.6348 1.6187 0.9166
1.6348 1.6187 0.9166
1.6348 1.6187 0.9166
1.6348 1.6187 0.9166
1.6348 1.6187 0.9166
1.6348 1.6187 0.9166
1.6348 1.6187 0.9166
1.6348 1.6187 0.9166
1.6348 1.6187 0.9166
1.6348 1.6187 0.9166
1.6348 1.6187 0.9166
1.6348 1.6187 0.9166
1.6348 1.6187 0.9166
1.6348 1.6187 0.9166
1.6348 1.6187 0.9166
1.6348 1.6187 0.9166
1.6348 1.6187 0.9166
1.6348 1.6187 0.9166
1.6348 1.6187 0.9166
1.6348 1.6187 0.9166
-0.5793 1.6613 1.0044
-0.5988 1.6747 1.0264
-0.5988 1.6747 1.0264
-0.5988 1.6747 1.0264
0.6849 1.5355 1.1132
1.5993 -0.5130 1.2546
1.5993 -0.5130 1.2546
1.5993 -0.5130 1.2546
1.5993 -0.5130 1.2546
1.5993 -0.5130 1.2546
1.5993 -0.5130 1.2546
1.5993 -0.5130 1.2546
1.0992 1.0715 1.6991
1.0992 1.0715 1.6991
1.1214 1.0857 1.9433
1.1214 1.0857 1.9433
1.1214 1.0857 1.9433
1.1214 1.0857 1.9433
1.1214 1.0857 1.9433
1.1214 1.0857 1.9433
1.1214 1.0857 1.9433
1.1214 1.0857 1.9433
0.6859 1.6473 1.9968
0.6859 1.6473 1.9968
0.6859 1.6473 1.9968
0.6859 1.6473 1.9968
0.6859 1.6473 1.9968
0.6859 1.6473 1.9968
0.6859 1.6473 1.9968
0.6859 1.6473 1.9968
0.6378 1.6411 2.3400
0.6378 1.6411 2.3400
0.6378 1.6411 2.3400
1.1322 1.5086 2.6355
1.1322 1.5086 2.6355
1.1322 1.5086 2.6355
1.1322 1.5086 2.6355
