1.4424 1.1049 0.0554
0.2119 -0.7953 0.0739
1.5578 1.2793 0.1013
0.2244 -0.7726 0.1103
-0.7710 -0.1747 0.1233
-0.7173 0.4187 0.1338
0.4375 0.7157 0.1501
1.4586 1.5790 0.1583
-0.7764 0.5643 0.1689
0.1591 0.2497 0.1793
-0.0354 -0.2145 0.1873
-0.6117 -0.3569 0.1987
-0.1902 0.5196 0.2121
-0.2219 0.5297 0.2194
-0.2162 0.5392 0.2470
0.5300 -0.6592 0.3092
0.5460 -0.6476 0.3523
1.0208 1.6002 0.4107
0.7066 -0.6522 0.4287
0.5999 -0.6672 0.4506
-0.0786 0.6242 0.4620
0.5998 -0.6392 0.4690
1.5219 0.1251 0.4924
1.5959 1.1203 0.5146
1.6090 1.0970 0.5208
1.6370 1.1072 0.5404
1.6370 1.1072 0.5404
1.6370 1.1072 0.5404
1.6370 1.1072 0.5404
1.6370 1.1072 0.5404
1.6370 1.1072 0.5404
1.6370 1.1072 0.5404
1.6370 1.1072 0.5404
1.6370 1.1072 0.5404
1.1521 1.5820 0.5424
1.1521 1.5820 0.5424
1.1521 1.5820 0.5424
1.1521 1.5820 0.5424
1.6347 1.1125 0.5477
1.6246 1.1186 0.5519
-0.7636 1.1237 0.6010
0.5932 -0.1032 0.6375
1.1504 0.4761 0.6447
0.6340 1.5413 0.6514
1.1197 1.6595 0.6624
1.1197 1.6595 0.6624
1.1197 1.6595 0.6624
1.1197 1.6595 0.6624
1.1197 1.6595 0.6624
0.6056 -0.0806 0.6631
1.5905 0.4285 0.6702
1.1596 0.4960 0.6761
1.5920 0.4500 0.7167
1.0400 -0.6607 0.7213
1.5410 0.1436 0.7478
1.0921 0.5605 0.7825
1.5476 0.1033 0.8481
1.0989 0.5906 0.8815
1.1040 0.5938 0.9123
1.0779 0.0454 0.9348
1.5745 0.6746 0.9786
1.0664 -0.6663 0.9842
1.0664 -0.6663 0.9842
0.2164 1.5986 1.0210
1.0883 0.0727 1.0222
0.6034 1.5877 1.0324
0.6034 1.5877 1.0324
0.6034 1.5877 1.0324
0.6034 1.5877 1.0324
0.2497 1.6319 1.0358
1.0986 0.0584 1.0599
1.0986 0.0584 1.0599
0.2149 1.6130 1.1066
1.6537 0.5414 1.2472
1.6537 0.5414 1.2472
1.6537 0.5414 1.2472
1.6537 0.5414 1.2472
1.6537 0.5414 1.2472
1.5852 0.6487 1.2658
-0.6870 1.5366 1.3242
-0.6870 1.5366 1.3242
1.5859 -0.2539 2.0978
1.5859 -0.2539 2.0978
1.5859 -0.2539 2.0978
1.5859 -0.2539 2.0978
1.5859 -0.2539 2.0978
-0.6944 1.6158 2.5249
-0.6944 1.6158 2.5249
-0.6944 1.6158 2.5249
-0.6944 1.6158 2.5249
1.6348 1.6187 2.6010
1.6348 1.6187 2.6010
1.6348 1.6187 2.6010
-0.6693 1.6465 2.6917
-0.6693 1.6465 2.6917
-0.6693 1.6465 2.6917
-0.6693 1.6465 2.6917
-0.6693 1.6465 2.6917
-0.6693 1.6465 2.6917
-0.6693 1.6465 2.6917
