0.9125 1.4387 0.0260
0.5538 1.2634 0.0770
0.7875 1.0516 0.1130
1.2500 0.5322 0.1307
1.5282 1.6160 0.1563
1.2506 1.6104 0.1799
1.6150 1.5599 0.2051
0.7461 1.5574 0.2078
1.5710 1.6136 0.2197
1.5799 1.6144 0.2307
0.3792 1.1807 0.2321
1.5943 1.6153 0.2448
1.6114 1.6149 0.2542
1.6092 1.6174 0.2545
1.6127 1.6156 0.2550
1.6126 1.6162 0.2553
1.6153 1.6154 0.2560
1.6165 1.6159 0.2567
1.6166 1.6177 0.2575
1.6168 1.6177 0.2576
1.6177 1.6177 0.2580
1.6182 1.6181 0.2584
1.6184 1.6183 0.2586
1.6188 1.6183 0.2588
1.6202 1.6194 0.2600
1.6204 1.6198 0.2603
1.6217 1.6209 0.2615
1.6219 1.6211 0.2617
1.6210 1.6226 0.2621
1.6240 1.6229 0.2637
1.6248 1.6236 0.2645
1.6251 1.6239 0.2647
1.6251 1.6240 0.2648
1.5627 0.7455 0.2656
1.6261 1.6248 0.2658
1.5961 1.2184 0.2676
1.0745 0.4318 0.3025
0.7573 1.6042 0.3232
0.7234 1.5785 0.3329
1.1676 0.3826 0.3385
1.1569 0.3882 0.3597
0.6558 1.1826 0.3624
1.5418 1.1281 0.3664
0.9993 0.6406 0.3843
0.2785 1.6089 0.3926
0.2785 1.6089 0.3926
1.0892 1.5631 0.4009
1.0831 0.4858 0.4168
1.1782 1.6100 0.4169
0.2465 1.6027 0.4266
1.1671 1.5960 0.4269
0.5507 1.5972 0.4461
0.2474 1.6120 0.4468
0.6377 1.1597 0.4500
0.2143 1.5973 0.4546
1.5924 1.1610 0.4578
1.1640 1.6094 0.4655
1.5954 1.1594 0.4711
0.6510 1.5850 0.4827
0.6288 1.5837 0.4857
1.1576 1.6091 0.4876
1.5958 1.1518 0.4975
0.6446 1.1359 0.4976
0.6800 1.5986 0.4991
0.6369 1.0724 0.5008
0.2003 1.6102 0.5084
0.1818 1.6044 0.5163
1.0784 1.1307 0.5277
0.1090 1.5960 0.5483
1.0882 1.1316 0.5545
1.5897 1.1085 0.5625
1.5903 1.1226 0.5638
1.5903 1.1226 0.5638
1.5903 1.1226 0.5638
1.5885 0.6712 0.5745
1.0769 0.5422 0.5747
1.5983 1.1276 0.5785
1.5986 1.1008 0.5822
1.5986 1.1008 0.5822
1.1018 1.1270 0.5892
1.1114 1.1261 0.6010
1.5908 0.6578 0.6139
1.5898 0.6483 0.6275
1.5972 0.6416 0.6678
1.0938 0.7005 0.6889
1.6151 0.6338 0.7360
1.6151 0.6338 0.7360
1.6151 0.6338 0.7360
1.6151 0.6338 0.7360
0.1886 1.1566 0.7720
1.6375 0.6088 0.7968
1.6375 0.6088 0.7968
1.6375 0.6088 0.7968
1.1486 0.6340 0.7971
-0.0392 1.6101 0.8028
-0.0391 1.6102 0.8029
-0.0391 1.6102 0.8029
-0.0391 1.6102 0.8029
0.1695 1.1490 0.8825
1.0889 0.2180 0.8979
