0.3305 1.5488 0.0824
0.1295 1.5278 0.0998
1.5051 1.5388 0.1112
0.5278 1.5421 0.1342
0.5409 0.7490 0.1450
0.5303 1.5505 0.1570
1.5153 1.5505 0.1628
0.5314 1.5541 0.1670
0.5428 1.5524 0.1742
1.4791 1.1468 0.1871
0.5549 1.5545 0.1931
0.2276 1.5869 0.2044
1.5386 0.4842 0.2159
1.0243 1.5455 0.2277
0.0895 1.5838 0.2356
0.9710 1.6202 0.2503
0.2802 1.1690 0.2543
1.5499 0.4806 0.2717
0.0314 1.5970 0.2745
0.1017 1.6072 0.2765
0.2791 1.1580 0.2852
0.0739 1.6164 0.2922
0.5970 1.5748 0.2999
1.5950 1.5278 0.3038
1.5518 1.5645 0.3087
-0.0038 1.6506 0.3112
0.5823 1.5875 0.3157
-0.0092 1.6389 0.3218
0.5941 1.5864 0.3275
0.6929 1.0764 0.3325
-0.0240 1.6316 0.3353
0.5523 1.0911 0.3417
1.5651 1.5659 0.3527
0.6705 0.6956 0.3543
0.6681 1.0728 0.3600
0.6114 0.6979 0.3784
0.6687 1.0834 0.3829
1.5782 1.5648 0.3858
1.0259 1.5942 0.3903
1.5799 1.5652 0.3916
1.5969 1.5543 0.3973
1.1066 0.1733 0.4001
1.5612 0.6937 0.4163
0.6460 0.6838 0.4187
1.1170 0.1158 0.4512
1.5960 1.5739 0.4588
1.0322 1.6173 0.4625
1.0297 1.6314 0.4634
1.5892 1.5837 0.4717
1.5895 1.5844 0.4744
0.1085 1.1405 0.4932
0.1559 1.1225 0.5091
1.5835 0.5134 0.5107
0.1057 1.1281 0.5248
1.1318 0.5778 0.5251
1.1182 1.0628 0.5270
1.6183 1.5846 0.5324
1.6183 1.5846 0.5324
1.6183 1.5846 0.5324
1.6183 1.5846 0.5324
1.1822 1.6343 0.5610
1.0963 0.6605 0.5650
1.1397 0.6121 0.5682
0.0465 1.0876 0.5693
1.1470 0.6427 0.5726
1.1252 0.6669 0.5789
1.1158 1.0781 0.5814
1.0999 0.6477 0.5824
1.1285 0.6157 0.5837
1.6127 1.6083 0.5838
1.0998 0.6349 0.5878
1.1655 1.6244 0.6087
1.1655 1.6244 0.6087
1.1655 1.6244 0.6087
1.1655 1.6244 0.6087
1.1655 1.6244 0.6087
1.6294 1.6293 0.6344
1.6294 1.6293 0.6344
1.6294 1.6293 0.6344
1.6294 1.6293 0.6344
1.6294 1.6293 0.6344
1.6294 1.6293 0.6344
1.6294 1.6293 0.6344
1.6294 1.6293 0.6344
1.1356 1.5982 0.6379
1.5937 0.6732 0.6426
1.1312 1.6127 0.6766
1.1312 1.6127 0.6766
1.1312 1.6127 0.6766
1.5619 1.1412 0.6811
1.1338 1.1111 0.6840
1.1191 1.1238 0.6921
1.1440 1.1229 0.6942
1.6332 0.6907 0.7121
1.5633 1.1244 0.7138
1.6143 0.6516 0.7708
1.6502 0.5789 0.7983
1.6312 0.5820 0.8100
1.6312 0.5820 0.8100
1.5966 1.0774 0.8947
