0.4836 1.7707 0.0124
1.3533 0.9583 0.0458
0.7211 1.2632 0.0701
0.9856 0.7195 0.0851
0.9010 1.6905 0.1037
0.8708 1.5866 0.1274
1.1986 0.4584 0.1529
1.4475 1.9047 0.1761
1.4982 1.5991 0.2001
1.2544 1.6774 0.2120
1.5103 1.5916 0.2282
1.2557 1.6588 0.2379
0.6442 1.5376 0.2607
-0.3078 0.9928 0.3007
1.0389 1.1934 0.3208
1.2375 1.1034 0.3306
1.0921 0.3064 0.3402
0.7329 1.5996 0.3605
1.1686 1.0302 0.3668
0.6351 1.7017 0.3731
-0.1661 1.7257 0.3822
1.1300 1.2214 0.3952
1.5648 0.5311 0.4115
1.5666 0.5288 0.4164
1.0651 1.1893 0.4180
1.5724 0.5219 0.4318
1.5724 0.5219 0.4318
1.1771 1.6959 0.4530
0.6579 1.6144 0.5073
1.5685 0.0603 0.5451
1.5685 0.0603 0.5451
1.5685 0.0603 0.5451
0.5339 1.1541 0.5634
1.6589 1.6776 0.5650
1.6046 -0.4198 0.5967
1.6046 -0.4198 0.5967
1.6348 1.6187 0.6073
1.6348 1.6187 0.6073
1.6348 1.6187 0.6073
1.6348 1.6187 0.6073
1.6348 1.6187 0.6073
1.6348 1.6187 0.6073
1.6348 1.6187 0.6073
1.6348 1.6187 0.6073
1.6348 1.6187 0.6073
1.6348 1.6187 0.6073
1.6348 1.6187 0.6073
1.6348 1.6187 0.6073
1.6348 1.6187 0.6073
1.5344 -0.6774 0.6122
1.5344 -0.6774 0.6122
1.5344 -0.6774 0.6122
1.5344 -0.6774 0.6122
0.1731 1.6429 0.6274
1.0769 1.6164 0.6391
1.1263 1.6527 0.7078
1.6351 -0.4683 0.7281
1.6351 -0.4683 0.7281
1.6351 -0.4683 0.7281
1.6351 -0.4683 0.7281
0.0433 1.6132 0.7289
1.6184 0.1583 0.7923
1.0974 -0.5634 0.8024
1.0974 -0.5634 0.8024
1.0974 -0.5634 0.8024
1.0974 -0.5634 0.8024
1.0974 -0.5634 0.8024
1.0974 -0.5634 0.8024
1.0974 -0.5634 0.8024
1.0974 -0.5634 0.8024
-0.5306 1.6941 0.8031
-0.3243 1.6090 0.8094
-0.0524 0.5205 0.8295
1.6225 0.0060 0.9065
1.6225 0.0060 0.9065
1.6058 0.6326 0.9474
-0.1436 1.6470 1.0493
-0.1436 1.6470 1.0493
0.1924 0.5712 1.0915
-0.5618 0.2763 1.6998
-0.5618 0.2763 1.6998
-0.5618 0.2763 1.6998
-0.3899 1.1445 1.7380
-0.3899 1.1445 1.7380
-0.6402 1.6214 1.8311
-0.6402 1.6214 1.8311
-0.6402 1.6214 1.8311
-0.6693 1.6465 1.8349
-0.6693 1.6465 1.8349
-0.6453 1.6168 1.8378
-0.6453 1.6168 1.8378
-0.6453 1.6168 1.8378
-0.6453 1.6168 1.8378
-0.6453 1.6168 1.8378
1.6579 1.1260 2.0721
1.6579 1.1260 2.0721
1.6579 1.1260 2.0721
1.6720 1.1056 2.1339
1.6720 1.1056 2.1339
1.6720 1.1056 2.1339
