0.3187 0.0117 0.0408
0.3131 -0.2430 0.0665
-0.2300 0.3547 0.0855
-0.1169 0.3577 0.0973
0.1877 0.2604 0.1048
-0.3858 0.1018 0.1132
0.2511 0.6859 0.1372
-0.2347 0.7311 0.1545
0.1528 -0.1636 0.1954
0.6229 0.0811 0.2080
1.0420 0.0970 0.2233
0.5894 0.5772 0.2375
1.5340 0.3650 0.2490
0.7016 -0.1532 0.2620
-0.7991 0.6720 0.2953
-0.2732 1.1161 0.3063
-0.2732 1.1161 0.3063
-0.2732 1.1161 0.3063
-0.4534 1.0944 0.3524
1.1465 0.4800 0.3759
0.6621 1.1812 0.3942
0.4757 1.8352 0.4048
0.1825 1.1707 0.4157
1.2545 1.0766 0.4164
0.1857 1.1145 0.4216
0.6217 1.1659 0.4418
0.6596 1.1538 0.4486
0.6232 1.1542 0.4614
0.6438 1.1404 0.4726
1.1353 1.0011 0.5055
1.1603 -0.2982 0.5792
1.1498 -0.3117 0.5971
1.1577 -0.2765 0.6033
-0.3369 1.6058 0.7049
1.6774 1.2289 0.9231
1.6774 1.2289 0.9231
1.5514 1.7519 0.9238
0.0929 -0.7171 0.9480
1.1278 1.1274 1.0303
-0.6187 1.6421 1.0805
-0.6187 1.6421 1.0805
-0.6187 1.6421 1.0805
-0.6187 1.6421 1.0805
-0.6187 1.6421 1.0805
-0.6187 1.6421 1.0805
-0.6187 1.6421 1.0805
-0.6187 1.6421 1.0805
-0.6187 1.6421 1.0805
-0.6187 1.6421 1.0805
-0.6187 1.6421 1.0805
-0.6187 1.6421 1.0805
-0.6424 1.6078 1.1398
1.5839 0.6253 1.2049
1.5839 0.6253 1.2049
1.5839 0.6253 1.2049
1.5839 0.6253 1.2049
1.5839 0.6253 1.2049
1.6739 1.2024 1.2098
1.6739 1.2024 1.2098
1.6739 1.2024 1.2098
0.6361 -0.6544 1.3219
0.6361 -0.6544 1.3219
1.6653 1.1954 1.3469
1.6653 1.1954 1.3469
1.6653 1.1954 1.3469
1.6653 1.1954 1.3469
1.6653 1.1954 1.3469
1.6338 1.0276 1.3677
1.6338 1.0276 1.3677
1.6107 0.6079 1.4008
1.6107 0.6079 1.4008
1.6107 0.6079 1.4008
1.6107 0.6079 1.4008
1.5839 -0.8919 1.6931
1.5839 -0.8919 1.6931
1.6839 -0.4598 2.6516
1.6839 -0.4598 2.6516
1.6839 -0.4598 2.6516
1.6839 -0.4598 2.6516
1.6607 1.5931 2.7152
1.6607 1.5931 2.7152
1.6607 1.5931 2.7152
1.6348 1.6187 3.1322
1.6348 1.6187 3.1322
1.6348 1.6187 3.1322
1.6348 1.6187 3.1322
1.6348 1.6187 3.1322
1.6348 1.6187 3.1322
1.6348 1.6187 3.1322
1.6348 1.6187 3.1322
1.6348 1.6187 3.1322
1.6348 1.6187 3.1322
1.6348 1.6187 3.1322
1.6348 1.6187 3.1322
1.6348 1.6187 3.1322
1.1705 1.6361 3.8073
1.1705 1.6361 3.8073
1.1705 1.6361 3.8073
1.1705 1.6361 3.8073
1.1705 1.6361 3.8073
