0.5099 1.4798 0.0295
1.6007 1.3227 0.0427
1.6293 1.4462 0.0613
0.5887 1.2762 0.0786
0.9932 1.2238 0.0939
1.6331 1.4807 0.1099
0.7773 1.0269 0.1206
1.5240 1.1660 0.1310
0.5452 1.5102 0.1359
0.5548 1.5092 0.1422
0.4110 0.5675 0.1535
1.5900 1.5177 0.1580
0.5048 1.0187 0.1758
1.5421 1.0746 0.1849
1.6162 0.9719 0.1924
0.4043 0.6176 0.1994
1.5115 1.6417 0.2096
1.0017 -0.0172 0.2126
0.6553 1.5222 0.2411
1.5640 1.5714 0.2483
1.5700 1.1395 0.2616
1.5419 1.6051 0.2636
1.6064 1.5525 0.2763
0.2114 1.5457 0.2914
1.5836 1.1355 0.2968
0.7792 1.6168 0.3427
1.6404 1.5683 0.3568
1.1852 1.6051 0.4141
0.6992 1.5696 0.4148
0.6992 1.5696 0.4148
1.1937 0.5050 0.4237
1.6507 1.5892 0.4245
0.2427 0.6575 0.4336
1.7049 1.6341 0.4369
1.6586 1.5965 0.4432
0.2043 0.6866 0.4549
1.5516 0.6363 0.4579
1.1633 1.5986 0.4599
1.1633 1.5986 0.4599
1.0756 0.4624 0.4665
1.7112 0.6639 0.4682
0.7154 1.0978 0.4683
0.2501 1.5902 0.4732
-0.4955 1.0106 0.4957
-0.4955 1.0106 0.4957
1.6761 1.6323 0.5024
0.2567 1.1251 0.5025
1.6231 1.6304 0.5094
1.6294 1.6293 0.5151
1.1253 1.1105 0.5247
1.1698 0.4953 0.5258
1.1698 0.4953 0.5258
1.0448 -0.2641 0.5278
1.5931 0.4128 0.5518
1.5684 0.5988 0.5659
1.0579 -0.0031 0.5688
1.1312 1.6127 0.5693
1.1312 1.6127 0.5693
1.1312 1.6127 0.5693
1.1312 1.6127 0.5693
1.1312 1.6127 0.5693
0.0985 1.1595 0.6129
0.1712 1.6118 0.6452
1.6514 0.6771 0.6715
1.6514 0.6771 0.6715
1.6514 0.6771 0.6715
1.6530 0.6726 0.6825
1.6530 0.6726 0.6825
0.0562 1.6355 0.6874
-0.0254 1.6255 0.6992
-0.0254 1.6255 0.6992
-0.0254 1.6255 0.6992
-0.0254 1.6255 0.6992
-0.0254 1.6255 0.6992
-0.0254 1.6255 0.6992
-0.0254 1.6255 0.6992
-0.0254 1.6255 0.6992
-0.0254 1.6255 0.6992
1.6051 0.5526 0.6997
1.6750 0.6330 0.7062
1.6750 0.6330 0.7062
1.6542 0.5563 0.7443
1.6542 0.5563 0.7443
1.6542 0.5563 0.7443
-0.0843 1.1019 0.8584
-0.0843 1.1019 0.8584
-0.0843 1.1019 0.8584
-0.0843 1.1019 0.8584
-0.0843 1.1019 0.8584
1.1268 -0.0528 0.9484
1.1268 -0.0528 0.9484
1.1150 0.2318 0.9522
1.1150 0.2318 0.9522
1.1175 -0.2510 1.0025
1.1175 -0.2510 1.0025
1.1379 -0.2386 1.0501
1.1379 -0.2386 1.0501
0.6853 -0.0293 1.1700
0.6853 -0.0293 1.1700
0.6853 -0.0293 1.1700
