1.5343 0.8677 0.0276
1.5024 1.0221 0.0739
1.0628 1.2552 0.1334
1.6205 1.5325 0.1645
1.1691 0.7857 0.2038
1.5817 1.5956 0.2240
1.5852 1.5972 0.2293
1.6047 1.5864 0.2352
1.1926 0.2840 0.2403
1.6089 1.5964 0.2482
1.6016 1.6074 0.2528
1.1751 0.4852 0.2542
1.6077 1.6069 0.2564
1.6135 1.6069 0.2598
1.6129 1.6101 0.2619
1.6133 1.6107 0.2625
1.6155 1.6118 0.2645
1.6188 1.6117 0.2664
1.6185 1.6139 0.2678
1.6169 1.6189 0.2705
1.6178 1.6190 0.2710
1.6186 1.6200 0.2722
1.6210 1.6194 0.2731
1.6220 1.6201 0.2740
1.6219 1.6208 0.2745
1.6227 1.6272 0.2792
1.6269 1.6263 0.2807
1.6282 1.6271 0.2818
1.5830 1.1919 0.2966
1.6155 1.2048 0.3083
1.6138 1.2018 0.3160
0.7561 1.1268 0.3175
1.1873 0.5425 0.3240
1.0543 1.5351 0.3282
0.6878 1.2171 0.3299
1.0586 1.0777 0.3488
1.0995 0.5162 0.3569
1.0892 0.2183 0.3602
1.0579 1.1569 0.3703
1.1611 1.0608 0.3721
0.6876 1.2058 0.3802
1.1369 1.0642 0.4135
1.1167 0.2114 0.4193
1.1166 0.2103 0.4208
1.5694 0.6248 0.4243
1.1320 1.0709 0.4313
1.6150 1.1677 0.4332
1.5991 1.1543 0.4460
1.1544 1.1374 0.4567
1.5985 1.0596 0.4589
1.5979 1.0608 0.4604
1.5891 1.1385 0.4659
1.1086 1.1025 0.4813
1.1091 1.1368 0.4872
0.7595 1.5810 0.4917
1.6138 1.1450 0.5061
1.5972 0.6429 0.5143
0.1237 1.5678 0.5338
0.0326 1.5736 0.5344
1.1532 1.5757 0.5399
1.6151 0.6338 0.5572
1.6151 0.6338 0.5572
1.6292 0.5886 0.5613
1.6292 0.5886 0.5613
1.6492 0.5957 0.5633
1.6492 0.5957 0.5633
1.6375 0.6088 0.5737
1.6375 0.6088 0.5737
1.0930 0.6121 0.5761
1.6139 1.1164 0.5788
0.3403 1.1334 0.5843
0.2687 1.5965 0.6392
1.0634 1.5838 0.6522
0.5710 0.6833 0.6674
0.6792 0.6225 0.6816
1.1445 1.6016 0.6948
0.6607 0.6029 0.7162
0.0597 1.6109 0.7170
0.2474 1.6123 0.7270
0.6578 0.6068 0.7329
0.5832 1.1132 0.7607
0.5836 1.1129 0.7609
-0.0391 1.6102 0.7615
-0.0391 1.6102 0.7615
-0.0391 1.6102 0.7615
-0.0391 1.6102 0.7615
-0.0391 1.6102 0.7615
0.6092 1.1404 0.7680
0.1481 1.6112 0.7712
1.1284 1.6080 0.8090
1.1257 1.6092 0.8285
1.0999 1.6090 0.8755
1.0999 1.6090 0.8755
0.5890 1.5784 1.0028
0.6170 1.5758 1.0077
0.6445 1.5825 1.0519
0.6445 1.5825 1.0519
0.6445 1.5825 1.0519
0.1695 1.1490 1.2409
0.1695 1.1490 1.2409
