0.6946 1.5033 0.1369
1.0429 0.2832 0.1937
0.2765 1.5646 0.2210
1.5379 0.6974 0.2272
0.2544 1.5678 0.2531
1.5998 1.6050 0.2700
0.7545 0.5921 0.2711
1.6076 1.6088 0.2770
1.6079 1.6105 0.2782
1.6110 1.6124 0.2807
1.6138 1.6136 0.2825
1.6161 1.6132 0.2833
1.6161 1.6138 0.2836
1.6168 1.6138 0.2839
1.6176 1.6146 0.2848
1.6186 1.6142 0.2852
1.6174 1.6159 0.2855
1.6183 1.6158 0.2859
0.1967 1.1837 0.2868
1.6191 1.6167 0.2870
1.6195 1.6195 0.2892
1.6193 1.6200 0.2894
1.0608 0.2494 0.2899
0.2429 1.0762 0.2941
1.6261 1.6248 0.2968
0.2766 1.1267 0.2972
0.1767 1.1842 0.3005
1.5507 0.6655 0.3154
1.5723 0.7010 0.3358
1.1544 0.3190 0.3475
0.2616 1.6030 0.3518
1.5985 0.7170 0.3717
0.5199 1.5968 0.3811
0.2474 1.6120 0.3892
0.1778 1.1472 0.3942
0.1695 1.1490 0.3997
0.7263 0.6236 0.4013
0.5590 1.5804 0.4078
1.0889 0.2180 0.4111
1.0889 0.2180 0.4111
0.2033 1.6044 0.4269
1.6084 0.6934 0.4349
1.6083 0.6932 0.4351
0.7120 0.6143 0.4484
0.6971 0.6788 0.4566
1.5491 1.1375 0.4636
0.0435 1.5884 0.4711
1.1163 0.2104 0.4796
1.5972 0.6416 0.4848
0.6161 1.5801 0.5002
0.6169 1.5802 0.5013
1.6151 0.6338 0.5197
1.6151 0.6338 0.5197
0.5989 1.0861 0.5260
1.0992 0.5163 0.5269
0.6444 1.5822 0.5274
1.6492 0.5957 0.5288
1.6292 0.5886 0.5344
1.6375 0.6088 0.5365
1.6375 0.6088 0.5365
1.6375 0.6088 0.5365
0.5937 1.1267 0.5411
0.6726 1.1207 0.5645
1.5924 1.1610 0.5665
1.6120 1.0491 0.5681
0.6446 1.1359 0.5737
1.5976 1.0607 0.5759
1.5991 1.1542 0.6148
0.6555 0.6435 0.6189
1.0745 1.1302 0.6218
1.0784 1.1307 0.6345
-0.0389 1.6102 0.6380
-0.0392 1.6101 0.6384
-0.0391 1.6102 0.6385
-0.0391 1.6102 0.6385
-0.0391 1.6103 0.6385
1.5890 1.1381 0.6415
1.1482 1.0902 0.6579
1.0873 1.1283 0.6646
1.1055 1.0901 0.6721
0.6207 0.6388 0.6770
1.1246 1.0901 0.6778
1.1198 1.0992 0.6957
1.5903 1.1226 0.6963
1.1533 1.5751 0.6969
1.5897 1.1085 0.7013
1.1114 1.1261 0.7094
1.1143 1.1308 0.7099
1.5986 1.1008 0.7217
1.5986 1.1123 0.7448
1.1446 1.6016 0.8888
1.1391 1.6089 0.9607
1.1284 1.6081 1.0432
1.1257 1.6092 1.0718
1.1257 1.6092 1.0718
1.1257 1.6092 1.0718
1.0999 1.6090 1.1180
1.0999 1.6090 1.1180
1.0999 1.6090 1.1180
1.0999 1.6090 1.1181
