1.3343 1.1655 0.0216
1.3512 0.8924 0.0424
1.1426 0.8766 0.0546
1.4845 1.1752 0.0989
1.1289 0.9954 0.1226
0.7144 1.1865 0.1732
1.1103 1.0472 0.1947
0.4676 1.5535 0.2116
1.1871 1.1352 0.2305
1.0760 1.1337 0.2349
1.1362 1.0802 0.2436
1.0951 1.1124 0.2531
1.5249 1.1215 0.2616
0.4782 1.1319 0.2644
1.1228 1.1319 0.2711
1.1340 1.1261 0.2726
0.3426 1.1380 0.2793
1.0813 0.7253 0.2827
0.3654 1.5907 0.3002
0.3252 1.1348 0.3058
1.5388 1.1007 0.3078
0.6586 1.1020 0.3222
1.1508 1.5487 0.3368
0.5460 1.5539 0.3422
1.5620 0.6021 0.3450
0.2223 1.5706 0.3563
1.1659 1.5598 0.3633
1.0431 1.5877 0.3640
0.0297 1.5695 0.3724
0.0440 1.5732 0.3880
0.6846 1.5667 0.4006
1.2137 1.6115 0.4045
1.5554 1.1196 0.4100
0.2689 1.1243 0.4117
1.0447 1.6094 0.4345
1.0963 1.5756 0.4391
1.1128 1.5719 0.4443
1.5633 1.1244 0.4571
0.2461 1.1054 0.4573
1.1087 0.6791 0.4801
0.6039 1.5667 0.4856
1.6143 0.6516 0.4862
0.0851 1.5946 0.4865
1.6502 0.5789 0.4899
1.6502 0.5789 0.4899
1.6502 0.5789 0.4899
1.6482 0.5793 0.4918
1.6312 0.5820 0.4973
1.6312 0.5820 0.4973
1.6312 0.5820 0.4973
1.6312 0.5820 0.4973
0.5726 1.5759 0.5085
1.1608 0.6388 0.5218
1.0754 1.6143 0.5375
1.0925 1.6021 0.5386
0.1486 1.1351 0.5513
0.1402 1.0864 0.5618
1.1482 0.6366 0.5686
1.1074 1.6112 0.5967
1.6079 1.5985 0.6062
1.1238 1.6107 0.6124
1.1118 1.6158 0.6170
1.0771 0.6056 0.6177
1.1396 1.6170 0.6239
-0.0391 1.6102 0.6328
0.6165 1.5938 0.6440
1.6168 1.6159 0.6447
1.6199 1.6179 0.6490
1.0633 0.2185 0.6516
1.0633 0.2185 0.6516
1.6292 1.6291 0.6560
1.6292 1.6291 0.6560
1.6292 1.6291 0.6560
1.6292 1.6291 0.6560
1.6292 1.6291 0.6560
1.6292 1.6291 0.6560
1.6292 1.6291 0.6560
1.6294 1.6293 0.6561
1.6294 1.6293 0.6561
1.6294 1.6293 0.6561
1.6294 1.6293 0.6561
1.6294 1.6293 0.6561
1.6294 1.6293 0.6561
1.6294 1.6293 0.6561
1.6294 1.6293 0.6561
1.6294 1.6293 0.6561
1.6294 1.6293 0.6561
1.6294 1.6293 0.6561
1.6294 1.6293 0.6561
1.6294 1.6293 0.6561
1.6294 1.6293 0.6561
1.1122 0.5728 0.6751
1.0735 0.1279 0.8223
1.0850 0.1320 0.8937
1.0850 0.1320 0.8937
1.0850 0.1320 0.8937
1.1079 0.1838 0.9666
1.1079 0.1838 0.9666
0.5631 0.6838 1.3303
0.5631 0.6838 1.3303
