0.6522 1.4431 0.0231
1.6805 1.3208 0.0492
0.6746 0.8300 0.0789
0.2601 1.7369 0.0924
1.6882 0.8264 0.1119
0.0199 1.5093 0.1197
0.8769 1.6673 0.1354
1.7108 1.7434 0.1532
0.7493 1.7184 0.1570
0.8458 1.6485 0.1715
0.8294 1.6613 0.1731
1.2564 0.6694 0.2027
1.1076 0.8160 0.2161
0.2970 1.6814 0.2419
0.3278 1.6682 0.2458
1.2480 1.1553 0.2586
0.3297 1.6311 0.2877
0.3297 1.6311 0.2877
1.6623 1.0180 0.2897
0.1018 1.6951 0.3011
1.6705 1.2051 0.3260
1.6292 1.7301 0.3373
1.6852 1.1846 0.3533
1.6518 1.5627 0.3946
0.1113 1.6699 0.3971
1.6912 1.6380 0.4321
1.6912 1.6380 0.4321
1.6777 1.0935 0.4359
1.6855 1.6578 0.4360
1.6762 1.6614 0.4543
1.6640 1.6744 0.4607
0.0341 1.6438 0.4778
1.6604 1.6659 0.4798
1.6662 1.6520 0.4842
1.1943 0.7050 0.4858
1.6464 1.6713 0.4922
1.6498 1.6682 0.4926
1.6445 1.6693 0.4975
1.6580 1.6464 0.5026
1.6564 1.6423 0.5073
0.6552 1.6556 0.5177
1.6177 1.1131 0.5208
1.6468 1.6327 0.5222
1.6418 1.6351 0.5275
1.6370 1.6229 0.5280
1.6370 1.6229 0.5280
1.6373 1.6437 0.5297
-0.0212 1.6316 0.5405
1.1511 1.5503 0.5447
-0.0433 1.6371 0.5740
1.2001 0.6620 0.5971
1.6461 0.6479 0.5988
1.6461 0.6479 0.5988
1.6461 0.6479 0.5988
1.6461 0.6479 0.5988
1.6461 0.6479 0.5988
1.6461 0.6479 0.5988
1.6461 0.6479 0.5988
1.1020 1.1726 0.6245
-0.6005 1.6318 0.6541
-0.6005 1.6318 0.6541
-0.6005 1.6318 0.6541
-0.6005 1.6318 0.6541
-0.6005 1.6318 0.6541
-0.6005 1.6318 0.6541
-0.6005 1.6318 0.6541
-0.6005 1.6318 0.6541
-0.6005 1.6318 0.6541
-0.6005 1.6318 0.6541
-0.6005 1.6318 0.6541
-0.6005 1.6318 0.6541
-0.6005 1.6318 0.6541
-0.6005 1.6318 0.6541
-0.6005 1.6318 0.6541
-0.6005 1.6318 0.6541
1.6221 0.5830 0.6706
1.6221 0.5830 0.6706
-0.1277 1.6571 0.6894
-0.1314 1.6502 0.7149
1.1817 1.6488 0.7408
1.1724 -0.1704 0.8257
1.1724 -0.1704 0.8257
1.1724 -0.1704 0.8257
1.1724 -0.1704 0.8257
1.1724 -0.1704 0.8257
1.1724 -0.1704 0.8257
1.1724 -0.1704 0.8257
0.5928 0.6493 0.8345
0.5928 0.6493 0.8345
0.6444 0.6486 0.8469
0.6444 0.6486 0.8469
0.6444 0.6486 0.8469
1.1174 1.6552 0.8475
1.1174 1.6552 0.8475
1.1797 0.1234 1.0889
0.6213 0.1494 3.1055
0.6213 0.1494 3.1055
0.6213 0.1494 3.1055
0.6213 0.1494 3.1055
0.6213 0.1494 3.1055
