0.7180 1.9064 0.0284
0.8999 1.7122 0.0552
1.4305 1.6343 0.0691
1.0187 0.9471 0.0865
0.5123 1.2412 0.0949
1.5562 1.5005 0.1167
1.7588 0.6032 0.1388
1.0450 1.7463 0.1550
1.6905 1.2573 0.1612
0.4402 1.1792 0.1795
1.7023 0.4061 0.1958
0.1647 1.2123 0.2237
-0.0976 0.4103 0.2362
1.5967 1.7368 0.2409
0.7683 1.5719 0.2654
1.5376 1.0642 0.2755
1.6989 0.4881 0.2806
1.6597 0.9955 0.2919
0.6251 1.5337 0.3039
0.4067 1.6170 0.3161
1.5915 0.4165 0.3346
1.7151 1.0820 0.3453
0.7666 1.6696 0.3464
0.0152 1.5619 0.3640
1.6474 0.4200 0.3733
1.6861 1.0498 0.3811
1.5481 0.6873 0.3870
0.5579 1.5666 0.3948
1.5741 0.5041 0.3953
0.5359 0.3665 0.4154
1.7064 0.5970 0.4167
1.0270 1.6590 0.4281
0.6250 1.7088 0.4522
0.1592 1.6841 0.4577
1.6442 1.1908 0.4655
0.1453 1.1375 0.4745
0.1490 1.1043 0.4760
0.1490 1.1043 0.4760
1.6407 1.6410 0.4841
1.6407 1.6410 0.4841
1.6407 1.6410 0.4841
1.6407 1.6410 0.4841
1.6407 1.6410 0.4841
1.6407 1.6410 0.4841
1.6407 1.6410 0.4841
1.6407 1.6410 0.4841
1.6407 1.6410 0.4841
1.6407 1.6410 0.4841
1.6407 1.6410 0.4841
1.6407 1.6410 0.4841
1.6407 1.6410 0.4841
1.6407 1.6410 0.4841
1.6407 1.6410 0.4841
1.6407 1.6410 0.4841
1.6407 1.6410 0.4841
1.6407 1.6410 0.4841
1.7058 0.0007 0.4858
0.5811 1.1622 0.4903
0.6170 1.5717 0.4938
0.4030 0.6239 0.5008
0.2053 1.6489 0.5226
0.2439 0.7099 0.5235
0.6808 1.1656 0.5444
1.0571 1.6131 0.5462
1.0983 1.5769 0.5482
1.6207 1.1312 0.5987
1.6207 1.1312 0.5987
1.6207 1.1312 0.5987
1.6207 1.1312 0.5987
1.6207 1.1312 0.5987
-0.0298 1.6089 0.6281
-0.0298 1.6089 0.6281
-0.0298 1.6089 0.6281
-0.0298 1.6089 0.6281
-0.0298 1.6089 0.6281
-0.5313 0.7695 0.6385
1.0997 1.6559 0.6436
0.6325 1.1340 0.6551
0.2464 0.5747 0.6701
1.6667 0.0911 0.7255
1.6667 0.0911 0.7255
-0.3846 0.6480 0.8196
1.6374 -0.0364 0.9737
1.6374 -0.0364 0.9737
-0.1672 1.1354 1.0790
-0.1672 1.1354 1.0790
-0.1672 1.1354 1.0790
-0.1672 1.1354 1.0790
1.6195 -0.4740 1.9858
1.6195 -0.4740 1.9858
1.6195 -0.4740 1.9858
1.1987 -0.5052 2.1111
1.1987 -0.5052 2.1111
1.1987 -0.5052 2.1111
1.1987 -0.5052 2.1111
1.6643 -0.5369 2.7326
1.6643 -0.5369 2.7326
1.6643 -0.5369 2.7326
1.6643 -0.5369 2.7326
1.6643 -0.5369 2.7326
