0.8664 1.4356 0.0403
1.1215 0.9201 0.0781
0.4013 1.0490 0.0911
0.5120 1.2346 0.1115
1.5419 1.5263 0.1255
0.2987 1.1864 0.1489
0.1121 1.5298 0.1597
1.2017 1.5489 0.1743
1.5286 1.5775 0.1990
1.5588 1.5439 0.2031
0.0904 1.5439 0.2109
1.2035 1.1858 0.2238
0.6209 1.0070 0.2366
0.2498 1.1185 0.2504
1.2179 1.6078 0.2584
1.1874 1.1820 0.2665
0.0245 1.5580 0.2758
0.6776 1.0262 0.2837
0.6168 1.0232 0.2867
1.1507 1.5623 0.2903
0.7447 1.5527 0.2972
1.1737 0.6438 0.3003
0.1515 1.1082 0.3048
0.3962 1.5855 0.3080
1.1420 0.5588 0.3111
0.1141 1.1047 0.3121
0.1054 1.1283 0.3179
0.0974 1.1318 0.3181
0.0430 1.5695 0.3199
1.1239 1.0491 0.3214
1.1223 1.0510 0.3260
1.1316 0.6621 0.3281
1.1192 0.6535 0.3352
1.1437 0.6336 0.3431
0.3301 1.5964 0.3436
1.1434 0.6224 0.3467
0.1435 1.5761 0.3496
1.1732 1.1235 0.3745
1.0438 1.6135 0.3803
1.1634 1.6131 0.3929
1.1051 1.1579 0.3955
1.1623 1.6221 0.4079
1.1440 1.1229 0.4161
1.1338 1.1111 0.4200
1.1340 1.1130 0.4209
1.1208 1.1254 0.4275
1.0629 0.2054 0.4277
1.1191 1.1238 0.4280
1.5511 0.5928 0.4291
0.0885 1.5995 0.4311
1.1490 1.6218 0.4313
1.6075 1.5896 0.4376
1.1220 1.6115 0.4446
1.1386 1.6204 0.4448
0.1148 1.6056 0.4521
1.0867 1.6205 0.4530
1.1012 1.6158 0.4537
1.6159 1.6157 0.4999
1.6193 1.6152 0.5041
-0.0118 1.6104 0.5072
0.6876 1.1047 0.5143
1.6292 1.6291 0.5278
1.6292 1.6291 0.5278
1.6294 1.6293 0.5280
1.6294 1.6293 0.5280
1.6294 1.6293 0.5280
1.6294 1.6293 0.5280
1.6294 1.6293 0.5280
1.6294 1.6293 0.5280
1.6294 1.6293 0.5280
1.6294 1.6293 0.5280
1.6294 1.6293 0.5280
1.5605 1.1430 0.5325
0.7291 1.5857 0.5360
1.5620 1.1428 0.5422
1.5619 1.1412 0.5462
0.6420 1.0951 0.5517
1.5685 0.6184 0.5550
1.5734 0.6632 0.5578
-0.0335 1.6245 0.5656
1.5619 1.1263 0.5766
1.5633 1.1244 0.5893
1.5633 1.1244 0.5893
1.0735 0.1279 0.6184
0.5647 0.6908 0.6322
1.1079 0.1838 0.6501
1.0850 0.1320 0.6704
0.5779 1.5741 0.7566
0.5758 1.5761 0.7659
0.5758 1.5761 0.7659
1.6143 0.6516 0.7948
1.6502 0.5789 0.7992
1.6502 0.5789 0.7992
1.6312 0.5820 0.8019
1.6312 0.5820 0.8019
1.6312 0.5820 0.8019
1.6312 0.5820 0.8019
1.6482 0.5793 0.8022
1.6482 0.5793 0.8022
1.1159 0.0928 0.8342
