1.3626 1.6452 0.0572
1.2713 0.1879 0.0872
1.2375 1.7345 0.1153
1.7097 1.2575 0.1430
0.8275 1.6590 0.1738
1.2291 0.0246 0.1889
-0.4950 1.5391 0.2300
1.5894 0.9573 0.2436
-0.0793 1.5778 0.2549
1.6437 0.8113 0.2646
1.6908 0.7624 0.2732
-0.1087 1.5835 0.2814
0.0142 1.6305 0.2968
0.0389 1.6316 0.2993
0.0389 1.6316 0.2993
-0.1005 1.5968 0.3044
0.1143 1.6651 0.3162
0.0739 1.6351 0.3184
0.0860 1.6357 0.3271
1.5420 0.0235 0.3284
1.2428 1.6363 0.3318
0.6071 0.0621 0.3358
0.0992 1.6373 0.3373
0.1068 1.6185 0.3437
1.5322 0.1119 0.3462
-0.1296 1.6228 0.3489
1.6170 1.7134 0.3540
1.5833 1.6955 0.3588
-0.1851 1.6140 0.3611
0.6398 0.0987 0.3687
1.5747 1.6818 0.3743
1.5789 1.6802 0.3885
0.6806 1.6955 0.4057
0.7400 1.6353 0.4186
1.6177 1.6896 0.4283
1.2067 0.7344 0.4291
1.6927 1.6277 0.4359
1.6527 0.7414 0.4367
1.5657 -0.2700 0.4462
1.5657 -0.2700 0.4462
1.5657 -0.2700 0.4462
1.6479 0.7369 0.4570
1.5599 -0.1737 0.4642
1.6710 1.6470 0.4780
0.6456 1.6920 0.4835
1.6259 0.7296 0.4897
1.6661 1.6408 0.4909
1.6477 1.6533 0.5023
1.6497 1.6475 0.5064
1.5667 -0.1567 0.5124
1.5680 0.5900 0.5158
1.6348 1.6187 0.5174
1.6370 1.6229 0.5188
1.6370 1.6229 0.5188
1.1671 -0.1002 0.5373
0.7012 1.6357 0.5412
-0.5635 1.5635 0.5529
1.6641 0.6888 0.5533
1.6641 0.6888 0.5533
-0.5471 1.6810 0.5753
0.6867 1.6086 0.5854
1.6613 0.5333 0.5931
1.6613 0.5333 0.5931
1.6613 0.5333 0.5931
1.6497 0.6750 0.6145
1.5982 1.1877 0.6404
1.6461 0.6479 0.6665
1.6461 0.6479 0.6665
1.6115 0.6146 0.6823
0.6159 1.6435 0.7074
-0.5824 1.6805 0.7077
0.6637 1.0181 0.7316
-0.5889 1.6775 0.7476
1.6560 1.1633 0.7614
1.1242 0.1185 0.7653
1.1253 -0.2746 0.7780
1.1253 -0.2746 0.7780
1.1178 -0.3347 0.7784
1.6529 1.1579 0.7910
-0.6182 1.6833 0.8124
1.1740 0.6977 0.9232
-0.6005 1.6318 0.9404
-0.6005 1.6318 0.9404
1.1394 0.5185 1.0166
1.1659 0.5774 1.1671
1.1659 0.5774 1.1671
0.6881 1.1077 1.4469
0.6881 1.1077 1.4469
0.6117 1.0924 1.5242
0.6117 1.0924 1.5242
0.6592 1.1133 1.5791
0.6592 1.1133 1.5791
0.6697 1.1282 1.5813
0.6697 1.1282 1.5813
0.6600 0.5778 1.6339
0.6600 0.5778 1.6339
0.6600 0.5778 1.6339
0.6641 0.6033 1.9602
0.6641 0.6033 1.9602
0.6641 0.6033 1.9602
