1.6896 1.8015 0.0195
1.9390 1.9549 0.0420
1.7953 1.8827 0.0579
1.8316 1.8215 0.0688
1.9617 1.6061 0.0823
1.4395 1.8628 0.0936
1.9059 1.9322 0.0970
1.8890 1.9244 0.1125
1.7572 1.5958 0.1207
1.4305 1.3378 0.1363
0.5099 1.7309 0.1823
0.8483 1.6706 0.1910
1.3906 0.8851 0.2016
1.3669 1.4055 0.2112
1.6933 1.6785 0.2221
0.5274 1.2539 0.2365
1.0669 1.2683 0.3103
1.6357 1.2717 0.3644
1.6407 1.6410 0.3783
0.4603 1.6795 0.3836
0.2905 1.7056 0.4125
1.5129 0.7158 0.4160
1.6327 1.2609 0.4350
1.5102 -0.0203 0.4397
1.5102 -0.0203 0.4397
1.5102 -0.0203 0.4397
-0.5866 1.6989 0.4560
-0.5866 1.6989 0.4560
-0.5866 1.6989 0.4560
-0.5866 1.6989 0.4560
-0.5866 1.6989 0.4560
-0.7444 1.6151 0.4890
-0.7444 1.6151 0.4890
-0.7444 1.6151 0.4890
-0.7444 1.6151 0.4890
-0.7444 1.6151 0.4890
-0.7444 1.6151 0.4890
-0.7444 1.6151 0.4890
-0.7444 1.6151 0.4890
-0.7444 1.6151 0.4890
-0.7444 1.6151 0.4890
-0.7444 1.6151 0.4890
1.5798 0.9720 0.5061
1.2203 -0.3429 0.5322
1.2203 -0.3429 0.5322
0.6761 1.6910 0.5447
0.7840 1.1424 0.5452
-0.5902 0.4950 0.5652
-0.5902 0.4950 0.5652
-0.5902 0.4950 0.5652
-0.5902 0.4950 0.5652
-0.5902 0.4950 0.5652
0.5091 1.6028 0.6013
0.5166 1.6273 0.6448
0.7142 1.6145 0.6704
0.7142 1.6145 0.6704
-0.3147 1.6038 0.6765
-0.3147 1.6038 0.6765
-0.3147 1.6038 0.6765
-0.3147 1.6038 0.6765
-0.3147 1.6038 0.6765
0.3186 1.6047 0.6841
0.3186 1.6047 0.6841
0.6716 1.6605 0.7186
1.1633 1.6579 0.7569
1.1633 1.6579 0.7569
-0.0311 0.5840 0.7702
-0.0311 0.5840 0.7702
-0.0311 0.5840 0.7702
-0.0311 0.5840 0.7702
-0.0311 0.5840 0.7702
1.0678 1.0332 0.7957
0.5170 1.0768 0.8615
0.5170 1.0768 0.8615
1.1306 1.6286 0.9179
1.1306 1.6286 0.9179
1.6160 1.2007 0.9495
1.6160 1.2007 0.9495
0.6663 0.6951 0.9687
0.6663 0.6951 0.9687
0.6663 0.6951 0.9687
0.6663 0.6951 0.9687
0.3577 1.1386 1.0396
0.3577 1.1386 1.0396
0.5867 0.6446 1.1952
0.5867 0.6446 1.1952
0.5867 0.6446 1.1952
0.5867 0.6446 1.1952
0.5867 0.6446 1.1952
0.6152 1.1651 1.3669
0.6152 1.1651 1.3669
0.6152 1.1651 1.3669
1.1233 1.1071 1.4802
1.1233 1.1071 1.4802
1.1233 1.1071 1.4802
1.0322 0.2141 2.2503
1.0322 0.2141 2.2503
1.0322 0.2141 2.2503
1.0322 0.2141 2.2503
1.0322 0.2141 2.2503
