-5078.0512 -5356.4611 -5211.1535
-4901.4811 -5074.0527 -4974.2370
-4672.2595 -4909.7717 -4812.4739
-4660.0245 -4797.0245 -4670.5500
-4551.7356 -4650.2450 -4581.0292
-4399.4817 -4540.1389 -4435.8855
-4332.5302 -4401.1845 -4358.4263
-4275.1947 -4330.1196 -4294.4622
-4166.0329 -4275.1947 -4224.9302
-4096.8141 -4199.9340 -4127.6641
-3971.4214 -4096.6600 -4024.8234
-3867.6629 -3999.1040 -3928.5280
-3833.5441 -3907.8727 -3859.6939
-3806.0723 -3849.0596 -3817.4576
-3675.5598 -3806.3499 -3718.8884
-3579.4149 -3704.2331 -3635.4647
-3551.8348 -3602.6918 -3565.9946
-3506.1561 -3606.1609 -3524.6024
-3437.0234 -3516.1108 -3467.1548
-3376.6546 -3437.7082 -3414.2145
-3362.5174 -3438.2108 -3377.9793
-3323.0264 -3376.6546 -3344.9678
-3284.0646 -3331.0023 -3302.6285
-3241.2533 -3294.7378 -3275.8663
-3222.3255 -3284.0646 -3234.5376
-3163.4915 -3229.5650 -3190.6277
-3143.4405 -3184.3651 -3160.5388
-3117.8611 -3143.4405 -3126.9298
-3078.3459 -3129.3016 -3097.3170
-3056.6028 -3094.3112 -3071.4554
-2972.1940 -3058.5876 -2998.3468
-2867.5617 -2960.3931 -2914.6045
-2831.4748 -2927.4959 -2871.1801
-2822.5938 -2903.1985 -2842.5670
-2792.0074 -2849.4918 -2815.4840
-2763.7524 -2827.1155 -2787.8553
-2728.7965 -2785.3755 -2748.7502
-2721.6939 -2748.3910 -2727.8368
-2663.9851 -2721.6939 -2676.0378
-2600.3176 -2698.0222 -2635.6494
-2599.0530 -2626.5841 -2602.5846
-2592.0064 -2600.5973 -2596.0419
-2545.6712 -2595.4779 -2566.7851
-2482.3590 -2573.6665 -2525.1843
-2482.3590 -2529.9378 -2498.4763
-2458.3263 -2543.2461 -2485.4147
-2452.8410 -2501.0523 -2468.6807
-2447.7859 -2489.1041 -2459.4843
-2441.3382 -2461.4903 -2445.8653
-2381.0658 -2470.5676 -2421.3331
-2372.0818 -2446.2589 -2392.3460
-2352.9289 -2407.7060 -2369.7589
-2311.2932 -2374.6332 -2331.6185
-2277.3646 -2365.0317 -2296.6289
-2272.0314 -2294.0454 -2280.0699
-2268.9734 -2297.6298 -2271.3454
-2236.8481 -2276.0641 -2258.8192
-2210.3539 -2272.0314 -2229.9420
-2197.4078 -2231.2749 -2205.3173
-2170.6256 -2205.9317 -2187.7284
-2159.1866 -2200.1392 -2171.4899
-2126.6074 -2228.3011 -2160.0047
-2126.6074 -2177.0254 -2148.3542
-2116.7308 -2187.6298 -2132.0662
-2108.3659 -2136.5276 -2115.3162
-2085.8233 -2135.9718 -2102.9186
-2058.2441 -2123.6730 -2077.1280
-2021.8712 -2082.0731 -2043.0969
-2019.6413 -2058.2441 -2028.6974
-1989.8252 -2041.7095 -2007.7115
-1989.8252 -2039.4632 -2006.3447
-1967.6760 -2018.1859 -1982.1431
-1947.4687 -1988.3391 -1963.8011
-1935.7389 -1983.1170 -1951.6069
-1921.9534 -1966.5234 -1938.3366
-1920.5052 -1957.8828 -1927.8243
-1904.5042 -1974.6033 -1923.0992
-1904.5042 -1952.7470 -1909.6307
-1904.5042 -1953.4811 -1911.4620
-1883.3139 -1930.5969 -1898.1872
-1872.0457 -1918.2699 -1881.5802
-1863.2895 -1908.0486 -1876.1046
-1821.7213 -1900.9262 -1851.9904
-1819.2055 -1851.6605 -1823.0105
-1808.4401 -1830.4374 -1817.3951
-1804.6007 -1820.1248 -1809.1096
-1792.2384 -1819.8206 -1799.1337
-1786.7793 -1823.4631 -1795.1750
-1758.4344 -1819.1021 -1772.3618
-1751.3085 -1798.4352 -1759.5161
-1751.3085 -1802.0500 -1760.5284
-1751.3085 -1796.6307 -1761.0227
-1742.8306 -1795.4736 -1751.6050
-1736.7457 -1796.5062 -1746.2353
-1726.6450 -1767.2038 -1735.5652
-1724.3771 -1761.8548 -1728.7965
-1719.1625 -1771.4728 -1728.2405
-1699.0076 -1770.0122 -1710.5157
-1674.4044 -1739.5982 -1693.1833
-1660.8897 -1748.8319 -1677.3537
-1653.5425 -1694.3832 -1663.4170
-1622.1913 -1689.1435 -1652.5466
-1622.1913 -1658.6987 -1630.6954
-1622.1913 -1657.3327 -1631.5723
-1613.8917 -1653.2880 -1622.1893
-1587.5978 -1667.5924 -1615.4927
-1587.5978 -1622.5672 -1592.9648
-1587.5978 -1629.7710 -1593.6410
-1587.0610 -1627.1128 -1590.4808
-1579.9554 -1598.2852 -1585.5900
-1563.1667 -1591.6106 -1573.2178
-1563.1667 -1604.3929 -1579.6809
-1563.1667 -1605.5830 -1571.8595
-1559.7777 -1585.9159 -1565.3520
-1547.8368 -1576.0978 -1559.8341
-1539.5506 -1573.3590 -1547.1061
-1534.4417 -1560.3070 -1538.9583
-1532.5629 -1547.6860 -1536.3800
-1532.2090 -1560.0792 -1536.5935
-1525.8159 -1547.2258 -1530.7363
-1504.2225 -1542.4991 -1515.5169
-1497.1179 -1517.9453 -1501.3029
-1486.0118 -1560.4671 -1500.0408
-1486.0118 -1590.2809 -1493.8837
-1483.8688 -1538.7562 -1492.7083
-1480.0141 -1533.4479 -1487.1991
-1480.0141 -1543.1526 -1487.1124
-1477.0999 -1514.2641 -1488.4901
-1477.0999 -1516.4585 -1481.3497
-1462.6529 -1497.3989 -1470.8392
-1462.6529 -1508.2182 -1473.9394
-1462.6529 -1501.8365 -1465.4523
-1458.4380 -1484.5528 -1461.0302
-1457.1529 -1462.0239 -1457.8947
-1454.4517 -1515.9387 -1466.6884
-1454.4517 -1489.4785 -1467.9889
-1454.4517 -1477.9245 -1458.1991
-1454.4517 -1486.9499 -1462.9230
-1454.4517 -1475.3172 -1456.0111
-1445.0963 -1468.9357 -1449.4115
-1431.3098 -1497.7462 -1439.2380
-1425.3676 -1449.9506 -1430.2589
-1424.6653 -1431.3098 -1425.4989
-1421.9662 -1437.0014 -1425.5073
-1416.2714 -1439.2946 -1422.4562
-1416.2714 -1457.2682 -1424.1825
-1413.2052 -1473.6191 -1420.9658
-1413.2052 -1437.7709 -1418.5573
-1401.4333 -1447.3468 -1415.0913
-1388.4646 -1428.9250 -1405.8037
-1381.3540 -1427.3304 -1390.8071
-1381.3540 -1412.5079 -1386.7282
-1381.3540 -1416.4189 -1386.6719
-1381.3540 -1421.9186 -1386.8836
-1381.3540 -1408.6537 -1385.1954
-1368.9368 -1391.4261 -1374.4886
-1368.9368 -1397.7880 -1373.1279
-1368.9368 -1419.0082 -1372.0834
-1363.8310 -1394.9124 -1369.1193
-1363.8310 -1387.8260 -1369.0051
-1363.8310 -1416.9501 -1377.2861
-1363.8310 -1395.0259 -1367.4819
-1360.7259 -1387.4422 -1365.2150
-1355.3522 -1368.7095 -1360.5843
-1353.8139 -1420.2813 -1368.4065
-1353.8139 -1429.4033 -1365.1991
-1353.1704 -1398.9165 -1357.3351
-1351.0724 -1386.9343 -1355.7614
-1344.4492 -1373.9267 -1349.2466
-1344.4492 -1375.3066 -1349.5720
-1326.7357 -1379.4229 -1341.6937
-1326.7357 -1396.8205 -1343.7611
-1315.5985 -1388.7129 -1323.7894
-1315.5985 -1342.7400 -1323.3913
-1315.3513 -1364.8686 -1324.0306
-1315.3513 -1364.8686 -1326.2382
-1315.3513 -1350.6205 -1323.4045
-1315.3513 -1381.0778 -1321.7639
-1312.5958 -1358.1859 -1316.8296
-1311.5265 -1334.8039 -1313.3459
-1311.5265 -1345.2543 -1315.0463
-1308.7308 -1313.1011 -1310.6350
-1308.7308 -1345.8073 -1310.9064
-1308.2720 -1335.7071 -1313.0400
-1283.5569 -1353.5261 -1302.1630
-1283.5569 -1342.7680 -1297.8013
-1276.0175 -1353.6927 -1283.6476
-1269.9882 -1294.9323 -1276.1919
-1269.9882 -1315.6293 -1277.5426
-1265.0737 -1294.3242 -1269.3764
-1265.0737 -1307.9007 -1270.0851
-1257.7230 -1293.0702 -1265.7462
-1257.7230 -1316.3077 -1265.7532
-1257.7230 -1275.8999 -1262.0416
-1238.2070 -1296.7270 -1259.3155
-1238.2070 -1267.4299 -1248.5139
-1238.2070 -1268.9224 -1243.0880
-1238.2070 -1271.4867 -1242.8484
-1236.7588 -1286.6193 -1241.4657
-1236.7588 -1284.5526 -1243.4244
-1236.7588 -1258.6286 -1240.1888
-1236.7588 -1266.0329 -1245.5718
-1236.7588 -1313.3014 -1248.7112
-1230.0494 -1271.0700 -1240.5448
-1230.0494 -1280.0471 -1246.9762
-1211.8625 -1265.2361 -1226.1554
-1211.8625 -1271.0640 -1231.3669
-1199.8353 -1285.0506 -1216.4289
-1177.4890 -1275.6013 -1207.7463
-1177.4890 -1266.0259 -1186.2137
-1169.6833 -1220.7501 -1183.4337
-1169.6833 -1232.0903 -1186.8244
-1169.6833 -1228.5551 -1179.8335
-1169.6833 -1192.3757 -1174.4003
-1135.4264 -1196.4211 -1160.2475
-1135.4264 -1205.5407 -1148.3907
-1131.1881 -1192.1739 -1142.2790
-1131.1881 -1169.5509 -1134.5892
-1125.0999 -1176.4338 -1138.0328
-1124.7039 -1152.6794 -1128.1191
-1124.7039 -1137.1811 -1126.0488
-1124.7039 -1173.5822 -1133.0514
-1119.2668 -1139.1901 -1122.5194
-1119.2668 -1145.3562 -1124.2466
-1119.2668 -1155.9539 -1122.3363
-1119.2668 -1122.5523 -1119.5534
-1119.2668 -1189.6456 -1121.5619
-1119.2668 -1164.0137 -1120.9289
-1119.2668 -1143.1378 -1124.2339
-1119.2668 -1180.0263 -1126.5715
-1119.2668 -1141.1200 -1119.7828
-1119.2668 -1135.2560 -1121.2410
-1119.2668 -1148.2851 -1126.4189
-1119.2668 -1153.3416 -1127.9086
-1119.2668 -1166.0173 -1134.6481
-1112.8593 -1153.0840 -1117.5996
-1112.8593 -1139.0679 -1116.4299
-1112.8593 -1144.9410 -1114.7537
-1112.8593 -1131.5673 -1113.2335
-1112.8593 -1163.4551 -1116.0432
-1112.8593 -1165.1527 -1124.9732
-1107.6218 -1152.5544 -1120.5131
-1107.6218 -1153.5948 -1117.3523
-1107.6218 -1122.8772 -1110.4027
-1106.1686 -1129.9680 -1108.8425
-1106.1686 -1132.2699 -1109.6343
-1083.2054 -1125.5731 -1104.3068
-1083.2054 -1141.9809 -1108.2575
-1083.2054 -1157.5976 -1121.4575
-1083.2054 -1133.7390 -1093.5660
-1083.2054 -1121.7888 -1085.0481
-1080.9693 -1141.3180 -1091.0371
-1080.9693 -1116.9872 -1091.3420
-1080.9693 -1101.3281 -1082.8369
-1070.7692 -1103.5119 -1078.4719
-1070.7692 -1120.0066 -1086.4120
-1070.7692 -1113.0267 -1074.1192
-1070.7692 -1084.6768 -1071.7217
-1070.7692 -1105.3769 -1074.2735
-1070.7692 -1099.9969 -1072.4554
-1064.0034 -1090.8742 -1068.6102
-1064.0034 -1115.6673 -1073.3407
-1064.0034 -1092.8454 -1067.7564
-1064.0034 -1108.9837 -1074.0781
-1064.0034 -1108.3841 -1068.8528
-1063.4667 -1104.5189 -1070.1668
-1063.4667 -1121.2461 -1074.8347
-1063.3627 -1096.3669 -1067.7104
-1063.3627 -1082.9703 -1065.7886
-1063.3627 -1072.1378 -1063.9665
-1063.3627 -1104.8926 -1067.3013
-1042.8262 -1063.3627 -1054.5489
-1042.8262 -1070.6788 -1046.8168
-1042.8262 -1099.7784 -1044.9393
-1042.8262 -1085.9810 -1047.1082
-1042.8262 -1102.1741 -1046.3468
-1036.5412 -1082.8904 -1041.6065
-1036.5412 -1050.2893 -1040.7174
-1036.5412 -1072.4744 -1052.3213
-1036.5412 -1084.5352 -1045.2640
-1034.4038 -1102.6962 -1041.2939
-1034.4038 -1043.4395 -1035.5146
-1034.4038 -1063.5936 -1040.5436
-1034.3571 -1038.5759 -1034.6591
-1034.3571 -1053.6365 -1037.2686
-1030.2715 -1056.2457 -1035.7065
-1030.1674 -1064.9440 -1033.6954
-1030.1674 -1067.8493 -1034.9352
-1030.1674 -1054.5584 -1031.2304
-1030.1674 -1057.6720 -1036.4430
-1030.1674 -1074.5514 -1036.5690
-1030.1674 -1058.2918 -1032.8272
-1030.1674 -1069.9648 -1041.0047
-1030.1674 -1077.5625 -1037.9743
-1030.1674 -1054.9634 -1033.0715
-1030.1674 -1060.2717 -1031.4113
-1030.1674 -1055.1487 -1030.9974
-1010.5564 -1044.7686 -1022.1145
-1010.5564 -1052.4231 -1016.6383
-1007.4977 -1044.8616 -1011.9736
-1007.4977 -1031.2283 -1011.7427
-1007.4977 -1031.2491 -1010.3861
-1007.4977 -1040.3331 -1012.8748
-1007.4977 -1042.7045 -1011.3712
-1007.4977 -1033.0351 -1010.7599
-1007.4977 -1027.5907 -1008.7277
-1006.3968 -1022.2606 -1009.2072
-1006.3968 -1040.9645 -1009.0556
-1006.3968 -1034.3281 -1010.6212
-1006.3968 -1037.4576 -1012.0403
-1006.3968 -1040.3444 -1014.3691
-1006.3968 -1049.2541 -1012.0456
-1006.3968 -1077.6538 -1015.8962
-1006.3968 -1022.7100 -1007.8285
-1006.3968 -1037.2552 -1009.9492
-1006.3968 -1034.4909 -1009.0919
-1006.3968 -1047.7171 -1011.7558
-1006.3968 -1013.4775 -1006.5384
-1006.3968 -1036.3567 -1009.3672
-1006.1095 -1026.3733 -1007.7138
-1001.2892 -1011.3471 -1005.2278
-999.0520 -1041.1377 -1006.2894
-999.0520 -1038.2954 -1007.5064
-999.0520 -1046.0972 -1002.6928
-998.7300 -1080.8544 -1017.8559
-998.7300 -1059.1242 -1009.6173
-998.7300 -1023.4430 -1004.8205
-998.7300 -1025.0611 -1001.0100
-998.7300 -1038.3356 -1002.5562
-998.7300 -1048.8780 -1009.5890
-998.7300 -1059.3888 -1015.2764
-998.7300 -1045.3401 -1012.2311
-998.7300 -1049.8525 -1009.3085
-998.7300 -1058.3464 -1009.4744
-998.7300 -1056.0789 -1022.8483
-998.7300 -1089.8699 -1032.6612
-998.7300 -1064.8057 -1018.6809
-998.7300 -1019.3487 -1004.1020
-997.5395 -1033.6141 -1001.4795
-997.5395 -1020.9550 -999.8910
-997.5395 -1030.3234 -1000.5314
-997.5395 -1062.0720 -1002.8683
-997.5395 -1037.0238 -1006.6011
-997.5395 -1057.4604 -1014.9730
-997.5395 -1036.2944 -1007.0520
-997.5395 -1046.1918 -1014.0330
-992.7570 -1032.2474 -999.8176
-992.7570 -1029.7862 -999.4464
-992.7570 -997.5395 -993.8092
-992.7570 -1031.8983 -995.6389
-982.6334 -1000.7547 -990.8388
-982.6334 -1027.2926 -988.8272
-979.8397 -1024.8043 -988.6734
-979.8397 -1011.5455 -983.9947
-979.8397 -1030.1514 -983.3598
-979.8397 -1036.2566 -991.7057
-975.8820 -1012.3452 -980.4054
-975.8820 -1008.8419 -980.8993
-975.8820 -983.8022 -977.7073
-975.8820 -1026.5089 -979.9569
-975.8820 -1017.8026 -984.1956
-975.8820 -987.3993 -976.6809
-975.8820 -1009.2390 -977.6994
-975.8820 -1026.6476 -982.3676
-975.8820 -997.7307 -979.1223
-975.8820 -1022.8752 -987.6900
-975.8820 -1026.5203 -993.0827
-975.8820 -1012.9615 -984.3017
-972.8474 -1017.9329 -978.3888
-972.8474 -1002.1864 -976.3789
-972.8474 -984.7152 -973.5800
-972.8474 -997.8082 -976.1194
-972.8474 -985.1119 -974.3021
-972.8474 -988.7183 -974.4467
-972.8474 -992.0660 -974.9668
-972.8474 -1002.7222 -975.5314
-972.8474 -1000.1862 -974.7506
-972.8474 -993.3448 -974.4370
-972.8474 -993.4584 -978.0373
-972.8474 -1054.3559 -979.0698
-972.8474 -1003.6909 -973.9132
-971.1368 -990.6496 -975.1723
-971.1368 -993.6308 -974.0937
-971.1368 -1005.4342 -976.0277
-971.1368 -1041.9557 -979.7176
-971.1368 -1024.8400 -983.0280
-971.1368 -1040.5967 -976.2472
-971.1368 -1032.0540 -974.7938
-971.1368 -980.6061 -972.1083
-970.6591 -1029.2415 -973.2248
-970.6591 -995.2893 -976.1123
-970.6591 -1025.7442 -980.5895
-970.6591 -1014.3290 -978.0306
-970.6591 -995.5348 -978.2021
-970.6591 -1009.2886 -976.3488
-970.5670 -1020.0543 -974.1723
-970.5670 -1016.0912 -977.7312
-970.5670 -996.2186 -975.5933
-970.5670 -1046.5441 -982.4241
-970.5670 -1020.2708 -985.6200
-970.5670 -1027.6307 -984.9966
-970.5670 -1003.5253 -974.4008
-970.5670 -997.9922 -975.0178
-965.6176 -998.7327 -972.9614
-965.6176 -1040.6370 -983.8370
-965.6176 -1043.4552 -985.5229
-965.6176 -1043.1050 -983.4080
-965.6176 -1024.6115 -973.0266
-964.4941 -993.1847 -971.0070
-964.4941 -1037.2087 -972.7949
-964.4941 -1010.7965 -971.0025
-964.4941 -1023.5587 -969.3069
-962.8453 -979.7616 -964.6924
-962.8453 -964.4941 -963.1421
-962.8453 -972.2015 -963.5546
-962.8453 -980.9400 -969.2934
-962.8453 -1022.3621 -977.4865
-962.8453 -1017.4047 -969.7957
-952.9500 -1003.3925 -964.5223
-952.9500 -1017.8719 -964.5827
-952.9500 -982.0183 -957.7039
-947.8473 -987.5700 -954.7063
-947.8473 -986.4789 -955.0155
-947.8473 -971.3955 -952.3162
-947.8473 -971.3982 -950.5560
-947.8473 -976.5942 -953.4360
-947.1907 -991.6350 -956.5079
-947.1907 -987.6453 -963.5522
-947.1907 -1011.0706 -962.8319
-947.1907 -988.6202 -954.5994
-947.1907 -975.2906 -953.6975
-945.7849 -1000.0148 -951.0210
-945.7849 -977.4947 -957.8185
-945.7849 -991.5913 -960.8834
-945.7849 -994.1378 -955.6030
-945.7849 -990.6312 -953.7675
-945.7849 -1000.1399 -963.4442
-945.7849 -995.4642 -951.8725
-938.9311 -963.7607 -942.7393
-938.9311 -987.9587 -944.8630
-938.9311 -980.6602 -943.0097
-938.9311 -989.4639 -958.5481
-938.9311 -1003.7495 -959.5354
-938.9311 -977.6055 -946.2510
-938.9311 -985.3260 -944.2949
-938.9311 -979.8102 -945.7702
-938.9311 -991.9244 -949.6807
-938.9311 -986.5842 -960.0468
-938.6694 -988.3750 -948.0293
-938.6694 -989.0285 -946.9521
-938.6694 -1000.9324 -945.8367
-938.6694 -973.3550 -944.1017
-938.6694 -957.8903 -940.6044
-935.2427 -969.9744 -943.1355
-935.0977 -973.7835 -942.1746
-931.6710 -962.9473 -938.8151
-931.6710 -990.0370 -937.7932
-931.6710 -985.8837 -934.2572
-931.6710 -977.9923 -935.1086
-931.6710 -972.5004 -935.2039
-931.6710 -969.1907 -935.3039
-906.8494 -964.3933 -929.8794
-906.8494 -971.7367 -923.3648
-906.8494 -950.6689 -921.1466
-906.8494 -992.3589 -929.8527
-906.8494 -946.5522 -914.9502
-906.8494 -928.0313 -908.2229
-906.8494 -920.1436 -907.3844
-906.8494 -931.2858 -910.6839
-903.2561 -964.7837 -917.2256
-903.2561 -949.5673 -913.1379
-903.2561 -960.0783 -916.4449
-903.2561 -964.7997 -922.0296
-903.2561 -935.4736 -912.5091
-903.2561 -969.0769 -919.2725
-903.2561 -974.3435 -910.9868
-903.2561 -921.1370 -904.0538
-903.2561 -953.1459 -906.4265
-903.2561 -936.8267 -903.9275
-895.4071 -939.9856 -904.9680
-895.4071 -935.3428 -899.8441
-895.4071 -924.4909 -898.8000
-895.4071 -942.2980 -898.3742
-895.4071 -955.5957 -906.4179
-895.4071 -967.1193 -900.5065
-895.4071 -937.8534 -906.9973
-895.4071 -932.5071 -910.6077
-895.4071 -986.3551 -912.4248
-895.4071 -947.3417 -902.4400
-895.4071 -932.0849 -900.2900
-895.4071 -915.7940 -896.5201
-895.4071 -931.8736 -902.6651
-895.4071 -940.2617 -903.9423
-895.4071 -956.8233 -912.6704
-895.4071 -930.6695 -904.1518
-895.4071 -924.0139 -898.4959
-895.4071 -926.2656 -901.2577
-895.4071 -922.0745 -897.2780
-895.4071 -961.3327 -908.6454
-895.4071 -933.8694 -902.3935
-895.4071 -938.8466 -898.5576
-895.4071 -911.7401 -898.0507
-895.4071 -928.7535 -905.7177
-889.6523 -951.1194 -906.3673
-889.6523 -937.3416 -898.5377
-889.6523 -921.8241 -895.3398
-889.6523 -940.0242 -895.5618
-889.6523 -897.9165 -889.8176
-889.6523 -906.0432 -890.4463
-889.6523 -945.0685 -897.8399
-889.6523 -938.5393 -901.1633
-889.6523 -960.6207 -897.8991
-889.6523 -940.0725 -898.3387
-889.6523 -931.6601 -902.5781
-889.6523 -911.7573 -898.7631
-889.6523 -929.8250 -898.6652
-889.6523 -920.4268 -891.1557
-889.6523 -920.3664 -892.0206
-889.6523 -923.7942 -890.9170
-889.6523 -942.4488 -892.4605
-889.6523 -926.4080 -900.2617
-889.6523 -916.2514 -892.3280
-888.7072 -931.1260 -891.3649
-888.7072 -915.7843 -893.5740
-888.7072 -929.9652 -893.0484
-888.7072 -925.4628 -896.2723
-888.7072 -898.1892 -890.1540
-888.7072 -911.9995 -893.5206
-888.7072 -919.5043 -894.4465
-888.7072 -941.5036 -895.0541
-888.7072 -923.0775 -894.8141
-888.7072 -939.3562 -897.9544
-888.7072 -899.8572 -889.3476
-888.7072 -914.1443 -897.5258
-888.7072 -908.3989 -889.9731
-884.9577 -921.3212 -893.3936
-884.9577 -959.9686 -893.3626
-884.9577 -905.2935 -885.9607
-884.9577 -931.8690 -892.3684
-884.9577 -915.7975 -887.9606
-883.0837 -917.6048 -887.7554
-883.0837 -936.9054 -887.2139
-879.7127 -919.6279 -883.7518
-879.7127 -914.6491 -884.1125
-879.7127 -913.7541 -884.0030
-879.7127 -918.6077 -885.6876
-879.7127 -947.3739 -904.5706
-879.7127 -957.2294 -916.2735
-879.7127 -955.6061 -894.3505
-879.7127 -932.6101 -888.4337
-879.7127 -910.0542 -883.5381
-879.7127 -921.7397 -885.8823
-879.7127 -920.2876 -886.7962
-879.7127 -907.5373 -884.7116
-879.7127 -907.2116 -882.7710
-879.7127 -912.5512 -881.7997
-879.7127 -920.9543 -882.1423
-879.7127 -895.2821 -880.9420
-879.7127 -935.7269 -888.2460
-879.7127 -935.8405 -893.7422
-879.7127 -938.3284 -896.9897
-879.0634 -920.6196 -888.9312
-879.0634 -929.5875 -887.8719
-878.0037 -907.8126 -882.5481
-878.0037 -927.4755 -884.0227
-878.0037 -918.0846 -882.8913
-878.0037 -912.5667 -888.6240
-878.0037 -894.9692 -880.9867
-878.0037 -893.2795 -879.5479
-878.0037 -897.3504 -879.6474
-878.0037 -908.6662 -880.4982
-868.2416 -901.9223 -875.8582
-868.2416 -915.3675 -877.2204
-868.2416 -914.2083 -872.5242
-865.5546 -898.4648 -869.9038
-865.5546 -910.3300 -875.2970
-865.5546 -935.1025 -874.4867
-865.5546 -913.6487 -880.7313
-865.5546 -927.7206 -875.6466
-865.5546 -917.6568 -883.9706
-865.5546 -922.6773 -883.9604
-865.5546 -904.8661 -875.2325
-865.5546 -901.7057 -868.4177
-865.5546 -914.0416 -869.2457
-865.5546 -893.3259 -867.3799
-865.5546 -865.5546 -865.5546
-865.5546 -874.5559 -867.5015
-865.5546 -903.5898 -867.5658
-865.5546 -890.1228 -870.7322
-865.5546 -873.8150 -866.1752
-865.5546 -920.0284 -878.5325
-865.5546 -900.0902 -869.2549
-865.5546 -916.8431 -868.7865
-865.5546 -896.3082 -873.0150
-865.5546 -916.8844 -870.6192
-865.5546 -894.1336 -870.6892
-865.5546 -906.0028 -871.9363
-865.5546 -887.6892 -869.5414
-865.5546 -894.3532 -868.6886
-865.5546 -928.1417 -873.1938
-865.5546 -906.5941 -866.6016
-865.5546 -913.1230 -871.4348
-865.5546 -902.3103 -869.0556
-865.5546 -909.4652 -880.4347
-865.5546 -890.4677 -874.2731
-865.5546 -913.4150 -877.5608
-865.5546 -925.0196 -878.5612
-865.5546 -889.8032 -869.7664
-865.5546 -895.9957 -871.1115
-865.5546 -894.8105 -868.9123
-865.5546 -909.1915 -872.1299
-865.5546 -891.0606 -869.5433
-865.5546 -939.8811 -880.6283
-865.5546 -924.2984 -874.0559
-865.5546 -910.9150 -871.2178
-865.5546 -927.9497 -871.1256
-865.5546 -895.0129 -867.5673
-865.5546 -897.7659 -866.4319
-865.5546 -884.0458 -867.2704
-865.5546 -889.3589 -868.7700
-865.5546 -901.4780 -874.3872
-865.5546 -899.1254 -868.9112
-865.5546 -893.7203 -873.0727
-865.5546 -898.1953 -875.7810
-865.5546 -909.4925 -869.4285
-865.5546 -899.3813 -874.0105
-865.5546 -883.6493 -867.2128
-865.5546 -865.5546 -865.5546
-865.5546 -893.6545 -867.5281
-865.5546 -896.2496 -867.8568
-865.5546 -919.7354 -869.0461
-865.5546 -900.8996 -870.4432
-865.5546 -903.2186 -867.5329
-865.5546 -890.7459 -866.6587
-865.5546 -879.0399 -866.2055
-865.5546 -888.3948 -867.1319
-865.5546 -934.3036 -882.3320
-865.5546 -916.1033 -879.2171
-865.5546 -912.7598 -891.8354
-865.5546 -944.1336 -878.9126
-865.5546 -946.1244 -881.4298
-865.5546 -906.9842 -870.4384
-865.5546 -884.4811 -867.2651
-865.5546 -885.5554 -868.7098
-865.5546 -909.1367 -872.1119
-865.5546 -874.1375 -865.7263
-865.2568 -894.8105 -867.2591
-865.2568 -899.3813 -867.8624
-865.2568 -922.5111 -874.5439
-865.2568 -947.7232 -895.1076
-865.2568 -927.0417 -880.2707
-865.2568 -879.6679 -870.9672
-865.2568 -949.1479 -872.5422
-865.2568 -910.5825 -871.5553
-865.2568 -906.2127 -868.6129
-865.2568 -892.1928 -866.9737
-865.2568 -905.2862 -869.8552
-855.3664 -896.8228 -860.7180
-855.3664 -882.3479 -860.9905
-855.3664 -879.2850 -857.6114
-854.1662 -879.4664 -858.3639
-854.1662 -892.4389 -857.6164
-854.1662 -930.4708 -868.2952
-854.1662 -893.7303 -858.1843
-854.1662 -910.1791 -861.0044
-854.1662 -880.2939 -855.9696
-854.1662 -880.0423 -864.5358
-854.1662 -899.6893 -857.3445
-854.1662 -879.1179 -855.6606
-854.1662 -896.8215 -857.0839
-854.1662 -909.6444 -870.9002
-854.1662 -900.6753 -865.5209
-854.1662 -908.3841 -869.2847
-854.1662 -868.9982 -857.1571
-854.1662 -881.5021 -859.6089
-854.1662 -896.7353 -860.1994
-854.1662 -892.8668 -857.5507
-854.1662 -869.9452 -855.8906
-854.1662 -869.9452 -854.7112
-854.1662 -902.8748 -866.0445
-854.1662 -891.7027 -860.8384
-854.1662 -887.6951 -856.1393
-841.8258 -854.2029 -850.9592
-841.8258 -873.9583 -847.0622
-841.8258 -917.4860 -843.9984
-841.8258 -862.4915 -846.0693
-841.8258 -888.8593 -845.6794
-841.8258 -862.8611 -842.9526
-841.8258 -865.8409 -842.4937
-841.8258 -880.5777 -849.3010
-841.8258 -881.0413 -847.2946
-841.8258 -859.4152 -843.5135
-841.8258 -882.2048 -851.8014
-841.8258 -866.2823 -846.1667
-841.8258 -865.7732 -844.6893
-841.8258 -860.5531 -844.2124
-841.8258 -860.5531 -842.7083
-841.8258 -865.5789 -848.9425
-841.8258 -869.5378 -842.9343
-841.8258 -865.8409 -851.6567
-841.8258 -874.0203 -846.9309
-841.8258 -872.6453 -842.8601
-841.8258 -876.3880 -848.4178
-841.8258 -863.2534 -845.7694
-841.8258 -869.5972 -843.7880
-841.8258 -891.4200 -856.1853
-841.8258 -898.7818 -850.7470
-841.8258 -892.8811 -858.3035
-841.8258 -898.5359 -853.7907
-841.8258 -875.7956 -851.3222
-841.8258 -882.4510 -852.7081
-841.8258 -910.3031 -852.9609
-841.8258 -899.3072 -844.0155
-841.4746 -868.4250 -848.3080
-841.4746 -886.8928 -851.5473
-841.4746 -867.8140 -855.2258
-841.4746 -863.0732 -845.5550
-841.4746 -903.5546 -860.6051
-841.4746 -915.0623 -858.5136
-841.4746 -919.0186 -852.6292
-841.4746 -887.5642 -846.0905
-841.4746 -900.0880 -846.4835
-841.4746 -874.1200 -845.8539
-841.4746 -884.7942 -848.3533
-841.4746 -865.0465 -844.5506
-841.4746 -873.9518 -850.8481
-841.4746 -870.8711 -847.9686
-841.4746 -852.1199 -841.9858
-841.4746 -848.0162 -841.9518
-841.4746 -865.6891 -842.2927
-841.4746 -884.7942 -853.3126
-841.4746 -877.3564 -848.7633
-841.4746 -907.9085 -852.3120
-841.4746 -897.5219 -858.6406
-841.4746 -879.6337 -845.9651
-841.4746 -880.6900 -845.2030
-841.4746 -895.5916 -849.1298
-841.4746 -875.0603 -845.7007
-841.4746 -852.5569 -842.0874
-841.4746 -850.1273 -841.6688
-841.4746 -866.0749 -842.0557
-841.4746 -862.7233 -842.9213
-841.4746 -878.9582 -842.6954
-841.4746 -887.3266 -846.7539
-841.4746 -862.0911 -843.4512
-841.4746 -902.6053 -843.8615
-841.4746 -855.5691 -845.2749
-841.4746 -898.5623 -853.1214
-841.4746 -938.3538 -867.5955
-841.4746 -886.4548 -851.8260
-841.4746 -865.0908 -843.4348
-841.4746 -866.4805 -841.9747
-841.4746 -877.2886 -845.4068
-841.4746 -863.9910 -844.2596
-841.4746 -841.4746 -841.4746
-841.4746 -879.9988 -847.8288
-841.4746 -865.7617 -843.7857
-841.4746 -879.1211 -847.7201
-841.4746 -892.5906 -848.6567
-841.4746 -890.9562 -843.2878
-841.4746 -866.9712 -842.9652
-841.4746 -867.8140 -843.3964
-841.4746 -856.7389 -846.0133
-841.4746 -860.3399 -843.1603
-841.4746 -866.4262 -844.2066
-841.4746 -858.4593 -843.4045
-841.4746 -881.7382 -852.4639
-841.4746 -895.7402 -857.0344
-841.4746 -888.5081 -851.7692
-841.4746 -879.3632 -853.7593
-841.4746 -885.3116 -848.7778
-841.4746 -874.3131 -846.1249
-841.4746 -873.4262 -845.7293
-841.4746 -903.3753 -857.2656
-841.4746 -881.0814 -847.7418
-841.4746 -893.0617 -854.4726
-841.4746 -892.8850 -850.5046
-841.4746 -875.9761 -842.8840
-841.4746 -857.4713 -842.1145
-841.4746 -841.4746 -841.4746
-841.4746 -875.4222 -846.4476
-841.4746 -887.3266 -850.1421
-841.4746 -881.7382 -846.1295
-841.4746 -869.6995 -845.6882
-841.4746 -854.2091 -841.9840
-841.4746 -880.3513 -844.5572
-841.4746 -888.5679 -848.4974
-841.4746 -877.9459 -846.5617
-841.4746 -920.2424 -860.1251
-841.4746 -874.8726 -843.0788
-841.4746 -861.0243 -843.5957
-841.4746 -878.2161 -851.7162
-841.4746 -901.5779 -847.4064
-841.4746 -875.7865 -844.7847
-841.4746 -881.1440 -845.2998
-841.4746 -866.7174 -844.5294
-841.4746 -876.8196 -844.1994
-841.4746 -875.2429 -852.8478
-841.4746 -869.2610 -847.3194
-841.4746 -845.2079 -841.7733
-841.4746 -897.9160 -853.7454
-841.4746 -857.0718 -844.5121
-841.4746 -869.6834 -848.3783
-841.4746 -895.3427 -865.1245
-841.4746 -918.2862 -865.7747
-841.4746 -902.2341 -869.0855
-841.4746 -899.0646 -861.4268
-841.4746 -899.0646 -857.0760
-841.4746 -877.7198 -843.1352
-841.4746 -868.2180 -843.0294
-841.4746 -878.7404 -852.5449
-841.4746 -865.0726 -843.9273
-841.4746 -870.7862 -844.0349
-841.4746 -869.3012 -847.5864
-841.4746 -905.4558 -848.7061
-841.4746 -877.2584 -852.7083
-841.4746 -879.1233 -844.6767
-841.4746 -872.2243 -843.1172
-841.4746 -859.5784 -842.1562
-841.4746 -853.1273 -841.8406
-841.4746 -874.3019 -846.0422
-841.4746 -881.6900 -843.8506
-841.4746 -887.7858 -845.1016
-841.4746 -850.4758 -844.5949
-841.4746 -891.0516 -849.7332
-841.4746 -909.9041 -850.0417
-841.4746 -897.9710 -850.0704
-841.4746 -899.2387 -851.2166
-841.4746 -871.3810 -842.6898
-841.4746 -883.7224 -849.3603
-841.4746 -886.0280 -844.7415
-841.4746 -866.0335 -842.9789
-841.4746 -868.8105 -845.0445
-841.4746 -886.6440 -848.9969
-841.4746 -856.1619 -843.3494
-841.4746 -883.6096 -844.5482
-841.4746 -879.0314 -851.8186
-841.4746 -879.1438 -852.1758
-841.4746 -878.5713 -845.8853
-841.4746 -881.7061 -843.4375
-841.4746 -857.6161 -842.0206
-841.4746 -873.8710 -845.3299
-841.4746 -871.7260 -845.3040
-841.4746 -879.0968 -846.6501
-841.4746 -883.8461 -845.6661
-841.4746 -869.2238 -844.0276
-841.4746 -880.2264 -848.9013
-841.4746 -861.4753 -844.0613
-841.4746 -875.4222 -844.1979
-841.4746 -886.7445 -855.9630
-841.4746 -891.4841 -848.6077
-841.4746 -864.8943 -843.0940
-841.4746 -862.0911 -842.6862
-841.4746 -856.1520 -842.8041
-841.4746 -893.3909 -843.0262
-841.4746 -853.3922 -842.0274
-841.4746 -868.8134 -842.5681
-841.4746 -846.1701 -841.6624
-841.4746 -841.4746 -841.4746
-841.4746 -867.0120 -845.5345
-841.4746 -876.1688 -847.1808
-841.4746 -868.2481 -848.8186
-841.4746 -868.6819 -851.9664
-841.4746 -866.3112 -843.6162
-841.4746 -879.0287 -846.8411
-841.4746 -880.4266 -851.5338
-841.4746 -893.6122 -854.2288
-841.4746 -893.7680 -852.1750
-841.4746 -872.7964 -854.3158
-841.4746 -904.4719 -863.9729
-841.4746 -876.0368 -854.4214
-841.4746 -879.0752 -852.3888
-841.4746 -879.0752 -847.3088
-841.4746 -877.7931 -846.6545
-841.4746 -879.3420 -843.3332
-841.4746 -859.6074 -843.6589
-841.4746 -856.4334 -841.7738
-841.4746 -864.4615 -841.9343
-841.4746 -867.4535 -848.2955
-841.4746 -871.1539 -843.8603
-841.4746 -869.4196 -845.1342
-841.4746 -870.2121 -842.6989
-841.4746 -883.2272 -842.9642
-841.4746 -860.2397 -842.6181
-841.4746 -887.2787 -848.8498
-841.4746 -871.8161 -844.2786
-841.4746 -868.4510 -844.5692
-841.4746 -866.8218 -844.6699
-841.4746 -872.6811 -848.1134
-841.4746 -849.7893 -842.5161
-841.4746 -882.3742 -845.4479
-841.4746 -866.6397 -844.8422
-841.4746 -867.6638 -841.9984
-841.4746 -870.0536 -842.7069
-841.4746 -854.8547 -842.6172
-841.4746 -896.0340 -845.7289
-841.4746 -887.1723 -853.9586
-841.4746 -853.8058 -843.1307
-841.4746 -877.5351 -853.9023
-841.4746 -906.5020 -864.5631
-837.8845 -879.3243 -847.0106
-837.8845 -886.3765 -847.9321
-837.8845 -865.1175 -843.3447
-837.8845 -868.7413 -844.0083
-837.8845 -862.1483 -843.2090
-837.8845 -844.9367 -839.0129
-837.8845 -856.0190 -840.5159
-837.8845 -864.2675 -841.7743
-837.8845 -858.3180 -840.2160
-837.8845 -967.8176 -853.5905
-837.8845 -904.3556 -846.8728
-837.8845 -888.6583 -850.0865
-837.8845 -890.1779 -851.7242
-837.8845 -870.7561 -840.3160
-837.8845 -877.0910 -853.3162
-837.8845 -878.7841 -860.6472
-837.8845 -883.4208 -849.0247
-837.8845 -892.5674 -843.6976
-837.8845 -873.6153 -839.4846
-837.8845 -849.3560 -838.5108
-837.8845 -873.0517 -840.0166
-837.8845 -863.4152 -839.3802
-837.8845 -863.3905 -838.4576
-837.8845 -882.3025 -840.7437
-837.8845 -880.4542 -849.8994
-837.8845 -883.9683 -845.2358
-837.8845 -882.2029 -845.5598
-837.8845 -875.4413 -846.0794
-837.8845 -879.6354 -845.3659
-837.8845 -875.9148 -843.6661
-837.8845 -876.1412 -841.4115
-837.8845 -902.9008 -851.1682
-837.8845 -871.2203 -844.5048
-837.8845 -890.7548 -841.1522
-837.8845 -870.8189 -844.5404
-837.8845 -900.1905 -855.7711
-837.8845 -893.3851 -846.1272
-837.8845 -914.7614 -848.2282
-837.8845 -855.4723 -838.9216
-837.8845 -864.6608 -839.7811
-837.8845 -867.5261 -846.9788
-837.8845 -871.4134 -846.0229
-837.8845 -871.4134 -844.2340
-837.8845 -868.5795 -845.1879
-837.8845 -898.4240 -872.2359
-837.8845 -881.0706 -846.5489
-837.8845 -860.0191 -840.8615
-837.8845 -875.1749 -843.1747
-837.8845 -867.8515 -841.7120
-834.3760 -901.0385 -844.5869
-834.3760 -879.4094 -841.5809
-834.3760 -898.7913 -846.6151
-834.3760 -916.5956 -838.3610
-834.3760 -879.7018 -839.8478
-834.3760 -888.6670 -839.4818
-834.3760 -838.8328 -835.0000
-834.3760 -855.4091 -834.7967
-834.3760 -865.8133 -840.9633
-834.3760 -870.8115 -837.5108
-834.3760 -876.2202 -848.8472
-834.3760 -903.7186 -843.1466
-834.3760 -868.6052 -836.8064
-834.3760 -861.7119 -836.2901
-834.3760 -866.5478 -838.5424
-834.3760 -852.6672 -840.2794
-834.3760 -866.2629 -836.8503
-834.3760 -869.5977 -838.6188
-834.3760 -892.4212 -847.1425
-834.3760 -854.1681 -837.4742
-834.3760 -861.6090 -835.8025
-834.3760 -870.8620 -837.9222
-834.3760 -855.1529 -836.1393
-834.3760 -867.3014 -840.4053
-834.0726 -879.2780 -841.4693
-834.0726 -864.5634 -837.5132
-834.0726 -858.2643 -837.0440
-834.0726 -854.3141 -837.2399
-834.0726 -909.5013 -842.8295
-834.0726 -838.7229 -834.2586
-834.0726 -852.3473 -835.6997
-834.0726 -860.7382 -837.8935
-834.0726 -866.5313 -837.9919
-834.0726 -838.1180 -834.3962
-834.0726 -848.7467 -834.3661
-834.0726 -847.4483 -834.3626
-834.0726 -862.1914 -839.2322
-834.0726 -883.2819 -841.5775
-834.0726 -854.9897 -838.9471
-834.0726 -899.3922 -844.0078
-834.0726 -871.8362 -844.1880
-834.0726 -870.2773 -843.3350
-834.0726 -888.6033 -840.9909
-834.0726 -844.3609 -834.9358
-834.0726 -845.2692 -834.9912
-834.0726 -855.7399 -838.5234
-834.0726 -869.1494 -845.0035
-834.0726 -880.3939 -848.1185
-834.0726 -887.6371 -850.3671
-834.0726 -889.6944 -840.7392
-834.0726 -891.0285 -845.8527
-834.0726 -899.2264 -859.5442
-834.0726 -916.0121 -850.3561
-834.0726 -920.2354 -857.9387
-834.0726 -916.5108 -855.2881
-834.0726 -880.2770 -855.6177
-834.0726 -905.8823 -855.5435
-834.0726 -877.3448 -843.6202
-834.0726 -882.5596 -836.7124
-834.0726 -862.2383 -834.6359
-834.0726 -852.3473 -836.5631
-834.0726 -893.5399 -836.5730
-834.0726 -869.7461 -837.7179
-834.0726 -868.4430 -840.0398
-834.0726 -872.5052 -841.0558
-834.0726 -859.4198 -835.6725
-834.0726 -856.4655 -836.5125
-834.0726 -848.7467 -835.7620
-834.0726 -871.6294 -835.6879
-834.0726 -860.0515 -835.8100
-834.0726 -847.7461 -834.3461
-834.0726 -854.7551 -835.1657
-834.0726 -842.0703 -835.3804
-834.0726 -865.1942 -836.2899
-834.0726 -869.4387 -839.3490
-834.0726 -885.7076 -847.0747
-834.0726 -858.3598 -835.7599
-834.0726 -904.2224 -862.1157
-834.0726 -896.0111 -843.0565
-834.0726 -919.3145 -843.8195
-834.0726 -892.7348 -846.1575
-834.0726 -901.8101 -837.8625
-834.0726 -854.9004 -835.0817
-834.0726 -851.8295 -835.0992
-834.0726 -885.6145 -836.9489
-834.0726 -874.5208 -837.9553
-834.0726 -885.1610 -835.4107
-834.0726 -903.4440 -839.9343
-834.0726 -935.4751 -838.8974
-834.0726 -867.9846 -838.1934
-834.0726 -906.0883 -837.4221
-833.5011 -851.8947 -835.2942
-833.5011 -867.6368 -838.8140
-833.5011 -861.5952 -837.8384
-833.5011 -868.5779 -837.4102
-833.5011 -884.7203 -839.5301
-833.5011 -882.1337 -847.5007
-833.5011 -867.7963 -835.4191
-833.1658 -860.9265 -834.6666
-833.1658 -915.9495 -844.1817
-833.1658 -865.1486 -837.3077
-833.1658 -871.6872 -835.4095
-833.1658 -866.1794 -834.9859
-833.1658 -861.2134 -838.6036
-833.1658 -896.3684 -853.4384
-833.1658 -863.8429 -841.5257
-833.1658 -864.1566 -842.5804
-833.1658 -898.4835 -838.7814
-833.1658 -850.9611 -834.5347
-833.1658 -873.7976 -835.1682
-833.1658 -882.6786 -835.6399
-833.1658 -889.1694 -843.3396
-833.1658 -874.0591 -847.6224
-833.1658 -859.9432 -836.8433
-833.1658 -860.3988 -838.8774
-833.1658 -864.4604 -841.0366
-833.1658 -906.2064 -839.1037
-833.1658 -862.3377 -835.0006
-833.1658 -857.5393 -836.4154
-833.1658 -867.5261 -845.3947
-833.1658 -863.0976 -846.9943
-833.1658 -900.2303 -842.8669
-833.1658 -901.3832 -838.0297
-833.1658 -891.3212 -838.3306
-833.1658 -892.5419 -840.4835
-833.1658 -864.2874 -837.4227
-833.1658 -853.1107 -836.8458
-833.1658 -898.5994 -835.8303
-832.9229 -899.7988 -834.7076
-832.9229 -878.1315 -844.5037
-832.9229 -855.1506 -835.2893
-832.9229 -869.7461 -835.7346
-832.9229 -857.2726 -835.5993
-832.9229 -850.7268 -834.5946
-832.9229 -840.4707 -833.2315
-832.9229 -866.7173 -834.5574
-832.9229 -860.6942 -834.7285
-832.9229 -870.7427 -834.6861
-832.9229 -876.2894 -835.4506
-832.9229 -872.2708 -841.3451
-832.9229 -853.6751 -834.1049
-832.9229 -857.5626 -836.9767
-832.9229 -847.3339 -833.4993
-832.9229 -856.1162 -834.3620
-832.9229 -879.2355 -840.9373
-832.9229 -887.7189 -844.3244
-832.9229 -894.1134 -842.1122
-832.9229 -909.4015 -851.6627
-832.9229 -894.6407 -850.1374
-832.9229 -882.0259 -851.1647
-832.9229 -868.9588 -838.1114
-832.9229 -843.5819 -833.5466
-832.9229 -891.2724 -836.2013
-832.9229 -906.7784 -844.8587
-832.9229 -875.3368 -835.8675
-832.9229 -899.0572 -836.6555
-832.9229 -890.5111 -851.0516
-832.9229 -887.0544 -841.6985
-832.9229 -911.7803 -848.3947
-832.9229 -868.7455 -838.9517
-832.9229 -859.9879 -837.3788
-832.9229 -839.4347 -833.0531
-832.9229 -861.0170 -837.0567
-832.9229 -848.4923 -833.3635
-832.9229 -832.9229 -832.9229
-832.9229 -861.4614 -836.1666
-832.9229 -864.1243 -835.5178
-832.9229 -899.5969 -842.5626
-832.9229 -898.3119 -845.7641
-832.9229 -885.9624 -844.3098
-832.9229 -872.5694 -835.5068
-832.9229 -851.4184 -837.3750
-832.9229 -848.6539 -833.9986
-832.9229 -854.2172 -837.1226
-832.9229 -864.0283 -834.8735
-832.9229 -871.7651 -835.2043
-832.9229 -875.5782 -845.9821
-832.9229 -861.7215 -837.7275
-832.9229 -910.5285 -849.4347
-832.9229 -885.9496 -851.2923
-832.9229 -876.1539 -844.8892
-832.9229 -894.8076 -842.6778
-832.9229 -911.5908 -839.7858
-832.9229 -889.9573 -835.3118
-832.9229 -854.5716 -833.3558
-832.9229 -858.1685 -836.6294
-832.9229 -847.7706 -834.1992
-832.9229 -880.7080 -837.9200
-832.9229 -867.6888 -837.2971
-832.9229 -861.5257 -835.3544
-832.9229 -861.7215 -835.8837
-832.9229 -884.8213 -844.1300
-832.9229 -876.0063 -850.6942
-832.9229 -867.1732 -842.8864
-832.9229 -878.9189 -842.8659
-832.9229 -870.4523 -842.1524
-832.9229 -867.2562 -844.9990
-832.9229 -866.8504 -842.6422
-832.9229 -852.7571 -834.0016
-832.9229 -855.0575 -836.2475
-832.9229 -871.8179 -836.0966
-832.9229 -841.3993 -833.2814
-832.9229 -887.5872 -836.8647
-832.9229 -894.0054 -841.3688
-832.9229 -905.6459 -838.9936
-832.9229 -854.7618 -836.0860
-832.9229 -860.1302 -835.7418
-832.9229 -853.8910 -833.7095
-832.9229 -877.5079 -837.5354
-832.9229 -855.6044 -835.3369
-832.9229 -867.4584 -841.2936
-832.9229 -877.6482 -843.5881
-832.9229 -872.0104 -839.0162
-832.9229 -876.9852 -846.0770
-832.9229 -876.4927 -842.1916
-832.9229 -877.5151 -841.9530
-832.9229 -879.7064 -838.1740
-832.9229 -874.5050 -847.2130
-832.9229 -847.5984 -833.3120
-832.9229 -857.2741 -834.6188
-832.9229 -857.7495 -834.6057
-832.9229 -867.8678 -833.8959
-832.9229 -853.1232 -833.8949
-832.9229 -884.2137 -841.5474
-832.9229 -894.0913 -844.6498
-832.9229 -856.8637 -835.2473
-832.9229 -859.5978 -835.5665
-832.9229 -865.4566 -837.9850
-832.9229 -872.5088 -834.6264
-832.9229 -871.7651 -849.6086
-832.9229 -874.5326 -844.2204
-832.9229 -876.1689 -836.8988
-832.9229 -894.1102 -838.5856
-832.9229 -874.5843 -837.6816
-832.9229 -890.5512 -839.8948
-832.9229 -889.5461 -842.6145
-832.9229 -877.1933 -840.9078
-832.9229 -870.4796 -834.2219
-832.9229 -854.6121 -833.5540
-832.9229 -854.2466 -833.6368
-832.9229 -844.3948 -833.9376
-832.9229 -881.0357 -838.0628
-832.9229 -856.8702 -835.4760
-832.9229 -869.8957 -843.1536
-831.8445 -867.1692 -839.7043
-831.8445 -864.8379 -836.8173
-831.8445 -899.5057 -852.4208
-831.8445 -873.0767 -837.3237
-830.8991 -837.0053 -832.1677
-830.8991 -848.8546 -832.4357
-830.8991 -850.8405 -832.2493
-830.8991 -839.7326 -831.7766
-830.8991 -854.5914 -831.8718
-830.8991 -894.5322 -835.7698
-830.8991 -892.8819 -836.6648
-830.8991 -862.2146 -831.9291
-830.8991 -851.9307 -831.3198
-830.8991 -872.2195 -838.9683
-830.8991 -867.4409 -836.8308
-830.8991 -852.7381 -833.4089
-830.8991 -888.8184 -837.8812
-830.8991 -880.5341 -836.6215
-830.8991 -854.5614 -833.8953
-830.8991 -880.0217 -833.2989
-830.8991 -842.4474 -833.3615
-830.8991 -890.3050 -834.8844
-830.8991 -845.0190 -831.3815
-830.8991 -880.8262 -836.9863
-830.8991 -850.4369 -833.5802
-830.8991 -855.3950 -836.5808
-830.8991 -862.4472 -835.0813
-830.8991 -876.1415 -838.3736
-830.8991 -883.7509 -834.2546
-830.8991 -856.2464 -837.4749
-830.8991 -860.3067 -837.0449
-830.8991 -872.1793 -841.1625
-830.8991 -855.8508 -832.2726
-830.8991 -848.9031 -832.5612
-830.8991 -848.4130 -831.5364
-830.8991 -902.7866 -839.2920
-830.8991 -865.9228 -840.0960
-830.8991 -857.2398 -832.3515
-830.8991 -868.5653 -846.3369
-830.8991 -876.9764 -834.5452
-830.8991 -886.3153 -840.6346
-828.8808 -917.1273 -843.0036
-828.8808 -873.4689 -836.1096
-828.8808 -897.6306 -840.5018
-827.9266 -854.3645 -837.6552
-827.9266 -893.8970 -835.5060
-827.9266 -872.1841 -832.0186
-827.9266 -868.6199 -836.2107
-826.8095 -846.6911 -829.9768
-826.8095 -838.4351 -827.5912
-826.8095 -867.0582 -838.4878
-826.8095 -884.6833 -834.6313
-826.8095 -867.2908 -843.7094
-826.8095 -850.7568 -831.1863
-826.8095 -864.3180 -833.6467
-826.8095 -871.3611 -840.1183
-826.8095 -910.1034 -847.0366
-826.8095 -858.6028 -841.2800
-826.8095 -864.4759 -842.8002
-826.8095 -893.7192 -859.6097
-826.8095 -917.6622 -854.5439
-826.8095 -886.0371 -840.3501
-826.8095 -871.4263 -837.2373
-826.8095 -884.1488 -831.8393
-826.8095 -867.9538 -831.3795
-826.8095 -884.2122 -837.8056
-826.8095 -867.9025 -830.4315
-826.8095 -890.2347 -837.2837
-826.8095 -885.8092 -835.1809
-826.8095 -867.5650 -828.3598
-826.8095 -853.1924 -828.1442
-826.8095 -846.8565 -827.7424
-826.8095 -831.8280 -827.0741
-826.8095 -857.1509 -831.2069
-826.8095 -855.9802 -827.8652
-826.8095 -860.0237 -828.4347
-826.8095 -878.1392 -832.0118
-826.8095 -876.3807 -840.4657
-826.8095 -851.8104 -832.0642
-826.8095 -907.9588 -835.2206
-826.8095 -912.6806 -836.8533
-826.8095 -866.8972 -831.8259
-826.8095 -886.6284 -841.6384
-826.8095 -887.2362 -840.1206
-826.8095 -873.3633 -835.6105
-826.8095 -874.2462 -829.4069
-826.8095 -849.4218 -827.2617
-826.8095 -854.3727 -829.7121
-826.8095 -864.1215 -836.2196
-826.8095 -829.4524 -826.8623
-826.8095 -893.2529 -837.2593
-826.8095 -858.9812 -835.4596
-826.8095 -873.8762 -836.8464
-826.8095 -879.1989 -840.0072
-826.8095 -882.5386 -841.7823
-826.8095 -924.3627 -840.9847
-826.8095 -861.3024 -830.0029
-826.8095 -853.1924 -829.0233
-826.8095 -841.6329 -827.5858
-826.8095 -861.4701 -828.9306
-825.9179 -871.7939 -835.8526
-825.9179 -877.2280 -832.4045
-825.9179 -873.7507 -827.8084
-825.9179 -881.3961 -836.3052
-825.9179 -877.3234 -835.5249
-825.9179 -867.7780 -840.4217
-825.9179 -909.4394 -838.6495
-825.9179 -888.8763 -835.1960
-825.9179 -861.0352 -833.5360
-825.9179 -859.5526 -839.8566
-825.9179 -864.2317 -840.3095
-825.9179 -867.1598 -833.5906
-825.9179 -856.8494 -831.5954
-825.9179 -851.2652 -828.8588
-825.9179 -858.8894 -827.9373
-825.9179 -841.1823 -827.0737
-825.9179 -861.5265 -831.8434
-825.9179 -855.8065 -828.8085
-825.9179 -834.8285 -827.0082
-825.9179 -858.2186 -830.3972
-825.9179 -857.6758 -828.8183
-825.9179 -850.1684 -828.7527
-825.9179 -842.3270 -826.4319
-825.9179 -849.9606 -826.5937
-825.9179 -899.4148 -834.0056
-825.9179 -861.5030 -830.8139
-825.9179 -864.3418 -832.8063
-825.9179 -866.0853 -834.0806
-825.9179 -863.7403 -835.7253
-825.9179 -864.3753 -829.7541
-825.9179 -909.5685 -840.0746
-825.9179 -853.4586 -831.0499
-825.9179 -845.2945 -829.3148
-825.9179 -863.6539 -830.5466
-825.9179 -877.0658 -832.1837
-825.9179 -886.4317 -831.6885
-825.9179 -856.9994 -828.1296
-825.9179 -838.9147 -826.5866
-825.9179 -857.0216 -828.4408
-825.9179 -863.7377 -828.3438
-825.9179 -859.7446 -828.3177
-825.9179 -864.3418 -830.7433
-825.9179 -874.6939 -837.3656
-825.9179 -858.8433 -833.2017
-825.9179 -877.3409 -830.7547
-825.9179 -849.8395 -832.3571
-825.9179 -882.3593 -831.2132
-825.9179 -858.9701 -827.5898
-825.9179 -869.8558 -828.9718
-825.9179 -838.5448 -826.5473
-825.9179 -832.3660 -826.2326
-825.9179 -880.1221 -830.3946
-825.9179 -852.5691 -832.4803
-825.9179 -858.1175 -831.8747
-825.9179 -879.6243 -830.6123
-825.9179 -844.6452 -826.6570
-825.9179 -851.9037 -828.6320
-825.9179 -861.0011 -829.0888
-825.9179 -850.6082 -826.8097
-825.9179 -904.5137 -844.3202
-825.9179 -875.7997 -834.9159
-825.9179 -880.3229 -841.3126
-825.9179 -887.0362 -834.8445
-825.9179 -855.1215 -828.8225
-825.9179 -864.2508 -828.7893
-825.9179 -863.6995 -831.2582
-825.9179 -858.6985 -828.8072
-825.9179 -834.3924 -826.0874
-825.9179 -856.0154 -828.5736
-825.9179 -860.1643 -828.8279
-825.9179 -875.6100 -834.3442
-825.9179 -852.7424 -836.4378
-825.9179 -843.9219 -829.2142
-825.9179 -874.6219 -840.3295
-825.9179 -866.1522 -833.5026
-825.9179 -851.7519 -832.5056
-825.9179 -878.0305 -836.6236
-825.9179 -889.5828 -836.5139
-825.9179 -848.2671 -829.2258
-825.9179 -864.6063 -829.0864
-825.9179 -870.0520 -831.0426
-825.9179 -865.2683 -827.3574
-825.9179 -849.4058 -827.3677
-825.9179 -859.5036 -831.1909
-825.9179 -882.0395 -833.2922
-825.9179 -868.8000 -834.9868
-825.9179 -877.5542 -839.9581
-825.9179 -858.8668 -836.3618
-825.9179 -837.3188 -827.1931
-825.9179 -867.3619 -831.1312
-825.9179 -856.2873 -828.7487
-825.9179 -852.9313 -830.6406
-825.9179 -892.3867 -842.9112
-825.9179 -889.6867 -832.9378
-825.9179 -851.1294 -827.6908
-825.9179 -855.1738 -829.2112
-825.9179 -863.0302 -831.8696
-825.9179 -856.4200 -826.9565
-825.9179 -831.1046 -826.0217
-825.9179 -840.6405 -826.4541
-825.9179 -857.8324 -830.2434
-825.9179 -852.5928 -828.7530
-825.9179 -858.8668 -828.5601
-825.9179 -835.7181 -827.0637
-825.9179 -858.4795 -833.1705
-825.9179 -866.8322 -831.0977
-825.9179 -892.0417 -831.6964
-825.9179 -863.3416 -833.5178
-825.9179 -863.3416 -830.4504
-825.9179 -842.5484 -827.5765
-825.9179 -846.5835 -826.8162
-825.9179 -848.5425 -828.6728
-825.9179 -864.3418 -832.8281
-825.9179 -898.1947 -835.8151
-825.9179 -880.1540 -830.4674
-825.9179 -839.3529 -827.6817
-825.9179 -845.6698 -829.6335
-825.9179 -839.6186 -826.7400
-825.9179 -849.4871 -827.1489
-825.9179 -878.5961 -835.5261
-825.9179 -864.4439 -836.7714
-825.9179 -879.2862 -834.2796
-825.9179 -885.7563 -834.4836
-825.9179 -883.1054 -834.6282
-825.9179 -878.5011 -833.5640
-825.9179 -846.3048 -828.3131
-824.7470 -860.5881 -832.4303
-824.7470 -848.1494 -830.1566
-824.7470 -885.8724 -831.3892
-824.7470 -882.8982 -842.3917
-824.7470 -873.7970 -834.9167
-824.7470 -865.8401 -831.7908
-824.7470 -862.4132 -835.3280
-824.7470 -876.0767 -840.3336
-824.7470 -857.4820 -831.8979
-824.7470 -855.6784 -828.3352
-824.7470 -844.1414 -825.1446
-824.7470 -877.1600 -829.1099
-824.7470 -947.4690 -844.3456
-824.7470 -888.4624 -834.6469
-824.7470 -883.0819 -835.3300
-824.7470 -897.8973 -835.9544
-824.7470 -869.4938 -830.1356
-824.7470 -860.7367 -830.7053
-824.7470 -866.9385 -836.8235
-824.7470 -858.6710 -836.8336
-824.7470 -904.8257 -837.1905
-824.7470 -847.7533 -827.7109
-824.7470 -861.6034 -828.1167
-824.7470 -862.3623 -839.7226
-824.7470 -854.6788 -830.7911
-824.7470 -851.6830 -827.2419
-824.7470 -855.0703 -826.1441
-824.7470 -878.0428 -835.5770
-824.7470 -852.2555 -830.6711
-824.7470 -845.9809 -827.1128
-824.7470 -866.0438 -836.6395
-824.7470 -857.2241 -827.8465
-824.7470 -868.8810 -827.7856
-824.7470 -885.6208 -834.0139
-824.7470 -851.3223 -830.2700
-824.7470 -873.6435 -830.9192
-824.7470 -883.1928 -828.8582
-824.7470 -866.5459 -829.5429
-824.7470 -853.9177 -832.1875
-824.7470 -864.4443 -834.9732
-824.7470 -872.2919 -835.1356
-824.7470 -850.2699 -828.9349
-824.7470 -857.5854 -827.2011
-824.7470 -866.2260 -829.7401
-824.7470 -876.7871 -830.6060
-824.7470 -874.7915 -832.0910
-824.7470 -848.1861 -825.8099
-824.7470 -861.5579 -827.0338
-824.7470 -889.4301 -834.1877
-824.7470 -857.6723 -825.4055
-824.7470 -843.0088 -826.2036
-824.7470 -858.4748 -838.3395
-824.7470 -871.4486 -837.4945
-824.7470 -868.8608 -841.4133
-824.7470 -875.0644 -841.3128
-824.7470 -861.8743 -833.5280
-824.7470 -857.0851 -832.6246
-824.7470 -848.1793 -829.7410
-824.7470 -867.7174 -837.5667
-824.7470 -866.1060 -835.6092
-824.7470 -856.6614 -830.5146
-824.7470 -853.9177 -830.3383
-824.7470 -843.2427 -826.2534
-824.7470 -863.8883 -829.7617
-824.7470 -900.0468 -843.3924
-824.7470 -863.8258 -838.7442
-824.7470 -887.1093 -837.6686
-824.7470 -863.1902 -827.4173
-824.7470 -846.8740 -829.6260
-824.7470 -843.2825 -826.1700
-824.7470 -839.1580 -826.2335
-824.7470 -856.9465 -825.9216
-824.7470 -845.4632 -825.4471
-824.7470 -858.2759 -835.2608
-824.7470 -893.6961 -838.6904
-824.7470 -831.2965 -824.9036
-824.7470 -847.2163 -829.0212
-824.7470 -852.9558 -826.4374
-824.7470 -849.2603 -828.6806
-824.7470 -844.4766 -825.5361
-824.7470 -870.2176 -829.6139
