-5105.7498 -5300.7474 -5151.4232
-4870.0490 -5111.8302 -4983.0990
-4799.3974 -4896.9020 -4837.9863
-4738.6832 -4805.9306 -4745.8953
-4687.7342 -4729.8423 -4700.4503
-4551.4922 -4649.9648 -4592.0693
-4360.5754 -4543.2946 -4449.6732
-4189.3717 -4397.8211 -4278.7832
-4121.5262 -4237.7059 -4169.2672
-4080.3543 -4139.9022 -4100.9102
-4060.6393 -4085.9788 -4068.9307
-4009.6227 -4037.3629 -4019.3382
-3945.5085 -4009.6227 -3975.5612
-3887.9880 -3969.4484 -3924.9829
-3823.9184 -3910.4404 -3860.9716
-3740.3778 -3826.7322 -3768.0771
-3631.9331 -3753.6955 -3686.7611
-3572.9359 -3656.8062 -3605.6924
-3460.7075 -3571.0026 -3513.1502
-3433.3438 -3496.1187 -3455.1434
-3410.3356 -3459.3570 -3418.0723
-3310.6904 -3405.9908 -3346.4237
-3265.6456 -3341.6622 -3297.0938
-3226.6850 -3297.5337 -3243.5910
-3174.9358 -3219.2840 -3192.1513
-3135.5118 -3203.0609 -3153.4221
-3094.2677 -3166.7727 -3111.0898
-3062.0959 -3104.7303 -3072.7312
-3002.1350 -3072.7613 -3038.2168
-2995.7791 -3045.3612 -3005.1171
-2972.6256 -3017.4415 -2984.8941
-2945.4972 -3009.9238 -2966.2813
-2921.1663 -2957.6641 -2928.1280
-2841.7802 -2932.1306 -2875.1009
-2801.3417 -2873.3661 -2837.4675
-2783.2680 -2848.5195 -2796.0072
-2728.2638 -2788.5916 -2749.0370
-2677.5282 -2762.5532 -2713.0780
-2656.1381 -2723.0940 -2676.2888
-2647.7931 -2692.5142 -2655.8379
-2530.8902 -2658.1925 -2621.4630
-2530.8902 -2627.8865 -2572.5939
-2455.3457 -2552.2465 -2505.1326
-2420.9327 -2495.9093 -2438.3442
-2404.4749 -2429.2355 -2413.7028
-2376.7952 -2451.0146 -2390.7130
-2347.5872 -2415.1545 -2370.6934
-2308.9561 -2406.7273 -2343.8993
-2293.3608 -2350.1822 -2305.0399
-2272.8242 -2315.4528 -2284.0791
-2253.4711 -2301.6865 -2266.4926
-2234.3947 -2269.0020 -2247.2182
-2227.1877 -2276.3343 -2243.5239
-2227.1877 -2257.3003 -2234.5235
-2192.3170 -2230.9473 -2210.8969
-2192.3170 -2230.9116 -2202.9712
-2192.3170 -2211.8212 -2195.9433
-2172.5904 -2211.0439 -2181.1782
-2155.1750 -2187.2828 -2165.0001
-2117.2110 -2165.0509 -2144.5602
-2104.0266 -2147.2081 -2116.3074
-2089.7793 -2138.4832 -2100.2511
-2086.0986 -2125.0404 -2095.3175
-2073.7724 -2097.8967 -2081.0717
-2068.9983 -2107.9355 -2075.2713
-2059.0737 -2108.0246 -2069.8817
-2050.5058 -2069.9400 -2056.4631
-2034.1011 -2078.2185 -2046.4075
-2034.1011 -2067.2120 -2041.4522
-2004.2579 -2034.1011 -2013.4558
-1998.1238 -2015.4109 -2002.8012
-1969.7608 -2012.3790 -1990.7323
-1951.0876 -1993.1862 -1961.3220
-1948.4125 -1989.4984 -1962.3887
-1936.9523 -1963.5371 -1941.1139
-1936.9523 -1946.6736 -1937.7080
-1923.7886 -1944.8886 -1933.0331
-1899.6937 -1955.0962 -1923.4724
-1871.7468 -1927.0870 -1899.4495
-1864.7085 -1902.7732 -1870.8337
-1852.4912 -1880.0265 -1860.0739
-1826.8835 -1881.7507 -1843.1764
-1826.8835 -1869.2323 -1838.3455
-1824.8181 -1854.2588 -1829.8523
-1824.8181 -1863.7572 -1831.4421
-1808.7678 -1837.8016 -1817.8171
-1798.6991 -1819.2933 -1805.5625
-1798.6991 -1811.3216 -1802.0595
-1785.5237 -1824.0440 -1792.6232
-1774.4109 -1816.5399 -1787.2006
-1760.8611 -1827.7598 -1779.8507
-1756.7171 -1792.7696 -1762.9219
-1739.2029 -1786.0985 -1748.4958
-1739.2029 -1781.5122 -1742.4455
-1735.4646 -1748.2154 -1739.4828
-1711.3864 -1756.5096 -1725.0792
-1710.8114 -1754.6152 -1721.1465
-1710.8114 -1749.5542 -1722.2747
-1710.8114 -1733.7730 -1712.7989
-1699.6250 -1731.4258 -1708.1582
-1678.8347 -1714.7804 -1695.5137
-1678.8347 -1708.8770 -1687.8999
-1675.1829 -1710.3242 -1687.2048
-1671.1103 -1706.6759 -1675.5494
-1651.9384 -1687.9343 -1664.2185
-1651.9384 -1669.8978 -1653.7180
-1651.9384 -1692.0677 -1655.7908
-1651.9384 -1669.5304 -1655.1864
-1649.6410 -1674.0904 -1653.1388
-1649.6410 -1662.2926 -1654.2909
-1640.9190 -1674.0025 -1654.9603
-1603.1514 -1685.6526 -1636.3019
-1603.1514 -1633.1686 -1606.9466
-1593.8605 -1634.6766 -1600.2057
-1593.8605 -1603.1514 -1598.3057
-1582.0957 -1602.5854 -1588.4951
-1574.6408 -1605.7953 -1578.9327
-1574.6408 -1630.9495 -1578.3379
-1571.8125 -1582.2183 -1573.9728
-1571.4488 -1588.1520 -1573.7398
-1571.4488 -1626.3313 -1575.8574
-1571.4488 -1612.4862 -1574.4661
-1571.4488 -1597.3084 -1579.2355
-1569.8373 -1587.1762 -1574.4933
-1567.0854 -1601.8509 -1571.7652
-1561.1114 -1580.2903 -1565.8118
-1561.0212 -1571.0934 -1561.9782
-1561.0212 -1587.8151 -1564.6989
-1561.0212 -1586.7041 -1566.4235
-1552.9942 -1591.2453 -1563.4003
-1539.8605 -1603.2714 -1556.5499
-1539.8605 -1605.4421 -1563.8693
-1511.0049 -1597.9730 -1536.8789
-1507.0649 -1555.0053 -1518.5409
-1507.0649 -1521.5652 -1509.8234
-1500.9812 -1509.8136 -1504.7989
-1476.6391 -1506.0585 -1490.5142
-1476.3677 -1526.9202 -1481.5432
-1475.9636 -1484.0031 -1476.6418
-1451.3021 -1484.9014 -1468.2903
-1438.7083 -1474.6743 -1461.3910
-1438.7083 -1494.1563 -1467.0201
-1438.7083 -1502.3684 -1453.3378
-1438.7083 -1494.5177 -1450.1576
-1436.6113 -1468.7793 -1439.2937
-1436.6113 -1495.2651 -1449.2206
-1436.2473 -1477.8617 -1445.7141
-1413.1140 -1487.7528 -1440.0114
-1413.1140 -1476.2213 -1439.4829
-1401.8331 -1469.4335 -1419.3976
-1401.8331 -1459.7013 -1407.5851
-1401.8331 -1439.6867 -1404.7389
-1401.8331 -1441.6987 -1406.0148
-1395.2320 -1420.0260 -1402.4668
-1395.2320 -1436.5919 -1400.9211
-1395.2320 -1430.4072 -1405.0490
-1394.8751 -1437.0306 -1401.5858
-1393.8733 -1421.5912 -1397.4613
-1376.9113 -1427.2268 -1392.5408
-1376.9113 -1402.0749 -1382.2207
-1376.9113 -1435.7525 -1387.6161
-1376.7498 -1418.5641 -1385.6304
-1376.7498 -1413.6658 -1378.8114
-1374.1314 -1426.9714 -1379.5955
-1368.1819 -1382.7195 -1372.5666
-1356.3389 -1395.8081 -1367.8624
-1347.7710 -1377.6492 -1356.6546
-1325.8047 -1376.8539 -1340.8396
-1325.8047 -1384.4322 -1331.6537
-1325.2750 -1334.9622 -1328.7303
-1325.2750 -1400.7511 -1331.2288
-1324.0777 -1346.5088 -1327.4589
-1314.5841 -1347.5333 -1324.4759
-1313.8163 -1348.1653 -1320.4873
-1313.8163 -1348.9023 -1320.0166
-1312.0255 -1333.9825 -1315.6206
-1308.6820 -1323.8361 -1312.3959
-1308.6820 -1332.1376 -1311.5095
-1307.9143 -1338.2710 -1311.4257
-1303.4636 -1312.2369 -1305.6394
-1303.4636 -1351.6915 -1306.8291
-1303.4636 -1313.8851 -1304.0740
-1280.8516 -1330.3278 -1299.9337
-1280.8516 -1305.9690 -1291.5994
-1275.8070 -1315.2758 -1286.7956
-1275.8070 -1316.0193 -1287.7889
-1275.8070 -1332.5257 -1283.0308
-1269.1240 -1279.9181 -1273.2979
-1269.1240 -1335.6914 -1275.9465
-1269.1240 -1287.7209 -1270.3360
-1263.0416 -1303.9544 -1269.5423
-1254.1883 -1269.7180 -1262.4395
-1254.1883 -1293.2437 -1261.1060
-1246.5287 -1308.8486 -1255.4958
-1244.6015 -1268.6603 -1249.8954
-1244.6015 -1282.6345 -1263.3454
-1244.6015 -1271.1371 -1253.1697
-1244.6015 -1320.6906 -1265.9446
-1244.6015 -1296.3320 -1250.6411
-1243.0466 -1285.5773 -1249.6916
-1241.7826 -1268.1128 -1244.9734
-1241.7826 -1284.7080 -1252.5937
-1239.8682 -1280.7490 -1246.2545
-1239.8682 -1287.2556 -1251.4313
-1236.8815 -1265.6117 -1241.2069
-1226.8628 -1246.6449 -1234.5109
-1226.8628 -1267.5454 -1236.0643
-1221.4628 -1248.7711 -1224.9435
-1212.6819 -1272.8584 -1221.4047
-1211.5119 -1256.1390 -1216.0707
-1211.5119 -1253.3976 -1215.8919
-1208.5308 -1247.8310 -1215.6991
-1199.3574 -1221.8243 -1205.6544
-1190.2737 -1213.7437 -1196.3961
-1185.3329 -1221.0340 -1190.6447
-1185.3329 -1233.3908 -1196.6537
-1185.3329 -1205.1229 -1186.0434
-1180.9805 -1188.9598 -1184.5818
-1180.9805 -1212.6786 -1190.9715
-1180.9805 -1213.4770 -1191.4886
-1180.9805 -1250.2203 -1189.2861
-1180.9805 -1221.5549 -1184.4567
-1180.9805 -1224.0196 -1191.7043
-1180.6431 -1229.4695 -1190.9063
-1180.6431 -1229.6947 -1185.3536
-1180.6431 -1192.1827 -1182.2634
-1173.5798 -1231.8696 -1182.5027
-1173.5798 -1214.0550 -1182.9882
-1173.5798 -1211.9735 -1189.8270
-1173.5798 -1244.2819 -1179.7638
-1173.0020 -1208.9814 -1184.0720
-1159.5995 -1194.8670 -1167.9373
-1152.1052 -1173.0020 -1158.1306
-1152.0271 -1172.6840 -1155.5568
-1137.3506 -1168.7278 -1146.5907
-1137.3506 -1178.3766 -1143.7771
-1137.3506 -1170.8307 -1145.9514
-1137.3506 -1183.4278 -1142.3656
-1137.3506 -1149.1704 -1138.3317
-1137.2247 -1139.2956 -1137.3593
-1131.9700 -1163.8336 -1136.0673
-1131.9700 -1190.8356 -1140.4970
-1127.9002 -1149.7849 -1132.7162
-1107.8020 -1157.3260 -1123.2062
-1103.3649 -1151.5365 -1107.3787
-1103.3649 -1122.9968 -1105.5777
-1103.3649 -1135.8023 -1105.3331
-1103.3649 -1124.9071 -1103.9480
-1102.3747 -1133.7323 -1104.4305
-1102.3747 -1183.9840 -1110.3433
-1102.3747 -1126.8743 -1106.9755
-1102.3747 -1150.7820 -1120.7747
-1101.2569 -1160.7334 -1111.2032
-1101.2569 -1140.4541 -1113.9720
-1101.2569 -1158.9631 -1111.1639
-1101.2569 -1140.1425 -1106.2645
-1101.2569 -1122.0402 -1105.9630
-1098.9715 -1119.2973 -1100.9744
-1098.9715 -1138.4736 -1103.6580
-1098.9715 -1134.1387 -1107.0302
-1098.9715 -1116.6418 -1101.1673
-1092.7081 -1126.9046 -1100.6388
-1092.7081 -1137.8570 -1096.5163
-1092.7081 -1134.1355 -1097.8638
-1092.7081 -1155.1675 -1096.1744
-1092.7081 -1109.9048 -1095.2765
-1092.7081 -1159.2225 -1095.5523
-1092.7081 -1145.8707 -1095.6480
-1092.7081 -1142.3912 -1102.5468
-1087.0812 -1146.7158 -1094.9120
-1084.8557 -1107.2652 -1089.9785
-1067.3550 -1122.1411 -1083.9664
-1067.3550 -1137.7418 -1075.8513
-1065.2846 -1095.7691 -1070.0601
-1063.7802 -1115.1453 -1074.2301
-1063.6322 -1088.5423 -1074.0537
-1063.6322 -1125.8210 -1074.5010
-1063.5490 -1114.7959 -1075.1509
-1063.5490 -1112.0118 -1085.3135
-1063.5490 -1103.8580 -1071.6108
-1063.5490 -1114.0595 -1075.9672
-1052.0023 -1151.8468 -1074.1599
-1052.0023 -1118.8683 -1071.2538
-1052.0023 -1089.3170 -1058.0527
-1052.0023 -1080.2699 -1058.4618
-1038.9592 -1061.3269 -1050.6245
-1038.9592 -1084.8516 -1055.1202
-1038.9592 -1074.2745 -1041.1490
-1036.3087 -1059.2656 -1039.2313
-1026.2314 -1038.9592 -1035.4825
-1026.2314 -1074.1207 -1045.0537
-1024.4998 -1069.4820 -1032.7746
-1023.5809 -1055.1298 -1027.1976
-1023.5809 -1028.0315 -1023.7964
-1023.5809 -1067.4686 -1030.0557
-1023.5809 -1030.7078 -1024.5455
-1023.5809 -1037.6754 -1024.0310
-1023.5809 -1038.3355 -1024.3088
-1012.0002 -1050.4136 -1016.9697
-1004.4279 -1056.6907 -1016.0376
-1004.4279 -1046.9957 -1017.3395
-1004.4279 -1038.2639 -1007.5308
-1004.4279 -1039.9216 -1008.5224
-1004.4279 -1024.0256 -1007.0939
-1004.4279 -1025.8620 -1006.3767
-1004.4279 -1016.6713 -1005.1959
-1004.4279 -1047.9474 -1005.9289
-1004.4279 -1020.9526 -1005.8620
-1004.4279 -1039.9071 -1007.0060
-1004.4279 -1045.9706 -1007.2572
-1004.4279 -1067.3369 -1020.1684
-1004.4279 -1099.2189 -1020.0814
-990.0859 -1010.8714 -996.6712
-988.0982 -1045.1796 -991.9538
-988.0982 -1016.5164 -990.6627
-988.0982 -1011.5203 -990.1074
-988.0982 -1050.0331 -998.2358
-988.0982 -1024.3433 -992.7482
-988.0982 -1047.1565 -994.0407
-983.5643 -1025.8403 -992.4936
-983.5643 -1053.8190 -988.5924
-980.0329 -1028.6136 -988.4979
-980.0329 -1050.2515 -985.1221
-980.0329 -1022.8896 -982.8490
-977.8418 -1000.9778 -982.2817
-977.8418 -1047.0181 -990.9676
-977.8418 -1015.0820 -983.4819
-976.6796 -1028.8575 -980.8559
-976.6796 -1022.1286 -985.4264
-976.6796 -1015.9032 -983.0582
-976.6796 -990.1649 -977.2160
-971.5097 -1039.7398 -979.6017
-971.5097 -1014.1575 -984.3354
-971.5097 -1073.6361 -993.8499
-971.5097 -1019.6454 -973.8259
-971.5097 -1007.9847 -972.8091
-968.7419 -1018.9201 -973.7481
-968.7419 -1028.2318 -977.7978
-968.7419 -1027.8632 -976.2470
-968.7419 -991.8486 -971.6904
-968.7419 -1021.2532 -982.8780
-968.7419 -1005.8483 -984.3116
-968.7419 -996.6084 -973.7244
-968.7419 -1005.0087 -978.6998
-968.7419 -1036.4114 -976.9128
-968.7419 -1003.7344 -970.4534
-968.1846 -1010.6831 -970.9400
-968.1846 -997.6598 -970.2117
-965.4229 -994.1975 -970.5317
-965.4229 -974.3979 -966.5000
-965.4229 -968.1846 -965.6041
-960.8440 -993.5179 -969.5373
-960.8440 -1034.1429 -975.5627
-958.0231 -987.1747 -968.6855
-958.0231 -992.2578 -960.2256
-953.4325 -996.1276 -969.2122
-953.4325 -1010.2040 -965.6368
-953.4325 -1011.7595 -967.2761
-953.4325 -963.0377 -955.2109
-953.4325 -973.9642 -956.5055
-953.4325 -991.7123 -956.1814
-953.4325 -989.0034 -957.7303
-953.4325 -1020.3361 -960.2668
-953.4325 -993.2246 -956.9390
-953.4325 -989.3629 -956.7514
-953.4325 -996.9262 -957.3764
-952.5854 -971.2355 -954.7652
-952.5854 -966.9178 -953.9570
-952.5854 -1024.1416 -964.6625
-950.8050 -970.3084 -955.8174
-950.8050 -968.5325 -955.4451
-950.8050 -988.7974 -959.0918
-950.8050 -992.0989 -953.1308
-950.8050 -979.3707 -953.4527
-950.8050 -995.1144 -958.8039
-950.8050 -986.4364 -964.4186
-949.3872 -1003.3149 -959.7937
-949.3872 -985.8362 -963.4453
-949.3872 -999.9988 -961.0449
-949.3872 -972.8537 -954.3120
-949.3872 -989.3434 -956.9000
-949.3872 -1006.4072 -954.2782
-949.3872 -986.9304 -953.0968
-949.3872 -983.7832 -959.4792
-949.3872 -1005.2323 -956.2645
-949.3872 -1003.6753 -961.4404
-949.3872 -974.9481 -951.2763
-949.3872 -980.8370 -953.1482
-948.7306 -964.6046 -950.1295
-948.7306 -1006.0484 -953.2083
-948.7306 -1001.3116 -955.9262
-948.7306 -980.3215 -956.8724
-948.7306 -997.4427 -956.8436
-948.7306 -977.9908 -951.1041
-948.7306 -972.7316 -951.0716
-948.7306 -993.0833 -957.8677
-945.7746 -963.5611 -948.3153
-945.7746 -960.8341 -948.2048
-945.7746 -973.7525 -952.0993
-945.7746 -1009.8428 -949.1720
-945.7746 -978.9979 -951.4086
-945.7746 -972.9874 -950.3576
-945.7746 -983.8791 -947.3634
-945.7746 -976.5094 -948.4430
-945.7746 -983.6624 -946.5324
-931.4463 -946.8981 -940.9143
-931.4463 -1023.6999 -940.5849
-931.4463 -989.4303 -933.2995
-931.4463 -961.3660 -935.6014
-931.4463 -984.3871 -939.0739
-931.4463 -984.7148 -937.4168
-931.4463 -967.6820 -937.3913
-931.4463 -982.4497 -942.0315
-931.4463 -999.1301 -933.7697
-931.4463 -975.7014 -941.9529
-931.4463 -971.0769 -937.2665
-931.4463 -959.4242 -936.7897
-931.4463 -964.2112 -941.1510
-931.4463 -992.1545 -936.9926
-931.4463 -967.7778 -934.5406
-931.4463 -960.6345 -937.4612
-931.4463 -960.3292 -936.7934
-931.4463 -1007.3485 -939.4617
-931.4463 -972.8940 -932.7316
-923.7383 -955.1037 -932.9766
-923.7383 -974.1472 -935.8897
-923.7383 -965.2730 -930.8808
-922.4859 -949.5221 -925.8440
-920.9965 -935.3622 -922.6770
-920.9965 -958.3664 -926.4987
-920.9965 -986.8160 -939.6131
-920.9965 -953.9016 -926.9125
-920.9965 -946.5820 -927.2504
-920.9965 -950.3818 -923.5283
-918.2522 -961.7189 -924.4191
-918.2522 -958.3469 -920.7946
-918.2522 -938.7916 -921.5025
-918.2522 -970.8774 -921.1273
-918.2522 -951.9242 -920.3302
-909.4871 -923.0453 -914.1408
-909.4871 -941.7166 -914.4066
-909.4871 -937.6935 -913.3667
-909.4871 -930.0402 -911.8092
-909.4871 -942.6574 -912.5195
-908.3169 -961.5850 -916.2321
-908.3169 -962.7472 -911.2420
-908.3169 -912.9269 -909.0176
-908.3169 -929.3714 -912.1651
-908.3169 -953.5728 -917.9697
-908.3169 -941.9772 -911.4236
-908.3169 -949.2188 -910.4976
-908.3169 -935.3836 -910.4514
-908.3169 -951.6193 -914.0737
-908.3169 -953.6812 -915.2842
-908.3169 -953.7867 -913.5042
-908.3169 -939.2193 -915.2464
-908.3169 -969.7031 -916.1657
-908.3169 -943.8523 -912.5778
-908.3169 -927.9943 -912.3174
-908.3169 -937.6405 -910.0109
-908.3169 -911.9234 -908.4612
-908.3169 -914.5820 -908.4422
-908.3169 -951.8258 -912.1188
-908.3169 -941.6068 -910.2931
-908.3169 -930.4010 -915.0008
-908.3169 -926.1200 -910.4634
-908.3169 -927.6425 -913.1356
-908.3169 -954.5011 -917.2836
-908.3169 -965.7064 -915.5248
-908.3169 -930.4880 -912.6148
-908.3169 -950.6468 -912.7864
-908.3169 -941.6033 -909.8768
-908.3169 -960.7833 -914.2194
-908.3169 -963.4617 -919.7060
-908.3169 -937.8206 -918.0750
-908.3169 -921.3466 -911.4753
-908.3169 -936.4119 -910.7914
-908.3169 -966.6327 -913.9742
-908.3169 -951.7747 -913.9759
-908.3169 -932.1632 -909.6523
-908.3169 -937.8206 -912.9055
-908.3169 -946.4998 -913.2536
-908.3169 -974.2871 -914.8200
-908.3169 -932.3178 -910.9910
-908.3169 -949.1999 -914.9794
-908.3169 -939.4499 -911.1293
-908.3169 -932.6456 -911.9880
-908.3169 -940.1111 -915.9568
-908.3169 -957.3002 -912.0428
-908.3169 -914.2197 -910.1086
-908.3169 -950.0651 -920.5392
-908.3169 -969.1869 -916.7601
-908.3169 -924.6765 -911.8572
-908.3169 -939.2192 -910.2228
-908.3169 -936.2482 -909.6000
-908.3169 -935.5600 -913.2833
-908.3169 -927.9943 -908.7613
-906.7353 -930.3463 -909.2853
-906.7353 -923.1440 -913.2551
-906.7353 -944.3733 -911.4260
-906.7353 -955.3398 -910.4708
-906.7353 -933.9055 -908.1617
-906.7353 -929.0450 -908.2700
-906.7353 -926.2375 -908.7478
-906.7353 -950.2982 -910.3770
-897.1473 -947.7780 -906.4346
-897.1473 -927.3855 -904.2684
-897.1473 -939.0154 -902.4297
-897.1473 -949.5145 -903.2231
-897.1473 -931.1888 -900.6598
-897.1473 -948.5653 -901.8376
-897.1473 -937.0366 -901.5912
-897.1473 -912.1508 -898.6305
-897.1473 -950.9996 -901.7224
-897.1473 -921.0370 -898.3349
-897.1473 -920.0021 -897.6739
-897.1473 -932.9392 -898.9162
-897.1473 -974.0600 -899.4577
-895.6175 -923.9308 -898.3316
-895.6175 -936.5267 -901.0805
-895.6175 -923.1262 -901.5092
-895.6175 -914.3005 -899.9196
-892.2246 -929.2493 -898.4376
-892.2246 -928.0739 -906.4846
-892.2246 -962.3355 -907.8580
-892.2246 -951.6008 -910.3698
-892.2246 -965.2011 -924.0409
-892.2246 -965.9842 -909.2507
-892.2246 -953.7269 -912.6475
-892.2246 -946.4378 -909.3194
-892.2246 -967.2867 -918.3219
-892.2246 -959.7341 -913.5351
-890.8857 -935.1635 -898.6909
-890.8857 -958.1502 -897.7286
-890.8857 -918.7472 -893.6297
-890.8857 -933.5767 -897.0539
-890.8857 -918.7380 -893.5233
-890.8857 -895.2596 -891.2016
-890.8857 -910.6094 -893.3815
-890.8857 -903.2551 -891.1331
-890.8857 -918.1288 -895.3295
-890.8857 -954.8810 -899.6352
-890.8857 -913.9517 -901.8709
-890.8857 -921.1578 -900.2385
-890.8857 -937.0020 -904.9979
-890.8857 -943.0653 -895.2827
-890.8857 -943.1747 -895.5780
-890.8857 -948.6111 -896.8250
-890.8857 -927.1506 -892.7588
-890.8857 -922.2324 -895.8370
-890.8857 -936.2407 -901.4809
-890.8857 -924.2666 -894.5548
-890.8857 -916.7118 -893.1413
-890.8857 -932.2802 -903.3776
-890.8857 -946.2247 -915.2124
-890.8857 -923.2505 -895.8925
-890.8857 -939.3521 -893.0644
-890.8857 -919.6481 -899.3189
-890.8857 -923.5370 -895.2704
-890.8857 -917.6593 -897.2610
-890.8857 -907.3820 -892.7223
-890.8857 -920.2640 -895.3756
-890.8857 -942.2766 -900.5738
-890.8857 -939.7744 -901.1959
-890.8857 -944.7794 -899.6870
-890.8857 -953.3076 -899.1513
-890.8857 -932.2802 -897.3016
-887.5460 -929.6869 -894.4535
-887.5460 -947.4928 -898.1423
-887.5460 -936.6851 -892.9820
-887.5460 -899.4948 -887.9382
-887.5460 -897.3165 -887.7414
-887.5460 -920.7266 -890.1457
-887.5460 -893.9941 -887.6750
-887.5460 -920.7603 -889.6492
-887.5460 -919.4741 -890.7464
-887.5460 -954.2476 -893.4151
-887.5460 -946.6945 -896.6452
-887.5460 -950.4108 -899.6659
-887.5460 -919.5651 -893.4118
-887.5460 -937.2197 -902.2241
-887.5460 -956.5365 -895.2842
-887.5460 -953.5630 -898.0622
-887.5460 -915.1533 -897.4957
-887.5460 -934.8488 -902.5805
-887.5460 -953.7209 -903.2138
-887.5460 -969.6480 -898.0856
-887.5460 -936.9552 -892.3367
-887.5460 -925.3861 -894.2198
-887.5460 -915.6400 -894.8282
-887.5460 -940.2491 -894.2940
-887.5460 -926.9833 -889.2032
-887.5460 -930.0723 -895.8948
-887.5460 -940.4513 -897.4005
-887.5460 -931.4038 -903.4103
-887.5460 -945.0655 -889.9964
-887.5460 -919.4245 -888.9178
-887.5460 -929.4805 -895.3850
-887.5460 -916.7977 -889.0745
-887.5460 -943.8079 -894.0550
-887.5460 -924.9117 -892.9707
-887.5460 -917.6369 -889.8263
-887.5460 -915.9543 -890.4260
-887.5460 -909.7363 -893.5840
-887.5460 -926.6287 -902.5507
-887.5460 -926.2349 -901.7124
-887.5460 -949.0655 -918.1913
-887.5460 -945.4181 -902.1602
-887.5460 -912.5273 -889.6669
-887.5460 -912.5273 -889.5648
-887.5460 -907.1630 -890.1679
-887.5460 -919.5932 -893.7903
-887.5460 -921.2828 -893.8389
-887.5460 -943.2704 -895.4594
-887.5460 -942.2125 -891.1618
-887.5460 -936.8416 -900.2270
-887.5460 -928.3513 -893.8046
-887.5460 -896.2880 -887.7209
-887.5460 -908.0854 -890.6977
-887.5460 -923.0003 -891.8915
-887.5460 -946.4423 -898.7326
-887.5460 -925.4737 -891.9085
-887.5460 -939.8760 -892.3485
-887.5460 -951.6160 -895.4262
-887.5460 -933.4549 -897.8778
-887.5460 -924.8901 -900.5613
-887.5460 -931.9269 -895.5866
-887.5460 -930.6393 -889.9153
-887.5460 -933.0334 -897.4628
-887.5460 -913.2930 -890.2347
-887.5460 -936.8416 -892.0572
-887.5460 -939.9949 -901.5104
-887.5460 -989.0389 -901.8910
-887.5460 -910.7349 -891.0457
-887.5460 -936.0978 -898.0286
-887.5460 -927.5433 -893.9985
-887.5460 -898.7426 -888.7192
-887.5460 -913.2992 -890.4699
-887.5460 -924.2279 -890.3773
-887.5460 -951.2422 -892.1249
-887.5460 -922.1233 -889.7341
-887.5460 -896.3322 -888.4873
-887.5460 -890.9460 -887.6140
-887.5460 -891.5914 -888.1417
-887.5460 -929.0792 -890.2634
-887.5460 -913.8521 -891.3061
-887.5460 -920.9908 -889.7600
-884.7226 -902.9198 -890.9941
-881.1725 -953.2072 -896.4377
-881.1725 -940.4291 -887.6974
-881.1725 -921.3636 -888.4517
-881.1725 -931.1168 -889.0488
-881.1725 -912.0828 -883.6702
-881.1725 -936.8640 -890.3029
-881.1725 -899.7986 -884.8682
-881.1725 -938.9451 -895.0856
-881.1725 -915.1939 -886.2423
-881.1725 -904.0518 -882.4810
-881.1725 -924.0020 -883.8917
-881.1725 -903.5577 -883.9674
-881.1725 -925.7996 -886.0749
-881.1725 -915.0449 -883.0987
-881.1725 -952.2606 -890.7690
-881.1725 -938.1725 -889.7800
-881.1725 -937.7286 -897.3116
-881.1725 -935.0094 -890.4611
-881.1725 -902.8341 -885.0983
-881.1725 -922.1246 -886.9536
-881.1725 -921.1225 -891.4374
-881.1725 -901.8586 -886.2611
-881.1725 -942.9117 -896.5255
-881.1725 -917.4802 -884.8474
-881.1725 -911.6178 -885.9763
-881.1725 -925.3118 -891.8723
-881.1725 -924.7144 -893.4011
-881.1725 -929.6893 -892.3789
-881.1725 -928.1336 -886.8246
-878.6287 -910.6911 -882.6077
-878.6287 -932.5681 -895.9834
-878.6287 -954.1913 -898.9726
-878.6287 -939.6471 -889.1831
-878.6287 -914.3696 -880.4968
-878.6287 -927.0933 -882.1693
-878.6287 -889.7116 -879.4268
-878.6287 -927.7834 -885.2396
-878.6287 -902.1260 -883.3495
-878.6287 -890.2094 -880.0966
-878.6287 -923.5261 -881.4209
-878.6287 -943.0004 -881.0720
-878.6287 -916.8038 -888.4242
-878.6287 -939.6616 -887.8482
-878.6287 -924.9471 -890.2765
-878.6287 -902.7589 -883.8038
-878.6287 -913.5870 -888.0937
-878.6287 -933.2460 -889.9458
-878.6287 -962.9742 -898.0708
-878.6287 -948.6825 -890.9085
-878.6287 -970.1042 -904.9786
-878.6287 -951.2171 -899.6128
-878.6287 -931.4954 -883.8629
-878.6287 -921.5304 -890.9951
-878.6287 -947.3114 -886.4372
-878.6287 -922.8914 -885.0203
-878.6287 -934.3203 -892.1669
-878.6287 -902.5631 -882.3061
-878.6287 -902.0931 -881.7809
-878.6287 -917.3293 -880.2382
-878.6287 -898.0692 -880.2590
-878.6287 -920.2270 -883.7082
-878.6287 -924.8883 -884.4341
-878.6287 -919.3203 -881.2252
-878.6287 -890.8291 -881.4581
-878.6287 -897.9422 -879.0150
-878.6287 -878.6287 -878.6287
-878.6287 -918.6581 -880.0528
-878.6287 -906.9759 -881.1439
-878.6287 -892.7556 -879.9247
-878.6287 -891.5908 -879.3879
-878.6287 -907.5736 -881.0180
-878.6287 -901.4503 -880.0595
-878.6287 -939.8244 -888.9293
-878.6287 -920.2140 -881.5500
-878.6287 -915.3106 -884.6801
-878.6287 -932.5777 -886.6981
-878.6287 -909.8627 -879.8032
-878.6287 -900.1283 -880.9381
-878.6287 -914.9307 -884.0363
-878.6287 -931.5087 -893.2955
-878.6287 -934.5994 -888.3032
-878.6287 -927.6592 -891.6999
-878.6287 -920.7444 -883.6438
-878.6287 -904.2453 -883.7293
-878.6287 -949.7424 -882.8569
-878.6287 -918.8775 -879.9877
-878.6287 -926.2944 -881.8705
-878.6287 -914.3182 -884.7543
-878.6287 -900.7476 -880.4096
-878.6287 -898.1541 -879.7533
-878.6287 -903.0483 -885.7121
-878.6287 -923.9450 -882.8900
-878.6287 -913.0642 -880.8082
-878.6287 -933.2952 -883.1381
-878.6287 -941.5529 -889.2162
-878.6287 -941.4749 -885.4894
-878.6287 -913.2843 -889.3249
-878.6287 -917.7901 -886.3118
-878.6287 -926.9331 -882.7487
-878.6287 -937.7064 -888.2091
-878.6287 -922.8200 -886.7933
-878.6287 -977.9838 -885.1472
-878.6287 -906.9139 -885.7782
-878.6287 -899.1652 -881.0558
-878.6287 -906.2699 -888.3253
-878.6287 -959.5780 -898.9559
-878.6287 -944.3151 -894.5039
-878.6287 -937.4990 -890.4261
-878.6287 -935.9963 -891.1363
-878.6287 -914.0629 -884.6395
-878.6287 -915.9167 -881.0281
-878.6287 -912.6439 -889.0408
-878.6287 -918.4959 -883.8645
-878.6287 -919.6114 -884.9079
-878.6287 -920.2635 -883.3359
-878.6287 -915.7078 -882.1214
-878.6287 -902.0931 -879.7508
-878.6287 -915.9560 -883.0423
-878.6287 -928.9844 -889.3535
-878.6287 -913.0910 -882.1449
-875.1851 -914.0929 -881.0740
-875.1851 -911.8653 -878.9282
-875.1851 -908.7883 -879.7553
-875.1851 -886.1153 -877.5236
-875.1851 -913.9663 -881.9311
-875.1851 -940.7133 -884.4308
-875.1851 -914.2995 -877.8508
-875.1851 -902.3512 -882.3307
-875.1851 -930.9688 -882.4032
-875.1851 -898.8948 -878.0254
-875.1851 -898.6810 -877.1674
-875.1851 -898.5926 -875.8442
-875.1851 -949.3360 -883.4266
-875.1851 -934.6385 -891.1425
-875.1851 -945.8131 -893.0506
-875.1851 -920.7693 -883.4780
-875.1851 -907.4655 -884.5548
-875.1851 -901.7120 -879.7667
-875.1851 -901.0525 -877.2648
-875.1851 -898.8845 -876.1797
-875.1851 -907.2273 -879.0904
-875.1851 -906.6656 -879.7150
-875.1851 -916.0319 -881.8066
-875.1851 -917.7010 -880.0863
-875.1851 -916.4515 -879.7588
-875.1851 -932.8853 -887.4025
-875.1851 -914.7250 -884.5444
-875.1851 -946.5792 -883.3127
-875.1851 -903.8179 -880.0581
-875.1851 -916.7834 -881.8583
-875.1851 -938.1854 -882.8358
-875.1851 -940.7785 -881.7541
-875.1851 -964.0355 -889.6034
-875.1851 -893.7364 -876.2339
-875.1851 -915.5615 -880.1490
-875.1851 -925.7194 -891.6835
-875.1851 -925.0167 -886.5214
-875.1851 -926.7149 -882.6840
-875.1851 -917.0912 -878.5098
-875.1851 -926.1886 -879.7964
-875.1851 -894.4170 -877.0955
-875.1851 -961.9578 -892.4770
-875.1851 -933.8903 -886.2407
-875.1851 -906.7886 -881.9638
-875.1851 -892.4900 -877.2534
-874.9422 -910.9261 -879.2557
-874.9422 -917.1949 -877.2558
-874.9422 -910.8542 -882.8056
-874.9422 -900.4324 -876.2935
-874.9422 -920.9164 -884.9297
-874.9422 -920.1982 -881.7749
-874.9422 -929.5430 -886.3228
-874.9422 -935.4097 -886.5774
-874.9422 -952.1463 -900.0798
-874.9422 -908.7021 -885.3533
-874.9422 -924.2049 -889.4453
-874.9422 -903.5324 -877.5969
-874.9422 -938.8456 -882.2494
-874.9422 -882.4129 -875.6035
-874.9422 -898.4684 -875.4128
-874.9422 -913.9294 -879.1131
-874.9422 -894.2131 -876.2655
-874.9422 -917.0150 -884.8637
-874.9422 -913.9574 -882.3558
-874.9422 -897.3369 -879.8405
-874.9422 -927.8572 -881.2134
-874.9422 -913.8674 -878.4569
-874.9422 -910.4360 -885.6021
-874.9422 -912.2539 -879.5154
-874.9422 -912.8168 -881.1177
-874.9422 -899.6797 -876.8070
-874.9422 -914.9716 -877.5483
-874.9422 -909.9887 -878.2735
-874.9422 -911.0205 -878.9512
-874.9422 -905.2825 -878.2369
-874.9422 -898.4452 -877.1657
-874.9422 -904.5664 -879.9994
-874.9422 -898.4428 -876.2308
-874.9422 -906.0926 -883.6594
-871.2090 -900.3616 -877.8840
-871.2090 -937.8103 -882.6512
-871.2090 -924.0972 -882.3278
-871.2090 -927.5649 -880.6663
-871.2090 -926.2478 -881.8644
-871.2090 -938.6671 -888.8417
-871.2090 -919.5211 -879.3507
-871.2090 -886.2883 -872.0993
-871.2090 -910.6954 -877.0268
-871.2090 -927.9442 -882.3233
-871.2090 -886.9754 -874.9430
-871.2090 -917.5533 -875.8114
-871.2090 -932.3212 -874.3787
-871.2090 -905.7711 -878.4714
-871.2090 -922.5525 -877.1539
-871.2090 -895.3347 -873.4575
-871.2090 -899.3747 -874.5859
-871.2090 -886.3890 -871.9440
-871.2090 -906.1975 -875.0984
-871.2090 -915.4716 -874.2987
-871.2090 -931.2681 -881.2247
-871.2090 -898.6344 -874.4752
-871.2090 -913.1532 -880.0792
-871.2090 -910.2965 -882.9866
-871.2090 -910.2965 -881.7709
-871.2090 -889.7855 -873.0809
-871.2090 -910.6776 -877.4431
-871.2090 -919.8647 -882.9890
-871.2090 -929.6623 -883.3046
-871.2090 -898.3447 -874.8933
-871.2090 -919.0251 -878.8683
-871.2090 -932.0223 -879.8271
-871.2090 -895.5720 -872.2937
-871.2090 -891.2015 -872.0960
-871.2090 -918.8729 -874.0711
-871.2090 -915.9967 -875.2598
-871.2090 -901.7536 -873.8566
-871.2090 -944.7882 -882.6557
-871.2090 -928.3225 -881.0589
-871.2090 -901.2784 -875.8460
-871.2090 -925.5639 -879.1510
-871.2090 -897.8493 -876.1551
-871.2090 -878.2016 -871.4887
-871.2090 -914.4003 -874.9400
-871.2090 -918.0405 -876.2902
-871.2090 -912.6826 -883.2836
-871.2090 -938.9858 -890.2600
-871.2090 -923.3275 -877.4657
-871.2090 -916.9961 -881.9250
-871.2090 -881.5503 -872.4305
-871.2090 -895.1973 -872.3064
-871.2090 -914.5286 -877.7892
-871.2090 -926.1425 -883.9820
-871.2090 -897.8268 -873.2450
-871.2090 -875.2544 -871.5944
-871.2090 -899.7279 -872.2395
-871.2090 -896.5115 -875.6044
-871.2090 -929.7212 -878.9554
-871.2090 -951.7151 -879.0618
-871.2090 -935.2278 -883.3224
-871.2090 -914.5584 -875.8061
-871.2090 -898.8501 -872.6047
-871.2090 -896.9554 -877.6554
-871.2090 -902.9753 -874.9452
-871.2090 -906.5552 -877.6215
-871.2090 -908.2844 -876.1301
-871.2090 -899.6759 -876.9305
-871.2090 -887.6552 -872.7585
-871.2090 -912.6863 -882.0306
-871.2090 -904.5666 -877.4220
-871.2090 -908.0199 -876.4038
-871.2090 -884.1711 -873.0386
-871.2090 -925.6828 -882.7724
-871.2090 -937.1346 -877.2601
-871.2090 -915.6126 -878.5115
-871.2090 -933.6292 -877.4096
-871.2090 -924.0890 -876.9011
-871.2090 -897.8425 -872.6264
-871.2090 -901.7850 -878.1415
-871.2090 -902.1715 -875.4397
-871.2090 -915.7838 -879.5013
-871.2090 -921.1350 -885.3567
-871.2090 -886.9191 -875.5748
-871.2090 -909.0369 -883.2379
-871.2090 -927.9442 -882.6638
-871.2090 -907.0063 -878.9757
-871.2090 -898.5222 -872.9899
-871.2090 -898.5222 -874.4528
-871.2090 -909.7858 -874.8131
-871.2090 -933.8162 -879.7405
-871.2090 -918.0999 -878.3596
-871.2090 -914.8159 -873.8102
-871.2090 -919.6754 -881.4893
-871.2090 -897.8787 -876.2278
-871.2090 -898.5270 -875.7315
-871.2090 -899.4869 -879.2593
-871.2090 -890.4039 -873.3044
-871.2090 -912.1233 -876.3259
-871.2090 -891.3072 -874.4529
-871.2090 -933.8488 -879.4258
-871.2090 -917.5106 -875.3876
-871.2090 -894.0305 -872.8355
-871.2090 -884.5891 -871.8882
-871.2090 -904.5257 -872.8260
-871.2090 -903.0874 -874.6063
-871.2090 -930.9983 -876.5706
-871.2090 -946.5295 -877.9525
-871.2090 -928.5765 -874.2927
-871.2090 -924.0919 -880.4174
-871.2090 -920.0549 -876.5245
-871.2090 -877.6870 -871.8108
-871.2090 -913.9099 -875.8657
-871.2090 -903.6653 -876.5062
-871.2090 -930.2263 -879.8497
-871.2090 -924.7660 -879.6740
-871.2090 -965.1534 -877.8854
-871.2090 -909.6230 -874.3346
-871.2090 -899.1403 -878.5397
-871.2090 -892.2340 -878.7373
-871.2090 -953.2418 -889.9527
-871.2090 -965.5670 -879.5509
-871.2090 -889.5905 -875.5565
-871.2090 -897.0974 -873.9743
-871.2090 -908.3131 -875.1812
-871.2090 -913.9810 -880.5244
-871.2090 -897.3982 -877.8826
-871.2090 -917.4685 -876.6600
-871.2090 -890.0780 -872.5990
-871.2090 -934.0696 -879.8135
-871.2090 -912.5492 -877.3414
-871.2090 -920.4581 -885.0522
-871.2090 -933.3064 -892.9873
-871.2090 -930.3574 -878.1527
-871.2090 -881.7417 -872.6589
-871.2090 -891.8038 -873.6006
-871.2090 -892.4866 -872.6406
-871.2090 -903.3475 -872.9853
-871.2090 -896.8479 -874.5832
-871.2090 -903.7461 -873.9185
-871.2090 -928.4507 -883.8745
-871.2090 -928.7038 -879.7330
-871.2090 -924.9956 -890.7258
-871.2090 -962.9064 -885.5682
-871.2090 -951.3317 -878.7218
-871.2090 -890.7936 -873.9837
-871.2090 -908.1250 -872.4587
-871.2090 -898.2124 -872.9782
-871.2090 -896.3700 -874.4996
-871.2090 -880.6783 -873.0418
-871.2090 -905.0770 -877.2275
-871.2090 -940.3935 -885.3947
-871.2090 -914.4436 -877.9907
-871.2090 -909.7833 -873.5700
-871.2090 -879.1501 -872.3872
-871.2090 -897.2417 -874.7103
-871.2090 -903.9681 -877.0476
-871.2090 -917.8055 -878.5460
-871.2090 -910.8334 -875.7869
-871.2090 -910.7488 -876.3912
-871.2090 -922.4852 -875.2932
-871.2090 -908.1054 -874.9242
-871.2090 -911.6996 -876.2680
-871.2090 -908.7144 -872.6811
-871.2090 -908.9766 -875.0712
-871.2090 -939.6936 -882.0520
-871.2090 -914.2756 -873.7757
-871.2090 -893.3800 -872.8899
-871.2090 -912.6385 -878.0765
-871.2090 -907.8779 -877.6267
-871.2090 -931.8734 -877.9426
-871.2090 -896.2197 -875.7595
-871.2090 -921.9746 -875.6418
-871.2090 -919.9211 -873.4418
-871.2090 -889.6996 -876.7219
-871.2090 -891.3503 -876.9872
-871.2090 -902.0010 -877.8832
-871.2090 -898.5853 -876.4778
-871.2090 -904.9341 -873.4968
-871.2090 -883.9371 -873.9305
-871.2090 -904.3367 -878.5550
-871.2090 -908.1816 -880.1813
-871.2090 -924.2692 -890.3995
-871.2090 -923.1890 -892.5590
-871.2090 -939.0111 -895.2338
-871.2090 -918.3286 -883.4829
-871.2090 -939.7647 -897.7461
-871.2090 -925.8754 -875.6854
-871.2090 -918.0558 -875.4478
-871.2090 -891.3072 -872.9666
-871.2090 -917.3582 -876.8396
-871.2090 -944.8466 -890.7113
-871.2090 -903.2857 -873.0501
-871.2090 -903.3799 -873.4566
-871.2090 -914.0528 -875.2177
-871.2090 -923.7682 -879.9169
-871.2090 -912.0919 -875.9099
-871.2090 -915.2424 -873.0780
-871.2090 -900.9177 -878.2160
-871.2090 -926.3689 -881.9569
-871.2090 -938.7181 -883.8926
-871.2090 -928.7392 -879.7978
-871.2090 -908.2661 -880.1189
-871.2090 -933.8417 -875.9799
-871.2090 -904.8381 -874.5059
-871.2090 -891.5167 -872.4438
-871.2090 -900.2630 -875.6928
-871.2090 -912.0718 -879.7775
-871.2090 -915.1528 -875.2447
-871.2090 -922.6445 -875.0973
-871.2090 -896.6364 -873.7066
-871.2090 -879.4988 -871.7095
-871.2090 -889.9331 -872.5726
-871.2090 -918.9284 -884.7053
-871.2090 -907.3381 -875.5703
-871.2090 -911.7007 -876.5977
-871.2090 -885.2760 -872.3464
-871.2090 -925.2027 -886.7621
-871.2090 -904.4232 -883.0445
-871.2090 -916.9859 -883.8991
-871.2090 -924.2010 -875.8894
-871.2090 -903.9444 -876.0496
-871.2090 -911.5246 -877.1929
-871.2090 -925.6135 -891.2207
-871.2090 -923.7256 -879.0911
-871.2090 -887.1647 -871.8215
-871.2090 -912.6359 -876.6053
-871.2090 -907.1209 -880.3490
-871.2090 -895.2499 -874.6051
-871.2090 -886.3890 -872.0084
-871.2090 -893.8802 -871.9347
-871.2090 -895.9586 -874.1527
-871.2090 -889.5522 -874.4095
-871.2090 -902.4302 -882.6475
-871.2090 -921.0551 -880.2755
-871.2090 -916.8987 -879.3007
-871.2090 -918.7722 -873.2911
-871.2090 -907.2015 -875.3926
-871.2090 -898.1353 -877.8728
-871.2090 -899.6936 -876.3820
-871.2090 -926.9305 -881.8816
-871.2090 -903.6736 -872.6746
-871.2090 -889.9905 -872.6462
-871.2090 -912.6385 -876.0774
-871.2090 -905.9256 -880.4323
-871.2090 -915.3392 -876.8388
-871.2090 -907.2246 -878.6578
-871.2090 -909.0288 -877.9335
-871.2090 -926.5471 -877.3096
-871.2090 -908.8752 -883.9044
-871.2090 -914.8146 -893.7357
-871.2090 -932.2671 -891.9358
-871.2090 -943.6979 -897.9148
-871.2090 -916.3489 -884.5227
-871.2090 -928.2290 -878.6469
-871.2090 -923.2615 -873.5155
-871.2090 -908.6310 -879.2388
-871.2090 -927.5649 -891.0320
-871.2090 -921.1982 -887.2853
-871.2090 -908.1953 -878.4050
-871.2090 -896.4775 -874.8487
-871.2090 -917.5753 -875.1661
-871.2090 -919.9211 -877.8708
-871.2090 -922.0386 -877.9358
-871.2090 -903.4760 -883.1153
-871.2090 -940.3292 -881.6904
-871.2090 -895.9675 -877.4384
-871.2090 -913.4890 -884.1448
-871.2090 -949.1966 -882.9671
-871.2090 -913.0729 -880.2506
-871.2090 -920.9121 -878.0980
-871.2090 -910.3641 -873.6186
-871.2090 -902.3593 -873.3116
-871.2090 -902.8625 -873.7233
-871.2090 -917.9990 -878.7231
-871.2090 -902.4429 -876.6129
-871.2090 -890.3969 -871.7581
-871.2090 -898.2645 -872.7913
-871.2090 -961.0980 -891.6864
-871.2090 -926.6191 -878.3071
-871.2090 -912.6359 -877.0810
-871.2090 -884.2935 -871.9327
-871.2090 -892.6784 -873.9375
-871.2090 -899.5458 -872.8375
-871.2090 -930.8595 -880.6974
-871.2090 -908.9766 -881.6755
-871.2090 -900.7039 -877.1670
-871.2090 -913.2762 -884.6626
-871.2090 -907.7928 -876.6765
-871.2090 -930.8885 -880.0315
-871.2090 -910.2242 -881.6701
-871.2090 -936.5571 -884.3268
-871.2090 -907.5466 -880.5454
-871.2090 -908.4407 -878.4966
-871.2090 -919.3301 -881.2402
-871.2090 -903.0873 -883.9773
-871.2090 -946.7476 -884.4004
-871.2090 -893.5614 -874.7686
-871.2090 -912.1967 -879.4285
-871.2090 -958.6433 -893.1184
-871.2090 -903.0873 -875.7387
-871.2090 -884.5504 -873.6410
-871.2090 -892.8751 -874.6026
-871.2090 -982.6085 -877.4389
-871.2090 -916.9882 -874.8710
-871.2090 -898.7938 -873.7451
-871.2090 -922.0057 -883.1520
-871.2090 -905.5469 -877.9594
-871.2090 -902.2096 -877.0145
-871.2090 -940.5516 -881.6655
-871.2090 -921.5537 -884.8741
-871.2090 -912.1229 -878.3847
-871.2090 -914.6151 -878.3547
-871.2090 -920.5000 -875.3984
-871.2090 -896.8886 -875.9088
-871.2090 -889.3274 -872.6239
-871.2090 -910.5744 -876.8804
-871.2090 -914.2756 -877.6611
-871.2090 -899.0704 -872.7007
-871.2090 -871.8847 -871.2225
-871.2090 -904.4232 -876.2325
-871.2090 -926.2394 -887.4622
-871.2090 -976.6458 -878.6152
-871.2090 -921.3321 -876.1164
-871.2090 -900.8712 -875.8818
-871.2090 -904.6629 -873.3023
-871.2090 -892.5176 -875.3367
-871.2090 -894.3979 -872.7381
-871.2090 -912.6826 -880.7388
-871.2090 -902.3127 -877.9884
-871.2090 -890.9890 -878.2708
-871.2090 -890.0711 -874.4331
-871.2090 -905.0628 -873.9831
-871.2090 -890.6135 -872.2534
-871.2090 -937.7233 -877.4496
-871.2090 -950.8858 -888.2999
-871.2090 -941.2266 -878.9492
-871.2090 -903.5738 -874.7298
-871.2090 -898.7938 -874.1307
-871.2090 -905.8791 -881.1008
-871.2090 -933.1097 -894.8910
-871.2090 -907.4299 -877.8237
-871.2090 -921.5646 -895.3864
-871.2090 -922.7076 -878.9180
-871.2090 -899.0252 -874.8351
-871.2090 -908.1339 -879.3430
-871.2090 -907.6780 -882.6855
-871.2090 -902.8374 -874.7278
-871.2090 -908.2665 -873.9730
-871.2090 -886.4545 -873.2480
-871.2090 -889.9331 -873.8425
-871.2090 -898.2645 -878.7019
-871.2090 -913.2817 -874.5306
-871.2090 -888.0065 -872.7968
-871.2090 -888.1737 -876.1234
-871.2090 -909.3177 -873.3107
-871.2090 -917.6647 -881.1679
-871.2090 -913.7352 -882.2769
-871.2090 -897.9825 -874.7473
-871.2090 -908.3714 -874.4697
-871.2090 -901.7776 -874.5541
-871.2090 -887.9162 -872.4625
-871.2090 -956.4138 -883.4663
-871.2090 -895.8402 -874.5742
-871.2090 -903.7517 -874.3235
-871.2090 -883.1101 -872.4260
-871.2090 -890.0900 -872.1613
-871.2090 -899.4662 -875.5285
-871.2090 -881.0146 -872.7507
-871.2090 -981.9719 -881.4880
-871.2090 -903.4134 -876.2848
-871.2090 -897.2259 -877.9142
-871.2090 -902.9371 -878.9713
-871.2090 -901.0053 -876.1287
-871.2090 -902.9802 -875.5566
-871.2090 -898.0154 -874.3191
-871.2090 -904.4232 -883.3441
-871.2090 -973.3495 -885.7097
-871.2090 -960.0594 -876.5359
-871.2090 -892.2406 -879.6550
-871.2090 -910.9122 -878.4870
-871.2090 -889.1789 -871.9233
-871.2090 -894.0659 -872.2326
-871.2090 -873.0929 -871.2467
-871.2090 -887.5999 -872.6264
-871.2090 -894.9083 -874.5972
-871.2090 -891.8752 -872.4425
-871.2090 -888.6850 -873.7872
-871.2090 -890.4553 -872.7803
-871.2090 -941.1460 -885.0395
-871.2090 -902.6664 -872.4407
-871.2090 -875.2544 -871.3304
-871.2090 -890.8207 -872.1155
-871.2090 -903.3799 -872.6401
-871.2090 -933.2785 -876.4276
-871.2090 -891.0069 -872.6141
-871.2090 -906.5710 -880.7365
-871.2090 -936.3598 -878.4776
-871.2090 -890.8283 -874.7922
-871.2090 -894.2855 -875.6337
-871.2090 -883.9928 -874.2627
-871.2090 -914.1661 -880.3487
-871.2090 -911.4607 -882.9342
-871.2090 -906.4918 -882.7091
-871.2090 -909.4909 -877.1530
-871.2090 -913.6723 -876.3839
-871.2090 -907.5109 -873.9838
-871.2090 -922.7675 -878.3743
-871.2090 -922.7815 -875.3199
-871.2090 -910.0432 -876.8074
-871.2090 -891.9252 -871.9604
-871.2090 -884.9712 -871.5754
-871.2090 -917.2516 -883.9488
-871.2090 -912.3261 -880.2152
-871.2090 -886.3663 -874.8311
-871.2090 -886.8510 -872.6658
-871.2090 -906.7459 -874.2145
-871.2090 -918.0558 -893.1776
-871.2090 -933.2785 -886.7456
-871.2090 -906.2922 -874.2588
-871.2090 -876.4110 -871.5211
-871.2090 -908.7418 -874.2607
-871.2090 -921.1982 -883.0895
-871.2090 -958.5478 -901.1050
-871.2090 -932.2419 -882.8956
-871.2090 -938.1389 -874.5052
-871.2090 -874.6090 -871.2994
-871.2090 -893.3278 -872.7937
-871.2090 -962.2132 -881.0064
-871.2090 -906.7530 -877.8342
-871.2090 -876.2709 -871.5729
-871.2090 -901.7776 -873.3470
-871.2090 -905.8212 -876.7017
-871.2090 -903.8632 -876.3939
-871.2090 -884.1246 -873.0592
-871.2090 -912.2517 -878.9994
-871.2090 -904.9103 -875.1093
-871.2090 -910.3503 -873.2369
-871.2090 -901.7850 -874.6254
-871.2090 -919.4929 -882.5776
-871.2090 -925.2011 -883.1977
-871.2090 -912.5492 -877.8651
-871.2090 -910.3917 -879.2641
-871.2090 -910.3917 -873.7964
-871.2090 -892.8379 -872.9782
-871.2090 -923.9551 -876.4812
-871.2090 -901.9395 -878.6835
-871.2090 -905.9256 -880.2264
-871.2090 -937.4500 -892.6704
-871.2090 -919.6285 -880.9397
-871.2090 -921.9752 -874.8832
-871.2090 -892.8751 -872.0331
-871.2090 -890.4799 -872.2954
-871.2090 -943.8195 -876.8417
-871.2090 -902.4444 -875.1563
-871.2090 -903.2634 -876.5128
-871.2090 -912.9935 -874.2787
-871.2090 -898.3793 -872.8806
-871.2090 -896.4618 -874.1666
-871.2090 -891.3879 -874.6858
-871.2090 -891.3503 -872.6422
-871.2090 -922.0128 -879.1427
-871.2090 -944.4047 -882.0690
-871.2090 -908.5235 -875.3212
-871.2090 -896.9554 -872.6216
-871.2090 -924.1256 -872.3275
-871.2090 -908.7418 -872.0285
-871.2090 -889.9632 -872.2858
-871.2090 -893.3800 -876.4452
-871.2090 -918.5391 -876.6619
-871.2090 -913.9629 -881.0682
-871.2090 -931.5629 -881.8091
-871.2090 -894.1174 -873.3810
-871.2090 -913.0247 -886.2583
-871.2090 -912.6359 -875.3517
-871.2090 -909.5520 -874.0322
-871.2090 -906.2275 -872.4791
-871.2090 -891.4452 -872.4965
-871.2090 -892.4149 -873.4134
-871.2090 -899.4662 -872.1876
-871.2090 -910.9654 -873.3379
-871.2090 -907.2872 -874.0079
-871.2090 -903.5644 -875.3960
-871.2090 -890.1787 -871.7510
-871.2090 -896.6905 -872.6465
-871.2090 -909.0490 -876.3589
-871.2090 -908.3392 -874.8654
-871.2090 -904.8673 -875.1959
-871.2090 -924.2586 -877.3869
-871.2090 -916.2560 -882.1071
-871.2090 -927.1797 -877.4219
-871.2090 -890.7289 -872.1187
-871.2090 -884.9318 -873.1148
-871.2090 -885.4702 -872.4683
-871.2090 -910.2917 -878.0748
-871.2090 -916.9596 -880.9127
-871.2090 -944.2117 -882.9138
-871.2090 -893.0341 -874.0850
-871.2090 -908.5158 -879.6398
-871.2090 -900.7358 -881.1890
-871.2090 -969.0755 -882.1064
-871.2090 -905.8792 -873.2971
-871.2090 -914.6151 -874.6510
-871.2090 -912.4541 -878.1583
-871.2090 -883.8359 -871.7447
-871.2090 -895.1973 -874.0062
-871.2090 -929.2570 -880.8765
-871.2090 -900.4421 -877.0091
-871.2090 -896.4463 -875.2588
-871.2090 -902.3593 -874.5537
-871.2090 -879.7610 -874.5424
-871.2090 -929.1018 -877.8122
-871.2090 -899.3039 -874.4597
-871.2090 -893.9472 -875.5366
-871.2090 -904.8673 -875.5262
-871.2090 -893.8145 -874.3459
-871.2090 -901.8058 -875.3234
-871.2090 -916.1583 -876.3568
-871.2090 -884.7196 -872.0904
-871.2090 -893.0962 -876.1636
-871.2090 -898.6272 -875.0873
-871.2090 -887.3505 -878.6030
-871.2090 -923.4336 -886.2643
-871.2090 -946.8130 -886.6254
-871.2090 -936.3085 -874.0963
-871.2090 -884.2965 -871.5790
-871.2090 -898.7723 -874.3786
-871.2090 -938.3821 -879.4599
-871.2090 -934.3851 -884.0443
-871.2090 -904.9236 -879.7858
-871.2090 -923.5664 -878.3964
-871.2090 -921.4220 -881.0053
-871.2090 -920.6290 -879.2622
-871.2090 -907.3403 -880.0380
-871.2090 -924.1658 -887.7515
-871.2090 -905.7863 -882.5349
-871.2090 -892.5267 -874.5253
-871.2090 -899.6982 -875.0169
-871.2090 -903.3848 -878.7137
-871.2090 -882.9727 -872.3236
-871.2090 -912.2437 -880.1442
-871.2090 -893.3278 -875.8200
-871.2090 -917.1831 -874.4616
-871.2090 -911.2403 -874.4461
-871.2090 -904.5734 -875.0762
-871.2090 -885.2531 -874.0088
-871.2090 -902.6203 -872.9262
-871.2090 -903.6645 -876.0843
-871.2090 -906.4260 -874.3763
-871.2090 -871.2090 -871.2090
-871.2090 -871.2090 -871.2090
-871.2090 -891.1804 -873.4418
-871.2090 -879.9741 -871.4730
-871.2090 -901.0053 -876.6423
-871.2090 -912.1086 -880.0017
-871.2090 -909.8768 -878.1624
-871.2090 -915.0932 -880.3685
-871.2090 -897.3982 -875.3403
-871.2090 -901.9438 -873.1955
-871.2090 -888.7971 -873.6762
-871.2090 -907.3497 -876.4100
-871.2090 -910.1731 -879.1740
-871.2090 -887.9049 -872.4186
-871.2090 -906.4451 -873.6465
-871.2090 -884.2965 -873.7133
-871.2090 -907.7994 -880.9654
-871.2090 -926.2478 -884.7503
-871.2090 -895.3073 -873.5194
-871.2090 -889.7680 -872.1113
-871.2090 -908.2586 -875.9012
-871.2090 -886.4545 -874.8859
-871.2090 -934.7775 -878.5727
-871.2090 -899.2572 -872.5409
-871.2090 -882.7557 -872.3212
-871.2090 -901.9515 -875.1009
-871.2090 -910.2882 -875.4327
-871.2090 -903.7427 -878.9194
-871.2090 -903.4894 -872.8961
-871.2090 -939.9454 -876.4358
-871.2090 -887.3505 -872.9970
-871.2090 -936.6172 -882.1828
-871.2090 -914.1293 -876.9595
-871.2090 -910.7391 -874.4598
-871.2090 -891.7445 -871.7209
-871.2090 -895.4586 -876.4570
-871.2090 -916.5707 -880.5589
-871.2090 -930.8278 -887.1516
-871.2090 -912.1967 -875.6955
-871.2090 -894.5095 -874.3432
-871.2090 -889.6101 -871.9733
-871.2090 -899.1754 -875.5065
-871.2090 -909.7752 -872.6225
-871.2090 -874.0324 -871.2654
-871.2090 -927.6773 -883.9916
-871.2090 -937.8989 -886.1613
-871.2090 -909.2018 -879.2122
-871.2090 -908.6413 -874.1488
-871.2090 -911.6041 -874.9056
-871.2090 -890.3554 -871.5919
-871.2090 -889.9734 -873.0113
-871.2090 -906.5585 -878.9552
-871.2090 -933.9313 -883.7994
-871.2090 -927.5732 -881.6126
-871.2090 -910.2884 -879.0140
-871.2090 -905.3095 -877.2709
-871.2090 -914.6197 -882.7949
-871.2090 -924.1524 -878.5581
-871.2090 -911.6973 -878.9019
-871.2090 -881.4575 -873.7738
-871.2090 -900.5985 -874.1035
-871.2090 -905.3553 -874.7017
-871.2090 -906.7722 -874.0504
-871.2090 -909.4764 -875.2329
-871.2090 -898.5586 -872.7888
-871.2090 -882.9727 -871.9416
-871.2090 -893.2403 -873.8114
-871.2090 -923.2905 -884.9423
-871.2090 -915.7247 -879.5875
-871.2090 -914.7545 -887.2493
-871.2090 -910.0101 -874.5553
-871.2090 -923.6579 -878.7160
-871.2090 -890.7921 -873.6126
-871.2090 -922.4718 -883.4766
-871.2090 -934.4722 -887.1593
-871.2090 -914.7613 -889.5183
-871.2090 -933.5020 -883.9809
-871.2090 -895.5789 -872.2946
-871.2090 -915.9308 -879.1460
-871.2090 -894.2188 -873.7806
-871.2090 -888.6946 -872.7746
-871.2090 -907.8909 -873.9167
-871.2090 -926.6148 -875.8794
-871.2090 -902.9073 -873.9301
-871.2090 -899.7880 -872.8432
-871.2090 -882.7145 -872.6305
-871.2090 -899.9142 -875.2416
-871.2090 -892.2406 -874.4006
-871.2090 -905.0770 -876.7070
-871.2090 -919.0505 -878.6016
-871.2090 -897.7043 -876.0599
-871.2090 -924.0055 -881.4887
-871.2090 -910.1309 -876.5721
-871.2090 -911.6041 -874.5767
-871.2090 -882.3710 -872.3384
-871.2090 -948.5740 -878.7942
-871.2090 -905.4183 -872.9187
-871.2090 -923.3885 -878.7380
-871.2090 -909.6329 -882.9972
-871.2090 -962.9136 -893.3301
-871.2090 -945.7775 -884.4100
-871.2090 -902.8187 -874.7771
-871.2090 -898.5270 -874.7230
-871.2090 -915.2422 -879.9823
-871.2090 -917.9692 -875.6031
