-5006.3613 -5406.3767 -5181.2097
-4920.1089 -5006.3613 -4944.6123
-4838.7542 -4906.8310 -4866.9344
-4737.5223 -4848.5981 -4757.3890
-4666.7926 -4734.6281 -4681.5738
-4593.5129 -4660.5801 -4624.9619
-4455.7686 -4610.7845 -4533.1525
-4419.2446 -4534.9582 -4431.4751
-4331.6746 -4418.7963 -4360.2241
-4262.7099 -4338.7796 -4285.0043
-4184.9485 -4262.7099 -4211.1790
-4096.6638 -4197.7932 -4130.8065
-4035.3631 -4109.0306 -4066.3290
-3959.5799 -4036.1358 -3998.6475
-3894.9927 -4004.1131 -3928.8829
-3886.6038 -3929.6271 -3897.3935
-3758.3564 -3893.0178 -3798.0575
-3698.9629 -3760.2563 -3716.0824
-3522.6769 -3698.9629 -3613.6550
-3487.6979 -3555.3182 -3507.4820
-3469.4094 -3515.9066 -3484.1728
-3418.6255 -3471.3984 -3436.3001
-3352.3636 -3428.1111 -3391.9260
-3325.3587 -3373.6163 -3342.2562
-3274.5680 -3358.1101 -3304.9913
-3165.4369 -3293.1444 -3228.4848
-3159.9230 -3239.2562 -3181.8968
-3148.5140 -3167.6481 -3153.1205
-3074.4383 -3151.1867 -3113.3889
-2919.2885 -3109.8598 -3028.5437
-2914.7533 -2975.9502 -2926.0635
-2879.6867 -2920.7624 -2895.5556
-2839.7812 -2900.5302 -2863.4580
-2822.9443 -2866.4094 -2842.9160
-2802.9326 -2852.3083 -2820.4066
-2781.0932 -2816.7364 -2794.8903
-2716.7451 -2800.8335 -2757.1106
-2686.6650 -2769.1565 -2706.9254
-2679.6804 -2735.8162 -2686.7378
-2631.7352 -2717.6761 -2661.8462
-2621.3961 -2647.7479 -2629.7440
-2590.9236 -2633.1661 -2606.8558
-2579.6733 -2619.0490 -2591.6899
-2578.8762 -2600.6308 -2583.2169
-2528.3305 -2589.0787 -2560.6543
-2497.4675 -2560.5326 -2527.5581
-2469.7611 -2545.5002 -2507.6223
-2468.3272 -2509.3785 -2478.3815
-2446.9198 -2479.5978 -2452.2889
-2427.0365 -2457.9658 -2437.1786
-2371.2517 -2439.5898 -2396.0455
-2353.3794 -2400.2361 -2364.4236
-2334.8961 -2383.6325 -2351.2083
-2306.2084 -2348.8807 -2312.5439
-2264.9776 -2309.4956 -2285.6936
-2244.4765 -2297.6208 -2262.3630
-2244.4765 -2267.3595 -2252.2809
-2234.4192 -2261.1090 -2242.4709
-2226.9845 -2255.0310 -2231.6526
-2191.4777 -2250.7838 -2216.4528
-2173.9618 -2227.8322 -2187.3080
-2133.7689 -2197.1347 -2161.0769
-2130.1390 -2173.1520 -2139.2688
-2106.2964 -2144.9478 -2121.3710
-2106.2964 -2141.4757 -2115.8544
-2096.9119 -2129.8622 -2104.5747
-2070.9513 -2101.8565 -2083.8929
-2026.6710 -2091.1417 -2048.8901
-2026.6710 -2067.9806 -2046.2883
-2007.2868 -2063.0636 -2023.5538
-1976.6324 -2052.8465 -2007.4345
-1962.0374 -2033.1312 -1986.1391
-1962.0374 -1984.6783 -1967.3358
-1933.4043 -1976.6324 -1948.8894
-1913.0436 -1962.0305 -1929.6386
-1875.0448 -1945.0772 -1894.3269
-1853.4879 -1890.6478 -1873.3709
-1852.0230 -1874.1880 -1854.9354
-1836.6774 -1874.4803 -1846.7841
-1832.3297 -1854.9266 -1839.9166
-1815.4846 -1842.9810 -1828.1696
-1806.7616 -1849.2720 -1819.8687
-1804.2280 -1864.2424 -1821.7513
-1804.2280 -1831.7446 -1808.1753
-1791.7623 -1828.1393 -1802.4065
-1769.0592 -1796.8160 -1781.1070
-1769.0592 -1808.4489 -1772.9428
-1748.4894 -1786.3445 -1760.8084
-1748.4894 -1816.3794 -1761.0283
-1737.9693 -1784.6844 -1747.8010
-1737.9693 -1762.1625 -1743.2434
-1722.2797 -1753.6985 -1735.4685
-1716.8788 -1753.7494 -1731.6946
-1716.8788 -1743.2786 -1728.9239
-1691.7052 -1774.4390 -1711.3618
-1691.7052 -1727.6674 -1699.6292
-1665.9742 -1717.2750 -1680.9774
-1661.4596 -1694.8884 -1668.5052
-1630.0284 -1695.1865 -1656.8299
-1615.7291 -1658.2533 -1625.6654
-1612.4665 -1635.2284 -1618.0975
-1606.6445 -1671.6936 -1613.6043
-1597.9495 -1617.1225 -1603.6023
-1597.9495 -1617.2388 -1601.3974
-1597.9495 -1635.1088 -1599.5242
-1591.3802 -1621.7808 -1595.6654
-1591.3802 -1617.3073 -1593.0686
-1591.3802 -1617.6857 -1596.6821
-1581.2831 -1612.1381 -1589.8633
-1563.9243 -1654.7731 -1584.6041
-1563.9243 -1624.2430 -1578.1459
-1557.6948 -1599.5187 -1568.6392
-1557.6948 -1575.7266 -1562.7831
-1557.6948 -1569.4181 -1558.8374
-1555.8321 -1559.9583 -1557.4421
-1537.0102 -1563.8632 -1553.5304
-1537.0102 -1581.9380 -1553.6291
-1534.5528 -1575.5574 -1546.2078
-1527.2112 -1558.4019 -1532.8274
-1505.7853 -1569.9798 -1523.8613
-1490.6261 -1538.5383 -1505.5782
-1472.2592 -1521.8435 -1490.8720
-1472.2592 -1535.7019 -1484.8716
-1470.4433 -1527.6975 -1486.3439
-1470.4433 -1532.5420 -1478.8725
-1470.4433 -1493.2718 -1475.1957
-1470.4433 -1489.1563 -1471.0752
-1464.2574 -1494.4614 -1469.1405
-1464.2574 -1486.5942 -1468.3954
-1463.0716 -1480.1920 -1464.7729
-1463.0716 -1502.4768 -1469.5594
-1460.2626 -1475.3874 -1462.9422
-1452.8753 -1477.0336 -1459.3328
-1452.8753 -1515.8257 -1463.6699
-1452.8753 -1495.1994 -1463.4817
-1452.8753 -1486.7433 -1456.7769
-1452.8753 -1472.3447 -1456.9377
-1434.9284 -1470.7941 -1448.2402
-1433.3968 -1452.8753 -1436.0791
-1408.4229 -1434.0771 -1418.2130
-1395.7144 -1422.8898 -1402.2200
-1392.1037 -1409.0349 -1394.5701
-1381.2227 -1400.4252 -1388.3723
-1381.2227 -1449.8174 -1387.0976
-1381.2227 -1438.5690 -1387.4409
-1375.6302 -1405.2636 -1380.7042
-1375.6302 -1382.7995 -1377.3109
-1374.9941 -1410.7215 -1378.4004
-1368.5237 -1387.5687 -1371.7824
-1368.5237 -1444.2556 -1375.8258
-1368.5237 -1422.8065 -1379.4554
-1368.5237 -1419.8259 -1376.1525
-1365.3142 -1398.1570 -1370.2397
-1365.3142 -1385.4870 -1366.7438
-1365.3142 -1402.8146 -1371.3599
-1363.5839 -1403.7751 -1369.0781
-1363.5839 -1391.6511 -1368.3672
-1355.7642 -1406.7112 -1369.9309
-1355.7642 -1426.5496 -1368.1345
-1355.7642 -1406.5604 -1369.3237
-1355.7642 -1403.4255 -1365.6756
-1350.1749 -1444.0852 -1363.5812
-1350.1749 -1380.6906 -1353.1627
-1342.6835 -1377.2152 -1347.6699
-1340.0455 -1407.4866 -1347.8988
-1324.0487 -1372.3238 -1333.2897
-1324.0275 -1348.3241 -1329.6274
-1317.7030 -1335.5203 -1322.5143
-1317.7030 -1364.2319 -1328.1359
-1314.1889 -1340.5239 -1317.4639
-1309.7184 -1370.4654 -1319.1808
-1309.7184 -1359.4530 -1319.1901
-1309.7184 -1354.9782 -1322.1768
-1298.1317 -1345.8650 -1315.7995
-1298.1317 -1339.0097 -1304.1997
-1291.6520 -1312.4340 -1296.3704
-1291.6520 -1321.1900 -1296.2373
-1287.4548 -1338.4095 -1291.4318
-1287.4548 -1343.0699 -1299.4586
-1287.4548 -1331.1165 -1298.3904
-1287.4548 -1338.0145 -1296.0105
-1287.4548 -1326.9053 -1303.3196
-1282.5474 -1342.9174 -1294.8629
-1281.2592 -1311.6809 -1287.5381
-1281.2592 -1335.9358 -1286.6047
-1275.5498 -1298.2118 -1280.6981
-1269.0334 -1297.3215 -1274.4680
-1269.0334 -1304.3805 -1278.5118
-1269.0334 -1281.2592 -1271.6569
-1269.0334 -1314.7533 -1279.1081
-1253.0787 -1281.7482 -1266.7317
-1253.0787 -1297.8335 -1263.1426
-1247.3065 -1284.5690 -1255.3657
-1247.3065 -1272.5677 -1251.8360
-1247.3065 -1267.0235 -1250.7069
-1243.4303 -1260.8504 -1245.1561
-1243.4303 -1271.8209 -1246.5364
-1238.7976 -1253.0811 -1241.7196
-1238.1359 -1247.8776 -1239.3575
-1237.1815 -1251.4832 -1238.5948
-1231.9996 -1307.7716 -1245.0613
-1231.9996 -1265.4920 -1240.6955
-1231.9996 -1266.8193 -1238.1973
-1231.9996 -1259.2726 -1238.1714
-1231.9996 -1269.2475 -1237.3275
-1231.9996 -1264.9027 -1237.4911
-1231.9996 -1271.7387 -1236.7967
-1231.9996 -1273.3005 -1255.9566
-1231.9996 -1283.3725 -1244.5918
-1216.5979 -1250.5278 -1229.9294
-1212.6175 -1245.1281 -1219.9705
-1212.6175 -1247.2252 -1216.1486
-1212.6175 -1262.2039 -1219.5981
-1192.9637 -1234.5589 -1206.7524
-1192.9637 -1228.5722 -1198.4754
-1171.1184 -1202.5319 -1183.5398
-1171.1184 -1215.9070 -1176.5387
-1165.6763 -1205.8587 -1175.5387
-1165.6763 -1183.5240 -1167.5566
-1165.6763 -1188.5992 -1169.0481
-1165.6763 -1199.6239 -1171.1591
-1165.6763 -1211.1699 -1177.8414
-1165.6763 -1207.9934 -1183.0883
-1150.4907 -1203.1027 -1165.2656
-1145.5209 -1176.1958 -1153.2405
-1145.5209 -1197.3307 -1150.1012
-1135.8730 -1175.3254 -1145.9040
-1135.8730 -1202.9942 -1155.4794
-1135.8730 -1164.2636 -1145.9673
-1135.4301 -1190.6106 -1146.0598
-1135.4301 -1169.1091 -1139.6711
-1135.4301 -1180.7818 -1143.7541
-1135.4301 -1160.6211 -1139.1194
-1135.4301 -1176.5783 -1139.5564
-1132.9055 -1145.5557 -1134.3198
-1124.1092 -1135.4301 -1129.6351
-1120.7566 -1148.4269 -1124.3729
-1120.7566 -1159.5924 -1126.7156
-1120.7566 -1148.4975 -1131.7154
-1120.7566 -1159.1672 -1131.7005
-1120.7566 -1172.2925 -1132.1091
-1120.7566 -1157.5395 -1126.6206
-1105.2049 -1132.3853 -1115.6212
-1098.8804 -1128.6307 -1104.5010
-1098.8804 -1136.4940 -1110.8667
-1098.8804 -1156.7771 -1116.3142
-1098.8804 -1147.0591 -1103.6724
-1098.8804 -1144.9158 -1100.8113
-1085.2641 -1131.1392 -1093.6996
-1085.1877 -1122.7475 -1089.0391
-1085.1877 -1119.7498 -1086.9679
-1078.0250 -1123.7363 -1085.1033
-1077.9485 -1117.5878 -1081.4818
-1073.3748 -1121.1898 -1082.9425
-1073.3748 -1111.4778 -1078.0324
-1073.3748 -1127.8342 -1081.5832
-1067.4752 -1110.7129 -1076.8074
-1067.3987 -1095.9133 -1070.5632
-1067.3987 -1123.4931 -1076.9625
-1067.3987 -1109.4086 -1069.7876
-1067.3987 -1105.9493 -1076.2472
-1066.6232 -1100.1628 -1070.9116
-1066.6232 -1100.9694 -1074.1299
-1061.3869 -1105.6300 -1067.2692
-1061.3869 -1101.0975 -1066.7639
-1057.4354 -1099.3924 -1065.8676
-1057.4354 -1107.4831 -1066.1264
-1045.7078 -1106.8309 -1063.2876
-1045.7078 -1121.4894 -1066.6628
-1045.7078 -1086.8045 -1051.1477
-1045.7078 -1072.1378 -1047.6939
-1045.7078 -1065.3287 -1047.0858
-1045.7078 -1080.0816 -1051.5685
-1045.2322 -1094.6592 -1056.8872
-1045.2322 -1079.4689 -1051.5682
-1045.2322 -1092.6026 -1055.9114
-1045.2322 -1092.7077 -1052.7729
-1038.7053 -1088.1782 -1050.9715
-1038.7053 -1066.7983 -1042.5203
-1038.7053 -1067.4734 -1042.5191
-1026.9822 -1038.7053 -1031.6365
-1026.9822 -1060.1349 -1031.2367
-1026.9822 -1040.9993 -1030.3790
-1023.4920 -1054.5310 -1030.5414
-1023.4920 -1055.3580 -1026.6021
-1023.4920 -1074.5070 -1026.8233
-1023.4920 -1054.3007 -1029.9507
-1019.4840 -1044.9171 -1022.7561
-1019.4840 -1023.4920 -1020.1040
-1016.7591 -1057.0875 -1024.1151
-1016.7591 -1053.9265 -1020.9096
-1016.7591 -1020.1987 -1017.4819
-1016.7591 -1038.7909 -1017.8931
-1014.7514 -1054.8196 -1018.7205
-1014.7514 -1053.2201 -1018.5909
-1014.7514 -1054.5919 -1022.0117
-1014.7514 -1065.7838 -1019.4035
-1014.7514 -1028.8047 -1015.2708
-1014.7514 -1053.0785 -1020.5181
-1014.7514 -1033.6712 -1015.7635
-1014.7514 -1018.3642 -1014.8237
-1014.7514 -1036.7604 -1015.3831
-1014.7514 -1056.4330 -1025.6900
-1014.7514 -1045.5601 -1018.7310
-1014.7514 -1055.6126 -1023.2054
-1014.7514 -1071.8194 -1023.0132
-1014.7514 -1042.9643 -1015.3157
-1014.7514 -1054.8279 -1019.3042
-1014.7514 -1037.1486 -1018.5317
-1014.7514 -1080.2181 -1025.8209
-1014.7514 -1027.6320 -1015.3623
-1014.7514 -1052.5221 -1022.5961
-1014.7514 -1050.8134 -1025.3716
-1014.7514 -1062.1653 -1019.5698
-1013.0724 -1069.6733 -1016.4957
-1013.0724 -1064.2465 -1023.4438
-1013.0724 -1056.5381 -1022.7132
-1013.0724 -1075.3004 -1018.5788
-1013.0724 -1041.7226 -1016.5074
-1013.0724 -1046.0148 -1017.6544
-1013.0724 -1043.2748 -1015.3291
-1007.1280 -1075.8885 -1012.9442
-1007.1280 -1053.9115 -1013.7412
-1007.1280 -1031.8323 -1010.2877
-1007.1280 -1040.3515 -1011.8944
-1007.1280 -1056.6993 -1018.0810
-1007.1280 -1049.0746 -1015.1196
-1007.1280 -1012.5054 -1007.5855
-1007.1280 -1012.5054 -1007.8121
-1007.1280 -1036.6040 -1009.3458
-1001.1991 -1016.7222 -1007.2566
-1001.1991 -1032.9066 -1007.8372
-1001.1991 -1027.6655 -1002.8989
-997.4208 -1042.5043 -1002.7283
-997.4208 -1064.9829 -1008.0439
-986.2237 -1030.4541 -996.6006
-986.2237 -1022.7252 -993.0253
-986.2237 -1014.7846 -992.2660
-986.2237 -1022.7512 -990.1268
-984.9907 -986.2237 -985.6811
-984.9907 -1008.1840 -987.7954
-984.9907 -998.6642 -986.0975
-984.9907 -1013.2216 -986.2598
-979.2757 -1006.5318 -982.7969
-979.2757 -1027.7989 -991.6961
-973.0404 -1012.1694 -982.0608
-973.0404 -1033.5624 -986.0203
-970.4017 -1012.6411 -976.5316
-970.4017 -1033.3157 -984.7652
-960.3683 -1039.4059 -982.3399
-956.9691 -1036.1540 -967.7742
-955.7861 -1008.8299 -961.1238
-955.7861 -979.9201 -959.3589
-955.7861 -984.9188 -962.4765
-955.7861 -996.4459 -960.0274
-955.7861 -990.7386 -965.2112
-953.5221 -984.6637 -957.8874
-953.5221 -994.3811 -962.7645
-953.5221 -998.9578 -962.6251
-953.4474 -1006.3554 -959.0377
-947.4741 -982.0838 -954.6220
-947.4741 -958.1384 -949.2227
-947.4741 -1012.4557 -957.2918
-947.4741 -989.1364 -951.5656
-947.4741 -983.9462 -954.8583
-947.4741 -993.8987 -955.7244
-947.4741 -987.2706 -952.8401
-945.9945 -972.8931 -949.6031
-944.7835 -969.7596 -946.7201
-944.7835 -957.9441 -945.3098
-944.7835 -982.8440 -946.0667
-944.7835 -982.3149 -951.7435
-944.7835 -968.7059 -945.5430
-943.9407 -988.7675 -946.9436
-943.9407 -968.9307 -946.1094
-943.9407 -1025.5091 -953.7331
-942.7422 -975.4306 -950.6526
-942.7422 -985.6182 -946.0785
-942.7422 -964.0971 -946.1626
-942.7422 -979.9184 -956.2849
-942.7422 -1005.5815 -950.2073
-933.7953 -942.7422 -939.1634
-933.7953 -971.6627 -939.4001
-933.7953 -959.7663 -941.1155
-933.7953 -948.6013 -935.6632
-922.9475 -963.8986 -933.6691
-914.5096 -958.9806 -926.2801
-914.5096 -944.9404 -923.6652
-914.5096 -973.4513 -925.2879
-914.5096 -948.7796 -921.1743
-914.5096 -961.6769 -919.8656
-914.5096 -935.4762 -915.7392
-914.5096 -952.9272 -917.5966
-904.7896 -949.8649 -915.6696
-904.7896 -957.2635 -914.6277
-904.7896 -942.1245 -908.7343
-904.7896 -926.4642 -907.1598
-904.7896 -950.5356 -912.6270
-904.7896 -934.6209 -908.5757
-904.7896 -934.5269 -907.8380
-902.3872 -954.1545 -915.2896
-898.1893 -980.1918 -912.1509
-898.1893 -950.0544 -907.6743
-898.1893 -935.7639 -904.6726
-897.1366 -905.9056 -899.0902
-893.5959 -928.6914 -896.7548
-893.5959 -944.9906 -898.3283
-893.5959 -907.3979 -894.5326
-891.9677 -922.1595 -894.0135
-891.9677 -922.4698 -894.4530
-891.9677 -937.2239 -893.8123
-891.9677 -912.4936 -893.0629
-891.9677 -916.8500 -900.3693
-891.9677 -931.6643 -896.0800
-891.9677 -937.7294 -900.1026
-891.9677 -932.6116 -899.4361
-891.9677 -960.4370 -908.3088
-891.9677 -943.8394 -914.2937
-891.8728 -947.4767 -905.9142
-891.8728 -942.2021 -908.6407
-891.8728 -929.2741 -902.5043
-891.8728 -954.9737 -901.5090
-891.8728 -924.3325 -893.0191
-891.8728 -991.2766 -907.7639
-891.8728 -947.6620 -900.3041
-891.8728 -915.4539 -893.7283
-891.8728 -922.5782 -898.8945
-891.8728 -944.8914 -896.2730
-891.8728 -919.5222 -897.7397
-891.8728 -930.1358 -898.0667
-891.8728 -929.8451 -897.6301
-888.5746 -920.0552 -893.3223
-888.5746 -940.8008 -895.7337
-888.5746 -939.7702 -893.0133
-888.5746 -920.2343 -895.1461
-888.5746 -953.8776 -894.3955
-888.5746 -968.5460 -915.2047
-888.5746 -941.6868 -908.3309
-888.5746 -964.4182 -917.4780
-888.5746 -945.5051 -903.7154
-888.5746 -916.4628 -892.5555
-885.8239 -931.2159 -890.2949
-885.8239 -932.5419 -894.2162
-885.8239 -936.0994 -895.1619
-885.8239 -946.3361 -895.0563
-885.8239 -928.7585 -889.4218
-885.8239 -918.9865 -897.6963
-885.8239 -906.8691 -888.2620
-885.8239 -913.6506 -889.7499
-885.8239 -933.7693 -888.0789
-885.8239 -923.2942 -895.5000
-885.8239 -907.8552 -889.3208
-885.8239 -938.5430 -903.3447
-885.8239 -925.7662 -896.4877
-885.8239 -888.5108 -885.9314
-885.8239 -940.1867 -893.3310
-885.8239 -899.2086 -891.4222
-885.8239 -927.5856 -894.0597
-885.8239 -924.7030 -901.8482
-885.8239 -915.7257 -889.4937
-885.8239 -933.8167 -891.8105
-885.8239 -909.9923 -886.8104
-885.8239 -910.3921 -888.7738
-885.8239 -937.4143 -902.9415
-884.6994 -941.1755 -896.6505
-884.6994 -934.9749 -891.8226
-884.6994 -940.3364 -890.9597
-884.6994 -953.2038 -887.6445
-884.6994 -914.3768 -888.6460
-884.6994 -897.3592 -886.2130
-884.6994 -898.5423 -886.5353
-884.6994 -913.5247 -887.9708
-884.6994 -894.2646 -885.4870
-880.1730 -897.7160 -883.5363
-880.1730 -898.8570 -883.3607
-880.1730 -895.7330 -881.2089
-880.1730 -885.7485 -880.5287
-880.1730 -902.5834 -881.7642
-873.2478 -889.0222 -879.1169
-873.2478 -918.0403 -883.6595
-873.2478 -898.6447 -882.3227
-873.2478 -917.2008 -878.1823
-873.2478 -925.4724 -882.7782
-873.2478 -934.7821 -887.5375
-868.3310 -906.6833 -875.0635
-868.3310 -912.7348 -873.9096
-868.3310 -907.6241 -878.3555
-868.3310 -894.6297 -872.5311
-868.3310 -882.6669 -871.0438
-868.3310 -916.7668 -872.7605
-863.7859 -892.7283 -868.1608
-863.7859 -899.7042 -870.1505
-863.7859 -896.1053 -869.8288
-863.7859 -889.5178 -870.0655
-863.7859 -894.3506 -866.2946
-863.7859 -927.3248 -870.6597
-863.7859 -896.6549 -867.9122
-863.7859 -925.6222 -874.5456
-863.7859 -909.2083 -874.5730
-863.7859 -904.4685 -874.2517
-863.7859 -917.2581 -874.1927
-863.7859 -915.5113 -872.1506
-863.6601 -937.4453 -874.3750
-861.0595 -914.9980 -867.6838
-861.0595 -910.8390 -868.2719
-861.0595 -883.8810 -863.6302
-861.0595 -904.3638 -867.5154
-861.0595 -890.3153 -868.4445
-861.0595 -879.0120 -863.9245
-861.0595 -905.6349 -872.6742
-861.0595 -943.0449 -877.4719
-861.0595 -898.9268 -872.7935
-861.0595 -904.7317 -879.3402
-859.5323 -929.5660 -866.3502
-859.5323 -887.7031 -861.9465
-859.5323 -903.5562 -870.8223
-859.5323 -925.6637 -871.4289
-859.5323 -897.6535 -863.1565
-859.5323 -930.5570 -867.7261
-859.5323 -885.2712 -863.1557
-859.5323 -912.3527 -863.2934
-859.5323 -884.2627 -863.2591
-859.5323 -893.3590 -866.7173
-859.5323 -870.0610 -860.2035
-859.5323 -876.8372 -861.3761
-859.5323 -925.1987 -869.4814
-859.5323 -887.6123 -866.4618
-859.5323 -922.5985 -865.5961
-859.5323 -925.5832 -876.5401
-859.5323 -890.1035 -863.2592
-859.5323 -936.5808 -867.1643
-859.5323 -912.2356 -865.5002
-859.5323 -939.0992 -870.6104
-859.5323 -914.4174 -869.2977
-859.5323 -894.0644 -862.4520
-859.5323 -902.1296 -871.2689
-859.5323 -884.3169 -867.7313
-858.4451 -871.8786 -861.7733
-858.4451 -885.8687 -861.6038
-858.4451 -884.6751 -859.6594
-858.0773 -870.2090 -859.7789
-858.0773 -894.8208 -863.6246
-858.0773 -898.2816 -863.0156
-858.0773 -878.6831 -862.3652
-858.0773 -877.0723 -863.6524
-858.0773 -886.1318 -860.4284
-858.0773 -877.4718 -859.8385
-858.0773 -891.7624 -863.3083
-858.0773 -910.0663 -871.5666
-858.0773 -935.8838 -868.3712
-858.0773 -916.7381 -873.0106
-851.5357 -933.4879 -866.5983
-851.5357 -899.2308 -862.4989
-851.5357 -918.1076 -864.3396
-851.5357 -939.3557 -860.6612
-851.5357 -874.1129 -856.3403
-851.5357 -918.1913 -868.2509
-851.5357 -908.0837 -860.5294
-851.5357 -881.5203 -854.6908
-851.5357 -886.7574 -852.9659
-851.5357 -875.9330 -857.0203
-851.5357 -897.4380 -855.8571
-851.5357 -902.3213 -853.3649
-851.5357 -884.6325 -858.7132
-851.5357 -898.1733 -868.6838
-851.5357 -916.0996 -867.9857
-851.5357 -906.6811 -856.8941
-851.5357 -882.6394 -861.5090
-851.5357 -871.8055 -857.0458
-851.5357 -881.0951 -853.3052
-851.5357 -877.4675 -852.3402
-850.9757 -870.4569 -851.9205
-850.9757 -903.1741 -864.7660
-850.9757 -882.2454 -856.0220
-850.9757 -895.0822 -853.0917
-835.4983 -860.4400 -848.1386
-835.4983 -869.1707 -845.7063
-835.4983 -889.6699 -846.4439
-835.4983 -877.3073 -842.3738
-835.4983 -883.0672 -849.8537
-835.4983 -890.3834 -847.3041
-835.4983 -873.1033 -840.1088
-835.4983 -892.4492 -841.2882
-835.4983 -858.0755 -838.7873
-833.1119 -858.8929 -835.3910
-833.1119 -851.4951 -834.6275
-833.1119 -851.4951 -834.0343
-833.1119 -875.4681 -836.3392
-833.1119 -865.2132 -834.6496
-833.1119 -833.1119 -833.1119
-833.1119 -862.3678 -834.5669
-828.9441 -850.5781 -831.1905
-828.9441 -862.0005 -833.9001
-828.9441 -872.5816 -835.9270
-828.9441 -858.3225 -831.2307
-828.9441 -891.6623 -834.5718
-828.9441 -858.4302 -834.3029
-828.9441 -881.4774 -833.0057
-828.9441 -894.1428 -845.7483
-828.9441 -881.7501 -842.0725
-828.9441 -848.6834 -834.5944
-828.9441 -854.3423 -834.0495
-828.9441 -867.8015 -837.0416
-828.9441 -865.1822 -841.5024
-828.9441 -858.4183 -833.0756
-828.9441 -873.3526 -831.3970
-828.9441 -849.1444 -831.0413
-828.9441 -868.0693 -836.5465
-828.9441 -879.1571 -834.2433
-828.9441 -889.7201 -844.2705
-828.9441 -850.0909 -829.9584
-828.9441 -870.6140 -830.5407
-828.9441 -867.8539 -841.0833
-828.9441 -869.7412 -837.7979
-828.9441 -839.7968 -829.7033
-828.9441 -863.4222 -835.4205
-828.1999 -863.8683 -839.6148
-828.1999 -888.2708 -845.4296
-828.1999 -876.2796 -835.5901
-828.1999 -862.4101 -833.3805
-828.1999 -850.0388 -830.1497
-828.1999 -858.9096 -835.6109
-828.1999 -900.0597 -852.7077
-828.1999 -866.9791 -836.0687
-828.1999 -866.3234 -834.5524
-828.1999 -852.1472 -830.6054
-828.1999 -847.9630 -831.6389
-828.0741 -852.7588 -829.9306
-828.0741 -864.1280 -834.3816
-828.0741 -869.4117 -838.0108
-828.0741 -862.4501 -834.3111
-828.0741 -883.2937 -843.0563
-828.0741 -857.2745 -831.2978
-828.0741 -836.0141 -828.4521
-828.0741 -874.4978 -829.0242
-828.0741 -867.3601 -829.8541
-828.0741 -859.9717 -831.0095
-828.0741 -847.5345 -835.5937
-820.9717 -844.3838 -828.0260
-820.9717 -837.0743 -826.1449
-820.9717 -844.2061 -823.0971
-820.9717 -861.8407 -823.2907
-820.9717 -865.3394 -840.9318
-820.9717 -866.8880 -826.3002
-820.9717 -855.3131 -832.9604
-820.9717 -847.7608 -829.8385
-820.9717 -912.7884 -832.5222
-820.9717 -873.4372 -843.4769
-820.9717 -874.1760 -831.2322
-820.9717 -908.8368 -828.6195
-820.9717 -888.5448 -846.8886
-820.9717 -865.5254 -831.1271
-820.9717 -855.3815 -824.7171
-820.9717 -871.1442 -831.2302
-820.9717 -864.2188 -830.2517
-820.9717 -862.0183 -827.6953
-820.9717 -851.2321 -828.7557
-820.9717 -856.7182 -824.9233
-815.3559 -851.7129 -832.6608
-815.3559 -873.6282 -837.6520
-815.3559 -860.9813 -836.5921
-815.3559 -882.4169 -838.4601
-815.3559 -864.3391 -824.1419
-815.3559 -883.2834 -832.4741
-815.3559 -860.8266 -821.8513
-815.3559 -859.2061 -819.2591
-815.3559 -830.8820 -816.5773
-815.3559 -841.1344 -817.4995
-815.3559 -854.4876 -821.1031
-815.3559 -837.7231 -816.0348
-815.3559 -847.0156 -816.6078
-815.3559 -843.4588 -815.9642
-815.3559 -860.1273 -818.7814
-815.3559 -870.9049 -824.8108
-815.3559 -854.2658 -825.1810
-815.3559 -850.4716 -821.2149
-815.3559 -860.6658 -820.1294
-815.3559 -868.1802 -818.9915
-815.3559 -851.6422 -827.0707
-815.3559 -886.1572 -829.6131
-815.3559 -885.7276 -826.3660
-815.3559 -863.9752 -822.8612
-815.3559 -850.2801 -819.4788
-815.3559 -865.5689 -819.9234
-815.3559 -860.0762 -827.0873
-815.3559 -875.0698 -832.4587
-815.3559 -885.3238 -822.4959
-815.3559 -847.6753 -816.7480
-815.3559 -880.7556 -819.2978
-815.3559 -854.9591 -818.1598
-815.3559 -847.0693 -819.9507
-815.3559 -851.8976 -821.8571
-815.3559 -868.6840 -817.9536
-815.3559 -854.9591 -818.9182
-815.3559 -836.9027 -818.2254
-815.3559 -849.2634 -822.2212
-815.3559 -864.8457 -829.1008
-815.3559 -837.5194 -816.4955
-815.3559 -847.2839 -817.5675
-815.3559 -830.7737 -818.5816
-815.3559 -851.6607 -821.6541
-815.3559 -875.2523 -820.6081
-815.3559 -856.6273 -816.6019
-815.3559 -852.7900 -818.4692
-814.9003 -870.4845 -820.1229
-814.9003 -815.3559 -815.0825
-814.9003 -833.3365 -815.7590
-814.9003 -845.4024 -816.7304
-814.9003 -837.2935 -816.4367
-814.9003 -840.3441 -818.8581
-814.9003 -871.1953 -832.8237
-814.9003 -872.0881 -832.4034
-814.9003 -869.0893 -831.3693
-814.9003 -877.0632 -841.3890
-814.9003 -885.2084 -832.3546
-814.9003 -839.9129 -821.4469
-814.9003 -825.0137 -816.3628
-814.9003 -844.9309 -816.5340
-814.9003 -831.7570 -817.2355
-814.8732 -831.7570 -815.7586
-814.8732 -838.5625 -816.4955
-814.8732 -848.0342 -825.8110
-814.8732 -892.9681 -828.4895
-814.8732 -845.1491 -817.7572
-814.8732 -889.1752 -819.3572
-814.8732 -849.5720 -822.4130
-814.8732 -844.2840 -816.1347
-814.8732 -842.5260 -818.6086
-814.8732 -840.6556 -822.4105
-814.8732 -858.2298 -824.6758
-814.8732 -848.7170 -819.9993
-814.8732 -874.2306 -820.2702
-814.8732 -865.6108 -818.5098
-814.8732 -866.4017 -822.3971
-814.8732 -855.0750 -819.0826
-814.8732 -853.8604 -818.9557
-814.8732 -858.2663 -821.3611
-814.8732 -868.1684 -824.8031
-814.8732 -860.7577 -828.7872
-814.8732 -853.7805 -820.5429
-814.8732 -839.5129 -816.9339
-814.8732 -824.9541 -815.8813
-814.8732 -865.3906 -820.3066
-814.8732 -909.2528 -825.3669
-814.8732 -834.4375 -820.2859
-814.8732 -834.2135 -816.5461
-814.8732 -847.3382 -818.2058
-814.8732 -855.6246 -817.5791
-814.8732 -872.8174 -825.5768
-814.8732 -894.3954 -826.4888
-814.8732 -862.2182 -835.9690
-814.8732 -894.0676 -826.8328
-814.8732 -866.2882 -818.2715
-814.8732 -815.0615 -814.8769
-814.8732 -845.5681 -816.7323
-814.8732 -866.2882 -830.4303
-814.8732 -863.0949 -823.1258
-814.8732 -837.9030 -816.7356
-814.8732 -849.9030 -817.5254
-814.8732 -816.6164 -814.9429
-814.8732 -860.6603 -816.6084
-814.8732 -823.8974 -815.1520
-814.8732 -847.5786 -821.2245
-814.8732 -877.8386 -821.4873
-814.8732 -850.9523 -822.8897
-814.8732 -843.5088 -819.5346
-814.8732 -878.2725 -823.2919
-814.8732 -862.9938 -826.4739
-806.5073 -847.0940 -815.7074
-806.5073 -832.6769 -812.9353
-806.5073 -828.7629 -810.6712
-806.5073 -852.9247 -815.2476
-806.5073 -855.9161 -816.0142
-806.5073 -841.5394 -824.6279
-806.5073 -849.4682 -820.2098
-806.5073 -877.9371 -824.3146
-806.5073 -869.9466 -815.3110
-806.5073 -836.1559 -813.0565
-806.5073 -848.4742 -815.8906
-806.5073 -869.5965 -817.5633
-806.5073 -835.3416 -808.7588
-806.5073 -845.4481 -819.4702
-806.5073 -834.5388 -808.4458
-806.5073 -836.0196 -808.4531
-806.5073 -847.9889 -810.4627
-806.5073 -848.6284 -815.3400
-806.5073 -851.7773 -817.0110
-806.5073 -847.6261 -812.0540
-806.5073 -836.5359 -809.0108
-806.5073 -844.0964 -810.9564
-806.5073 -859.2525 -811.3974
-806.5073 -847.0822 -811.3383
-806.5073 -841.9203 -809.1420
-806.5073 -855.2078 -809.3314
-806.5073 -845.9264 -808.1194
-806.5073 -848.2429 -814.7582
-806.5073 -846.2465 -813.3188
-806.5073 -834.6023 -811.5199
-806.5073 -859.4240 -811.9490
-806.5073 -824.6807 -810.1857
-806.5073 -835.3363 -812.9538
-806.5073 -847.5810 -809.4167
-806.5073 -847.0464 -811.2786
-806.5073 -828.2361 -810.4315
-806.5073 -837.2485 -810.7241
-806.5073 -836.2898 -811.7949
-806.5073 -831.0695 -811.7051
-806.5073 -851.7376 -808.7648
-806.5073 -837.9305 -807.1358
-806.5073 -839.8880 -808.1059
-806.5073 -831.9511 -807.5694
-806.5073 -825.3761 -808.3444
-806.5073 -864.1750 -810.0452
-806.5073 -889.2939 -814.5135
-806.5073 -868.9514 -819.2397
-806.5073 -854.4880 -814.0248
-806.5073 -887.3920 -821.6223
-806.5073 -834.1457 -810.2247
-806.5073 -845.6042 -816.6647
-806.5073 -860.9965 -828.1451
-806.5073 -862.9496 -819.8712
-806.5073 -865.1476 -825.7125
-806.5073 -871.6725 -832.2952
-806.5073 -846.1317 -816.4382
-806.5073 -847.8012 -810.6981
-806.5073 -829.8280 -810.6897
-806.5073 -852.7685 -808.3079
-806.5073 -848.8451 -814.0581
-806.5073 -853.3404 -810.8353
-806.5073 -844.5501 -821.3218
-806.5073 -866.4399 -815.4785
-806.5073 -876.2852 -815.2188
-806.5073 -828.6262 -809.5199
-806.5073 -868.3395 -817.2576
-806.5073 -832.0520 -813.3378
-806.5073 -873.9234 -836.1300
-806.5073 -867.1294 -822.0700
-806.5073 -888.1950 -823.7050
-806.5073 -841.8734 -816.2292
-806.5073 -858.2576 -811.0359
-806.5073 -868.1330 -810.2260
-806.5073 -839.2296 -810.0393
-806.5073 -848.5274 -819.6129
-806.3189 -838.3211 -812.7691
-806.3189 -833.6701 -808.7248
-806.3189 -862.4128 -810.8652
-806.3189 -849.3636 -808.7657
-806.3189 -847.9137 -807.5404
-806.3189 -855.4560 -819.8204
-806.3189 -840.1079 -812.1745
-806.3189 -838.2922 -810.8353
-806.3189 -845.3833 -812.3897
-806.3189 -838.2572 -808.2664
-806.3189 -845.9434 -810.1904
-806.3189 -812.7490 -807.1543
-806.3189 -823.2777 -810.6877
-806.3189 -850.7409 -811.1075
-806.3189 -843.6763 -815.6620
-806.3189 -852.2612 -812.3122
-806.3189 -820.1811 -806.8059
-806.3189 -886.9369 -819.0941
-806.3189 -848.1087 -811.0160
-806.3189 -845.9258 -810.0157
-806.3189 -838.3174 -807.9990
-806.3189 -828.3210 -806.7590
-806.3189 -834.9315 -818.8322
-806.3189 -850.2542 -811.1146
-806.3189 -842.1788 -811.4259
-806.3189 -833.9573 -808.5701
-806.3189 -856.8599 -812.4396
-806.3189 -847.9137 -812.7230
-806.3189 -864.4908 -808.7393
-806.3189 -846.0183 -807.2498
-806.3189 -830.7162 -809.7083
-806.3189 -861.5375 -811.0457
-806.3189 -838.6383 -817.2050
-806.3189 -845.7189 -812.1371
-806.3189 -850.6054 -811.4511
-806.3189 -837.6921 -812.6339
-806.3189 -834.7008 -810.6386
-806.3189 -818.6541 -807.7317
-806.3189 -825.6427 -809.0601
-806.3189 -840.2075 -818.3034
-806.3189 -874.1126 -819.1884
-806.3189 -851.2065 -814.5904
-806.3189 -822.7098 -808.0491
-806.3189 -841.5406 -809.2615
-806.3189 -872.3128 -810.3891
-806.3189 -856.4771 -821.3217
-806.3189 -855.4827 -812.7373
-806.3189 -829.3752 -809.9362
-806.3189 -830.0720 -807.6321
-806.3189 -840.5341 -807.4881
-806.3189 -849.5114 -821.5693
-806.3189 -824.8780 -808.7964
-806.3189 -841.6737 -815.8711
-806.3189 -848.0546 -817.4203
-806.3189 -843.7612 -813.7835
-806.3189 -858.1074 -814.6053
-806.3189 -845.1971 -807.3436
-806.3189 -838.7840 -811.6200
-806.3189 -849.0729 -810.4563
-806.3189 -814.0157 -806.4729
-806.3189 -839.1247 -809.7687
-806.3189 -835.6305 -809.4046
-806.3189 -852.5150 -815.1931
-806.3189 -844.1500 -812.3320
-806.3189 -829.2774 -810.3117
-806.3189 -883.4726 -812.5188
-806.3189 -843.7612 -809.5234
-806.3189 -808.9695 -806.5346
-806.3189 -862.0633 -822.6490
-806.3189 -863.2698 -819.8159
-806.3189 -855.5706 -812.6983
-806.3189 -845.7380 -810.3905
-806.3189 -870.5355 -842.7353
-806.3189 -891.9838 -828.9207
-806.3189 -872.5551 -813.1587
-806.3189 -859.1746 -820.2046
-806.3189 -851.0229 -816.7495
-806.3189 -853.1544 -818.6213
-806.3189 -831.7412 -810.6325
-806.3189 -864.8803 -824.6090
-806.3189 -868.2864 -819.5471
-806.3189 -859.9652 -819.0830
-806.3189 -850.4194 -810.7765
-806.3189 -855.8902 -811.9092
-806.3189 -873.8185 -816.9008
-806.3189 -846.7611 -814.9093
-806.3189 -848.7113 -811.8051
-806.3189 -829.1198 -808.7291
-806.3189 -859.8610 -814.2803
-806.3189 -827.3246 -807.7266
-806.3189 -825.8476 -808.9049
-806.3189 -857.9274 -812.1429
-806.3189 -871.4709 -818.3983
-806.3189 -840.3265 -824.6788
-806.3189 -837.0219 -816.6327
-806.3189 -887.7884 -834.2062
-806.3189 -875.2761 -828.7002
-806.3189 -880.4645 -813.7005
-806.3189 -873.3263 -820.1337
-806.3189 -862.2008 -816.9827
-806.3189 -897.6106 -826.7317
-806.3189 -864.5586 -817.6758
-806.3189 -840.8179 -813.7072
-806.3189 -874.5969 -819.8300
-806.3189 -837.8166 -809.3178
-806.3189 -813.8490 -806.7707
-806.3189 -827.9534 -809.1243
-806.3189 -837.8166 -811.8185
-806.3189 -861.2529 -815.6212
-806.3189 -835.6318 -808.9072
-806.3189 -834.6613 -816.6301
-806.3189 -869.0620 -817.3225
-806.3189 -856.5910 -821.9851
-806.3189 -870.0653 -813.6274
-806.3189 -834.1787 -808.6226
-806.3189 -849.3636 -808.8336
-806.3189 -826.2603 -807.9345
-806.3189 -830.2663 -807.9248
-806.3189 -861.6415 -813.7540
-806.3189 -836.9603 -812.7942
-806.3189 -838.7745 -809.0008
-806.3189 -855.6010 -820.8505
-806.3189 -830.9849 -810.3063
-806.3189 -863.0892 -811.1080
-806.3189 -831.9636 -808.0505
-806.3189 -867.4249 -819.5958
-806.3189 -856.9753 -813.4522
-806.3189 -858.5060 -824.7271
-806.3189 -877.8463 -813.3773
-806.3189 -881.2568 -814.3733
-806.3189 -846.1114 -812.1830
-806.3189 -882.9902 -819.9799
-806.3189 -852.0157 -815.3143
-806.3189 -887.5829 -817.8679
-806.3189 -832.2980 -807.7315
-801.2571 -855.8902 -808.9565
-801.2571 -824.9519 -803.2173
-801.2571 -823.2528 -805.6502
-801.2571 -831.5402 -803.1941
-801.2571 -859.9700 -806.9782
-801.2571 -809.9934 -801.7003
-801.2571 -833.7126 -805.2336
-801.2571 -861.9123 -809.3830
-801.2571 -836.3035 -810.9182
-801.2571 -815.9312 -803.4969
-801.2571 -817.6480 -803.7322
-801.2571 -840.2666 -803.1703
-801.2571 -870.0896 -807.3814
-801.2571 -845.0824 -809.2746
-801.2571 -830.4606 -807.5359
-801.2571 -836.9457 -810.5310
-801.2571 -832.9168 -808.0211
-801.2571 -836.2756 -804.9547
-801.2571 -863.3052 -814.2358
-801.2571 -847.3677 -808.5361
-801.2571 -825.5624 -804.2301
-801.2571 -851.1571 -805.7611
-801.2571 -830.7627 -803.9885
-801.2571 -885.1038 -804.7218
-801.2571 -840.6761 -808.2935
-801.2571 -852.5442 -811.3931
-801.2571 -837.2627 -809.2675
-801.2571 -826.6345 -804.6987
-801.2571 -861.1392 -812.6547
-801.2571 -846.5669 -811.2068
-801.2571 -850.0965 -805.2778
-801.2571 -840.4156 -809.1975
-801.2571 -850.1030 -806.3670
-801.2571 -847.6394 -809.0205
-801.2571 -836.2928 -805.4628
-801.2571 -849.0898 -806.5301
-801.2571 -818.9141 -804.0526
-801.2571 -831.8462 -803.7582
-801.2571 -854.1737 -811.2596
-801.2571 -835.6408 -804.9931
-801.2571 -835.8192 -802.0779
-801.2571 -819.3755 -803.2776
-801.2571 -838.8620 -804.8139
-801.2571 -833.4636 -805.2320
-801.2571 -840.6037 -804.0374
-801.2571 -814.7148 -802.5905
-801.2571 -834.0909 -803.8449
-801.2571 -837.4801 -803.5985
-801.2571 -819.7881 -805.2729
-801.2571 -849.3777 -804.1231
-801.2571 -834.0909 -804.7223
-801.2571 -849.9641 -806.1225
-801.2571 -840.6571 -811.1354
-801.2571 -809.3070 -802.3370
-801.2571 -835.6408 -802.7483
-801.2571 -827.6511 -802.1548
-801.2571 -833.7941 -806.4837
-801.2571 -827.7626 -805.6652
-801.2571 -826.6267 -803.3878
-801.2571 -831.5804 -804.5908
-801.2571 -840.5571 -803.1842
-801.2571 -826.8797 -805.3476
-801.2571 -829.7956 -807.0615
-801.2571 -831.2877 -804.3669
-801.2571 -843.3885 -803.8794
-801.2571 -839.2457 -808.0869
-801.2571 -841.6898 -808.1203
-801.2571 -848.0842 -814.3081
-801.2571 -868.7827 -815.0380
-801.2571 -849.9157 -809.1694
-801.2571 -836.1683 -809.0431
-801.2571 -835.8192 -811.6032
-801.2571 -819.3147 -802.5294
-801.2571 -821.5071 -804.7272
-801.2571 -841.5229 -805.6404
-801.2571 -806.0551 -801.5547
-801.2571 -852.8190 -808.0288
-801.2571 -902.4683 -808.5839
-801.2571 -833.7941 -803.4675
-801.2571 -822.6788 -804.8404
-801.2571 -833.7780 -806.4242
-801.2571 -847.4565 -810.9592
-801.2571 -827.5404 -808.8594
-801.2571 -857.3738 -811.9101
-801.2571 -846.0129 -810.7900
-801.2571 -837.9338 -806.7450
-801.2571 -814.9578 -802.7260
-801.2571 -828.9268 -802.9640
-801.2571 -818.9141 -803.7512
-801.2571 -836.9457 -807.5395
-801.2571 -858.5851 -806.8183
-801.2571 -837.5008 -806.5063
-801.2571 -859.0916 -813.0979
-801.2571 -851.4999 -806.7830
-801.2571 -822.2886 -803.4388
-801.2571 -830.7997 -808.1813
-801.2571 -829.8927 -803.9938
-801.2571 -826.2179 -802.1474
-801.2571 -820.9883 -802.8526
-801.2571 -847.0326 -806.5262
-801.2571 -838.3605 -804.4830
-801.2571 -827.0395 -804.0719
-801.2571 -837.5008 -812.1905
-801.2571 -828.8954 -806.6760
-801.2571 -833.8706 -806.2107
-801.2571 -867.3930 -819.1152
-801.2571 -836.8443 -804.4552
-801.2571 -869.3456 -818.2441
-801.2571 -851.1366 -806.8092
-801.2571 -828.7454 -805.2229
-801.2571 -853.9216 -809.6129
-801.2571 -826.9533 -804.9324
-801.2571 -841.0731 -807.1668
-801.2571 -839.9424 -805.3800
-801.2571 -848.2302 -803.8537
-801.2571 -830.9367 -806.0815
-801.2571 -868.4384 -812.9857
-801.2571 -859.4621 -809.3190
-801.2571 -868.5916 -813.3780
-801.2571 -845.5039 -808.7599
-801.2571 -816.3911 -803.3539
-801.2571 -839.9492 -806.7436
-801.2571 -815.5606 -802.8554
-801.2571 -839.1709 -803.3485
-801.2571 -846.2020 -814.1397
-801.2571 -814.9324 -801.8589
-801.2571 -864.5734 -811.2697
-801.2571 -847.0442 -815.9102
-801.2571 -870.4733 -822.3762
-801.2571 -834.4622 -811.4654
-801.2571 -847.4565 -813.4058
-801.2512 -857.7387 -808.4567
-801.2512 -838.6086 -811.2105
-801.2512 -840.3446 -814.7407
-801.2512 -868.8699 -817.6530
-801.2512 -886.2929 -826.0500
-801.2512 -883.2290 -820.7119
-801.2512 -847.5734 -810.4863
-801.2512 -887.5688 -828.9861
-801.2512 -842.2816 -812.2781
-801.2512 -865.3600 -827.9715
-801.2512 -849.7176 -814.8989
-801.2512 -853.9975 -810.2038
-801.2512 -847.9883 -805.2635
-801.2512 -827.5345 -806.6699
-801.2512 -825.1042 -803.3176
-801.2512 -847.0383 -805.1265
-801.2512 -819.1468 -802.9321
-801.2512 -851.5961 -814.8506
-801.2512 -828.9210 -804.2604
-801.2512 -821.3220 -801.9241
-801.2512 -818.6311 -803.0380
-801.2512 -801.2512 -801.2512
-801.2512 -832.3126 -811.1366
-801.2512 -858.5054 -812.9507
-801.2512 -835.1988 -806.0993
-801.2512 -827.5105 -806.7256
-801.2512 -841.1102 -805.6270
-801.2512 -840.3925 -806.0881
-801.2512 -842.0537 -806.4210
-801.2512 -831.5343 -806.4249
-801.2512 -860.7132 -807.3472
-801.2512 -830.1796 -805.3032
-801.2512 -835.1397 -803.4501
-801.2512 -838.1711 -808.7341
-801.2512 -846.8358 -805.9937
-801.2512 -859.1328 -807.1204
-801.2512 -852.3187 -805.4251
-801.2512 -825.5002 -801.9486
-801.2512 -837.1631 -808.1214
-801.2512 -848.2699 -806.1016
-801.2512 -819.9592 -802.6052
-801.2512 -835.7501 -804.5506
-801.2512 -847.7369 -812.3955
-801.2512 -851.2370 -803.5813
-801.2512 -825.8038 -802.7163
-801.2512 -849.9517 -803.7302
-801.2512 -849.2730 -807.7282
-801.2512 -857.1050 -816.5253
-801.2512 -859.1328 -810.2470
-795.9960 -856.5158 -805.9714
-795.9960 -847.2084 -806.1868
-795.9960 -858.6507 -802.3980
-795.9960 -805.7896 -797.1877
-795.9960 -813.9299 -798.4313
-795.9960 -814.2472 -798.5548
-795.9960 -816.9774 -797.2791
-795.9960 -838.3883 -802.4884
-795.9960 -848.5424 -801.5609
-795.9960 -825.3948 -799.0917
-795.9960 -833.3867 -799.6115
-795.9960 -841.0430 -807.0288
-795.9960 -867.4370 -804.0619
-795.9960 -837.4776 -799.6776
-795.9960 -833.8634 -806.3055
-795.9960 -850.4468 -813.7812
-795.9960 -836.6039 -808.6337
-795.9960 -836.5735 -804.3106
-795.9960 -824.7201 -801.4958
-795.9960 -845.4048 -802.2129
-795.9960 -844.6479 -806.5298
-795.9960 -851.0682 -806.1329
-795.9960 -874.7638 -813.8307
-795.9960 -851.2145 -808.0216
-795.9960 -851.9114 -808.2812
-795.9960 -829.1303 -800.0026
-795.9960 -838.5062 -807.6057
-795.9960 -830.0729 -803.5467
-795.9960 -809.8171 -798.7139
-795.9960 -818.8175 -798.6913
-795.9960 -840.8133 -802.0660
-795.9960 -832.9649 -798.0402
-795.9960 -836.4037 -802.7485
-795.9960 -813.8798 -797.0096
-795.9960 -828.5254 -798.9993
-795.9960 -831.5329 -801.3445
-795.9960 -815.1298 -802.0981
-795.9960 -867.8802 -804.1297
-795.9960 -814.5270 -797.6600
-795.9960 -819.8707 -797.6799
-795.9960 -849.3951 -800.3400
-795.9960 -831.8341 -799.2031
-795.9960 -819.8475 -798.5441
-795.9960 -846.9994 -798.2378
-795.9960 -827.7094 -798.2106
-795.9960 -821.0563 -798.0122
-795.9960 -854.3968 -800.8182
-795.9960 -872.4143 -812.7548
-795.9960 -838.8845 -806.4682
-795.9960 -842.7467 -800.8919
-795.9960 -820.6358 -797.9908
-795.9960 -842.1859 -800.4692
-795.9960 -825.8789 -798.9521
-795.9960 -825.1843 -799.9000
-795.9960 -850.0155 -802.1675
-795.9960 -833.7778 -800.5628
-795.9960 -834.1732 -806.2308
-795.9960 -834.2630 -811.3964
-795.9960 -845.5478 -800.2748
-795.9960 -799.5893 -796.3306
-795.9960 -795.9960 -795.9960
-795.9960 -842.7331 -803.6580
-795.9960 -874.1881 -808.9892
-795.9960 -828.5297 -804.0462
-795.9960 -836.3116 -807.8902
-795.9960 -844.1562 -808.2867
-795.9960 -819.5866 -798.2188
-795.9960 -837.4776 -798.9442
-795.9960 -850.8708 -807.7290
-795.9960 -839.5936 -799.9467
-795.9960 -839.0407 -804.7249
-795.9960 -849.1722 -798.9875
-795.9960 -844.9123 -804.7552
-795.9960 -826.3031 -800.6892
-795.9960 -823.6658 -797.3256
-795.9960 -830.0404 -797.0637
-795.9960 -832.9688 -801.2566
-795.9960 -831.7424 -803.1893
-795.9960 -847.5574 -804.2293
-795.9960 -828.5386 -798.6938
-795.9960 -830.5466 -800.1163
-795.9960 -881.1936 -804.4350
-795.9960 -819.7491 -805.2741
-795.9960 -824.9470 -800.9430
-795.9960 -856.6512 -806.6834
-795.9960 -844.2854 -802.2485
-795.9960 -828.7639 -805.4956
-795.9960 -830.8724 -800.9911
-795.9960 -822.7723 -800.2803
-795.9960 -830.2423 -802.3771
-795.9960 -819.2926 -797.0716
-795.9960 -845.8152 -800.7304
-795.9960 -830.7272 -805.6972
-795.9960 -829.1303 -805.6670
-795.9960 -849.3524 -800.5366
-795.9960 -829.1303 -798.5010
-795.9960 -840.1834 -799.7006
-795.9960 -805.1864 -797.0828
-795.9960 -877.6226 -813.3798
-795.9960 -864.2468 -808.7988
-795.9960 -850.9003 -800.0579
-795.9960 -811.9939 -798.6825
-795.9960 -846.5393 -798.7060
-795.9960 -810.0348 -797.6544
-795.9960 -824.1532 -798.6910
-795.9960 -813.9423 -796.3598
-795.9960 -840.3026 -799.6541
-795.9960 -847.9247 -803.7557
-795.9960 -846.3498 -805.1533
-795.9960 -804.0460 -797.0364
-795.9960 -849.5640 -799.3786
-795.9960 -839.1097 -805.1328
-795.9960 -837.5923 -802.8574
-795.9960 -844.7030 -803.5152
-795.9960 -848.1494 -808.2628
-795.9960 -852.9061 -816.2178
-795.9960 -863.0706 -817.7193
-795.9960 -863.4956 -807.2563
-795.9960 -840.3563 -798.3615
-795.9960 -838.7295 -805.9517
-795.9960 -848.6524 -812.6249
-795.9960 -862.2657 -815.1900
-795.9960 -872.0982 -811.5540
-795.9960 -852.1325 -817.6193
-795.9960 -829.4040 -801.8930
-795.9960 -813.4181 -797.6777
-795.9960 -811.3384 -796.5456
-795.9960 -814.6643 -797.9777
-795.9960 -863.1983 -799.2542
-795.9960 -823.8226 -803.7188
-795.9960 -834.8591 -799.4166
-795.9960 -826.0337 -799.3452
-795.9960 -851.7403 -800.2118
-795.9960 -814.4745 -796.3656
-795.9960 -807.0783 -796.2176
-795.9960 -803.0983 -797.1235
-795.9960 -806.5246 -796.8183
-795.9960 -799.0335 -796.2390
-795.9960 -826.6910 -798.4967
-795.9960 -824.4555 -802.1193
-795.9960 -830.5450 -797.1972
-795.9960 -836.0107 -811.7526
-795.9960 -834.4513 -801.5370
-795.9960 -834.3592 -802.9116
-795.9960 -837.1218 -799.2980
-795.9960 -830.7465 -804.8591
-795.9960 -850.7591 -815.8453
-795.9960 -875.2278 -804.8929
-795.9960 -861.6566 -801.5540
-795.9960 -842.1250 -809.2699
-795.9960 -821.7952 -801.7580
-795.9960 -848.4702 -802.8745
-795.9960 -800.7940 -796.0920
-795.9960 -812.7859 -796.8203
-795.9960 -856.3561 -801.7920
-795.9960 -832.0751 -806.7665
-795.9960 -827.4582 -799.8100
-795.9960 -822.5015 -800.7021
-795.9960 -863.7102 -800.6089
-795.9960 -822.1655 -797.9237
-795.9960 -810.4663 -798.1323
-795.9960 -829.3920 -800.5239
-795.9960 -832.1873 -805.0716
-795.9960 -835.0413 -799.2416
-795.9960 -839.7993 -803.8533
-795.9960 -839.2280 -799.2901
-795.9960 -814.0536 -797.3141
-795.9960 -824.8007 -801.1496
-795.9960 -821.8536 -800.7260
-795.9960 -875.3050 -819.8266
-795.9960 -837.8979 -803.9681
-795.9960 -841.2624 -799.7919
-795.9960 -836.2275 -798.7380
-795.9960 -834.0934 -800.7490
-795.9960 -844.9510 -803.8122
-795.9960 -833.9569 -800.4259
-795.9960 -850.1549 -810.1225
-795.9960 -831.0146 -807.8362
-795.9960 -858.8862 -810.8805
-795.9960 -828.3485 -804.2446
-795.9960 -827.8446 -799.9243
-795.9960 -823.9624 -798.9248
-795.9960 -835.8960 -799.0922
-795.9960 -851.4842 -802.2299
-795.9960 -860.0596 -819.6617
-795.9960 -859.6144 -811.7032
-795.9960 -840.6330 -813.3576
-795.9960 -827.2697 -803.3552
-795.9960 -868.7138 -801.5087
-795.9960 -861.5824 -805.3790
-795.9960 -862.1274 -813.1090
-795.9960 -827.1092 -802.1883
-795.9960 -834.5371 -800.2084
-795.9960 -829.7849 -801.2495
-795.9960 -830.4058 -798.5593
-795.9960 -838.3733 -799.4127
-795.9960 -851.3201 -799.4213
-795.9960 -838.5932 -797.7089
-795.9960 -858.5136 -807.2780
-795.9960 -841.7269 -805.6862
-795.9960 -836.0837 -804.4704
-795.9960 -820.7708 -801.8102
-795.9960 -821.8971 -803.1605
-795.9960 -830.1319 -799.6026
-795.9960 -846.2531 -811.2029
-795.9960 -833.2783 -801.4455
-795.9960 -864.7760 -803.8679
-795.9960 -830.1423 -808.1973
-795.9960 -851.0264 -811.4834
-795.9960 -833.4781 -804.6373
-795.9960 -866.1363 -810.1937
-795.9960 -832.6241 -804.8043
-795.9960 -856.2564 -806.4011
-795.9960 -850.3374 -805.8655
-795.9960 -844.7081 -817.3046
-795.9960 -851.2145 -809.5213
-795.9960 -839.1885 -802.4077
-795.9960 -818.6282 -801.3057
-795.9960 -840.8529 -800.4675
-795.9960 -844.1166 -803.3042
-795.9960 -819.3373 -798.8055
-795.9960 -823.0116 -802.4607
-795.9960 -848.9122 -804.7544
-795.9960 -831.9449 -800.1764
-795.9960 -842.7331 -800.6059
-795.9960 -820.8418 -801.1861
-795.9960 -846.7336 -804.1869
-795.9960 -834.1195 -803.4955
-795.9960 -852.1127 -812.0270
-795.9960 -850.0447 -804.8286
-795.9960 -857.9246 -808.5939
-795.9960 -870.5283 -820.2727
-795.9960 -841.9043 -817.8676
-795.9960 -889.3698 -822.3159
-795.9960 -838.2274 -814.6256
-795.9960 -847.7455 -804.7687
-795.9960 -825.6756 -801.1291
-795.9960 -820.7436 -799.2519
-795.9960 -845.2990 -807.9550
-795.9960 -828.6262 -799.5059
-795.9960 -836.6231 -806.8376
-795.9960 -836.8947 -797.8183
-795.9960 -848.2007 -798.7635
-795.9960 -816.2910 -798.5920
-795.9960 -832.8925 -797.4049
-795.9960 -865.4212 -803.0603
-795.9960 -863.4956 -806.4641
-795.9960 -818.7968 -802.4518
-795.9960 -835.4799 -800.6844
-795.9960 -848.3855 -803.5991
-795.9960 -850.3588 -802.6411
-795.9960 -827.1176 -798.8306
-795.9960 -855.3872 -805.9708
-795.9960 -838.7653 -808.7088
-795.9960 -850.0347 -805.0720
-795.9960 -852.8760 -808.2711
-795.9960 -892.8907 -820.5501
-795.9960 -837.0927 -808.5580
-795.9960 -831.5470 -809.9534
-795.9960 -842.4469 -807.7320
-795.9960 -821.5407 -798.9798
-795.9960 -841.3059 -801.7876
-795.9960 -821.7746 -798.1287
-795.9960 -835.4151 -801.9404
-795.9960 -822.6480 -799.6611
-795.9960 -817.6001 -798.1144
-795.9960 -817.6001 -797.9800
-795.9960 -840.8529 -806.6275
-795.9960 -844.0599 -801.2429
-795.9960 -825.3076 -800.9001
-795.9960 -862.8341 -804.7298
-795.9960 -833.9922 -798.4183
-795.9960 -810.9347 -796.9295
-795.9960 -811.7120 -796.8494
-795.9960 -846.4338 -798.9432
-795.9960 -831.5832 -806.4375
-795.9960 -826.6198 -812.8282
-795.9960 -851.9705 -809.2175
-795.9960 -824.3201 -803.0689
-795.9960 -830.8724 -803.3412
-795.9960 -875.1769 -811.0332
-795.9960 -864.4452 -803.0558
-795.9960 -809.0621 -796.6139
-795.9960 -796.1844 -796.0035
-795.9960 -809.2783 -797.0666
-795.9960 -820.4734 -798.2363
-795.9960 -815.3198 -798.6114
-795.9960 -821.8563 -797.7835
-795.9960 -852.6687 -800.8613
-795.9960 -834.9333 -801.9867
-795.9960 -829.2749 -799.8456
-795.9960 -826.0337 -801.6257
-795.9960 -862.6503 -805.8068
-795.9960 -847.4451 -810.6663
-795.9960 -849.1740 -812.1042
-795.9960 -855.0325 -805.0383
-795.9960 -854.3181 -800.8341
-795.9960 -837.7425 -799.9130
-795.9960 -827.3312 -798.1111
-795.9960 -839.0407 -805.8580
-795.9960 -852.0239 -805.7493
-795.9960 -855.6920 -809.4725
-795.9960 -824.4853 -797.6583
-795.9960 -828.2967 -798.8330
-795.9960 -820.0276 -798.5449
-795.9960 -808.7929 -796.6633
-795.9960 -819.8475 -796.4730
-795.9960 -824.0911 -802.0539
-795.9960 -841.2659 -800.8121
-795.9960 -838.2274 -800.3759
-795.9960 -843.4328 -811.9760
-795.9960 -845.2794 -803.1662
-795.9960 -818.6433 -799.5845
-795.9960 -821.5407 -798.5774
-795.9960 -835.4151 -804.3503
-795.9960 -837.6116 -807.6307
-795.9960 -856.7639 -802.2824
-795.9960 -840.7674 -803.8062
-795.9960 -819.9547 -798.4581
-795.9960 -860.8377 -802.6384
-795.9960 -830.4443 -802.5467
-795.9960 -832.8925 -804.2677
-795.9960 -842.1345 -800.9417
-795.9960 -819.3273 -799.7848
-795.9960 -842.4836 -805.0275
-795.9960 -807.4530 -797.7864
-795.9960 -818.7149 -796.9382
-795.9960 -841.2659 -799.6174
-795.9960 -815.3363 -800.6242
-795.9960 -821.1153 -798.1099
-795.9960 -836.7185 -802.3764
-795.9960 -819.9433 -798.3147
-795.9960 -820.4734 -799.2158
-795.9960 -856.4908 -800.9240
-795.9960 -860.9820 -804.2996
-795.9960 -837.1487 -799.3914
-795.9960 -830.7207 -805.0100
-795.9960 -843.7318 -802.3733
-795.9960 -834.0913 -807.1828
-795.9960 -857.4503 -811.7847
-795.9960 -820.9970 -798.2747
-795.9960 -813.9717 -797.6895
