-5058.6468 -5430.3873 -5128.8484
-4975.5579 -5079.3895 -5003.4922
-4770.8675 -4934.7995 -4840.8902
-4688.8014 -4776.6201 -4729.5783
-4621.8778 -4689.2357 -4639.3987
-4520.3613 -4603.3896 -4556.2683
-4451.8957 -4544.2803 -4479.2253
-4371.9751 -4441.7050 -4398.9489
-4258.8159 -4386.6409 -4324.4404
-4164.1437 -4313.8987 -4216.6836
-4119.2164 -4177.9535 -4137.0922
-3957.9581 -4140.7013 -4050.6271
-3914.2758 -4005.7684 -3938.0169
-3769.1470 -3922.8800 -3856.4564
-3733.3828 -3807.8769 -3754.5288
-3686.4919 -3736.0010 -3710.9519
-3598.7271 -3686.3081 -3626.1002
-3543.7385 -3617.6760 -3565.9279
-3478.7879 -3545.5390 -3498.7704
-3439.1134 -3481.2126 -3454.9217
-3334.7701 -3475.9848 -3396.3807
-3322.3009 -3386.7753 -3335.1440
-3301.1954 -3340.5561 -3308.9754
-3262.2675 -3320.3334 -3274.7187
-3220.5547 -3264.3611 -3241.3790
-3200.5659 -3262.5728 -3209.4111
-3135.6461 -3198.9955 -3160.8725
-3104.8884 -3151.4414 -3120.5332
-3072.1520 -3121.2208 -3084.9246
-3031.5288 -3083.0960 -3051.0266
-3007.5727 -3053.8729 -3030.4867
-2965.6936 -3055.9029 -2991.8490
-2937.2244 -2984.1368 -2951.1416
-2887.6612 -2966.7121 -2917.9680
-2887.6612 -2927.6109 -2898.4826
-2797.3347 -2894.9910 -2847.2953
-2759.5915 -2844.4388 -2798.4362
-2745.0077 -2817.7820 -2770.6148
-2722.0040 -2779.8930 -2734.9884
-2651.2021 -2758.2467 -2708.8481
-2651.2021 -2704.1654 -2660.6086
-2572.4004 -2641.1879 -2604.9926
-2572.4004 -2597.7151 -2582.2457
-2503.0153 -2593.0051 -2541.4349
-2496.4040 -2535.6441 -2508.3895
-2477.4930 -2525.9659 -2496.3569
-2468.8600 -2507.2803 -2481.5998
-2457.3574 -2504.1295 -2473.3835
-2442.1798 -2488.4572 -2454.4027
-2442.1798 -2462.2178 -2446.6151
-2418.1507 -2456.2191 -2424.0112
-2365.3932 -2448.6714 -2404.1625
-2357.1731 -2379.4230 -2360.9911
-2332.7116 -2371.1747 -2346.8528
-2330.6909 -2365.3932 -2335.4969
-2304.2699 -2366.1663 -2323.1873
-2265.0974 -2324.4331 -2288.1984
-2265.0564 -2292.3671 -2266.4921
-2232.7363 -2265.0564 -2241.7599
-2226.0231 -2265.0564 -2236.6688
-2220.0804 -2234.9271 -2223.7539
-2208.9684 -2251.7216 -2220.8564
-2208.9684 -2241.6008 -2215.6741
-2197.8073 -2226.1732 -2204.0499
-2182.6540 -2239.4197 -2191.9602
-2160.4418 -2207.7249 -2172.5161
-2137.7696 -2209.0953 -2160.6838
-2112.3923 -2174.1982 -2131.5975
-2102.6311 -2137.7696 -2112.2616
-2083.0580 -2107.9483 -2093.4243
-2053.8218 -2106.4149 -2074.1722
-2052.1397 -2103.8635 -2061.8074
-1993.7340 -2054.2545 -2028.8236
-1968.5291 -2050.5497 -1993.7628
-1968.5291 -1994.0497 -1972.4246
-1953.5595 -1989.9136 -1962.8815
-1953.5595 -1968.5291 -1957.8388
-1952.1658 -1983.9434 -1957.2890
-1935.6050 -1962.3392 -1945.3600
-1935.6050 -1955.3388 -1941.1724
-1911.0876 -1949.2148 -1924.7584
-1908.5611 -1934.3449 -1916.1650
-1894.2658 -1922.3509 -1904.3489
-1893.8455 -1974.2296 -1902.6640
-1861.3809 -1895.6956 -1879.2021
-1850.5545 -1881.7380 -1858.1827
-1838.9636 -1889.5640 -1845.0630
-1829.7361 -1859.6308 -1838.9126
-1825.3338 -1849.1803 -1832.4712
-1819.3371 -1845.3886 -1826.9459
-1819.3371 -1869.8591 -1824.0274
-1809.3610 -1843.9762 -1813.9067
-1791.4707 -1824.4063 -1804.6808
-1791.4707 -1801.4467 -1796.2701
-1788.8030 -1842.0294 -1793.8333
-1783.7858 -1800.0280 -1788.1161
-1783.7858 -1815.6619 -1792.8059
-1778.6896 -1799.7306 -1784.2414
-1771.1813 -1793.4129 -1780.3155
-1762.4148 -1814.3495 -1769.0878
-1752.3871 -1800.7615 -1762.2874
-1723.3194 -1786.5799 -1751.8829
-1722.8093 -1789.7472 -1736.7954
-1710.2827 -1746.4537 -1721.5971
-1689.4200 -1737.1382 -1708.8711
-1685.2661 -1741.2086 -1695.3807
-1663.5454 -1715.3569 -1675.0747
-1663.5454 -1714.7950 -1672.2381
-1663.5454 -1687.8503 -1666.4445
-1658.2473 -1690.7619 -1665.0059
-1641.6318 -1731.9496 -1673.5956
-1635.9078 -1696.2706 -1655.2529
-1635.9078 -1666.6491 -1649.7385
-1631.3420 -1660.5461 -1637.9255
-1631.3420 -1664.4895 -1638.3021
-1604.1549 -1651.4931 -1618.5166
-1594.5570 -1642.9955 -1605.8943
-1594.5570 -1638.4671 -1610.3392
-1594.5570 -1643.0435 -1604.2320
-1594.5570 -1618.1154 -1600.0912
-1587.1393 -1620.6188 -1594.8644
-1587.1393 -1611.1464 -1591.5028
-1566.7474 -1623.7332 -1581.0650
-1557.2984 -1603.9497 -1565.4240
-1544.2421 -1585.3551 -1555.1262
-1523.8371 -1602.8535 -1546.4472
-1523.8371 -1551.0007 -1527.4574
-1514.3778 -1552.8531 -1523.2269
-1512.7989 -1579.9127 -1520.7782
-1512.7989 -1549.9504 -1515.1545
-1508.1725 -1538.2062 -1513.8528
-1508.1725 -1549.5167 -1517.5759
-1508.1725 -1530.9623 -1513.0581
-1508.1725 -1536.5489 -1512.8949
-1504.8897 -1525.4146 -1508.2203
-1492.8611 -1541.5628 -1501.8855
-1492.8611 -1528.1742 -1496.5516
-1481.9296 -1508.4347 -1488.7999
-1455.4259 -1525.7670 -1479.7108
-1436.4524 -1492.8611 -1466.4229
-1436.4524 -1507.4132 -1456.6819
-1425.7456 -1471.2253 -1435.5441
-1422.4946 -1463.9236 -1429.0779
-1414.2885 -1477.5543 -1426.9369
-1399.1490 -1420.3444 -1410.7512
-1399.1490 -1468.0372 -1414.7403
-1399.1490 -1459.3301 -1413.3588
-1373.1010 -1435.3201 -1390.3691
-1368.1167 -1437.9809 -1381.9698
-1352.8983 -1396.9308 -1361.5435
-1335.0691 -1379.3424 -1348.1134
-1331.4253 -1397.6497 -1342.3309
-1325.6113 -1378.7918 -1335.2760
-1321.5742 -1361.3014 -1332.5568
-1321.5742 -1360.8762 -1330.5835
-1307.8685 -1391.1522 -1323.1331
-1307.8685 -1327.9977 -1312.2941
-1304.6583 -1349.6271 -1310.3649
-1304.6583 -1340.6964 -1310.3489
-1300.8226 -1374.6090 -1309.9965
-1300.8226 -1353.0521 -1308.9375
-1290.1135 -1318.6161 -1301.3478
-1290.1135 -1310.5213 -1295.1038
-1275.4900 -1302.6780 -1285.5224
-1275.4900 -1292.9926 -1283.4864
-1275.4900 -1315.9018 -1280.8881
-1274.6866 -1308.5328 -1282.0126
-1265.6228 -1297.4652 -1273.1220
-1265.6228 -1310.6737 -1275.9593
-1265.0596 -1287.8188 -1267.4093
-1262.7687 -1293.1813 -1268.0444
-1262.7687 -1290.0304 -1265.6325
-1262.7687 -1273.8637 -1264.1837
-1247.4996 -1274.2847 -1254.7843
-1242.4853 -1261.4816 -1245.4607
-1242.4853 -1289.4919 -1248.8058
-1242.4853 -1242.4853 -1242.4853
-1242.4853 -1277.2738 -1245.7303
-1242.4853 -1302.9381 -1248.8383
-1242.4853 -1253.6460 -1242.7570
-1235.6510 -1253.9088 -1239.7266
-1235.6510 -1258.2353 -1239.8510
-1231.2398 -1254.0037 -1234.6415
-1231.2398 -1262.9811 -1240.6628
-1231.2398 -1267.6773 -1235.7528
-1218.9240 -1231.8599 -1224.2176
-1210.7983 -1253.4125 -1216.9877
-1210.7983 -1246.0071 -1213.1728
-1210.7983 -1226.8039 -1215.1918
-1210.3004 -1242.9693 -1215.6697
-1210.3004 -1244.5191 -1218.6616
-1194.2530 -1260.8870 -1210.9238
-1194.2530 -1241.0458 -1203.2990
-1194.1738 -1216.3186 -1197.9092
-1194.1738 -1242.0784 -1203.6497
-1194.1738 -1265.1249 -1210.4872
-1193.1034 -1226.4170 -1201.7901
-1190.5216 -1262.8845 -1196.2237
-1190.5216 -1249.2402 -1198.5680
-1181.9559 -1230.8204 -1193.6363
-1181.9173 -1226.5882 -1193.1332
-1180.1040 -1216.6346 -1187.5866
-1180.1040 -1232.4709 -1186.6705
-1176.4650 -1237.3876 -1185.1124
-1176.4650 -1234.0805 -1182.8850
-1176.4650 -1229.6784 -1187.8508
-1176.4650 -1206.1514 -1182.6299
-1176.4650 -1191.0208 -1177.6574
-1168.7683 -1207.4551 -1174.9302
-1168.7683 -1218.5230 -1173.5167
-1168.7683 -1206.5899 -1178.2069
-1168.7683 -1215.1288 -1180.6821
-1168.7683 -1226.8814 -1189.6140
-1152.5358 -1256.2377 -1178.5084
-1135.2404 -1192.0222 -1154.8315
-1133.5412 -1177.4645 -1141.8308
-1133.5412 -1216.9218 -1140.2906
-1133.2378 -1158.3306 -1136.2760
-1132.0267 -1161.4177 -1134.5521
-1121.0314 -1143.4814 -1129.5663
-1121.0314 -1178.2879 -1129.2876
-1121.0314 -1171.0486 -1129.5754
-1121.0314 -1158.4746 -1125.5966
-1121.0314 -1155.1257 -1126.1427
-1121.0314 -1133.0923 -1122.7311
-1120.3257 -1157.7107 -1124.2280
-1108.7943 -1178.5761 -1130.7010
-1108.7943 -1144.8125 -1120.8524
-1108.7943 -1130.7696 -1115.4945
-1098.1209 -1146.8063 -1112.1839
-1098.1209 -1146.8063 -1118.7039
-1092.9486 -1138.8959 -1108.3412
-1092.9486 -1179.2926 -1106.3234
-1089.1023 -1142.9529 -1098.4253
-1089.1023 -1137.4124 -1098.5470
-1089.1023 -1117.3416 -1093.2714
-1086.6560 -1129.2495 -1092.8271
-1086.6560 -1148.2082 -1099.2777
-1086.6560 -1118.9234 -1095.0319
-1086.6560 -1112.3602 -1090.5781
-1082.9066 -1097.0568 -1084.8362
-1082.6798 -1121.2130 -1086.3172
-1066.9099 -1082.9066 -1078.6931
-1063.8320 -1082.9066 -1066.9623
-1063.8320 -1102.2708 -1066.8800
-1063.8320 -1115.9699 -1072.5424
-1057.3970 -1097.0921 -1065.4043
-1057.3970 -1103.0010 -1063.9008
-1057.3970 -1067.2263 -1058.5015
-1049.8047 -1062.4156 -1053.5149
-1049.8047 -1088.7728 -1053.8892
-1049.8047 -1081.7503 -1056.0245
-1047.2960 -1077.7125 -1052.6150
-1047.2960 -1086.5243 -1051.3588
-1047.2960 -1066.2385 -1049.0320
-1047.2960 -1083.3565 -1048.7277
-1047.2960 -1113.3242 -1057.1919
-1047.2960 -1078.7784 -1050.9644
-1047.2960 -1081.1645 -1056.6390
-1047.2960 -1092.2303 -1066.4703
-1047.2960 -1090.1227 -1061.6078
-1047.2464 -1071.5713 -1051.8167
-1044.6947 -1071.5397 -1049.3397
-1042.7292 -1083.4310 -1047.3473
-1042.7292 -1089.0470 -1051.7556
-1042.7292 -1056.7556 -1044.2224
-1042.7292 -1083.6722 -1046.2626
-1042.7292 -1076.1831 -1044.5061
-1042.7292 -1070.3820 -1043.7281
-1039.5957 -1097.0820 -1047.0848
-1039.5957 -1069.6226 -1045.7055
-1039.5957 -1070.7961 -1041.9089
-1039.5957 -1078.7647 -1057.2370
-1039.5957 -1088.4260 -1051.6785
-1039.5957 -1105.4042 -1053.6536
-1039.5957 -1075.1089 -1043.1068
-1039.5957 -1078.5701 -1041.1547
-1039.5957 -1059.0006 -1041.4359
-1039.5957 -1044.8808 -1039.7014
-1038.2433 -1039.5957 -1039.1088
-1038.2433 -1061.7769 -1038.9311
-1037.1498 -1058.7827 -1038.8025
-1037.1498 -1051.3493 -1039.8700
-1037.1498 -1067.4116 -1041.8868
-1036.6121 -1056.5903 -1038.7347
-1036.6121 -1079.3116 -1038.8318
-1036.1924 -1095.8530 -1040.0832
-1036.1924 -1071.4849 -1046.9235
-1036.1924 -1079.4549 -1044.3812
-1028.5614 -1054.4189 -1035.5848
-1028.5614 -1065.3483 -1036.1082
-1028.5614 -1093.0148 -1048.6159
-1028.5614 -1093.9726 -1044.2940
-1028.5614 -1081.0171 -1041.3089
-1028.5614 -1084.1775 -1033.2258
-1028.5614 -1046.7297 -1029.7738
-1028.5614 -1077.2611 -1033.5610
-1028.5614 -1056.8239 -1032.4695
-1026.6106 -1041.3430 -1029.0982
-1026.6106 -1059.7860 -1035.6714
-1026.6106 -1098.1845 -1036.4563
-1026.6106 -1065.7618 -1046.7195
-1026.6106 -1123.3957 -1039.4554
-1026.0999 -1081.7023 -1027.9085
-1026.0999 -1050.5292 -1027.6338
-1026.0999 -1065.7450 -1032.8975
-1024.1246 -1069.9756 -1030.3495
-1024.1246 -1058.2597 -1028.3011
-1024.1246 -1034.2697 -1025.3503
-1024.1246 -1068.2318 -1026.0179
-1024.1246 -1052.0910 -1030.4366
-1024.1246 -1061.0957 -1031.6196
-1024.1246 -1049.2453 -1027.6041
-1017.6406 -1043.3540 -1025.0453
-1017.6406 -1031.2043 -1024.0524
-1017.6406 -1039.2595 -1026.1248
-1017.6406 -1083.6977 -1029.7113
-1017.6406 -1057.1271 -1027.5428
-1017.6406 -1075.0944 -1027.7188
-1017.6406 -1049.6944 -1022.1429
-1017.6406 -1029.8043 -1019.2980
-1012.6715 -1025.0665 -1016.3930
-1012.6715 -1040.1158 -1016.2368
-1012.6715 -1040.9340 -1019.7009
-1012.6715 -1054.7013 -1022.6187
-1012.6715 -1052.5862 -1021.9553
-1007.8730 -1078.7730 -1018.9777
-1007.8730 -1042.9144 -1012.2621
-1007.8730 -1035.3881 -1011.9044
-1007.8730 -1032.7437 -1010.2035
-1007.8730 -1058.2982 -1019.4655
-1007.8730 -1043.1133 -1014.8977
-1007.8730 -1029.4919 -1009.9868
-1007.8730 -1060.2746 -1012.4078
-1007.8730 -1035.2226 -1013.8552
-1007.8730 -1033.5709 -1012.6015
-1007.8730 -1027.2145 -1011.2491
-1007.8730 -1040.8346 -1014.5379
-1007.8730 -1040.8481 -1019.0232
-1007.8730 -1042.6003 -1013.0368
-1007.8730 -1056.7654 -1023.7687
-1007.8730 -1071.8497 -1017.2811
-1001.8650 -1043.2025 -1009.9486
-999.3960 -1047.0736 -1007.3495
-999.3960 -1028.2806 -1006.6988
-997.4848 -1027.4636 -1003.5362
-997.4848 -1038.4962 -1006.3093
-991.4891 -1015.5396 -997.1109
-991.4891 -1012.2158 -993.9459
-991.4891 -1023.9103 -996.3735
-991.4891 -1025.4044 -999.0460
-991.4891 -1030.6034 -1003.4712
-991.4891 -1024.7127 -998.1061
-991.4891 -1023.6316 -996.0108
-983.8550 -1010.7039 -990.8942
-983.8550 -1028.3584 -989.7691
-983.4511 -1030.2813 -991.1860
-983.4511 -1041.1980 -993.9502
-983.4511 -1024.6670 -989.8833
-983.4511 -1006.0757 -987.4358
-983.4511 -1039.4799 -994.5329
-983.4511 -1045.5206 -1000.1792
-972.1417 -1012.6334 -986.2046
-972.1417 -1030.0239 -983.3009
-972.1417 -1004.5972 -977.8841
-972.1417 -989.3847 -973.7743
-972.1417 -1009.9233 -975.5385
-972.1417 -1009.7890 -973.7113
-968.3631 -1028.7166 -973.4182
-968.3631 -979.3679 -970.3691
-968.3631 -972.1417 -968.6257
-968.3631 -999.1043 -976.1142
-968.3631 -997.5299 -972.7662
-968.3631 -984.3598 -972.3307
-968.3631 -1014.6179 -971.9025
-968.3631 -990.6835 -970.4801
-968.3631 -977.8050 -969.8272
-968.3631 -1010.6508 -969.9164
-962.7442 -987.0461 -969.0309
-962.7442 -981.9736 -965.6376
-962.7442 -987.2801 -964.5599
-962.7442 -978.5232 -966.6347
-962.7442 -980.1544 -963.0924
-962.7442 -980.1133 -963.8979
-962.7442 -979.2428 -964.0401
-962.7442 -1001.4426 -965.2652
-962.7442 -979.5948 -963.2319
-962.7442 -1001.5913 -964.7892
-962.7442 -990.9560 -967.3390
-962.7442 -969.1838 -962.9594
-962.7442 -982.2715 -964.1730
-962.7442 -992.9871 -966.1437
-962.7442 -1004.9737 -966.9413
-962.7442 -1001.1197 -969.7360
-962.7442 -1031.8996 -968.1309
-962.7442 -1013.9795 -975.6181
-962.7442 -1046.9603 -978.2996
-962.7442 -984.7646 -965.8150
-962.7442 -975.1889 -963.8113
-957.3715 -983.4112 -960.9383
-957.3715 -1000.3821 -959.6286
-957.3715 -987.6407 -959.3505
-957.3715 -1025.2847 -961.8610
-957.3715 -992.4440 -969.0082
-957.3715 -974.0538 -958.2952
-957.3715 -994.7138 -959.6889
-957.3715 -961.1500 -957.4471
-957.3715 -995.5487 -961.0232
-957.3715 -997.8487 -960.2907
-957.3715 -981.6648 -960.3423
-952.4847 -1004.4302 -965.1421
-952.4847 -1002.2979 -967.7723
-952.4847 -1014.1422 -960.3094
-952.4847 -987.9426 -957.3965
-952.4847 -992.3640 -963.7074
-952.4847 -974.4317 -954.8255
-952.4847 -984.8732 -963.3340
-952.4847 -975.4254 -959.4859
-952.4847 -1011.2995 -955.5814
-952.0238 -984.9076 -956.9750
-952.0238 -982.7764 -955.3785
-921.6530 -982.6944 -946.1161
-921.6530 -1009.8389 -943.5397
-921.6530 -984.5057 -936.5093
-921.6530 -966.5401 -931.5287
-921.6530 -951.6486 -930.8632
-921.6530 -979.4529 -928.5190
-921.6530 -941.8533 -923.0966
-921.6530 -973.8776 -944.9535
-921.6530 -978.6869 -938.2829
-921.6530 -952.4602 -931.3454
-921.6530 -970.0539 -924.8638
-921.6530 -957.8839 -923.3176
-918.9661 -942.3687 -922.8755
-918.9661 -969.1266 -931.6236
-918.9661 -950.5984 -925.7368
-918.9661 -956.0562 -929.3226
-918.9661 -975.2943 -926.8342
-911.1624 -952.0813 -918.1222
-911.1624 -954.1227 -928.6160
-911.1624 -1007.4986 -932.8365
-911.1624 -933.7813 -915.7446
-911.1624 -945.4087 -913.2644
-906.0033 -960.1250 -910.6827
-906.0033 -930.8282 -909.2169
-906.0033 -924.4598 -907.2141
-906.0033 -966.2623 -921.6416
-906.0033 -941.5165 -909.5271
-906.0033 -944.7021 -910.6349
-906.0033 -925.1916 -907.7944
-906.0033 -934.0000 -913.0356
-906.0033 -977.6269 -915.2039
-906.0033 -940.0035 -909.0094
-906.0033 -929.4058 -907.9849
-906.0033 -946.2789 -908.2030
-906.0033 -952.6007 -908.8375
-906.0033 -945.4766 -913.1256
-906.0033 -988.3884 -918.3390
-906.0033 -949.5048 -919.7284
-906.0033 -940.8849 -910.0803
-906.0033 -936.9884 -909.4839
-904.5856 -954.7154 -919.5415
-904.5856 -954.1218 -909.6950
-904.5856 -946.4937 -913.8183
-904.5856 -958.2431 -922.9100
-904.5856 -977.1499 -913.1342
-904.5856 -947.1865 -909.9346
-904.5856 -948.7582 -909.2467
-904.5856 -944.8492 -908.0393
-904.5856 -949.4114 -907.6841
-904.5856 -933.4346 -907.0424
-904.5856 -962.6308 -913.9885
-904.5856 -933.3638 -908.2721
-904.5856 -929.5219 -907.2349
-904.5856 -965.9945 -906.3800
-904.5856 -940.6751 -910.1693
-904.5856 -937.0611 -907.9047
-904.5856 -985.6921 -923.8100
-904.5856 -951.0383 -912.3658
-904.5856 -955.8312 -909.8265
-904.5856 -967.7718 -907.2626
-899.3495 -925.4020 -904.1753
-899.3495 -943.4704 -904.2609
-899.3495 -908.5298 -899.6888
-894.6214 -916.8410 -898.9610
-894.6214 -917.4071 -898.7291
-892.7103 -939.3441 -895.7099
-892.7103 -906.4325 -893.8124
-889.9743 -912.2574 -892.8167
-889.9743 -921.0421 -893.0812
-889.9743 -920.6520 -892.6927
-889.9743 -925.3739 -893.7641
-889.9743 -929.0154 -893.1877
-889.9743 -913.8122 -893.9015
-889.9743 -916.3952 -899.7703
-889.9743 -907.7057 -894.0562
-889.9743 -908.4528 -890.6295
-889.9743 -915.3163 -894.9588
-889.9743 -930.4150 -895.7077
-889.9743 -910.6399 -894.2207
-889.9743 -930.2802 -898.1021
-889.9743 -929.5321 -895.9885
-889.9743 -940.6418 -893.7678
-889.9743 -913.7363 -891.7907
-889.9743 -903.9996 -890.9898
-889.9743 -916.4101 -890.9924
-889.9743 -910.8588 -890.6872
-889.9743 -906.4788 -892.1969
-889.9743 -919.6159 -892.1602
-889.9743 -918.8527 -892.0863
-889.9743 -939.3053 -894.9994
-889.9743 -941.7289 -897.1047
-889.9743 -922.1436 -892.2643
-886.3789 -890.9190 -889.1303
-886.3789 -943.7009 -906.5547
-886.3789 -945.6747 -896.8454
-886.3789 -934.1164 -899.5890
-886.3789 -911.7625 -893.2071
-886.3789 -926.2742 -894.5510
-886.3789 -946.0171 -890.6882
-885.6751 -901.3029 -887.7478
-885.6751 -929.1766 -890.5197
-885.6751 -905.6167 -886.6710
-885.6751 -920.6636 -888.3419
-885.6751 -909.2913 -886.3991
-885.6751 -931.6802 -908.4584
-885.6751 -944.3265 -900.6118
-885.6751 -948.7998 -898.5992
-885.6751 -971.9687 -893.0710
-885.6751 -941.5671 -890.0808
-884.4921 -935.5517 -886.7404
-884.4921 -909.7446 -888.4292
-884.4921 -918.1221 -888.3373
-884.4921 -935.7550 -897.9559
-884.4921 -931.7946 -892.9483
-884.4921 -899.4309 -885.4003
-884.4921 -903.1165 -886.8864
-884.4921 -920.5214 -889.3846
-884.4921 -917.6204 -887.1061
-884.4921 -909.7229 -887.1286
-884.4921 -913.4081 -888.6700
-884.4921 -921.5045 -896.9774
-884.4921 -930.4696 -897.3640
-884.4921 -951.4481 -892.7862
-884.4921 -907.6360 -887.4209
-884.4921 -920.8547 -893.3498
-884.4921 -933.8581 -888.3574
-884.4921 -915.4357 -890.8001
-884.4921 -931.1867 -890.4786
-884.4921 -931.0895 -888.7993
-884.4921 -914.9830 -889.3862
-884.4921 -927.7057 -890.7689
-884.4921 -904.7806 -888.7870
-884.4921 -927.8622 -891.2250
-884.4921 -959.0272 -895.8232
-884.4921 -929.0772 -890.5126
-884.4921 -942.5939 -894.4876
-884.4921 -916.9193 -887.2923
-884.4921 -924.1576 -888.1206
-884.4921 -940.6673 -889.3936
-884.4921 -924.6391 -890.0980
-884.4921 -918.4547 -891.3648
-884.4921 -911.7593 -887.4421
-884.4921 -918.1350 -899.9521
-884.4921 -936.9766 -893.9625
-884.4921 -935.9483 -896.8316
-884.4921 -944.2985 -896.4264
-884.4921 -935.0731 -898.7463
-880.1492 -937.1077 -889.1393
-868.1191 -903.3425 -879.2847
-868.1191 -892.7338 -871.1309
-868.1191 -901.6905 -870.2444
-868.1191 -896.1706 -870.6050
-868.1191 -915.2456 -880.9627
-868.1191 -901.5797 -875.4103
-868.1191 -912.4867 -877.5821
-868.1191 -883.8788 -869.2080
-868.1191 -915.9745 -872.3758
-868.1191 -877.4437 -868.8651
-868.1191 -905.6807 -872.0901
-868.1191 -877.5884 -869.4907
-868.1191 -910.2381 -875.8915
-868.1191 -928.1808 -871.0907
-868.1191 -935.6901 -881.0332
-868.1191 -917.7783 -876.6425
-868.1191 -909.6248 -875.6392
-868.1191 -899.0824 -870.1445
-868.1191 -906.4325 -876.2464
-868.1191 -941.7620 -882.1374
-868.1191 -910.6159 -876.1452
-868.1191 -890.5925 -870.0975
-868.1191 -925.3643 -873.9951
-868.1191 -925.4799 -877.2106
-868.1191 -919.5295 -882.3042
-868.1191 -913.6653 -881.3441
-868.1191 -907.7885 -877.2965
-868.1191 -918.8805 -879.8233
-868.1191 -881.6898 -869.4784
-868.1191 -912.2739 -870.1114
-868.1191 -905.6819 -873.6184
-868.1191 -922.6630 -875.4812
-868.1191 -911.0372 -871.8140
-868.1191 -906.2582 -874.9384
-868.1191 -900.7256 -869.4692
-868.1191 -937.9002 -874.8207
-868.1191 -905.5687 -869.4967
-868.1191 -884.3754 -868.7149
-868.1191 -901.0787 -870.0560
-868.1191 -896.0504 -872.7266
-868.1191 -889.0736 -869.7847
-868.1191 -885.4284 -869.9633
-868.1191 -926.2054 -878.1121
-868.1191 -907.7885 -872.8278
-868.1191 -913.4212 -875.1915
-868.1191 -890.1478 -873.5413
-868.1191 -901.6462 -877.7972
-868.1191 -914.7067 -871.4771
-868.1191 -886.3000 -869.5182
-868.1191 -908.6414 -873.0054
-868.1191 -900.5295 -869.4054
-868.1191 -925.4502 -871.8137
-868.1191 -911.2961 -871.6570
-861.9602 -883.8654 -865.2346
-861.9602 -939.5419 -870.5033
-861.9602 -901.5808 -866.0538
-861.9602 -893.5738 -863.6257
-861.9602 -902.3993 -865.2037
-861.9602 -904.2877 -869.6809
-861.9602 -889.2273 -866.3484
-861.9602 -898.4182 -870.8746
-861.9602 -914.6635 -872.7298
-861.9602 -953.0839 -892.4731
-861.9602 -914.0735 -871.3637
-861.9602 -908.9983 -869.7640
-861.9602 -899.3857 -864.7038
-861.9602 -884.2077 -863.5562
-861.9602 -899.8480 -869.8734
-861.9602 -894.4939 -866.8368
-861.9602 -918.2456 -868.5152
-861.9602 -897.5937 -869.2188
-861.9602 -901.7184 -872.4242
-861.9602 -931.6189 -872.4525
-861.9602 -891.7300 -865.7620
-861.9602 -900.4995 -865.2350
-861.9602 -876.8842 -863.4097
-861.9602 -903.8947 -867.2081
-861.9602 -914.1848 -865.1003
-861.9602 -902.0061 -871.5985
-861.9602 -887.2058 -865.2024
-861.9602 -921.7298 -875.6925
-861.9602 -923.2021 -875.1914
-861.9602 -923.8873 -868.8723
-861.9602 -907.2301 -872.0460
-861.9602 -882.0664 -865.9688
-861.9602 -876.7013 -863.7175
-861.9602 -895.7868 -866.1745
-861.9602 -895.7868 -864.7321
-853.3425 -893.3571 -862.0435
-853.3425 -890.0631 -861.6120
-853.3425 -889.9978 -867.3051
-853.3425 -889.9978 -860.5442
-853.3425 -883.3319 -856.2694
-853.3425 -882.7141 -855.2591
-853.3425 -903.2696 -858.1095
-853.3425 -919.6961 -883.2292
-853.3425 -908.2892 -877.1486
-853.3425 -903.2748 -867.6185
-853.3425 -907.2690 -866.8401
-853.3425 -888.0919 -857.4809
-853.3425 -901.3050 -859.5520
-853.3425 -878.7064 -854.0470
-853.3425 -875.7228 -855.1187
-853.3425 -893.8361 -856.1563
-853.3425 -888.8458 -854.6547
-853.3425 -871.4108 -855.0047
-853.0718 -879.0814 -856.8949
-853.0718 -895.3951 -858.1193
-853.0718 -885.0313 -856.8359
-853.0718 -885.5621 -857.1793
-853.0718 -925.3182 -870.5076
-853.0718 -918.1071 -869.5260
-853.0718 -900.5085 -862.7656
-853.0718 -876.6111 -855.4561
-853.0718 -885.4205 -857.3030
-853.0718 -900.2441 -871.6696
-853.0718 -930.8450 -870.3054
-853.0718 -896.1886 -859.9287
-853.0718 -887.3830 -858.9177
-853.0718 -884.4892 -856.9068
-853.0718 -880.4972 -856.4952
-853.0718 -877.3668 -854.9819
-853.0718 -896.7424 -855.1540
-853.0718 -874.7967 -858.2351
-853.0718 -898.0210 -859.1167
-851.4917 -897.8186 -862.7302
-851.4917 -905.1165 -864.9999
-851.4917 -877.4574 -858.8985
-851.4917 -894.1339 -853.4577
-851.4917 -896.8060 -861.5413
-851.4917 -914.8357 -867.7511
-851.4917 -902.7022 -860.9869
-851.4917 -897.3940 -858.8357
-851.4917 -875.4325 -854.2374
-851.4917 -881.6495 -856.2814
-851.4917 -877.1546 -854.8613
-851.4917 -884.7204 -855.1861
-851.4917 -912.8742 -857.6577
-851.4917 -861.5212 -853.1806
-851.4917 -880.4638 -859.6250
-851.4917 -893.3198 -857.7034
-851.4917 -892.9934 -858.5259
-851.4917 -884.8574 -856.2253
-851.4917 -894.7237 -860.5959
-851.4917 -888.3921 -856.1263
-851.4917 -897.9443 -853.9125
-851.4917 -894.0356 -866.9591
-851.4917 -902.0949 -862.7178
-848.5322 -887.1814 -853.8189
-848.5322 -893.2590 -855.4984
-848.5322 -876.9987 -852.2457
-848.5322 -887.9143 -850.6634
-848.5322 -887.9143 -851.0351
-848.5322 -865.9775 -849.6802
-848.5322 -896.6596 -853.6420
-848.5322 -873.1316 -853.4787
-848.5322 -884.6767 -851.0420
-848.5322 -876.4654 -851.3153
-848.5322 -900.1601 -856.2642
-848.5322 -877.6172 -851.0319
-848.5322 -912.4907 -852.4469
-848.5322 -853.6745 -849.1493
-848.5322 -868.1492 -854.8175
-848.5322 -868.1786 -850.7759
-848.5322 -901.5163 -859.0650
-848.5322 -909.8768 -854.5625
-848.5322 -892.7196 -855.8099
-848.5322 -872.9110 -849.5052
-848.5322 -860.7197 -848.7759
-848.5322 -859.5657 -848.9735
-848.5322 -881.3770 -851.7429
-848.5322 -925.3228 -854.2370
-848.5322 -884.0832 -850.9998
-848.5322 -879.5418 -853.2389
-848.5322 -892.7196 -851.1741
-847.8776 -866.4608 -851.1006
-847.8776 -886.2752 -855.4007
-847.8776 -885.2956 -852.4539
-847.8776 -902.7627 -859.7134
-847.8776 -889.7058 -858.1482
-847.8776 -903.7696 -856.0326
-847.8776 -889.9302 -853.5093
-847.8776 -879.9292 -850.1432
-847.8776 -867.9111 -849.9533
-847.8776 -872.2564 -849.0741
-847.8776 -876.8053 -851.7179
-847.8776 -910.3576 -857.8756
-847.4449 -882.8929 -856.6499
-847.4449 -898.1533 -857.4666
-844.4533 -865.5633 -848.0692
-844.4533 -855.2659 -845.2679
-844.4533 -877.1004 -850.8175
-844.4533 -878.0596 -848.4965
-844.4533 -893.8638 -852.2772
-844.4533 -878.1994 -847.4011
-844.4533 -904.2547 -856.4557
-844.4533 -874.7319 -848.1954
-844.4533 -849.2217 -844.7150
-844.4533 -862.8960 -847.0369
-844.4533 -890.1367 -851.7289
-844.4533 -854.1734 -845.4612
-844.4533 -863.2462 -847.0025
-844.4533 -883.5271 -850.0107
-844.4533 -884.1925 -854.0548
-844.4533 -875.5348 -848.2805
-844.4533 -893.3109 -851.4856
-844.4533 -892.0627 -849.1627
-844.4533 -868.1489 -848.8398
-844.4533 -872.0579 -846.8907
-844.4533 -910.6282 -855.2437
-844.4533 -886.1198 -852.7880
-844.4533 -895.0399 -848.6130
-844.4533 -864.5572 -849.2124
-844.4533 -882.5254 -852.4880
-844.4533 -870.6776 -849.5583
-844.4533 -889.3669 -852.4680
-844.4533 -888.3912 -851.1894
-844.4533 -896.0627 -855.6137
-844.4533 -860.9499 -845.9314
-844.4533 -866.9267 -844.9028
-844.4533 -868.7292 -845.9684
-844.4533 -864.5572 -846.4197
-844.4533 -877.0728 -847.4558
-844.4533 -872.9818 -852.3061
-844.4533 -891.1787 -851.3276
-844.4533 -905.0139 -854.0666
-844.4533 -874.9442 -848.8717
-844.4533 -901.9053 -864.1331
-844.4533 -881.4377 -860.1849
-844.4533 -904.5794 -861.0918
-844.4533 -906.7134 -856.6302
-844.4533 -867.9088 -849.6904
-844.4533 -898.7768 -852.4895
-844.4533 -882.5799 -850.1080
-844.4533 -882.0149 -849.6847
-844.4533 -878.3573 -856.0469
-844.4533 -885.1109 -846.1201
-844.4533 -860.7096 -845.7312
-844.4533 -882.6329 -849.5353
-844.4533 -895.1413 -860.3771
-844.4533 -903.8257 -851.1243
-844.4533 -868.2716 -848.3219
-844.4533 -894.6397 -850.2770
-844.4533 -915.3521 -854.1092
-844.4533 -888.7680 -869.2517
-844.4533 -888.0349 -857.1502
-844.4533 -886.4629 -848.3586
-844.4533 -883.0380 -857.2753
-844.4533 -912.4023 -869.3971
-844.4533 -885.8968 -862.9427
-844.4533 -893.0116 -861.9706
-844.4533 -868.4007 -846.8567
-844.4533 -881.8754 -849.4824
-844.4533 -900.4218 -852.4735
-844.4533 -870.5680 -848.0378
-844.4533 -905.1970 -851.6862
-844.4533 -925.7781 -855.2378
-844.4533 -887.0434 -854.6932
-844.4533 -870.7371 -850.2032
-844.4533 -864.0792 -852.0840
-844.4533 -893.0860 -848.8953
-844.4533 -888.7680 -848.9227
-844.4533 -858.3064 -849.4179
-844.4533 -895.2908 -855.0404
-844.4533 -862.8606 -850.6083
-844.4533 -877.1108 -850.4427
-844.4533 -877.8971 -853.8195
-844.4533 -906.0726 -855.7704
-844.4533 -891.7723 -856.2546
-844.4533 -873.0577 -849.0783
-844.4533 -892.4266 -856.3887
-844.4533 -881.7435 -847.0402
-844.4533 -912.0243 -854.2561
-844.4533 -893.5445 -853.0734
-840.1477 -873.2311 -844.8908
-820.5307 -865.7477 -834.0230
-820.5307 -852.8501 -832.4486
-820.5307 -852.9893 -823.6306
-820.5307 -860.6184 -824.8321
-820.5307 -843.0553 -823.5832
-820.5307 -860.8190 -822.0415
-820.5307 -874.4562 -827.0545
-820.5307 -884.1907 -832.0569
-820.5307 -887.5158 -828.5104
-820.5307 -910.2482 -828.7131
-820.5307 -843.8204 -822.4747
-820.5307 -828.6461 -820.9557
-820.5307 -838.6254 -821.6858
-820.5307 -867.2768 -824.1894
-820.5307 -853.2327 -823.7638
-820.5307 -865.6270 -829.9611
-820.5307 -846.7550 -823.9974
-820.5307 -862.5852 -822.5734
-820.5307 -845.0989 -825.8496
-820.5307 -887.7230 -824.3043
-820.5307 -830.6952 -820.7340
-820.5307 -856.7758 -823.1204
-820.5307 -842.9411 -825.2946
-820.5307 -856.7035 -826.3410
-820.5307 -852.5830 -826.6166
-820.5307 -844.3522 -824.9405
-820.5307 -859.2201 -825.5391
-820.5307 -853.0913 -824.5397
-820.5307 -852.0284 -825.1201
-820.5307 -851.6430 -825.7822
-820.5307 -849.8661 -824.1790
-820.5307 -858.7758 -825.7522
-820.5307 -839.1550 -821.2464
-820.5307 -824.3829 -820.6077
-820.5307 -853.1501 -822.4772
-820.5307 -872.2879 -834.2530
-820.5307 -867.4259 -828.2997
-820.5307 -837.8400 -823.9544
-820.5307 -872.2461 -834.4640
-820.5307 -856.3327 -825.7528
-820.5307 -872.8011 -825.7449
-820.5307 -856.0369 -825.9005
-820.5307 -870.4578 -824.5453
-820.5307 -831.0468 -821.2152
-820.5307 -850.1408 -828.3144
-820.5307 -864.6331 -825.2137
-820.5307 -874.1836 -824.2933
-820.5307 -849.5162 -823.4107
-820.5307 -832.4643 -821.4819
-820.5307 -873.7596 -824.9445
-820.5307 -857.0322 -822.7386
-820.5307 -874.8727 -830.8298
-820.5307 -862.0324 -825.3333
-820.5307 -854.9661 -824.5009
-820.5307 -825.1201 -820.9506
-820.5307 -837.2233 -821.5434
-820.5307 -839.5791 -821.2399
-820.5307 -851.3084 -822.9938
-820.5307 -851.3084 -822.4037
-820.5307 -911.5186 -833.0074
-820.5307 -914.7587 -840.7216
-820.5307 -920.8280 -832.4135
-820.5307 -869.1189 -827.5163
-820.5307 -849.5927 -827.2943
-820.5307 -855.4585 -827.6914
-820.5307 -856.0788 -825.5569
-820.5307 -857.6956 -826.3136
-820.5307 -886.2987 -836.4120
-820.5307 -871.0739 -836.7163
-820.5307 -869.8473 -836.9839
-820.5307 -879.6922 -829.7728
-820.5307 -885.7668 -836.9844
-820.5307 -865.0647 -827.7412
-820.5307 -844.0625 -832.4204
-820.5307 -858.4184 -824.6683
-820.5307 -852.7420 -823.6518
-820.5307 -874.1556 -824.5389
-820.5307 -871.2563 -826.1120
-820.5307 -844.9542 -822.0762
-820.5307 -847.3282 -824.9287
-820.5307 -883.6554 -826.8781
-820.5307 -882.4714 -828.7027
-820.5307 -866.5941 -823.6462
-820.5307 -871.0635 -831.7071
-820.5307 -866.8222 -826.3363
-820.5307 -877.5549 -826.3503
-820.5307 -861.7441 -826.9735
-820.5307 -876.0810 -830.1690
-820.5307 -866.4123 -826.7648
-820.5307 -876.2783 -830.1087
-820.5307 -873.2887 -832.6041
-820.5307 -857.0537 -830.3627
-820.5307 -863.7120 -841.4939
-820.5307 -888.5140 -841.3662
-820.5307 -865.3513 -833.3031
-820.5307 -844.8936 -828.1821
-820.5307 -864.4136 -824.4794
-820.5307 -842.0088 -821.5891
-820.5307 -874.1946 -823.2421
-820.5307 -844.4379 -829.5631
-820.5307 -873.6760 -837.3586
-820.5307 -854.9661 -825.2145
-820.5307 -835.3807 -821.8868
-820.5307 -851.2580 -822.6006
-820.5307 -866.8296 -827.5963
-820.5307 -890.6513 -825.5610
-820.5307 -871.3203 -824.5587
-820.5307 -857.4556 -829.2991
-820.5307 -845.1374 -825.1516
-820.5307 -841.9897 -822.8649
-820.5307 -900.4739 -826.3064
-820.5307 -861.4512 -826.9216
-820.5307 -871.3505 -828.2949
-820.5307 -850.8152 -825.6834
-820.5307 -878.5758 -826.2360
-820.5307 -860.8109 -827.1917
-820.5307 -853.3800 -832.7880
-820.5307 -871.1890 -828.6806
-820.5307 -856.0735 -825.9644
-820.5307 -876.3871 -837.6877
-820.5307 -910.6436 -828.9973
-820.5307 -856.7035 -828.3864
-820.5307 -848.6248 -829.1739
-820.5307 -886.5080 -825.1516
-820.5307 -852.7302 -823.6143
-820.5307 -840.9131 -823.3712
-820.5307 -856.3447 -826.1121
-820.5307 -820.5307 -820.5307
-820.5307 -853.9745 -825.9717
-820.5307 -848.4971 -824.9475
-820.5307 -852.7302 -825.2885
-820.5307 -852.1922 -821.9622
-820.5307 -853.7237 -827.1284
-820.5307 -846.6655 -824.3118
-820.5307 -841.6325 -821.9090
-820.5307 -843.3522 -825.4884
-820.5307 -844.7322 -822.9182
-820.5307 -870.8272 -824.0231
-820.5307 -863.5446 -827.9351
-820.5307 -845.2603 -822.0378
-820.5307 -866.8529 -827.9203
-820.5307 -860.3606 -827.7431
-820.5307 -853.1904 -827.0309
-820.5307 -868.3248 -827.5707
-820.5307 -862.3464 -824.0045
-820.5307 -854.6589 -824.7043
-820.5307 -866.5329 -826.6764
-820.5307 -839.1197 -822.8900
-820.5307 -855.7671 -825.1563
-820.5307 -849.2985 -824.5292
-820.5307 -866.7919 -834.2885
-816.8062 -855.8615 -825.4861
-816.8062 -883.8815 -827.9033
-816.8062 -870.6445 -837.7042
-816.8062 -881.1385 -840.6899
-816.8062 -886.8384 -834.9469
-816.8062 -847.9099 -820.6066
-816.8062 -856.8356 -820.9137
-816.8062 -854.0778 -819.8205
-816.8062 -837.7607 -819.7492
-816.8062 -871.8132 -826.1023
-816.8062 -816.8062 -816.8062
-816.8062 -828.7276 -818.0974
-816.8062 -847.0907 -823.6600
-816.8062 -847.1319 -818.4492
-816.8062 -824.6272 -819.8828
-816.8062 -846.2833 -822.4582
-816.8062 -857.5287 -820.4236
-816.8062 -862.3959 -820.9830
-816.8062 -854.2877 -825.3263
-816.8062 -872.4536 -828.5909
-816.8062 -871.1606 -827.7470
-816.8062 -849.1069 -823.7245
-816.8062 -869.0284 -826.5223
-816.8062 -866.1994 -819.5365
-816.8062 -861.0424 -821.0606
-816.8062 -852.8995 -819.7946
-816.8062 -848.7658 -819.5417
-816.8062 -834.9009 -821.2452
-816.8062 -876.6390 -827.4043
-816.8062 -836.5013 -820.2622
-816.8062 -832.8394 -817.4869
-816.8062 -870.0351 -825.9137
-816.8062 -867.7327 -820.4403
-816.8062 -862.4676 -821.4238
-816.8062 -875.4098 -823.8399
-816.8062 -849.1256 -822.2156
-816.8062 -871.9498 -824.8730
-816.8062 -844.3029 -822.6958
-816.8062 -879.7458 -825.4230
-816.8062 -845.0340 -824.5648
-816.8062 -865.3579 -820.5431
-816.8062 -843.9380 -821.0370
-816.8062 -857.5617 -820.1649
-816.8062 -854.9792 -821.5283
-816.8062 -858.2488 -828.5660
-816.8062 -847.4371 -825.9128
-816.8062 -849.4127 -827.6778
-816.8062 -849.1947 -817.5949
-816.8062 -856.0510 -824.2257
-816.8062 -860.4038 -821.8674
-816.8062 -840.7134 -820.5273
-816.8062 -873.8304 -828.2597
-816.8062 -843.3979 -821.6493
-816.8062 -868.9584 -822.5967
-816.8062 -831.5251 -817.2047
-816.8062 -838.8423 -820.8776
-816.8062 -879.1330 -821.5796
-816.8062 -834.5135 -820.8709
-816.8062 -858.2946 -820.1591
-816.8062 -853.0271 -819.8279
-816.8062 -889.9125 -832.3333
-816.8062 -853.1409 -823.3910
-816.8062 -872.4567 -823.8324
-816.8062 -846.5282 -819.8969
-816.8062 -816.8062 -816.8062
-816.8062 -816.8062 -816.8062
-816.8062 -848.3039 -819.1078
-816.8062 -826.4926 -817.1818
-816.8062 -868.2291 -823.8627
-816.8062 -891.6125 -833.7608
-816.8062 -875.4863 -825.2168
-816.8062 -840.2771 -819.7538
-816.8062 -857.0720 -818.5880
-816.8062 -851.1224 -819.6800
-816.8062 -867.2222 -820.2332
-816.8062 -881.4075 -819.8936
-816.8062 -863.9286 -818.4052
-816.8062 -858.9668 -825.9929
-816.8062 -844.7371 -823.5462
-816.8062 -847.6685 -820.5921
-816.8062 -852.4854 -825.6728
-816.8062 -849.6510 -820.3102
-816.8062 -907.6313 -822.7402
-816.8062 -852.5950 -817.7973
-816.8062 -849.1256 -819.0044
-816.8062 -828.7276 -817.3752
-816.8062 -871.1482 -822.5346
-816.8062 -866.6721 -819.2266
-816.8062 -841.7875 -817.9806
-816.8062 -851.2176 -820.4129
-816.8062 -848.7173 -820.4419
-816.8062 -862.3111 -830.3982
-816.8062 -844.7960 -826.4133
-816.8062 -886.2939 -832.5475
-816.8062 -841.9562 -825.8619
-816.8062 -888.6940 -823.8792
-816.8062 -851.8821 -823.5679
-816.8062 -870.0718 -818.3091
-816.8062 -856.6361 -825.2585
-816.8062 -844.5233 -822.9480
-816.8062 -874.0763 -823.2959
-816.8062 -859.7078 -822.6843
-816.8062 -853.7358 -822.5800
-816.8062 -870.6296 -822.3320
-816.8062 -868.4340 -823.4270
-816.8062 -902.8201 -825.4969
-816.8062 -857.2951 -829.5655
-816.8062 -853.9940 -824.9312
-816.8062 -867.1373 -824.1088
-816.8062 -844.9884 -819.9173
-816.8062 -877.4941 -823.9765
-816.8062 -880.8214 -829.3584
-816.8062 -868.7332 -823.7570
-816.8062 -842.6405 -820.4591
-816.8062 -837.6259 -819.7454
-816.8062 -833.3521 -818.4387
-816.8062 -863.8397 -822.0721
-816.8062 -851.6837 -826.5095
-816.8062 -849.5821 -823.8139
-816.8062 -856.0511 -827.0442
-816.8062 -846.4478 -823.8294
-816.8062 -857.7421 -820.1937
-816.8062 -837.9731 -818.6821
-816.8062 -851.1224 -824.5576
-816.8062 -844.3695 -823.9473
-816.8062 -868.0981 -823.4222
-816.8062 -854.4312 -818.7681
-816.8062 -848.9357 -819.2413
-816.8062 -847.9310 -817.4287
-816.8062 -823.3180 -817.1182
-816.8062 -863.5316 -821.1520
-816.8062 -857.8655 -819.3466
-816.8062 -864.6351 -820.0180
-816.8062 -836.0248 -817.7012
-816.8062 -879.3566 -820.5663
-816.8062 -861.6377 -817.7028
-816.8062 -862.9081 -818.0971
-816.8062 -842.1482 -817.9073
-816.8062 -840.2597 -822.6990
-816.8062 -882.2366 -826.4708
-816.8062 -832.8618 -817.2867
-816.8062 -829.2509 -817.5238
-816.8062 -859.7409 -831.4229
-816.8062 -846.3744 -819.0583
-816.8062 -821.3394 -817.7021
-816.8062 -845.6935 -826.6842
-816.8062 -862.2777 -824.8721
-816.8062 -853.9461 -828.2581
-816.8062 -851.8686 -825.3729
-816.8062 -823.2137 -817.1738
-816.8062 -849.9473 -818.1151
-816.8062 -858.6503 -819.7647
-816.8062 -851.3013 -822.5853
-816.8062 -888.5757 -843.7680
-816.8062 -861.4914 -831.2176
-816.8062 -854.0979 -824.8588
-816.8062 -839.2166 -817.8518
-816.8062 -856.0385 -825.0397
-816.8062 -841.2297 -821.6077
-816.8062 -857.0720 -826.4833
-816.8062 -849.5285 -819.5132
-816.8062 -842.4769 -820.2966
-816.8062 -845.6935 -819.3644
-816.8062 -856.9632 -821.5359
-816.8062 -853.0514 -824.2046
-816.8062 -852.3000 -824.9728
-816.8062 -843.7748 -817.6715
-816.8062 -835.2488 -817.3663
-816.8062 -856.5644 -831.8922
-816.8062 -845.5114 -817.5682
-816.8062 -848.4960 -819.3724
-816.8062 -869.3739 -819.8832
-816.8062 -822.1789 -816.9952
-816.8062 -857.5617 -818.9119
-816.8062 -849.5844 -824.0723
-816.8062 -871.7434 -829.7903
-816.8062 -864.5302 -833.7605
-816.8062 -867.6854 -825.0715
-816.8062 -858.6219 -826.0722
-816.8062 -864.1179 -825.1601
-816.8062 -857.2998 -823.5964
-816.8062 -853.7925 -827.1323
-816.8062 -869.8426 -828.8082
-816.8062 -856.0290 -824.6278
-816.8062 -850.6328 -822.1772
-816.8062 -855.8717 -826.3434
-816.8062 -820.8516 -816.9680
-816.8062 -850.9881 -819.6883
-816.8062 -825.5923 -817.1576
-816.8062 -852.2578 -822.8132
-816.8062 -842.5451 -822.9841
-816.8062 -884.2783 -826.0992
-816.8062 -854.0311 -826.7928
-816.8062 -849.1129 -818.8644
-816.8062 -843.4717 -824.0295
-816.8062 -862.0750 -823.7301
-816.8062 -875.4098 -821.7031
-816.8062 -878.2519 -819.0333
-816.8062 -823.2841 -817.5218
-816.8062 -858.0725 -829.4201
-816.8062 -841.9184 -818.8904
-816.8062 -882.3344 -828.9953
-816.8062 -851.5643 -823.4340
-816.8062 -878.2282 -826.1601
-816.8062 -833.0328 -819.6005
-816.8062 -839.7805 -819.0651
-816.8062 -854.9328 -819.4230
-816.8062 -836.3750 -817.9192
-816.8062 -855.5335 -823.2404
-816.8062 -855.9526 -826.7866
-816.8062 -856.4850 -821.0142
-816.8062 -850.0797 -822.4068
-816.8062 -841.7611 -822.2286
-816.8062 -836.9124 -821.0037
-816.8062 -858.7964 -819.6668
-816.8062 -824.5378 -817.9226
-816.8062 -837.7744 -820.7891
-816.8062 -849.4244 -818.6436
-816.8062 -834.2773 -819.3746
-816.8062 -856.8140 -822.3370
-816.8062 -855.1196 -821.0273
-816.8062 -862.3371 -832.7204
-816.8062 -868.9541 -828.9105
-816.8062 -870.0017 -821.6930
-816.8062 -822.8944 -817.1107
-816.8062 -820.2594 -816.9443
-816.8062 -857.0818 -822.5756
-816.8062 -844.3468 -820.0451
-816.8062 -839.4513 -818.9870
-816.8062 -863.2589 -820.6818
-816.8062 -844.4495 -819.5941
-816.8062 -849.4257 -820.8787
-816.8062 -865.1600 -824.2044
-816.8062 -859.3817 -819.8506
-816.8062 -876.5758 -822.8447
-816.8062 -863.0922 -828.8998
-816.8062 -866.8867 -831.0403
-816.8062 -867.3928 -831.8671
-816.8062 -843.2420 -819.1423
-816.8062 -853.7916 -819.9745
-816.8062 -857.5320 -819.8395
-816.8062 -900.3038 -823.9033
-816.8062 -860.7440 -826.7871
-816.8062 -858.1268 -828.3599
-816.8062 -877.9279 -826.6322
-816.8062 -856.9697 -820.2055
-816.8062 -843.2420 -823.7414
-816.8062 -828.4201 -819.9281
-816.8062 -863.9019 -820.9880
-816.8062 -852.6870 -820.2153
-816.8062 -826.5684 -817.0689
-816.8062 -850.9736 -821.6017
-816.8062 -854.9834 -819.6255
-816.8062 -856.8521 -819.2414
-816.8062 -911.0437 -821.3930
-816.8062 -884.5048 -829.8504
-816.8062 -874.7247 -844.7081
-816.8062 -862.8113 -823.0871
-816.8062 -858.7456 -821.8357
-816.8062 -837.7607 -820.4673
-816.8062 -869.0460 -823.6753
-816.8062 -825.7038 -817.3401
-816.8062 -845.8682 -818.8146
-816.8062 -839.3692 -817.9828
-816.8062 -840.8756 -819.0824
-816.8062 -860.0383 -825.7396
-816.8062 -858.6343 -819.7306
-816.8062 -847.9683 -818.5078
-816.8062 -870.5892 -829.8829
-816.8062 -842.8393 -819.6803
-816.8062 -848.9755 -818.4858
-816.8062 -835.2974 -818.1002
-816.8062 -834.3050 -818.8663
-816.8062 -878.5408 -819.9397
-816.8062 -826.2755 -817.9273
-816.8062 -845.1809 -818.7220
-816.8062 -856.8939 -820.6220
-816.8062 -842.4769 -818.1872
-816.8062 -834.5135 -819.1990
-816.8062 -825.1588 -817.1688
-816.8062 -840.8756 -821.6846
-816.8062 -853.9726 -820.1279
-816.8062 -887.2645 -825.2440
-816.8062 -865.6637 -818.9455
-816.8062 -869.7409 -836.2042
-816.8062 -864.5423 -820.6901
-816.8062 -860.4769 -821.6481
-816.8062 -828.5701 -819.2325
-816.8062 -853.8844 -820.2909
-816.8062 -857.1789 -820.6442
-816.8062 -843.6127 -827.1766
-816.8062 -876.2690 -826.2104
-816.8062 -875.4979 -832.2216
-816.8062 -836.4777 -818.7267
-816.8062 -860.5612 -824.2774
-816.8062 -852.0192 -818.8196
-816.8062 -830.5685 -818.3593
-816.8062 -840.3306 -817.6442
-816.8062 -851.7770 -818.9912
-816.8062 -844.6572 -819.7946
-816.8062 -845.4524 -818.0037
-816.8062 -843.2068 -818.1406
-816.8062 -878.7255 -830.9003
-816.8062 -867.0508 -829.2807
-816.8062 -904.9929 -849.1236
-816.8062 -861.1345 -830.2063
-816.8062 -861.1345 -827.3850
-816.8062 -854.1636 -822.1965
-816.8062 -832.8112 -817.8440
-816.8062 -852.4021 -822.4638
-816.8062 -844.0462 -822.9929
-816.8062 -896.9743 -833.0090
-816.8062 -904.1538 -834.6115
-816.8062 -843.8463 -822.1071
-816.8062 -867.5440 -823.6315
-816.8062 -826.1125 -817.0591
-816.8062 -860.3095 -818.6787
-816.8062 -865.1379 -820.4025
-816.8062 -839.4251 -818.8057
-816.8062 -856.5644 -825.0097
-816.8062 -875.8421 -828.0014
-816.8062 -842.9368 -822.1067
-816.8062 -848.8386 -821.7141
-816.8062 -854.7699 -821.1590
-816.8062 -838.4406 -820.5601
-816.8062 -848.8578 -820.4983
-816.8062 -857.6568 -820.8958
-816.8062 -847.2970 -818.1830
-816.8062 -852.9790 -833.2558
-816.8062 -847.4732 -823.7569
-816.8062 -851.8526 -819.1901
-816.8062 -878.2861 -821.4634
-816.8062 -847.3861 -822.8409
-816.8062 -876.3364 -833.9813
-816.8062 -872.9342 -820.7138
-816.8062 -863.0608 -823.8375
-816.8062 -844.9004 -821.8175
-816.8062 -843.2780 -819.9872
-816.8062 -844.8419 -821.2701
-816.8062 -834.7447 -819.4278
-816.8062 -825.6835 -818.2602
-816.8062 -861.0979 -828.7723
-816.8062 -889.8962 -838.6328
-816.8062 -846.9923 -824.5522
-816.8062 -849.0175 -821.4799
-816.8062 -886.2462 -826.8808
-816.8062 -836.7377 -819.1775
-816.8062 -848.5120 -821.5229
-816.8062 -857.2221 -824.9195
-816.8062 -879.6742 -821.5865
-816.8062 -841.9975 -820.5725
-816.8062 -863.0608 -830.0446
-816.8062 -858.2155 -822.1933
-816.8062 -854.3400 -825.1279
-816.8062 -840.5761 -819.7775
-816.8062 -858.7407 -827.2272
-816.8062 -871.0308 -823.5301
-816.8062 -860.8049 -819.1127
-816.8062 -875.4196 -819.5183
-816.8062 -886.5699 -823.2020
-816.8062 -847.6904 -819.2756
-816.8062 -855.9381 -824.6729
-816.8062 -847.2083 -823.2667
-816.8062 -877.0442 -824.6363
-816.8062 -849.3271 -823.5043
-816.8062 -856.4756 -820.4138
-816.8062 -864.4837 -833.1481
-816.8062 -864.0099 -824.7677
-816.8062 -855.2893 -824.5523
-816.8062 -867.5543 -835.3674
-816.8062 -846.6992 -823.4870
-816.8062 -855.4387 -830.9549
-816.8062 -893.3215 -820.8292
-816.8062 -829.1466 -817.8474
-816.8062 -861.1330 -819.5433
-816.8062 -839.6277 -820.3332
-816.8062 -864.5420 -821.4202
-816.8062 -839.0464 -817.5594
-816.8062 -845.6935 -818.6264
-816.8062 -856.1727 -821.9267
-816.8062 -864.9221 -819.7620
-816.8062 -854.1174 -821.1257
-816.8062 -862.3959 -822.3015
-816.8062 -858.1439 -820.6894
-816.8062 -865.6414 -818.9562
-816.8062 -828.3868 -817.1610
-816.8062 -849.5821 -821.5700
-816.8062 -865.9045 -823.5750
-816.8062 -856.0191 -828.3935
-816.8062 -874.8295 -832.9811
-816.8062 -888.7116 -834.0047
-816.8062 -868.2666 -827.8083
-816.8062 -870.6757 -830.4111
-816.8062 -867.4437 -834.1481
-816.8062 -860.3193 -822.9917
-816.8062 -855.2656 -822.1861
-816.8062 -885.1108 -834.5746
-816.8062 -866.3535 -832.6135
-816.8062 -862.2846 -825.5069
-816.8062 -866.9035 -831.0129
-816.8062 -864.0099 -823.6617
-816.8062 -863.1284 -827.5095
-816.8062 -823.6625 -817.8119
-816.8062 -844.9012 -818.1583
-816.8062 -863.1033 -820.9606
-816.8062 -885.7170 -827.3641
-816.8062 -856.4756 -819.2233
-816.8062 -875.7361 -825.3838
-816.8062 -856.4123 -820.8971
-816.8062 -852.2766 -819.4300
-816.8062 -877.9369 -828.4530
-816.8062 -856.7832 -821.8297
-816.8062 -853.9178 -819.1921
-816.8062 -882.3445 -831.8830
-816.8062 -871.6413 -830.1666
-816.8062 -853.2420 -823.7512
-816.8062 -889.4332 -828.3435
-816.8062 -875.3873 -824.7202
-816.8062 -840.9169 -821.2189
-816.8062 -841.6910 -821.0556
-816.8062 -863.5316 -819.1159
-816.8062 -867.3928 -822.4949
-816.8062 -844.7371 -821.2562
-816.8062 -912.9560 -827.3213
-816.8062 -861.0926 -822.4017
-816.8062 -842.1006 -819.0509
-816.8062 -854.1636 -823.5769
-816.8062 -865.1955 -825.2093
-816.8062 -870.1918 -824.7525
-816.8062 -831.9502 -817.8026
-816.8062 -864.3530 -827.0829
-816.8062 -870.3785 -823.5161
-816.8062 -882.7663 -827.3584
-816.8062 -839.4886 -821.6637
-816.8062 -866.1994 -820.1411
-816.8062 -854.2403 -823.4981
-816.8062 -853.7028 -820.7184
-816.8062 -859.2055 -819.1486
-816.8062 -856.1803 -823.5255
-816.8062 -849.7969 -817.9702
-816.8062 -860.8049 -821.5675
-816.8062 -846.4874 -819.6764
-816.8062 -861.2147 -821.6095
-816.8062 -884.3003 -827.1265
-816.8062 -853.8185 -826.4466
-816.8062 -830.1126 -817.6041
-816.8062 -907.8587 -822.2844
-816.8062 -869.0766 -824.2097
-816.8062 -862.2846 -822.2999
-816.8062 -852.4462 -825.8377
-816.8062 -842.6946 -821.3411
-816.8062 -844.2103 -825.0697
-816.8062 -869.5094 -821.0969
-816.8062 -856.8521 -828.0528
-816.8062 -852.8701 -821.2723
-816.8062 -839.1042 -818.3533
-816.8062 -877.9316 -822.5769
-816.8062 -825.5835 -817.2663
-816.8062 -844.4722 -823.7781
-816.8062 -886.4026 -819.9243
-816.8062 -861.9589 -823.0097
-816.8062 -842.8393 -818.9228
-816.8062 -859.8896 -820.5592
-816.8062 -828.5701 -817.5229
-816.8062 -846.0579 -820.5658
-816.8062 -839.1687 -817.8931
-816.8062 -871.3348 -819.8051
-816.8062 -844.1068 -822.9474
-816.8062 -837.5105 -819.4278
-816.8062 -820.9075 -817.0523
-816.8062 -829.8839 -818.5456
-816.8062 -841.2297 -818.6195
-816.8062 -838.9250 -817.6910
-816.8062 -850.4702 -820.1478
-816.8062 -868.9584 -822.9980
-816.8062 -856.8521 -825.7928
-816.8062 -860.5436 -825.6943
-816.8062 -854.2282 -824.6445
-816.8062 -858.7322 -819.1871
-816.8062 -839.9146 -817.6357
-816.8062 -827.8885 -818.3578
-816.8062 -846.2217 -819.2556
-816.8062 -854.2122 -826.5270
-816.8062 -861.9025 -821.5103
-816.8062 -846.4859 -818.0826
-816.8062 -861.2147 -822.0528
-816.8062 -851.5556 -821.5978
-816.8062 -870.0767 -823.5304
-816.8062 -870.0180 -821.8060
-816.8062 -853.7311 -822.8401
-816.8062 -833.4541 -818.7918
-816.8062 -833.5961 -817.2641
-816.8062 -856.5700 -821.6268
-816.8062 -854.9857 -824.8472
-816.8062 -862.7417 -825.5251
-816.8062 -847.1295 -820.0500
-816.8062 -836.4368 -822.5769
-816.8062 -854.8020 -819.7910
-816.8062 -858.8761 -828.6110
-816.8062 -866.6865 -821.2912
-816.8062 -843.7748 -818.5242
-816.8062 -835.8097 -819.0201
-816.8062 -851.1163 -818.7979
-816.8062 -862.3959 -823.6234
-816.8062 -896.3409 -822.9285
