-5051.3757 -5455.7998 -5109.8928
-4965.7885 -5056.3810 -5004.5460
-4766.4277 -4963.7244 -4858.4942
-4682.2553 -4795.8940 -4715.4700
-4553.0477 -4673.2828 -4597.1355
-4454.1322 -4532.5300 -4476.4003
-4359.4300 -4454.1322 -4376.6977
-4199.1893 -4362.8423 -4263.5893
-4103.7543 -4225.8778 -4151.3992
-4013.8777 -4106.3768 -4058.7654
-3926.0527 -4033.4034 -3970.3679
-3855.7183 -3958.3609 -3891.9281
-3793.8119 -3887.3135 -3835.3638
-3747.3022 -3823.1926 -3762.6113
-3663.3250 -3744.4741 -3686.5522
-3611.4969 -3678.7344 -3627.7901
-3498.2201 -3611.4969 -3542.5577
-3425.2392 -3544.8364 -3454.0313
-3327.6818 -3420.7070 -3369.1586
-3275.6149 -3340.5210 -3301.7097
-3217.5346 -3282.7384 -3249.3767
-3163.5425 -3221.1921 -3190.5567
-3098.7541 -3164.6283 -3124.8699
-3091.5171 -3130.3818 -3099.0246
-3039.8839 -3108.1371 -3070.0391
-3029.1393 -3064.3708 -3034.5851
-2988.8473 -3029.8305 -3007.2295
-2951.1382 -3027.1828 -2968.7093
-2942.8065 -3017.3927 -2953.6063
-2894.8814 -2952.9638 -2917.9370
-2831.4607 -2949.3792 -2857.7155
-2823.1239 -2872.1695 -2835.6406
-2701.8741 -2848.3641 -2785.8957
-2684.3050 -2804.2363 -2716.0864
-2641.2119 -2692.7779 -2667.8752
-2617.1491 -2649.7027 -2631.4458
-2550.6480 -2644.5447 -2602.7865
-2550.6480 -2620.3729 -2580.7788
-2526.1072 -2600.6384 -2545.4466
-2483.1551 -2541.2381 -2514.8714
-2473.7998 -2536.5995 -2487.2492
-2454.3073 -2483.1638 -2460.1231
-2435.5403 -2471.8603 -2448.7252
-2417.0747 -2452.8845 -2434.2660
-2399.9346 -2448.3849 -2412.6988
-2318.1853 -2400.9284 -2365.7196
-2298.2385 -2373.9286 -2310.6531
-2298.2385 -2318.1853 -2302.6868
-2237.7136 -2300.5146 -2268.7186
-2217.9742 -2249.8428 -2229.1774
-2208.3361 -2241.1419 -2215.8886
-2200.0719 -2222.9538 -2212.4734
-2158.9561 -2227.6199 -2189.1850
-2158.9561 -2221.1509 -2167.6315
-2150.3610 -2173.1180 -2158.3906
-2123.4373 -2169.2549 -2139.8139
-2106.6095 -2165.6211 -2126.4122
-2105.1868 -2154.4383 -2110.6979
-2091.9707 -2127.2946 -2098.2987
-2089.8134 -2104.7755 -2091.2792
-2044.7290 -2091.9707 -2064.1124
-2041.3458 -2068.7058 -2046.3633
-2041.3458 -2074.1171 -2046.3849
-2027.6240 -2068.1268 -2038.8647
-2018.2967 -2044.0515 -2026.4910
-2012.5419 -2050.7215 -2021.1585
-1996.4295 -2041.3941 -2011.9050
-1993.7962 -2010.3513 -1997.7422
-1993.7962 -2005.8439 -1995.6073
-1987.0227 -2015.1012 -1993.0938
-1958.2615 -2034.3090 -1985.7051
-1958.2615 -2017.5650 -1961.9287
-1951.3519 -1987.2048 -1958.4290
-1945.6081 -1981.1813 -1950.6383
-1931.6569 -1951.1487 -1937.6519
-1924.8943 -1981.3454 -1935.3317
-1924.8943 -1937.1349 -1926.4581
-1900.1158 -1924.8943 -1913.2473
-1900.1158 -1929.1977 -1910.7132
-1896.1555 -1926.5971 -1899.2690
-1886.2053 -1907.4778 -1892.6306
-1872.3316 -1948.7912 -1887.2490
-1872.3316 -1916.7130 -1883.7612
-1846.4702 -1907.6182 -1871.0113
-1840.8528 -1888.7837 -1848.8485
-1833.1168 -1857.7731 -1840.3301
-1830.8143 -1840.3945 -1833.2035
-1804.6097 -1849.6852 -1812.1421
-1802.9040 -1861.3658 -1808.5847
-1785.9925 -1859.2473 -1803.5641
-1738.1404 -1804.9049 -1774.8397
-1726.2668 -1777.9459 -1740.6311
-1718.5318 -1745.1197 -1725.9800
-1718.5318 -1774.7813 -1723.1802
-1701.5146 -1718.5318 -1709.7117
-1688.8690 -1727.8158 -1700.6785
-1688.8690 -1732.0730 -1699.8468
-1688.8690 -1705.8861 -1691.5400
-1688.8690 -1702.9371 -1690.6278
-1683.2434 -1727.3233 -1690.9751
-1683.2434 -1719.1954 -1690.3971
-1662.5903 -1713.7567 -1676.1675
-1662.5469 -1700.8755 -1669.6594
-1659.9371 -1681.5341 -1662.6221
-1643.9632 -1662.5469 -1653.2177
-1643.9632 -1682.5940 -1658.5402
-1643.9632 -1682.5940 -1660.2675
-1632.4416 -1684.2170 -1644.4921
-1631.5222 -1685.3300 -1640.9086
-1628.3810 -1667.9919 -1633.7525
-1628.3810 -1669.5354 -1633.4191
-1626.5324 -1652.7842 -1628.9590
-1619.2357 -1630.5240 -1621.8027
-1614.5376 -1667.4966 -1623.4422
-1610.6675 -1633.6913 -1614.9222
-1608.5354 -1653.5601 -1615.7716
-1603.0636 -1667.2603 -1609.4303
-1589.1605 -1634.4559 -1600.6585
-1580.8963 -1651.4837 -1591.0476
-1580.8963 -1617.3186 -1592.1391
-1578.8400 -1633.3294 -1588.5359
-1575.0056 -1616.1661 -1590.2152
-1571.4372 -1614.8068 -1578.7941
-1544.7072 -1620.5564 -1573.6841
-1544.7072 -1605.1708 -1566.0469
-1544.7072 -1592.8114 -1552.6712
-1544.7072 -1565.8816 -1547.4222
-1544.1507 -1589.0651 -1548.8364
-1544.1507 -1588.0965 -1552.3575
-1539.4992 -1560.7394 -1543.4356
-1539.4992 -1571.2537 -1542.4135
-1527.0687 -1580.4677 -1539.8192
-1514.0287 -1539.4992 -1524.3848
-1501.5982 -1539.4992 -1517.9543
-1501.5982 -1542.5214 -1508.7050
-1501.5982 -1551.8973 -1515.8737
-1491.4091 -1523.3455 -1499.7094
-1491.4091 -1501.5982 -1494.0582
-1490.7627 -1512.1807 -1493.3093
-1489.8222 -1557.4759 -1509.2589
-1489.8222 -1558.3225 -1516.0039
-1462.2181 -1513.4463 -1482.6166
-1462.2181 -1527.3413 -1468.4767
-1462.2181 -1510.8000 -1474.6360
-1462.2181 -1498.1345 -1469.7388
-1462.2181 -1478.2623 -1465.8121
-1449.2400 -1490.1666 -1463.3966
-1442.7390 -1474.8981 -1449.8214
-1432.7407 -1481.9686 -1441.3218
-1427.3773 -1452.1926 -1430.5371
-1427.3773 -1482.3784 -1430.7859
-1414.0263 -1436.3797 -1421.0137
-1404.1777 -1431.2469 -1414.1247
-1403.8467 -1432.4321 -1405.8569
-1397.0711 -1429.2616 -1404.4546
-1396.9880 -1417.8840 -1399.6475
-1396.9880 -1416.3429 -1400.7855
-1396.9880 -1424.3643 -1401.9853
-1395.8170 -1448.0647 -1403.2576
-1395.8170 -1449.1445 -1403.5577
-1395.8170 -1423.7618 -1402.6246
-1392.2164 -1422.9487 -1398.0420
-1392.2164 -1437.5475 -1398.5039
-1387.4182 -1417.3999 -1391.7364
-1387.4182 -1421.4975 -1390.7399
-1387.4182 -1444.5186 -1391.8743
-1387.4182 -1428.0537 -1398.4341
-1387.4182 -1444.7361 -1398.4267
-1387.1204 -1464.5102 -1396.9954
-1365.0546 -1445.9579 -1396.4059
-1349.8778 -1411.9569 -1357.1166
-1329.4794 -1361.1294 -1340.6459
-1329.4794 -1347.7287 -1335.4821
-1326.5990 -1357.3287 -1333.3344
-1323.8977 -1366.5094 -1330.6238
-1301.8348 -1350.3640 -1319.3042
-1300.9706 -1355.0747 -1309.0941
-1300.9706 -1383.4965 -1310.7855
-1280.3463 -1320.7936 -1299.0363
-1276.0248 -1302.7889 -1281.4314
-1273.7056 -1315.8401 -1279.8479
-1268.5957 -1296.5417 -1274.3732
-1261.1843 -1294.0662 -1271.9282
-1261.1843 -1297.0870 -1268.5817
-1249.5530 -1280.9265 -1253.0362
-1249.5530 -1303.2279 -1274.9480
-1249.5530 -1304.0320 -1278.2695
-1249.5530 -1300.3166 -1261.9357
-1249.5530 -1311.7384 -1263.4689
-1249.5530 -1289.9662 -1256.4981
-1249.5530 -1306.1715 -1257.1884
-1249.5530 -1322.8760 -1256.7251
-1242.4112 -1279.5696 -1255.1273
-1242.4112 -1270.3344 -1249.2395
-1242.4112 -1291.0821 -1246.5641
-1238.9059 -1274.8587 -1242.0682
-1237.5461 -1259.5530 -1241.1658
-1228.3545 -1286.1345 -1238.0884
-1226.5998 -1242.4112 -1229.4507
-1225.0197 -1233.5753 -1226.4848
-1209.1051 -1239.8086 -1223.3532
-1206.8482 -1273.7082 -1220.4223
-1206.8482 -1226.4619 -1213.0167
-1206.8482 -1248.8545 -1210.5280
-1206.8482 -1252.1524 -1212.3908
-1206.8482 -1257.7270 -1214.7486
-1206.8482 -1261.4087 -1220.4891
-1205.8222 -1251.2050 -1210.6182
-1205.8222 -1209.1051 -1206.0375
-1205.8222 -1220.2851 -1208.6948
-1205.8222 -1209.8924 -1205.9646
-1205.8222 -1227.0532 -1207.7254
-1199.9953 -1251.3836 -1205.2675
-1199.9953 -1228.7978 -1205.3426
-1199.9953 -1231.1594 -1203.4111
-1191.9700 -1226.5372 -1197.2650
-1191.9700 -1234.4293 -1203.1020
-1191.9700 -1228.7733 -1195.6850
-1191.9700 -1212.2138 -1195.4330
-1191.9700 -1243.8664 -1196.7467
-1191.9700 -1206.9735 -1193.6623
-1191.8932 -1216.0133 -1193.2399
-1191.8932 -1248.5019 -1202.0233
-1191.8932 -1257.2541 -1216.3673
-1188.6781 -1256.7335 -1196.5297
-1188.6781 -1210.5571 -1195.8723
-1187.1846 -1206.6587 -1189.9284
-1170.5876 -1237.0977 -1185.4969
-1165.0887 -1208.4845 -1173.2146
-1165.0887 -1180.1603 -1169.5190
-1165.0887 -1200.5840 -1174.8510
-1160.7148 -1186.5294 -1163.6183
-1157.9001 -1204.0510 -1164.1477
-1148.6729 -1178.0443 -1155.7672
-1143.5281 -1176.6882 -1152.1328
-1133.7803 -1171.8773 -1142.9047
-1132.9273 -1167.9161 -1136.9237
-1131.8334 -1149.1982 -1136.1992
-1131.8334 -1161.0287 -1141.7882
-1131.8334 -1151.2771 -1136.2506
-1131.8334 -1178.0189 -1139.7851
-1131.8334 -1160.5745 -1136.5336
-1127.2720 -1171.9383 -1134.5182
-1127.2720 -1160.3255 -1129.8717
-1118.7975 -1129.8625 -1123.2139
-1106.5645 -1139.0350 -1115.0953
-1106.5645 -1121.9027 -1107.1559
-1106.0977 -1113.9759 -1106.5820
-1102.5317 -1117.6943 -1105.2232
-1102.0649 -1131.7457 -1106.9738
-1095.2050 -1149.0468 -1107.6053
-1095.2050 -1148.3924 -1104.2566
-1095.2050 -1149.3438 -1102.9198
-1095.2050 -1106.1511 -1097.6743
-1095.2050 -1119.4566 -1097.0076
-1095.2050 -1147.1685 -1100.3510
-1082.8848 -1117.2217 -1092.0543
-1082.8848 -1131.3950 -1086.0390
-1082.8848 -1109.0086 -1089.4801
-1082.8848 -1114.5930 -1085.0551
-1082.8848 -1118.4934 -1085.0030
-1082.8848 -1096.6915 -1083.2642
-1082.8848 -1162.7611 -1085.8221
-1082.8848 -1091.1712 -1083.0605
-1082.8848 -1116.1712 -1084.6528
-1082.8848 -1141.0737 -1099.2326
-1082.8848 -1152.4694 -1093.7259
-1077.7396 -1135.1773 -1091.1845
-1077.7396 -1130.6045 -1085.6340
-1077.7396 -1128.8163 -1083.7759
-1073.0367 -1132.2093 -1086.4433
-1072.4396 -1124.9449 -1080.8118
-1072.4396 -1114.5472 -1084.6631
-1070.0284 -1099.9754 -1076.2591
-1069.9588 -1093.4749 -1072.2830
-1069.9588 -1087.7689 -1074.6717
-1069.9588 -1125.1765 -1076.2513
-1069.9588 -1120.6672 -1082.2225
-1069.9588 -1085.7319 -1072.4911
-1069.9588 -1085.7343 -1072.2469
-1068.1243 -1091.0491 -1071.7733
-1063.6651 -1110.7520 -1070.2628
-1063.6651 -1099.4057 -1068.9411
-1057.4102 -1088.6737 -1064.3369
-1057.4102 -1138.9872 -1072.9284
-1057.4102 -1123.9745 -1077.4535
-1057.4102 -1110.0697 -1070.2832
-1057.4102 -1100.4070 -1060.3009
-1057.4102 -1106.2050 -1063.3174
-1057.4102 -1089.4280 -1060.3453
-1057.4102 -1090.7678 -1059.9961
-1057.4102 -1074.8451 -1060.6184
-1057.4102 -1109.0409 -1065.5585
-1057.4102 -1114.9670 -1063.2262
-1055.9873 -1116.0050 -1062.1646
-1055.9873 -1110.7214 -1067.9006
-1055.9873 -1111.0274 -1062.6308
-1055.9873 -1066.6857 -1057.1215
-1055.9873 -1099.5724 -1068.0424
-1055.9873 -1128.4336 -1069.2804
-1055.9873 -1083.2114 -1066.9269
-1051.4541 -1091.5005 -1060.2423
-1051.4541 -1097.8365 -1061.4704
-1051.4541 -1109.9395 -1070.8540
-1043.5211 -1108.2633 -1055.3213
-1043.5211 -1051.9254 -1044.9318
-1043.5211 -1057.5935 -1044.6386
-1043.5211 -1061.0186 -1047.5116
-1043.5211 -1080.0889 -1049.2105
-1037.9666 -1091.5517 -1047.2289
-1031.6729 -1079.0879 -1045.1908
-1027.5350 -1053.4258 -1034.2293
-1027.5350 -1063.6462 -1031.0871
-1027.5350 -1095.3093 -1031.9825
-1026.8546 -1047.7720 -1028.1718
-1026.8546 -1064.8514 -1028.4850
-1026.8546 -1064.4153 -1029.7047
-1026.2605 -1041.7392 -1027.7486
-1022.3869 -1041.7392 -1026.2910
-1022.3869 -1042.3910 -1025.9256
-1022.3869 -1059.8695 -1029.5853
-1013.7876 -1030.6223 -1021.0926
-1013.7876 -1047.3929 -1024.8259
-1013.7876 -1083.5544 -1029.5614
-1013.7876 -1062.6995 -1021.3660
-1009.8267 -1039.1052 -1013.4125
-1005.4529 -1079.0001 -1012.7380
-1005.4529 -1025.0922 -1008.3860
-1005.4529 -1067.4555 -1010.0309
-1005.4529 -1028.3785 -1006.8548
-1005.4529 -1028.4161 -1006.3841
-1005.4529 -1052.2017 -1008.7119
-1005.4529 -1050.1142 -1007.7302
-1005.4529 -1025.7801 -1006.0692
-1004.7491 -1040.2368 -1007.3004
-1004.7491 -1033.0162 -1007.6318
-992.2962 -1015.6152 -1001.7651
-992.2962 -1032.1744 -1005.8575
-992.2962 -1035.2558 -1008.8784
-992.2962 -1039.7059 -998.7495
-992.2962 -1029.6126 -1000.1215
-992.2962 -1028.2877 -994.9081
-992.2962 -1013.1445 -994.8740
-991.7897 -1023.8333 -994.7813
-986.8161 -1012.6859 -993.1440
-983.6832 -1018.4429 -988.2342
-982.7707 -1014.9733 -986.3293
-982.7707 -1008.1697 -984.5029
-979.1668 -994.7547 -982.3208
-979.1668 -1008.7496 -980.6333
-972.5269 -1015.7051 -977.9916
-972.5269 -1025.6490 -983.8796
-968.9229 -989.8632 -975.0368
-968.9229 -999.1462 -974.5565
-963.2997 -993.0652 -969.1557
-963.2997 -990.0760 -965.5882
-963.2997 -997.0474 -968.5150
-963.2997 -1024.5639 -966.5566
-963.2997 -1001.0425 -971.0286
-963.2997 -1035.0666 -968.1956
-963.2997 -998.2116 -968.2665
-963.2997 -1000.3935 -965.9085
-963.2997 -963.2997 -963.2997
-963.2997 -1014.2355 -967.8503
-963.2997 -985.6220 -964.3443
-963.2997 -1002.0003 -965.2712
-943.2694 -980.8631 -959.3637
-943.2694 -994.1114 -953.5717
-943.2694 -983.5293 -946.5773
-943.2694 -958.3861 -944.1859
-943.2694 -976.8448 -950.6945
-943.2694 -960.7526 -948.2162
-943.2694 -971.7511 -950.8774
-943.2694 -1017.4204 -952.5611
-939.9787 -949.7233 -942.5714
-939.9787 -978.9878 -945.1760
-939.9787 -984.4242 -946.2069
-939.9787 -988.0182 -942.6894
-939.9787 -961.3758 -942.1500
-939.9787 -993.7314 -953.7774
-931.0243 -1003.5971 -943.0909
-931.0243 -972.5605 -933.2087
-931.0243 -948.3337 -932.4117
-931.0243 -967.2291 -935.9779
-931.0243 -983.4486 -937.1980
-931.0243 -980.2760 -936.0535
-931.0243 -944.3023 -933.7517
-931.0243 -969.8900 -936.6669
-931.0243 -963.8407 -933.8242
-931.0243 -965.9362 -936.0032
-929.1818 -969.3535 -944.1848
-923.1160 -963.2015 -929.5998
-923.1160 -982.0326 -928.8237
-923.1160 -956.0812 -926.4247
-923.1160 -965.0405 -929.4446
-920.8444 -944.2675 -924.4451
-920.8444 -983.4923 -929.9484
-919.7853 -969.7707 -922.9824
-919.7853 -950.4950 -928.2460
-919.7853 -939.3953 -922.0416
-919.7853 -969.7531 -926.0459
-919.7853 -941.5030 -922.0667
-918.2495 -963.8905 -924.6811
-918.2495 -981.7507 -932.9358
-918.2495 -985.3663 -931.5655
-918.2495 -969.7848 -936.5756
-918.2495 -992.9146 -951.6077
-918.2495 -975.5267 -941.9390
-918.2495 -930.2362 -918.8099
-902.6523 -932.1268 -914.9906
-902.6523 -976.8324 -919.1142
-902.6523 -918.2495 -905.9657
-902.6523 -943.0119 -908.5809
-902.6523 -960.5191 -915.0724
-902.6523 -934.5532 -910.2763
-901.0722 -935.8886 -906.2022
-901.0722 -933.0930 -905.7729
-901.0722 -960.6107 -906.8430
-901.0722 -935.6343 -902.2306
-901.0722 -919.5574 -901.4419
-901.0722 -922.3026 -906.2640
-901.0722 -946.8831 -903.0855
-901.0722 -922.2114 -905.3907
-901.0722 -967.8144 -906.4387
-900.5249 -920.5127 -901.3898
-900.5249 -940.9902 -907.2562
-900.5249 -949.6619 -905.1809
-900.5249 -940.8267 -909.0091
-900.5249 -916.6569 -901.4115
-900.5249 -941.3037 -902.5405
-900.5249 -947.5732 -910.1112
-900.5249 -927.5437 -901.3952
-900.5249 -956.1723 -907.9426
-900.5249 -945.6705 -905.6300
-900.5249 -921.5170 -902.3148
-897.9940 -918.5832 -900.9093
-897.9940 -928.3234 -901.3414
-897.9940 -955.4270 -901.7328
-897.9940 -910.3661 -899.4394
-897.9940 -930.9692 -901.8559
-883.6630 -934.4720 -900.2063
-883.6630 -923.6872 -890.3472
-883.6630 -949.0180 -895.7008
-883.6630 -932.2001 -899.9559
-883.6630 -946.3852 -905.3613
-883.6630 -935.0734 -889.8647
-883.6630 -937.2879 -889.2979
-883.6630 -923.7314 -889.3955
-883.6630 -920.3364 -887.9887
-883.6630 -914.3254 -886.0358
-883.6630 -920.1085 -885.5239
-883.6630 -914.6579 -886.9907
-883.6630 -907.6950 -886.0940
-883.6630 -929.9854 -897.3703
-883.6630 -935.0729 -902.1056
-883.6630 -948.5807 -903.1796
-883.6630 -919.3553 -889.4884
-883.6630 -937.2026 -892.2090
-883.6630 -912.9570 -889.1805
-883.6630 -939.9482 -900.0254
-883.6630 -927.1545 -893.9208
-883.6630 -924.5611 -894.3303
-880.0098 -928.7100 -885.1828
-880.0098 -914.6522 -884.9725
-874.9521 -903.4923 -880.8547
-874.9521 -907.7885 -878.7467
-874.9521 -904.3429 -879.1261
-874.9521 -901.2007 -878.8837
-872.2090 -890.0908 -874.9234
-872.2090 -913.4735 -877.1197
-872.2090 -940.9957 -883.4759
-872.2090 -916.6764 -881.2622
-872.2090 -929.4937 -877.0621
-872.2090 -884.5494 -872.8372
-872.2090 -925.1143 -874.1404
-872.2090 -905.7871 -874.6419
-868.6051 -872.2090 -871.4883
-868.6051 -889.6547 -873.2181
-868.6051 -905.7189 -873.4325
-868.6051 -934.6487 -879.9493
-868.6051 -878.4107 -870.3732
-868.6051 -921.7021 -875.7747
-868.6051 -926.3546 -879.0378
-868.6051 -903.2229 -874.3252
-868.6051 -912.6684 -881.3934
-868.6051 -932.3074 -873.9611
-868.6051 -919.6375 -875.2376
-868.6051 -893.8941 -876.2609
-868.6051 -911.9267 -880.4291
-868.6051 -900.1976 -870.8946
-868.6051 -911.2807 -871.0354
-858.8279 -914.5792 -868.7691
-858.8279 -901.5537 -867.4170
-858.8279 -902.1149 -864.0006
-858.8279 -885.3314 -864.7083
-858.8279 -905.6115 -865.2853
-858.8279 -904.8979 -864.5698
-858.8279 -905.4380 -864.3629
-858.8279 -901.7138 -870.0337
-858.8279 -931.9553 -874.9155
-858.8279 -882.3147 -861.4107
-858.8279 -895.9953 -860.4591
-858.8279 -880.6807 -863.2768
-858.8279 -877.8941 -859.4105
-858.8279 -869.9925 -859.5882
-858.8279 -902.5833 -868.0684
-858.8279 -931.8086 -871.8009
-858.8279 -924.9117 -877.8215
-858.8279 -892.0418 -861.3932
-858.8279 -886.8867 -863.8900
-858.8279 -934.9938 -871.1168
-858.8279 -893.2377 -866.6031
-858.8279 -898.5732 -862.1447
-858.8279 -906.8172 -871.1262
-858.8279 -893.8561 -862.5604
-858.8279 -923.9167 -873.0290
-858.8279 -880.5046 -860.4500
-858.8279 -901.7296 -872.2360
-858.8279 -924.3586 -870.2116
-858.8279 -892.3048 -863.3754
-858.8279 -934.9013 -877.2557
-858.8279 -894.2488 -868.4476
-858.8279 -905.4926 -864.1105
-858.8279 -889.8958 -863.3496
-858.8279 -879.8180 -860.6579
-858.8279 -891.8926 -863.1715
-858.8279 -883.3992 -863.0766
-858.8279 -891.4248 -864.4847
-858.8279 -890.7040 -863.7482
-858.8279 -875.5205 -861.8879
-858.8279 -908.9058 -866.5368
-858.8279 -877.4604 -860.7085
-858.8279 -871.0893 -859.0732
-855.7609 -874.8246 -857.6757
-855.7609 -884.4661 -859.1299
-855.7609 -923.5646 -861.3686
-855.7609 -920.0502 -860.3897
-855.7609 -905.9214 -861.9675
-855.7609 -897.2905 -863.3732
-855.7609 -865.0752 -857.2512
-855.7609 -918.7171 -859.5091
-855.7609 -882.8640 -857.4884
-855.7609 -895.0331 -858.4209
-855.7609 -862.5596 -856.0989
-855.7609 -892.0513 -863.1078
-855.7609 -883.4227 -863.2227
-855.7609 -905.5522 -857.5802
-855.7609 -899.1716 -860.9410
-855.0571 -901.6455 -858.6590
-855.0571 -876.4847 -857.5508
-855.0571 -873.8793 -857.6280
-855.0571 -900.8937 -861.1560
-855.0571 -895.8597 -856.8622
-855.0571 -883.3144 -857.6456
-855.0571 -872.8328 -857.1022
-855.0571 -884.2143 -859.4706
-855.0571 -903.4464 -867.0095
-855.0571 -887.8735 -858.9551
-855.0571 -915.7134 -861.1004
-851.8259 -886.1296 -858.3649
-851.8259 -892.1583 -858.1205
-851.8259 -878.5396 -852.8156
-851.8259 -884.2260 -852.6008
-851.8259 -908.3223 -863.0058
-851.8259 -891.1791 -855.0139
-851.8259 -903.4363 -859.7346
-851.8259 -892.1381 -855.9275
-851.8259 -885.0450 -860.8787
-851.8259 -879.3770 -855.1254
-851.8259 -936.7493 -856.5685
-851.8259 -871.8321 -856.5184
-851.8259 -903.7110 -865.2336
-850.2220 -877.3790 -855.0531
-850.2220 -899.1028 -857.9417
-850.2220 -882.0981 -854.6117
-850.2220 -894.8228 -855.6531
-850.2220 -904.3138 -853.2923
-850.2220 -906.3387 -856.1942
-850.2220 -905.7725 -855.9405
-850.2220 -882.1364 -856.6543
-850.2220 -871.4559 -850.8712
-850.2220 -854.2847 -850.7395
-850.2220 -861.0699 -850.9154
-850.2220 -886.3152 -852.2815
-844.5734 -868.8482 -849.3186
-844.5734 -877.9933 -850.4961
-844.5734 -905.3656 -855.6733
-844.5734 -887.1023 -853.3793
-844.5734 -869.0731 -846.6364
-844.5734 -870.7577 -847.4670
-844.5734 -888.1504 -851.3480
-844.5734 -877.0314 -846.4645
-841.6706 -880.3199 -844.8339
-841.6706 -872.1367 -847.3983
-841.6706 -870.6994 -842.3232
-841.6706 -868.4398 -843.1451
-841.6706 -870.7208 -846.6505
-841.6706 -871.5636 -850.0382
-836.3304 -881.4324 -850.3504
-836.3304 -884.5659 -843.6830
-836.3304 -886.9794 -844.6899
-836.3304 -864.2564 -844.0514
-836.3304 -871.7536 -839.7639
-836.3304 -882.7067 -849.8592
-836.3304 -860.3098 -841.4274
-836.3304 -866.8927 -844.0758
-836.3304 -871.1253 -843.9990
-836.3304 -880.1091 -841.1738
-836.3304 -868.1016 -846.0140
-836.3304 -892.1769 -842.9390
-836.3304 -872.9888 -845.6663
-836.3304 -857.9646 -838.5498
-836.3304 -861.8809 -838.1288
-836.3304 -862.1124 -840.4055
-836.3304 -866.3260 -839.6093
-836.3304 -854.8089 -837.9590
-836.3304 -888.1637 -849.3788
-836.3304 -892.6254 -846.8715
-836.3304 -904.4067 -844.4372
-836.3304 -887.2669 -844.5725
-836.3304 -902.7012 -848.5592
-836.3304 -864.0671 -838.6088
-836.3304 -878.4618 -843.6383
-836.3304 -889.8919 -843.6632
-836.3304 -884.7968 -838.5673
-836.3304 -871.0811 -839.0272
-836.3304 -887.9202 -837.6716
-836.3304 -859.6717 -838.5715
-836.3304 -857.9646 -836.9153
-836.3304 -851.7426 -836.6386
-835.8920 -861.0985 -837.8413
-835.8920 -863.3338 -838.5112
-835.8920 -873.8473 -843.5122
-835.8920 -878.6073 -843.6797
-835.8920 -885.9020 -847.5800
-835.8920 -885.9020 -839.7144
-835.8920 -894.3851 -842.3695
-835.8920 -879.7840 -839.4756
-835.8920 -894.6221 -841.0281
-835.8920 -873.0584 -847.5371
-835.8920 -873.0584 -842.2650
-834.8351 -852.9849 -836.0143
-834.8351 -865.6838 -840.5049
-834.8351 -841.2865 -835.8885
-834.8351 -849.4757 -835.6126
-834.8351 -862.8427 -837.5158
-834.8351 -860.0122 -839.6596
-834.8351 -864.2089 -840.7096
-834.8351 -861.2765 -838.4674
-834.8351 -861.2765 -836.1881
-834.8351 -901.4388 -836.9210
-834.8351 -846.1475 -835.5112
-834.8351 -871.7154 -849.7790
-834.8351 -888.6602 -836.8529
-834.8351 -867.4863 -836.1216
-834.8351 -856.2387 -836.5936
-834.8351 -883.2929 -838.3263
-834.8351 -885.7925 -849.7769
-834.8351 -912.8448 -851.8751
-834.8351 -917.2884 -851.0579
-834.8351 -865.2505 -842.3258
-834.8351 -874.6817 -844.6173
-834.8351 -890.2790 -845.3289
-834.8351 -888.8452 -840.2146
-834.8351 -859.7128 -836.3961
-834.8351 -878.7890 -838.2678
-834.8351 -879.0975 -839.7942
-834.8351 -863.4679 -838.0348
-834.8351 -871.0313 -843.2193
-834.8351 -882.0083 -838.2791
-834.8351 -834.8351 -834.8351
-834.8351 -896.1626 -836.7657
-834.8351 -867.0177 -835.4787
-834.8351 -897.3163 -837.3169
-834.8351 -856.7321 -837.9248
-834.8351 -882.0989 -839.0524
-834.8351 -874.9749 -844.8037
-834.8351 -872.1988 -843.7572
-834.8351 -863.8638 -846.8879
-834.8351 -862.8169 -837.8145
-834.8351 -877.1768 -838.0904
-834.8351 -861.8385 -837.0095
-834.8351 -867.4863 -838.1085
-834.8351 -891.6074 -840.1429
-834.8351 -891.4394 -844.8157
-834.8351 -874.8347 -838.6237
-834.8351 -896.3685 -842.1748
-834.8351 -837.2281 -834.9308
-834.8351 -892.4439 -849.9402
-834.8351 -872.7736 -848.0342
-834.8351 -903.7459 -848.3521
-834.8351 -870.2559 -844.2584
-834.8351 -865.1753 -837.7155
-834.8351 -868.4823 -840.0712
-834.8351 -883.7316 -842.7543
-834.8351 -893.4663 -839.3970
-834.8351 -906.0832 -838.6134
-834.8351 -877.7035 -838.0618
-834.8351 -889.8943 -845.6870
-834.8351 -901.1640 -844.1493
-834.8351 -884.7182 -840.7826
-834.8351 -892.1844 -837.7690
-834.8351 -897.0800 -847.3608
-834.8351 -897.5412 -845.6735
-834.8351 -834.8351 -834.8351
-834.8351 -855.3868 -836.3356
-834.8351 -854.8216 -838.6769
-834.8351 -859.3833 -839.2476
-834.8351 -885.9888 -843.0278
-834.8351 -864.1155 -839.8447
-834.8351 -854.5638 -836.9416
-834.8351 -878.4650 -843.6203
-834.8351 -876.6383 -847.3109
-834.8351 -865.2355 -841.1421
-834.8351 -860.2526 -839.2712
-834.8351 -855.0735 -842.7287
-834.8351 -875.4486 -840.1963
-834.8351 -885.3647 -842.9470
-834.8351 -862.7611 -837.5348
-834.8351 -862.3614 -839.7887
-834.8351 -879.7378 -844.8853
-834.8351 -871.9018 -847.6009
-834.8351 -866.6063 -842.1355
-834.8351 -870.5086 -844.8052
-834.8351 -854.2797 -837.0370
-834.8351 -869.0444 -840.2576
-834.8351 -857.5128 -839.9374
-834.8351 -892.3789 -840.2924
-834.8351 -873.8223 -838.1811
-834.8351 -870.1801 -837.4724
-834.8351 -850.0994 -835.5281
-834.8351 -873.5272 -838.0903
-834.8351 -879.0723 -839.6148
-834.8351 -860.7920 -840.0164
-834.8351 -871.7317 -841.3797
-834.8351 -864.4238 -843.8518
-834.8351 -878.7128 -843.9589
-834.8351 -882.5303 -847.0831
-834.8351 -909.2487 -847.3505
-834.8351 -863.7441 -844.9848
-834.8351 -882.2318 -849.9102
-834.8351 -879.0862 -844.0262
-834.8351 -878.0986 -842.7122
-834.8351 -893.5344 -843.0763
-834.8351 -872.2719 -841.6013
-834.8351 -896.8961 -847.8217
-834.8351 -882.6346 -852.9148
-834.8351 -887.1220 -854.3116
-834.8351 -896.9468 -847.3323
-834.8351 -894.1623 -841.7910
-834.8351 -893.9699 -849.6320
-834.8351 -864.1313 -838.1110
-834.8351 -892.6868 -842.8719
-834.8351 -858.3833 -837.4838
-834.8351 -886.7739 -842.4698
-834.8351 -878.1361 -838.9577
-834.8351 -880.6143 -841.7170
-834.8351 -855.4220 -836.0702
-834.8351 -854.0082 -836.4662
-834.8351 -868.4823 -839.6894
-834.8351 -871.7044 -837.3380
-834.8351 -864.4815 -835.5066
-834.8351 -867.8474 -846.8108
-834.8351 -887.1180 -855.1389
-834.8351 -867.2449 -840.3199
-834.8351 -875.7494 -839.4960
-834.8351 -867.5485 -843.5426
-834.8351 -873.6492 -843.9414
-834.8351 -883.0838 -843.5718
-834.8351 -899.8513 -843.5025
-834.8351 -863.2630 -842.2097
-834.8351 -882.1331 -839.5252
-834.8351 -879.8821 -843.0317
-834.8351 -893.7051 -840.1850
-834.8351 -876.8190 -838.6067
-834.8351 -854.6271 -840.9235
-834.8351 -875.4777 -840.8788
-834.8351 -905.3960 -837.4147
-834.8351 -842.5320 -834.9890
-834.8351 -852.4482 -836.7116
-834.8351 -852.4482 -836.0664
-834.8351 -862.9380 -839.4859
-834.8351 -862.5843 -837.4239
-834.8351 -891.4394 -849.7653
-834.8351 -878.8130 -857.8935
-834.8351 -901.7373 -848.5609
-834.8351 -907.9453 -842.4327
-834.8351 -860.1771 -839.3186
-834.8351 -872.2143 -843.3447
-834.8351 -894.7303 -846.9294
-834.8351 -898.4749 -847.2101
-834.8351 -875.6923 -846.1085
-834.8351 -888.1528 -845.3811
-834.8351 -873.9048 -838.4721
-834.8351 -875.0457 -837.8756
-834.8351 -857.6413 -836.6729
-834.8351 -938.3687 -843.0681
-834.8351 -890.5813 -844.5779
-834.8351 -895.8393 -852.9037
-834.8351 -865.1445 -838.7718
-834.8351 -855.8488 -836.1166
-834.8351 -861.0891 -845.7283
-834.8351 -870.1072 -841.0177
-834.8351 -874.4419 -837.3742
-834.8351 -867.3644 -837.4047
-834.8351 -873.6510 -837.3584
-834.8351 -858.1764 -842.2537
-834.8351 -858.1764 -837.6591
-834.8351 -846.7029 -838.2713
-834.8351 -900.0767 -840.1393
-834.8351 -913.3743 -856.2166
-834.8351 -875.5562 -844.2732
-834.8351 -856.8372 -838.5878
-834.8351 -864.9701 -839.2720
-834.8351 -881.1498 -839.6236
-834.8351 -869.7192 -839.4319
-834.8351 -878.9634 -840.1976
-834.8351 -861.6086 -839.3346
-834.8351 -913.1961 -843.0662
-834.8351 -876.0802 -840.9375
-834.8351 -868.0454 -841.6254
-834.8351 -881.9844 -839.3575
-834.8351 -867.8284 -839.1972
-834.8351 -866.7112 -840.0368
-834.8351 -854.3113 -839.3976
-834.8351 -881.7342 -842.3418
-834.8351 -879.5568 -839.2190
-834.8351 -846.8191 -835.0748
-834.8351 -843.0730 -835.1646
-834.8351 -840.2965 -835.3812
-834.8351 -851.1259 -836.5074
-834.8351 -891.1584 -841.1939
-834.8351 -899.8513 -845.4130
-834.8351 -853.5091 -836.8960
-834.8351 -852.8157 -836.6778
-834.8351 -860.0263 -835.8174
-834.8351 -873.1654 -840.3693
-834.8351 -871.0617 -835.9799
-834.8351 -834.8351 -834.8351
-834.8351 -855.3868 -836.5045
-834.8351 -880.7196 -838.0722
-834.8351 -845.7652 -836.1339
-834.8351 -847.4360 -835.6361
-834.8351 -861.4996 -835.3684
-834.8351 -862.7664 -837.5596
-834.8351 -904.9935 -845.4036
-834.8351 -885.7389 -844.5124
-834.8351 -865.5624 -843.6430
-834.8351 -863.8638 -839.3503
-834.8351 -872.6027 -839.0832
-834.8351 -864.8307 -838.5259
-834.8351 -866.7360 -852.3911
-834.8351 -858.8114 -838.6196
-834.8351 -852.2807 -835.8818
-834.8351 -879.0347 -838.9492
-834.8351 -881.7336 -840.0541
-834.8351 -891.3488 -840.3498
-834.8351 -852.7769 -837.8402
-834.8351 -871.5728 -836.6210
-834.8351 -884.0701 -836.8032
-834.8351 -861.0891 -838.0780
-834.8351 -859.5584 -835.3295
-834.8351 -877.9196 -844.3648
-834.8351 -855.8601 -836.6726
-834.8351 -880.1149 -856.8709
-834.8351 -877.8754 -841.2192
-834.8351 -841.2562 -835.0810
-834.8351 -861.2151 -839.1548
-834.8351 -856.9539 -835.9752
-834.8351 -839.1969 -834.9223
-834.8351 -878.9691 -840.1171
-834.8351 -869.8649 -836.3657
-834.8351 -843.6408 -835.0112
-834.8351 -883.7053 -841.9082
-834.8351 -850.8683 -837.6626
-834.8351 -874.6316 -840.0901
-834.8351 -859.3833 -835.7390
-834.8351 -836.6776 -834.8982
-834.8351 -875.7347 -846.6220
-834.8351 -883.7159 -847.6160
-834.8351 -874.5045 -838.9707
-834.8351 -872.3985 -840.1056
-834.8351 -852.2807 -836.5980
-834.8351 -882.5303 -838.8902
-834.8351 -864.7669 -835.8571
-834.8351 -856.5338 -838.4298
-834.8351 -907.9515 -851.0837
-834.8351 -882.7486 -843.3766
-834.8351 -897.0890 -858.0188
-834.8351 -903.5728 -857.9136
-834.8351 -883.4173 -851.2476
-834.8351 -896.8581 -851.1880
-834.8351 -873.0642 -845.3930
-834.8351 -877.5013 -837.2883
-834.8351 -857.2283 -840.1388
-834.8351 -838.0300 -835.1738
-834.8351 -864.0360 -837.3939
-834.8351 -888.8213 -843.4276
-834.8351 -878.4729 -839.1833
-834.8351 -883.2570 -839.5046
-834.8351 -862.2860 -839.8328
-834.8351 -868.4798 -837.8555
-834.8351 -879.2482 -835.7233
-834.8351 -897.1848 -851.1186
-834.8351 -872.8801 -840.0063
-834.8351 -882.9233 -837.9654
-834.8351 -854.7821 -842.4182
-834.8351 -877.0203 -847.1079
-834.8351 -871.0855 -846.9362
-834.8351 -867.9694 -842.4930
-834.8351 -882.5168 -841.1904
-834.8351 -848.2289 -836.1523
-834.8351 -882.0989 -838.7331
-834.8351 -866.0453 -836.1916
-834.8351 -862.9380 -842.4869
-834.8351 -875.9286 -841.3550
-834.8351 -902.1664 -847.3863
-834.8351 -897.7853 -846.7296
-834.8351 -879.8821 -849.5426
-834.8351 -876.8690 -839.0556
-834.8351 -875.8178 -836.7144
-834.8351 -875.5575 -840.6169
-834.8351 -866.7112 -838.4358
-834.8351 -860.6171 -836.7761
-834.8351 -885.6785 -838.9579
-834.8351 -882.8452 -841.7451
-834.8351 -843.8526 -835.1661
-834.8351 -883.4873 -841.5122
-834.8351 -910.0326 -853.1329
-834.8351 -894.8872 -848.0932
-834.8351 -876.0802 -838.1533
-834.8351 -850.4993 -835.1484
-834.8351 -840.0553 -834.9455
-834.8351 -866.2570 -837.7558
-834.8351 -875.1507 -843.2124
-834.8351 -896.0770 -858.5352
-834.8351 -902.5285 -856.1327
-834.8351 -900.8333 -844.9301
-834.8351 -889.1762 -840.6425
-834.8351 -891.1633 -850.7849
-834.8351 -883.0423 -842.2032
-834.8351 -917.2320 -850.3104
-834.8351 -884.4815 -850.3699
-834.8351 -916.9020 -855.6175
-834.8351 -898.0952 -864.1759
-834.8351 -877.4563 -852.4740
-834.8351 -869.9119 -839.4709
-834.8351 -845.5676 -835.4659
-834.8351 -876.3682 -838.9205
-834.8351 -885.2112 -843.2188
-834.8351 -884.7154 -838.9903
-834.8351 -869.8182 -838.0709
-834.8351 -887.6339 -849.6690
-834.8351 -890.9518 -844.1155
-834.8351 -863.2257 -837.9774
-834.8351 -913.4975 -848.5970
-834.8351 -867.6470 -844.4629
-834.8351 -880.0089 -840.2725
-834.8351 -862.5714 -842.0034
-834.8351 -869.9397 -845.2464
-834.8351 -866.5140 -838.9454
-834.8351 -843.2843 -836.0333
-834.8351 -834.8351 -834.8351
-834.8351 -869.7115 -836.2301
-834.8351 -883.8352 -838.6314
-834.8351 -887.2840 -843.4453
-834.8351 -860.9926 -836.4612
-834.8351 -854.2396 -835.7943
-834.8351 -871.3150 -838.9202
-834.8351 -836.1158 -834.8863
-834.8351 -883.0804 -839.0269
-834.8351 -862.7447 -836.5156
-834.8351 -887.4955 -854.4244
-834.8351 -875.7562 -843.8168
-834.8351 -888.6980 -844.9574
-834.8351 -855.4220 -837.6723
-834.8351 -874.1883 -835.7137
-834.8351 -843.2843 -835.0041
-834.8351 -852.1400 -837.6572
-834.8351 -893.2777 -839.7112
-834.8351 -897.1848 -837.9060
-834.8351 -870.8188 -839.3292
-834.8351 -867.0467 -849.7581
-834.8351 -876.0089 -839.3384
-834.8351 -881.5095 -838.1955
-834.8351 -866.2570 -836.1351
-834.8351 -846.6211 -835.8777
-834.8351 -865.4646 -841.1234
-834.8351 -884.5934 -842.0113
-834.8351 -903.5860 -839.3012
-834.8351 -870.1801 -843.2491
-834.8351 -914.3574 -845.7644
-834.8351 -873.8223 -837.8438
-834.8351 -872.6605 -837.6074
-834.8351 -860.9926 -836.2246
-834.8351 -838.0944 -834.9655
-834.8351 -850.5142 -836.7051
-834.8351 -893.8333 -840.0896
-834.8351 -871.1382 -838.1488
-834.8351 -864.8657 -840.4732
-834.8351 -881.6638 -838.6351
-834.8351 -859.5336 -835.6629
-834.8351 -834.8351 -834.8351
-834.8351 -842.6487 -835.1193
-834.8351 -860.0122 -839.7279
-834.8351 -875.8458 -842.6152
-834.8351 -875.6923 -839.4055
-834.8351 -849.8829 -836.1108
-834.8351 -857.6314 -840.0646
-834.8351 -896.3685 -843.1189
-834.8351 -857.6454 -838.6278
-834.8351 -839.2918 -835.0133
-834.8351 -847.6665 -835.7431
-834.8351 -844.2381 -835.3050
-834.8351 -853.3136 -837.1921
-834.8351 -881.2114 -845.3633
-834.8351 -839.8927 -835.7029
-834.8351 -875.8213 -844.9872
-834.8351 -902.9489 -845.8188
-834.8351 -860.8722 -838.4904
-834.8351 -883.7159 -839.4013
-834.8351 -876.9540 -838.6980
-834.8351 -860.6171 -842.2162
-834.8351 -877.4391 -851.8538
-834.8351 -861.6114 -839.6199
-834.8351 -842.6166 -835.1976
-834.8351 -883.4233 -846.2047
-834.8351 -879.2533 -847.0393
-834.8351 -878.9786 -840.4108
-834.8351 -879.5203 -836.2010
-834.8351 -867.4533 -836.1143
-834.8351 -851.3598 -835.1656
-834.8351 -858.6541 -838.5337
-834.8351 -905.2564 -840.1273
-834.8351 -882.3332 -840.3152
-834.8351 -876.5632 -844.4120
-834.8351 -867.1262 -841.8142
-834.8351 -861.5006 -841.3316
-834.8351 -877.1197 -838.1369
-834.8351 -867.5405 -836.9087
-834.8351 -914.0371 -838.4170
-834.8351 -884.9359 -842.6950
-834.8351 -889.2812 -842.4179
-834.8351 -883.4921 -843.4591
-834.8351 -875.7347 -838.1971
-834.8351 -866.3677 -840.8046
-834.8351 -869.4348 -843.1354
-834.8351 -885.9115 -847.0999
-834.8351 -857.7144 -838.8590
-834.8351 -891.1633 -843.6453
-834.8351 -882.5168 -858.3273
-834.8351 -894.6588 -855.6672
-834.8351 -878.6669 -853.8307
-834.8351 -878.6669 -841.0799
-834.8351 -873.6821 -846.9248
-834.8351 -903.4111 -837.0686
-834.8351 -834.8351 -834.8351
-834.8351 -862.7605 -836.7697
-834.8351 -838.0635 -835.0288
-834.8351 -880.0529 -845.4264
-834.8351 -872.7542 -838.0870
-834.8351 -846.3797 -835.7494
-834.8351 -866.7802 -838.8838
-834.8351 -881.1369 -844.8286
-834.8351 -879.0862 -842.2563
-834.8351 -865.6047 -837.0908
-834.8351 -848.6454 -835.5717
-834.8351 -850.0625 -836.2614
-834.8351 -834.8351 -834.8351
-834.8351 -878.8984 -838.7090
-834.8351 -871.7711 -842.5336
-834.8351 -883.1819 -846.3822
-834.8351 -875.3805 -838.7901
-834.8351 -835.3063 -834.8634
-834.8351 -835.3063 -834.8539
-834.8351 -869.8131 -836.7378
-834.8351 -873.0981 -839.3227
-834.8351 -874.5786 -841.4492
-834.8351 -863.2257 -836.3753
-834.8351 -887.6598 -837.7964
-834.8351 -849.5540 -835.1295
-834.8351 -888.2390 -839.1313
-834.8351 -856.8308 -837.3542
-834.8351 -882.8746 -842.0268
-834.8351 -902.0149 -842.4778
-834.8351 -888.2390 -846.7717
-834.8351 -888.6385 -843.4113
-834.8351 -882.6400 -837.7323
-834.8351 -885.4914 -837.1994
-834.8351 -881.6339 -842.4267
-834.8351 -860.0059 -839.5652
-834.8351 -871.6305 -840.2927
-834.8351 -867.6844 -837.0306
-834.8351 -867.4895 -844.0571
-834.8351 -883.5148 -845.6589
-834.8351 -878.6918 -855.2084
-834.8351 -876.0400 -842.5317
-834.8351 -882.5033 -842.8718
-834.8351 -870.3276 -842.3923
-834.8351 -880.1149 -839.4768
-834.8351 -834.8351 -834.8351
-834.8351 -844.6407 -835.4234
-834.8351 -854.9389 -836.0906
-834.8351 -885.2843 -841.3599
-834.8351 -854.8595 -838.8662
-834.8351 -875.1674 -839.9865
-834.8351 -869.0451 -846.0431
-834.8351 -879.0975 -843.4993
-834.8351 -885.7716 -847.1350
-834.8351 -898.2521 -850.5321
-834.8351 -889.5998 -852.8205
-834.8351 -891.4439 -857.4045
-834.8351 -912.6316 -853.2240
-834.8351 -899.6571 -852.8554
-834.8351 -899.8625 -848.5199
-834.8351 -894.8260 -841.0409
-834.8351 -860.4346 -837.4991
-834.8351 -873.2918 -843.3551
-834.8351 -891.4449 -848.4012
-834.8351 -880.0767 -848.6655
-834.8351 -893.1446 -844.6916
-834.8351 -885.0231 -845.9056
-834.8351 -886.2395 -844.4818
-834.8351 -890.9991 -854.3965
-834.8351 -862.8293 -842.9426
-834.8351 -887.4131 -851.5793
-834.8351 -902.6404 -843.4083
-834.8351 -876.4880 -845.9931
-834.8351 -859.9896 -843.0826
-834.8351 -869.9859 -844.7246
-834.8351 -857.4763 -837.0862
-834.8351 -886.5710 -838.9825
-834.8351 -843.1536 -835.0014
-834.8351 -856.9986 -837.2904
-834.8351 -839.9851 -834.9381
-834.8351 -854.7961 -838.2005
-834.8351 -908.6977 -837.9620
-834.8351 -857.4052 -839.4921
-834.8351 -873.0981 -840.3653
-834.8351 -864.8533 -837.3877
-834.8351 -849.8087 -836.2449
-834.8351 -889.8726 -843.5179
-834.8351 -871.0880 -840.6882
-834.8351 -876.2327 -836.6469
-834.8351 -838.4364 -835.0438
-834.8351 -900.8787 -844.3759
-834.8351 -879.7595 -840.9216
-834.8351 -856.1588 -836.9063
-834.8351 -862.0424 -837.1722
-834.8351 -896.9184 -843.6807
-834.8351 -870.3720 -841.0408
-834.8351 -878.6453 -844.7266
-834.8351 -892.9880 -841.6862
-834.8351 -853.5995 -836.6840
-834.8351 -853.4940 -835.9156
-834.8351 -849.7977 -835.1977
-834.8351 -891.5703 -850.5762
-834.8351 -864.8454 -837.5439
-834.8351 -857.2170 -837.4718
-834.8351 -857.9987 -837.4976
-834.8351 -878.6138 -839.8869
-834.8351 -862.8015 -840.5240
-834.8351 -878.2320 -849.3602
-834.8351 -894.1888 -848.1705
-834.8351 -868.5726 -836.7277
-834.8351 -872.9147 -843.5066
-834.8351 -896.4337 -846.3050
-834.8351 -887.4955 -843.9695
-834.8351 -888.1915 -840.4739
-834.8351 -903.7385 -850.9234
-834.8351 -893.6921 -849.3089
-834.8351 -878.1429 -842.4707
-834.8351 -861.3327 -836.8055
-834.8351 -870.1072 -842.1591
-834.8351 -859.6047 -840.0573
-834.8351 -859.1830 -840.3459
-834.8351 -872.8574 -842.6279
-834.8351 -866.0562 -839.3837
-834.8351 -866.4425 -836.2465
-834.8351 -866.4425 -839.7846
-834.8351 -907.7805 -851.3752
-834.8351 -871.1254 -846.3063
-834.8351 -860.7396 -840.3401
-834.8351 -864.8307 -839.8337
-834.8351 -861.7372 -843.9265
-834.8351 -869.4180 -839.2637
-834.8351 -873.6784 -840.5400
-834.8351 -866.3089 -839.0109
-834.8351 -869.2248 -837.7814
-834.8351 -872.2719 -841.1651
-834.8351 -875.2563 -838.3249
-834.8351 -871.1382 -840.6683
-834.8351 -866.5228 -836.6262
-834.8351 -834.8351 -834.8351
-834.8351 -875.5176 -835.6487
-834.8351 -907.7293 -841.8566
-834.8351 -868.2866 -840.1810
-834.8351 -865.8480 -839.4390
-834.8351 -878.6918 -837.7300
-834.8351 -862.4635 -837.2933
-834.8351 -846.7832 -835.4126
-834.8351 -847.1754 -835.1102
-834.8351 -862.7611 -836.2113
-834.8351 -883.5349 -846.2499
-834.8351 -865.0550 -838.6887
-834.8351 -834.8351 -834.8351
-834.8351 -876.4880 -838.2112
-834.8351 -853.1686 -835.6523
-834.8351 -857.8597 -836.6103
-834.8351 -866.2570 -839.5916
-834.8351 -865.6358 -843.4914
-834.8351 -851.7256 -838.8637
-834.8351 -876.8923 -847.0195
-834.8351 -870.0257 -840.7062
-834.8351 -857.5128 -837.0080
-834.8351 -873.1824 -847.6429
-834.8351 -866.1703 -848.4409
-834.8351 -884.0043 -845.1012
-834.8351 -853.8906 -837.6384
-834.8351 -855.9819 -836.0242
-834.8351 -885.4816 -840.5829
-834.8351 -888.4212 -843.1979
-834.8351 -882.5303 -842.6459
-834.8351 -883.9898 -849.4297
-834.8351 -875.5865 -844.2619
-834.8351 -880.0767 -843.4732
-834.8351 -897.4567 -845.0455
-834.8351 -873.0642 -839.4544
-834.8351 -860.3459 -840.0337
-834.8351 -917.5215 -846.9963
-834.8351 -885.6647 -846.1813
-834.8351 -888.6369 -841.7860
-834.8351 -876.9665 -841.9398
-834.8351 -875.6468 -841.9252
-834.8351 -867.1604 -841.2031
-834.8351 -880.5649 -839.0829
-834.8351 -883.5421 -843.7135
-834.8351 -871.2711 -845.5826
-834.8351 -909.0286 -855.1479
-834.8351 -878.8849 -841.7808
-834.8351 -878.8849 -842.9536
-834.8351 -893.6921 -844.5052
-834.8351 -899.9269 -844.1423
-834.8351 -848.1922 -836.1977
-834.8351 -875.4351 -839.0675
-834.8351 -889.4598 -844.1262
-834.8351 -895.6159 -837.3828
-834.8351 -851.3598 -835.9081
-834.8351 -850.4389 -836.9524
-834.8351 -854.2102 -837.2585
-834.8351 -869.2505 -841.5618
-834.8351 -899.1862 -838.8890
-834.8351 -860.5058 -835.5573
-834.8351 -845.3848 -835.6708
-834.8351 -875.0987 -839.2833
-834.8351 -889.8726 -848.0167
-834.8351 -887.3448 -841.3822
-834.8351 -862.3140 -840.3102
-834.8351 -854.6271 -836.9244
-834.8351 -846.5040 -836.2353
-834.8351 -941.8709 -863.9275
-834.8351 -910.3964 -846.6788
-834.8351 -886.0116 -836.9945
-834.8351 -849.5577 -839.1017
-834.8351 -882.4025 -836.0809
-834.8351 -902.8434 -838.2695
-834.8351 -870.9283 -838.8842
-834.8351 -899.0215 -848.0416
-834.8351 -880.6098 -851.1240
-834.8351 -868.4823 -842.0335
-834.8351 -869.3301 -841.1591
-834.8351 -886.5923 -841.3207
-834.8351 -883.4686 -844.1660
-834.8351 -874.5870 -842.1893
-834.8351 -877.0096 -837.9777
-834.8351 -873.0642 -840.5228
-834.8351 -854.8076 -837.7389
-834.8351 -860.4312 -840.6134
-834.8351 -857.8597 -836.3778
-834.8351 -862.2605 -840.3651
-834.8351 -860.3798 -843.0599
-834.8351 -891.3545 -842.1900
-834.8351 -880.5905 -840.4966
-834.8351 -883.9302 -837.3446
-834.8351 -888.0047 -836.8843
-834.8351 -853.9815 -836.5126
-834.8351 -888.9940 -837.3343
-834.8351 -870.9234 -836.7975
-834.8351 -859.5124 -836.8441
-834.8351 -896.1716 -840.5005
-834.8351 -853.4612 -836.4563
-834.8351 -858.0647 -839.9508
-834.8351 -866.7112 -838.6803
-834.8351 -888.0469 -839.2284
-834.8351 -879.9048 -844.3733
-834.8351 -872.8985 -843.1892
-834.8351 -879.5568 -849.1481
-834.8351 -873.7133 -853.0655
-834.8351 -871.7930 -842.5657
-834.8351 -869.8302 -843.4684
-834.8351 -905.9243 -845.5106
-834.8351 -858.5920 -839.3186
-834.8351 -860.7984 -838.1099
-834.8351 -880.8025 -839.7134
-834.8351 -887.1765 -838.1383
-834.8351 -883.6244 -836.3275
-834.8351 -851.6250 -837.2128
-834.8351 -875.7347 -838.8381
-834.8351 -853.2580 -836.2291
-834.8351 -891.0751 -840.7587
-834.8351 -865.5830 -840.8707
-834.8351 -865.1753 -837.6112
-834.8351 -875.5176 -839.5117
-834.8351 -879.9807 -843.1052
-834.8351 -895.3905 -846.2295
-834.8351 -855.4400 -838.7817
-834.8351 -860.0278 -837.8584
-834.8351 -860.1591 -839.6907
-834.8351 -870.6023 -841.3197
-834.8351 -878.7890 -839.6348
-834.8351 -846.5997 -835.6135
-834.8351 -847.7520 -835.0934
-834.8351 -867.4533 -839.9792
-834.8351 -856.3876 -839.2807
-834.8351 -841.3032 -835.0067
-834.8351 -843.1249 -835.0677
-834.8351 -878.0986 -853.4676
-834.8351 -879.2267 -850.4474
-834.8351 -869.1838 -839.5291
-834.8351 -865.9388 -836.8510
-834.8351 -856.3819 -836.0532
-834.8351 -867.3688 -835.4873
-834.8351 -854.9389 -835.4041
-834.8351 -837.9021 -834.9578
-834.8351 -883.9721 -847.1897
-834.8351 -881.5154 -840.7842
-834.8351 -856.6271 -836.2138
-834.8351 -873.7562 -840.7715
-834.8351 -872.6942 -838.1601
-834.8351 -857.6682 -837.7035
-834.8351 -901.1202 -842.7850
-834.8351 -861.2765 -839.0165
-834.8351 -866.0923 -850.6898
-834.8351 -877.5000 -846.4956
-834.8351 -871.1055 -837.6286
-834.8351 -868.2695 -840.2144
-834.8351 -862.4734 -836.2122
-834.8351 -877.7035 -838.3669
-834.8351 -855.6569 -836.5187
-834.8351 -864.1229 -837.9121
-834.8351 -860.3459 -838.2626
-834.8351 -882.2318 -842.1348
-834.8351 -858.0284 -836.7418
-834.8351 -848.5358 -837.0815
-834.8351 -902.4061 -838.3828
-834.8351 -865.8480 -841.1202
-834.8351 -865.8419 -840.3187
-834.8351 -873.7096 -841.0578
-834.8351 -886.1438 -839.3901
-834.8351 -871.0894 -840.6750
-834.8351 -892.1703 -841.0930
-834.8351 -884.7154 -841.1792
-834.8351 -881.2114 -837.4536
-834.8351 -862.8427 -835.5700
-834.8351 -873.8038 -836.8524
-834.8351 -877.2436 -840.4410
-834.8351 -886.4377 -845.5201
-834.8351 -860.3154 -837.1266
-834.8351 -872.1253 -841.2866
-834.8351 -866.0836 -838.3610
-834.8351 -905.0166 -843.4868
-834.8351 -893.2359 -845.6411
-834.8351 -874.0706 -840.1601
-834.8351 -850.0151 -836.1045
-834.8351 -852.8108 -836.0962
-834.8351 -879.2396 -841.0494
-834.8351 -868.3900 -837.7461
-834.8351 -866.7802 -839.4364
-834.8351 -853.9815 -835.9389
-834.8351 -874.9228 -840.0733
-834.8351 -877.9865 -840.9950
-834.8351 -893.7065 -857.8567
-834.8351 -889.8726 -850.1389
-834.8351 -889.2416 -852.7825
-834.8351 -874.3221 -849.6001
-834.8351 -899.4091 -850.1846
-834.8351 -872.3850 -840.6028
-834.8351 -868.4798 -848.2018
-834.8351 -867.2347 -840.8551
-834.8351 -885.2356 -854.1403
-834.8351 -876.9665 -844.5770
-834.8351 -867.6418 -846.6609
-834.8351 -878.2357 -845.0722
-834.8351 -864.5285 -841.0472
-834.8351 -867.4895 -843.5715
-834.8351 -881.2114 -838.9936
-834.8351 -899.6571 -843.1158
-834.8351 -860.5739 -837.7187
-834.8351 -895.0278 -847.4109
-834.8351 -930.6513 -847.5413
-834.8351 -868.9010 -843.7068
-834.8351 -883.5251 -841.7595
-834.8351 -875.1674 -845.3949
-834.8351 -865.5699 -840.7821
-834.8351 -863.4679 -836.8829
-834.8351 -853.8302 -836.7552
-834.8351 -860.5170 -838.1499
-834.8351 -883.9721 -841.5786
-834.8351 -881.0192 -843.3372
-834.8351 -866.2375 -837.0299
-834.8351 -865.3262 -841.3211
-834.8351 -879.0975 -836.5373
-834.8351 -864.1467 -836.5754
-834.8351 -841.2316 -835.2828
-834.8351 -878.0487 -837.1642
-834.8351 -871.6106 -835.8133
-834.8351 -860.5170 -835.9676
-834.8351 -877.4360 -839.1426
-834.8351 -867.0177 -838.2980
-834.8351 -881.6872 -851.4030
-834.8351 -862.7797 -837.0603
-834.8351 -869.0444 -846.3047
-834.8351 -875.0544 -835.7063
-834.8351 -906.6127 -843.7922
-834.8351 -877.5890 -842.6842
-834.8351 -872.0228 -840.1393
-834.8351 -871.6106 -844.8446
-834.8351 -874.1351 -841.1495
-834.8351 -880.9160 -839.4943
-834.8351 -875.7503 -841.2899
-834.8351 -887.9473 -837.7140
-834.8351 -877.9072 -838.9914
-834.8351 -849.8385 -835.5644
-834.8351 -875.1409 -839.0388
-834.8351 -884.6939 -842.5657
-834.8351 -885.0856 -845.3485
-834.8351 -859.5769 -837.3020
-834.8351 -862.7447 -840.1082
-834.8351 -890.9716 -841.4875
-834.8351 -855.8779 -839.9404
-834.8351 -877.6135 -838.8889
-834.8351 -880.4055 -840.5692
-834.8351 -892.2432 -843.9090
-834.8351 -853.6741 -839.9466
-834.8351 -860.7352 -843.4643
-834.8351 -867.4273 -842.7977
-834.8351 -868.8795 -838.9757
-834.8351 -842.6487 -835.0755
-834.8351 -847.4360 -835.9730
-834.8351 -854.8654 -836.9301
-834.8351 -849.0748 -835.5192
-834.8351 -843.8526 -835.2767
-834.8351 -871.1254 -838.5075
-834.8351 -860.3798 -836.4252
-834.8351 -879.9090 -836.9514
-834.8351 -856.3819 -840.2729
-834.8351 -861.8274 -839.0455
-834.8351 -864.9486 -838.3170
-834.8351 -872.5169 -839.7365
-834.8351 -892.8290 -842.7195
-834.8351 -857.9987 -842.0936
-834.8351 -873.8298 -836.9931
-834.8351 -846.1475 -835.2396
-834.8351 -878.0074 -839.0275
-834.8351 -840.8827 -835.0069
-834.8351 -876.3087 -836.3051
-834.8351 -884.3282 -847.9711
-834.8351 -880.6173 -850.1147
-834.8351 -896.3826 -841.6530
-834.8351 -861.8538 -840.4388
-834.8351 -919.4093 -839.3037
-834.8351 -839.4154 -835.1054
-834.8351 -858.8234 -836.1965
-834.8351 -886.2037 -848.7688
-834.8351 -913.5063 -860.4338
-834.8351 -879.8363 -847.2139
-834.8351 -886.6684 -842.9740
-834.8351 -882.0727 -839.3694
-834.8351 -865.1357 -848.3489
-834.8351 -896.4408 -847.5181
-834.8351 -840.0553 -835.0763
-834.8351 -899.1863 -839.0782
-834.8351 -865.6607 -836.4645
-834.8351 -855.2842 -836.8489
-834.8351 -843.6686 -836.1211
-834.8351 -885.6647 -841.7056
-834.8351 -867.0745 -836.8781
-834.8351 -867.8474 -838.9900
-834.8351 -868.1352 -842.4323
-834.8351 -880.6098 -836.8561
-834.8351 -857.7454 -835.5136
-834.8351 -863.5695 -837.0728
-834.8351 -857.5128 -837.3697
-834.8351 -851.4937 -836.6639
-834.8351 -867.6158 -841.2025
-834.8351 -869.7112 -838.4636
-834.8351 -864.6912 -840.2633
-834.8351 -883.2244 -837.4845
-834.8351 -870.6165 -841.0358
-834.8351 -879.0723 -845.0801
