-5059.8972 -5314.9394 -5155.6602
-4886.8016 -5044.3401 -4978.8809
-4798.5159 -4888.7567 -4834.2586
-4707.1191 -4781.3410 -4735.2919
-4598.8275 -4704.8853 -4633.4800
-4430.8633 -4598.8275 -4524.3656
-4412.8739 -4520.5227 -4427.2532
-4285.2452 -4406.3683 -4353.0069
-4214.8082 -4317.1945 -4239.2235
-4167.9083 -4214.8276 -4176.0473
-4096.7636 -4149.7061 -4108.2936
-4030.2591 -4096.7636 -4060.3850
-3983.4457 -4059.9886 -3997.6256
-3892.2313 -3984.4368 -3926.4748
-3856.9591 -3893.3652 -3872.4225
-3792.3698 -3879.8283 -3825.6075
-3741.7432 -3821.2944 -3770.4178
-3662.9764 -3753.0248 -3687.2236
-3626.3784 -3672.1769 -3644.2838
-3503.6419 -3662.4211 -3584.5724
-3421.2144 -3530.7814 -3467.2887
-3403.2599 -3471.1000 -3422.9495
-3339.3382 -3437.2951 -3380.2672
-3314.5492 -3378.1556 -3335.5466
-3286.7607 -3334.8214 -3305.2841
-3228.4773 -3291.2461 -3260.0269
-3151.7262 -3264.1176 -3194.8801
-3116.9120 -3186.2722 -3143.5237
-3052.6191 -3119.2845 -3086.4534
-3052.0682 -3084.9961 -3060.0246
-3007.4809 -3064.6626 -3029.4810
-2937.1088 -3026.6311 -2985.8131
-2901.9419 -2996.4361 -2943.4578
-2899.6045 -2961.4047 -2909.0751
-2849.6867 -2917.5452 -2880.1578
-2830.7114 -2873.5279 -2845.2334
-2797.8559 -2850.5936 -2812.7261
-2785.5479 -2815.3784 -2792.7072
-2753.3028 -2787.6422 -2774.0945
-2728.2621 -2757.7935 -2741.6857
-2649.2259 -2728.2621 -2698.6786
-2634.3723 -2735.7718 -2656.0333
-2541.9116 -2638.3006 -2597.8220
-2499.4302 -2603.5291 -2522.4165
-2488.6354 -2510.9707 -2496.2079
-2472.3627 -2499.1646 -2482.1057
-2434.2275 -2495.4069 -2452.5930
-2412.9594 -2461.0728 -2424.6632
-2387.1030 -2432.8219 -2401.6598
-2346.5782 -2413.4817 -2374.4495
-2332.6755 -2361.7350 -2342.9092
-2285.0738 -2370.9889 -2311.8845
-2263.8743 -2302.7736 -2277.1096
-2239.0192 -2283.3207 -2257.9448
-2236.7074 -2277.2337 -2244.7972
-2218.9709 -2250.3627 -2225.9459
-2203.1154 -2277.0748 -2214.3588
-2171.0930 -2221.4578 -2181.4601
-2153.8295 -2224.4275 -2162.2345
-2153.7963 -2171.8828 -2156.2598
-2123.1071 -2153.8295 -2134.4530
-2111.7970 -2155.5448 -2123.1951
-2083.3284 -2137.3196 -2104.8359
-2064.6864 -2102.1966 -2081.5270
-2045.7044 -2085.7103 -2063.6597
-2024.8998 -2100.2513 -2043.5942
-2011.8877 -2066.8381 -2023.8824
-1974.9066 -2066.4369 -2002.9492
-1973.7319 -2011.8877 -1983.7359
-1967.4746 -1987.5879 -1974.5092
-1967.4746 -2003.4160 -1972.7348
-1956.7252 -1991.4244 -1962.1819
-1913.8180 -1995.8525 -1949.9100
-1888.7628 -1961.7677 -1911.9456
-1882.7225 -1929.3457 -1893.1550
-1873.0616 -1935.0834 -1884.2571
-1872.5367 -1906.9509 -1875.9323
-1861.7114 -1904.8861 -1876.5529
-1861.7114 -1880.1366 -1866.3854
-1836.1027 -1866.9677 -1847.6643
-1828.4519 -1875.9045 -1840.2507
-1819.4521 -1841.8146 -1826.2538
-1774.8041 -1842.8150 -1802.9211
-1751.8525 -1823.3143 -1775.4670
-1751.8525 -1801.5681 -1760.1178
-1751.8525 -1808.4114 -1762.7074
-1737.5890 -1784.7320 -1751.0630
-1737.5890 -1772.6631 -1742.8007
-1718.6968 -1772.9426 -1735.3201
-1694.8042 -1750.2949 -1714.7075
-1694.8042 -1724.9635 -1699.0182
-1664.2673 -1702.1286 -1685.9322
-1652.9049 -1690.6720 -1665.2928
-1652.9049 -1688.7844 -1661.3501
-1652.9049 -1719.6194 -1664.5345
-1652.9049 -1686.9821 -1658.0630
-1633.4413 -1671.7187 -1644.4497
-1618.0131 -1672.2211 -1634.3187
-1614.1276 -1646.5684 -1616.5018
-1597.4832 -1642.0251 -1611.3298
-1593.8471 -1615.1201 -1597.4913
-1586.1886 -1628.3320 -1591.5596
-1550.7573 -1601.4962 -1578.8024
-1550.7573 -1612.4072 -1566.3667
-1550.7573 -1564.8763 -1552.0746
-1537.3777 -1552.3691 -1543.1076
-1519.5585 -1582.0600 -1543.6594
-1501.7992 -1546.6271 -1520.9834
-1501.7992 -1570.4571 -1517.1985
-1470.4313 -1531.4596 -1493.2650
-1460.2231 -1472.7716 -1466.1384
-1444.9376 -1479.1120 -1457.7204
-1444.9376 -1480.3299 -1459.2358
-1444.9376 -1506.2986 -1461.4933
-1444.9376 -1519.1840 -1458.5760
-1441.8368 -1463.9865 -1444.2542
-1439.0789 -1450.7722 -1441.1253
-1430.1911 -1441.8368 -1437.8898
-1430.1911 -1460.7640 -1440.0820
-1414.2129 -1487.3383 -1434.5635
-1414.2129 -1453.5725 -1420.0545
-1373.2138 -1448.0260 -1402.7251
-1369.4510 -1412.1258 -1388.0516
-1358.0251 -1408.0465 -1367.9153
-1358.0251 -1400.0923 -1370.8821
-1344.3513 -1381.4594 -1357.5086
-1336.9685 -1358.9180 -1343.7990
-1328.0976 -1365.5913 -1335.6051
-1323.7025 -1357.1516 -1328.3615
-1321.0156 -1349.0211 -1324.4091
-1311.5534 -1331.7325 -1315.2851
-1311.5534 -1347.2363 -1314.0606
-1311.0402 -1326.3601 -1312.3259
-1307.8761 -1331.6695 -1312.9323
-1307.8761 -1341.1436 -1309.6645
-1302.6295 -1343.6436 -1309.6930
-1302.6295 -1344.2853 -1311.0206
-1299.1896 -1347.0461 -1306.0121
-1299.1896 -1319.2575 -1301.1155
-1297.7535 -1327.7224 -1299.4117
-1297.3883 -1332.3542 -1309.1049
-1297.3883 -1325.8234 -1303.8498
-1297.3883 -1331.4412 -1300.4175
-1297.3883 -1304.9984 -1297.7273
-1293.4885 -1316.8487 -1296.7505
-1293.4885 -1339.3827 -1298.0494
-1285.8784 -1351.9209 -1293.0580
-1285.8784 -1320.2432 -1294.7075
-1285.8784 -1316.9595 -1289.3324
-1275.4003 -1285.8784 -1281.2680
-1275.4003 -1314.5699 -1280.7470
-1275.4003 -1313.1679 -1280.0744
-1271.2716 -1315.0103 -1279.8482
-1271.2716 -1311.7939 -1281.7752
-1271.2716 -1345.8609 -1287.2073
-1271.2716 -1302.5797 -1285.5853
-1268.2272 -1294.8164 -1273.8964
-1268.2272 -1300.4498 -1274.8194
-1256.6794 -1325.0104 -1270.5258
-1256.6794 -1274.8484 -1261.8164
-1256.6794 -1285.3396 -1259.4295
-1256.6794 -1261.5811 -1256.9176
-1243.0246 -1288.9923 -1255.0547
-1243.0246 -1264.4609 -1249.8888
-1243.0246 -1285.5241 -1255.9514
-1243.0246 -1306.6023 -1255.7776
-1243.0246 -1277.9896 -1250.0058
-1243.0246 -1317.8276 -1257.9885
-1243.0246 -1281.9299 -1251.7606
-1243.0246 -1296.1821 -1253.9542
-1234.2228 -1285.7534 -1243.5149
-1234.2228 -1265.6476 -1243.9212
-1234.2228 -1274.7727 -1240.9493
-1226.1253 -1274.7727 -1235.4850
-1222.9542 -1273.9100 -1231.5380
-1205.9163 -1254.8111 -1212.9428
-1201.8149 -1244.6564 -1205.7200
-1177.4534 -1233.0720 -1193.2402
-1170.4335 -1213.1129 -1174.9207
-1170.4335 -1189.4434 -1173.4930
-1170.4335 -1217.4873 -1174.9087
-1169.0577 -1195.8746 -1176.4352
-1169.0577 -1198.4213 -1172.1717
-1169.0577 -1199.9315 -1173.8970
-1162.9740 -1214.4458 -1173.1590
-1162.9740 -1215.4792 -1187.8078
-1162.9740 -1251.3389 -1189.0571
-1162.9740 -1201.6567 -1170.7972
-1159.6687 -1212.3694 -1166.9616
-1159.6687 -1183.0872 -1161.2386
-1148.8874 -1191.4582 -1160.5952
-1148.8874 -1192.4353 -1156.4096
-1148.8874 -1184.6668 -1151.9415
-1148.8874 -1177.3534 -1149.4567
-1148.4792 -1212.2589 -1151.1864
-1145.6832 -1179.4340 -1148.5307
-1145.6832 -1200.5133 -1150.5187
-1145.6832 -1157.1402 -1147.8957
-1145.6832 -1211.3496 -1152.8232
-1145.6832 -1177.1738 -1147.7211
-1145.6832 -1203.8890 -1154.2071
-1145.6832 -1182.0770 -1150.1902
-1145.6832 -1165.6587 -1147.4925
-1137.8667 -1177.2771 -1144.8938
-1135.7024 -1166.1622 -1141.6180
-1135.7024 -1173.1076 -1138.6629
-1132.7387 -1181.7033 -1141.2053
-1132.7387 -1191.8968 -1150.5857
-1132.7387 -1188.2618 -1137.0668
-1132.7387 -1156.3789 -1137.6084
-1132.7387 -1156.6689 -1134.6150
-1130.9306 -1173.7105 -1137.1849
-1130.9306 -1157.9996 -1134.6327
-1123.9091 -1154.8670 -1129.7327
-1112.9871 -1169.0898 -1126.1752
-1112.9871 -1165.3633 -1134.6967
-1112.4156 -1166.2184 -1119.1756
-1112.4156 -1145.5729 -1122.9280
-1105.4393 -1163.8348 -1114.7136
-1105.4393 -1137.5345 -1113.7792
-1105.4393 -1142.8269 -1112.1950
-1105.4393 -1139.5447 -1113.4666
-1105.4393 -1147.7100 -1109.3798
-1105.4393 -1167.7860 -1112.2506
-1105.4393 -1166.7867 -1115.8061
-1098.1390 -1158.1077 -1109.4158
-1098.1390 -1108.1157 -1101.5341
-1098.1390 -1142.8300 -1103.7106
-1088.3506 -1119.0495 -1099.0393
-1088.3506 -1130.0160 -1099.5325
-1088.3506 -1179.2130 -1120.9054
-1081.5732 -1150.3873 -1093.9802
-1081.5732 -1098.3597 -1086.9961
-1081.5732 -1115.6148 -1085.6313
-1081.5732 -1112.5245 -1084.3527
-1080.8576 -1103.4260 -1085.8749
-1080.8576 -1130.7379 -1086.5442
-1078.5217 -1127.0228 -1082.6559
-1078.5217 -1104.3921 -1082.8302
-1078.5217 -1114.8066 -1088.9806
-1078.5217 -1111.3096 -1081.9937
-1078.5217 -1089.0897 -1079.1918
-1078.4477 -1108.0715 -1080.7082
-1078.4477 -1160.7418 -1093.2558
-1078.4477 -1140.9306 -1096.8384
-1078.4477 -1107.1919 -1081.4055
-1071.6452 -1096.2070 -1077.7464
-1071.6452 -1086.1445 -1072.7192
-1071.6452 -1085.0993 -1071.9829
-1071.6452 -1109.1273 -1073.3435
-1056.6293 -1092.2001 -1064.3575
-1056.6293 -1106.4885 -1065.2599
-1056.6293 -1081.4913 -1059.7686
-1056.6293 -1086.1791 -1057.4884
-1056.6293 -1103.5380 -1060.3514
-1051.7302 -1069.1795 -1055.6841
-1051.7302 -1066.7716 -1052.7903
-1051.7302 -1066.7716 -1052.5608
-1049.5365 -1100.6687 -1054.3282
-1049.5365 -1090.3904 -1053.3891
-1048.7626 -1102.7342 -1051.7845
-1035.9320 -1076.9087 -1045.7989
-1035.9320 -1080.1876 -1046.0396
-1035.9320 -1050.7613 -1038.2797
-1035.9320 -1051.2347 -1037.0064
-1035.9320 -1092.3478 -1050.9850
-1035.9320 -1094.9143 -1049.9402
-1035.9320 -1074.6533 -1044.2674
-1035.9320 -1073.6499 -1048.7998
-1035.9320 -1084.5392 -1050.3705
-1035.9320 -1057.2295 -1039.6960
-1035.4975 -1057.2411 -1036.6911
-1035.4975 -1059.2326 -1036.9201
-1035.4975 -1043.6629 -1036.1245
-1035.4975 -1054.1237 -1038.2834
-1035.4975 -1055.2493 -1036.5484
-1035.4975 -1069.2561 -1038.8577
-1035.4975 -1092.1702 -1040.2106
-1035.4975 -1057.4522 -1036.5625
-1035.4975 -1045.5066 -1035.6977
-1035.4975 -1051.7740 -1035.8230
-1027.7612 -1061.6670 -1032.5608
-1024.9460 -1042.5174 -1028.4465
-1024.9460 -1055.5971 -1031.9657
-1024.9460 -1058.4123 -1028.6362
-1017.8903 -1040.8655 -1023.0062
-1017.8903 -1063.0736 -1022.1003
-1017.8903 -1067.3477 -1025.2971
-1017.8903 -1067.4003 -1035.1616
-1017.8903 -1057.7844 -1024.2811
-1015.5612 -1067.8056 -1018.8259
-1015.5612 -1044.0620 -1019.8310
-1015.5612 -1033.6039 -1017.1347
-1015.5612 -1056.4884 -1016.5777
-1015.5612 -1065.8393 -1019.6887
-1015.5612 -1067.3317 -1020.3762
-1015.5612 -1048.4648 -1020.7302
-1015.5612 -1042.2811 -1019.4273
-1011.4599 -1016.7234 -1014.0106
-1011.4599 -1058.7750 -1018.0207
-1011.4599 -1059.2652 -1015.6238
-1011.4599 -1048.8247 -1021.5546
-1011.4599 -1059.1654 -1018.0323
-1008.0357 -1072.0247 -1018.8259
-1008.0357 -1060.9781 -1017.9098
-996.0327 -1011.4599 -1003.6861
-994.3930 -1033.2871 -1001.6705
-987.5112 -1020.3240 -1000.7689
-987.5112 -1044.0843 -1008.1227
-987.5112 -1052.3934 -1008.0509
-987.5112 -1041.4154 -993.9333
-987.5112 -1013.3372 -990.3370
-987.5112 -1015.6638 -988.8039
-987.5112 -1033.2817 -991.6018
-987.5112 -1039.0323 -1007.7452
-987.5112 -1049.0385 -1001.1007
-987.5112 -1055.1696 -993.3362
-987.5112 -1019.9341 -994.4618
-987.5112 -1004.8094 -990.1801
-987.5112 -1008.3995 -988.5794
-982.2126 -994.8584 -984.7382
-982.2126 -1014.2450 -987.5861
-982.2126 -984.6808 -982.2619
-979.0662 -1039.5599 -986.8884
-979.0662 -997.8164 -983.1448
-976.5981 -1047.0992 -982.3304
-976.5981 -1006.6786 -981.1755
-976.5981 -995.7324 -979.7237
-976.5981 -996.8177 -977.8767
-968.5656 -983.4007 -974.8064
-968.5656 -1050.2678 -977.6572
-968.5656 -1001.1822 -971.8247
-962.6345 -996.2159 -969.3437
-962.6345 -1019.1854 -970.5436
-948.7847 -992.1470 -959.3159
-948.7847 -1003.3234 -957.0882
-948.4521 -987.5360 -956.5630
-948.4521 -981.7187 -953.3119
-948.4521 -1012.7598 -955.9161
-948.4521 -1000.8259 -952.4231
-948.4521 -979.3106 -953.0044
-948.4521 -981.6771 -956.2172
-948.4521 -986.5258 -955.9716
-948.4521 -989.8949 -951.0399
-948.4521 -974.4140 -951.5038
-948.4521 -1008.4212 -954.8831
-948.4521 -983.2423 -952.0769
-948.4521 -1004.7073 -956.0582
-944.3919 -972.0872 -947.3007
-944.3919 -961.1563 -946.9740
-928.6455 -957.9704 -937.7599
-926.3815 -970.3776 -935.8397
-926.3815 -954.6411 -930.2154
-926.3815 -978.4285 -935.0155
-920.0676 -970.0760 -927.5050
-920.0676 -941.8819 -921.8893
-920.0676 -958.0313 -922.8439
-920.0676 -934.1621 -921.5956
-920.0676 -948.0707 -926.4799
-920.0676 -960.8780 -922.4001
-920.0676 -977.3116 -921.7112
-920.0676 -948.9019 -921.2562
-920.0676 -960.7703 -925.2357
-920.0676 -954.9066 -921.8862
-920.0676 -955.7076 -923.1667
-920.0676 -944.5451 -923.9607
-920.0676 -958.7400 -925.1063
-920.0676 -946.1347 -922.1677
-920.0676 -962.1391 -922.5307
-920.0676 -944.2790 -921.9632
-920.0676 -944.9824 -922.5030
-920.0676 -985.8897 -922.6980
-920.0676 -928.7206 -920.4513
-920.0676 -960.6947 -922.6295
-920.0676 -947.5139 -923.8419
-920.0676 -963.3367 -930.0215
-920.0676 -976.4265 -931.6709
-920.0676 -971.4558 -932.3249
-920.0676 -957.9350 -926.0499
-920.0676 -952.2369 -927.4682
-920.0676 -957.2325 -922.8875
-920.0676 -947.7791 -923.1661
-916.0222 -938.1600 -919.7277
-916.0222 -954.5835 -920.5906
-916.0222 -953.5665 -923.8283
-916.0222 -959.7596 -922.8208
-916.0222 -982.4461 -922.8362
-916.0222 -957.9891 -923.2281
-916.0222 -955.5194 -922.7663
-916.0222 -968.9365 -922.9613
-916.0222 -936.2430 -917.9517
-916.0222 -969.3503 -919.2636
-916.0222 -944.8711 -920.8895
-912.8318 -967.2337 -921.7065
-912.8318 -974.1230 -924.6185
-912.8318 -955.8888 -915.9509
-912.8318 -970.7179 -927.6775
-912.8318 -967.0539 -920.1663
-912.8318 -932.9519 -913.4981
-912.8318 -956.8379 -915.1367
-912.8318 -941.6661 -917.2522
-912.8318 -934.6707 -915.6224
-910.9892 -948.8462 -920.9834
-910.9892 -976.5945 -923.4058
-910.9892 -941.4226 -912.8876
-910.9892 -947.3233 -911.7159
-910.9892 -973.4782 -915.4128
-910.9892 -979.4313 -917.1158
-910.9892 -922.0715 -911.6897
-910.9892 -952.9612 -916.0363
-910.9892 -941.6787 -914.0715
-910.9892 -950.7504 -913.8444
-910.9892 -915.5787 -911.2107
-910.9892 -951.7055 -912.6343
-910.9892 -934.9443 -912.7243
-910.9892 -953.0607 -915.8966
-910.9892 -959.1272 -918.6509
-910.9892 -945.2693 -917.9200
-910.9892 -946.9149 -918.4848
-910.9892 -930.4515 -912.8796
-910.9892 -963.0872 -922.7384
-910.9892 -963.7775 -917.6562
-910.9892 -931.4383 -912.5144
-910.9892 -947.1852 -913.4999
-910.9892 -934.0976 -913.1170
-910.9892 -935.8512 -912.8929
-910.9892 -945.8831 -917.7020
-910.9892 -964.5990 -916.2000
-910.9892 -944.8686 -913.0950
-910.9892 -927.4500 -913.3905
-910.9892 -964.1128 -920.4195
-910.9892 -941.7307 -915.8549
-910.9892 -941.4976 -916.8095
-910.9892 -951.2730 -914.7140
-907.7580 -928.6560 -911.2113
-907.7580 -943.8843 -915.3809
-907.7580 -965.6316 -913.3100
-907.7580 -919.7580 -909.9863
-907.7580 -949.5073 -912.2829
-907.7580 -934.7039 -915.0488
-907.7580 -944.0611 -912.2907
-907.7580 -974.0915 -928.7390
-907.7580 -958.5686 -917.2821
-907.7580 -960.6773 -916.8463
-907.7580 -946.5843 -915.3066
-907.7580 -956.6700 -922.5217
-907.7580 -949.0796 -918.1575
-907.7580 -932.6197 -914.1998
-907.7580 -960.0362 -911.9390
-907.7580 -969.3004 -914.4929
-907.7580 -950.1114 -919.9160
-907.7580 -938.6579 -914.6008
-907.7580 -956.8290 -916.2383
-907.7580 -932.1368 -909.0351
-907.7580 -954.5113 -914.3118
-907.7580 -941.0369 -916.3610
-907.7580 -966.1556 -917.1871
-907.7580 -951.9868 -915.0113
-907.7580 -964.7887 -917.3103
-907.7580 -957.5819 -914.5670
-907.7580 -971.3416 -915.7035
-907.7580 -990.1287 -919.8290
-907.7580 -956.0897 -911.2271
-907.7580 -932.1821 -911.7257
-907.7580 -944.8071 -914.4366
-907.7580 -935.4328 -913.0533
-907.7580 -949.5861 -919.7466
-907.7580 -956.9526 -922.2910
-907.7580 -942.5970 -914.1311
-907.7580 -940.7930 -909.5137
-906.7866 -934.4235 -912.6350
-906.7866 -985.0738 -931.1424
-906.7866 -951.3681 -914.4410
-906.7866 -932.6648 -911.7690
-906.7866 -957.1666 -915.2611
-906.7866 -966.5260 -921.1980
-904.7765 -974.9891 -913.0661
-904.7765 -943.6117 -910.2542
-904.7765 -937.7297 -908.1631
-904.7765 -935.0528 -911.5132
-899.2546 -975.7162 -912.1972
-899.2546 -929.7059 -905.0123
-899.2546 -940.8087 -909.8672
-899.2546 -952.4598 -906.4442
-899.2546 -929.0220 -903.4031
-899.2546 -919.0218 -902.2014
-899.2546 -932.3069 -900.9301
-899.2546 -916.2161 -899.5938
-899.2546 -928.1034 -902.3026
-899.2546 -953.4767 -904.5674
-899.2546 -937.7542 -902.7392
-899.2546 -945.0338 -902.3658
-899.2546 -958.4678 -902.6477
-894.4982 -941.5633 -901.0778
-894.4982 -933.7136 -901.1203
-894.4982 -936.1635 -900.2534
-894.4982 -957.2433 -908.5064
-894.4982 -947.9136 -907.1756
-894.4982 -976.0471 -898.4969
-894.4982 -963.8922 -902.4795
-894.4982 -940.7283 -907.1190
-894.4982 -950.7533 -902.6642
-894.4982 -925.3233 -897.8763
-891.5803 -926.0305 -898.1363
-891.5803 -954.0397 -898.3147
-891.5803 -931.8862 -901.4198
-889.6296 -977.2923 -895.2452
-889.6296 -920.6064 -893.0744
-889.6296 -926.4989 -896.9833
-889.6296 -929.1769 -901.3466
-889.6296 -942.4284 -901.3263
-888.3584 -918.4784 -891.6695
-888.3584 -910.5277 -889.9954
-888.3584 -919.8082 -891.5351
-888.3584 -921.1182 -893.5325
-888.3584 -931.0075 -892.6865
-885.1680 -936.7657 -893.7887
-885.1680 -918.3930 -892.8640
-885.1680 -937.0766 -890.5222
-881.6941 -917.9728 -888.7972
-881.6941 -907.3629 -884.3131
-881.6941 -927.9556 -888.6714
-881.6941 -909.0602 -888.8857
-881.6941 -908.3892 -884.8661
-881.6941 -897.3762 -884.1158
-881.6941 -888.4711 -882.5068
-881.6941 -918.1748 -885.0512
-881.6941 -915.2911 -885.7793
-881.6941 -908.1299 -883.5101
-881.6941 -921.5685 -886.1713
-881.6941 -903.0489 -884.0775
-881.6941 -914.0526 -883.2886
-881.6941 -943.1101 -889.0310
-881.6941 -916.8197 -886.2566
-881.6941 -944.3672 -888.8205
-881.6941 -917.0072 -887.3086
-881.6941 -921.7818 -889.1678
-881.6941 -932.1046 -901.7002
-881.6941 -934.5656 -901.7513
-881.6941 -932.9392 -892.4866
-881.6941 -921.9599 -888.4502
-881.6941 -942.2421 -884.3602
-881.6941 -918.1712 -884.1312
-881.6941 -931.2653 -884.3805
-881.6941 -921.0752 -889.5596
-881.6941 -930.7295 -902.2875
-881.6941 -956.2429 -910.1509
-881.6941 -944.0693 -896.0940
-881.6941 -914.3993 -886.0228
-881.6941 -906.5176 -884.8735
-881.6941 -933.3220 -890.1485
-881.6941 -939.1689 -888.9490
-881.6941 -912.6989 -886.8209
-881.6941 -897.6079 -883.6450
-881.6941 -894.0107 -882.7112
-881.6941 -921.6441 -885.1449
-881.6941 -926.5960 -893.6692
-881.6941 -939.9947 -895.5728
-881.6941 -935.7967 -887.6589
-881.6941 -896.6975 -883.7934
-881.6941 -917.9285 -887.6008
-881.6941 -903.1563 -885.5753
-881.6941 -955.9251 -889.0199
-881.6941 -909.4651 -883.1422
-881.6941 -926.3322 -888.0564
-881.6941 -948.8468 -903.8695
-881.6941 -937.7107 -888.6633
-881.6941 -940.7184 -887.6057
-881.6941 -916.7772 -887.2272
-881.6941 -912.8469 -886.4515
-880.3291 -909.1195 -884.2495
-880.3291 -941.7062 -894.2889
-880.3291 -925.4915 -885.0154
-880.3291 -923.0379 -892.6944
-880.3291 -911.8669 -884.2433
-880.3291 -929.8649 -883.0805
-880.3291 -916.0027 -883.1311
-880.3291 -933.1090 -886.7713
-880.3291 -911.5619 -884.0472
-880.3291 -898.0029 -881.4082
-880.3291 -908.1558 -882.8610
-880.3291 -924.6357 -883.8387
-880.3291 -885.5843 -880.6879
-880.3291 -900.7710 -882.2253
-880.3291 -898.9880 -883.2629
-880.3291 -909.4816 -882.8517
-880.3291 -894.3473 -882.3259
-880.3291 -906.9598 -880.8617
-880.3291 -902.0490 -881.6340
-880.3291 -898.3867 -881.3354
-880.3291 -903.9230 -883.3397
-880.3291 -909.7789 -882.7654
-880.3291 -921.2272 -891.5425
-880.3291 -919.5503 -886.0906
-880.3291 -899.2831 -885.9336
-880.3291 -943.1939 -888.4569
-880.3291 -896.6521 -883.1256
-880.3291 -938.8013 -887.8811
-880.3291 -942.2858 -903.2738
-880.3291 -926.1149 -890.2447
-880.3291 -912.0352 -889.8438
-880.3291 -892.9360 -881.2927
-880.3291 -897.4502 -882.8099
-880.3291 -942.0562 -886.0266
-880.3291 -914.3409 -884.5106
-880.3291 -931.3099 -893.1414
-880.3291 -939.0506 -892.1981
-880.3291 -960.1950 -883.9349
-880.3291 -919.2408 -885.3391
-880.3291 -896.8538 -881.1938
-880.3291 -910.6524 -883.9652
-880.3291 -902.4866 -881.8102
-880.3291 -944.7865 -901.0548
-880.3291 -937.9552 -897.8186
-880.3291 -933.2567 -891.9667
-880.3291 -895.2873 -881.1542
-880.3291 -925.4986 -883.5953
-880.3291 -918.7757 -882.7598
-880.3291 -899.3595 -881.7875
-880.3291 -902.3700 -881.4084
-880.3291 -926.5190 -891.3452
-880.3291 -931.2649 -886.0843
-880.3291 -922.5915 -887.1585
-880.3291 -913.5433 -886.3987
-872.3048 -919.4531 -882.3406
-872.3048 -921.8551 -884.7035
-872.3048 -933.0448 -886.8271
-872.3048 -914.0131 -878.2785
-872.3048 -915.9140 -877.5302
-872.3048 -904.6228 -881.1263
-872.3048 -901.5610 -874.4394
-872.3048 -933.0727 -878.3482
-872.3048 -900.2712 -878.6120
-872.3048 -900.6954 -878.4566
-872.3048 -919.6150 -884.7837
-872.3048 -911.0286 -880.5697
-872.3048 -929.3089 -884.3067
-872.3048 -937.9995 -877.5586
-872.3048 -913.8965 -879.7637
-872.3048 -929.4649 -879.4854
-872.3048 -924.3555 -888.2721
-872.3048 -920.4400 -883.3235
-872.3048 -931.9364 -881.1425
-872.3048 -937.0562 -880.5313
-872.3048 -925.3544 -876.7173
-872.3048 -902.0724 -874.3427
-872.3048 -921.8264 -878.8356
-872.3048 -908.5392 -877.8074
-872.3048 -929.7814 -877.2294
-872.3048 -906.1486 -881.2183
-872.3048 -917.4446 -875.2586
-872.3048 -923.6071 -878.3671
-872.3048 -885.2518 -873.5070
-872.3048 -911.2505 -875.2457
-872.3048 -916.9340 -885.2379
-872.3048 -926.5971 -879.4764
-872.3048 -916.9742 -893.0349
-872.3048 -910.6164 -886.5463
-872.3048 -913.0953 -878.7765
-872.3048 -911.2505 -876.0226
-872.3048 -905.0100 -875.2048
-872.3048 -913.0375 -877.0987
-872.3048 -897.6469 -879.6211
-872.3048 -922.1410 -885.3208
-872.3048 -922.1410 -879.7957
-872.3048 -911.2786 -877.4923
-872.3048 -897.3651 -877.0720
-872.3048 -890.0121 -873.6632
-872.3048 -908.6079 -878.3977
-872.3048 -900.7064 -880.1849
-872.3048 -926.4218 -888.1587
-872.3048 -916.6412 -882.8408
-872.3048 -900.2341 -877.6166
-872.3048 -889.5051 -874.3145
-872.3048 -913.1376 -880.7896
-872.3048 -904.3528 -882.1036
-872.3048 -941.1289 -882.9926
-872.3048 -923.1632 -883.2272
-872.3048 -914.2221 -880.5807
-872.3048 -914.0541 -876.5036
-872.3048 -931.3245 -890.0286
-872.3048 -953.3488 -889.7241
-872.3048 -944.9105 -887.4155
-872.3048 -947.2791 -885.1726
-872.3048 -930.5161 -906.7889
-872.3048 -949.4886 -884.6807
-872.3048 -897.5476 -873.6830
-872.3048 -912.3925 -874.6790
-872.3048 -908.5096 -878.7182
-872.3048 -927.4064 -875.3802
-872.3048 -912.3338 -878.7456
-872.3048 -915.0061 -884.7657
-872.3048 -948.2054 -884.6181
-872.3048 -901.4808 -882.1713
-872.3048 -934.0520 -882.0074
-872.3048 -925.6329 -882.1989
-872.3048 -923.1781 -875.8996
-872.3048 -885.4486 -874.0763
-872.3048 -891.9218 -875.2082
-872.3048 -922.5465 -880.8674
-872.3048 -922.6133 -894.2786
-872.3048 -925.7510 -885.2282
-872.3048 -939.0237 -880.4413
-872.3048 -952.0959 -878.7962
-872.3048 -938.7642 -882.6658
-872.3048 -894.8212 -876.1879
-872.3048 -923.5753 -882.7885
-872.3048 -912.0162 -878.3791
-872.3048 -912.4619 -876.6728
-872.3048 -930.1865 -883.0673
-872.3048 -943.3890 -880.2833
-872.3048 -903.2006 -875.3205
-872.3048 -905.2937 -884.3466
-872.3048 -912.1759 -874.2106
-872.3048 -901.1415 -877.2313
-872.3048 -892.8022 -877.9460
-872.3048 -909.6567 -876.2657
-872.3048 -915.9009 -876.0255
-872.3048 -919.9879 -885.6563
-872.3048 -921.4976 -887.1790
-872.3048 -934.2253 -899.7137
-872.3048 -977.6138 -894.2544
-872.3048 -924.5982 -883.9472
-872.3048 -917.6916 -886.2721
-872.3048 -936.2550 -882.1187
-872.3048 -899.8681 -875.5908
-872.3048 -884.6399 -872.6407
-872.3048 -890.7277 -873.1623
-872.3048 -895.8518 -874.5057
-872.3048 -895.7888 -874.4623
-872.3048 -891.9763 -873.3492
-872.3048 -918.9792 -884.2757
-872.3048 -948.1168 -876.9967
-872.3048 -901.1415 -883.5028
-872.3048 -907.9134 -880.4150
-872.3048 -903.7187 -877.2486
-871.7229 -924.8494 -875.3113
-871.7229 -905.2937 -875.9198
-871.7229 -933.7101 -882.4262
-871.7229 -907.9375 -875.6999
-871.7229 -906.8922 -882.3134
-871.7229 -921.9587 -884.7841
-871.7229 -898.3536 -882.3156
-871.7229 -902.3752 -874.7605
-871.7229 -908.2813 -877.7766
-871.7229 -933.4002 -877.0806
-871.7229 -916.6196 -878.7139
-871.7229 -906.8061 -885.1310
-871.7229 -909.8680 -878.9545
-871.7229 -911.4337 -879.7472
-871.7229 -926.0336 -885.6665
-871.7229 -923.4934 -875.2016
-871.7229 -912.6788 -879.6283
-871.7229 -931.9595 -888.4720
-871.7229 -910.5562 -877.3295
-871.7229 -916.0665 -881.0537
-871.7229 -935.0344 -882.7270
-871.7229 -939.3029 -877.7148
-871.7229 -968.4110 -881.6103
-871.7229 -906.1662 -874.4454
-871.7229 -937.0105 -875.2619
-871.7229 -915.7290 -877.3314
-871.7229 -883.7596 -873.4168
-871.7229 -894.5417 -875.3215
-871.7229 -903.6775 -874.8889
-871.7229 -931.6226 -879.3603
-871.7229 -919.6613 -878.2974
-865.3854 -924.4420 -872.5749
-865.3854 -893.3481 -870.6754
-858.9373 -897.0165 -866.4257
-858.9373 -905.5966 -872.6518
-858.9373 -912.2272 -878.0919
-858.9373 -915.5415 -868.8894
-856.4691 -895.4479 -861.9940
-856.4691 -899.7695 -860.9211
-856.4691 -925.2181 -861.5393
-856.4691 -936.9238 -866.3869
-856.4691 -927.0035 -863.1348
-856.4691 -891.0439 -861.0654
-856.4691 -915.3980 -872.0715
-856.4691 -884.7175 -865.0833
-856.4691 -901.9016 -863.6732
-856.4691 -887.6864 -859.0393
-856.4691 -875.8736 -857.9536
-856.4691 -905.7484 -873.4780
-856.4691 -909.3848 -862.2962
-856.4691 -918.3247 -863.9747
-856.4691 -909.3884 -862.1086
-856.4691 -894.3364 -861.7202
-856.4691 -880.5000 -860.0312
-856.4691 -890.2066 -858.2664
-856.4691 -879.2840 -857.5088
-856.4691 -892.6738 -859.0085
-856.4691 -883.9558 -858.3990
-856.4691 -883.2447 -857.8168
-856.4691 -885.3562 -859.2455
-856.4691 -878.4712 -857.1778
-856.4691 -892.1372 -872.1351
-856.4691 -897.1367 -861.9113
-856.4691 -892.4127 -857.8103
-856.4691 -883.8945 -860.2517
-856.4691 -883.1365 -858.7775
-856.4691 -876.6936 -860.1158
-856.4691 -888.3206 -858.2053
-856.4691 -878.7339 -858.1134
-856.4691 -865.5331 -857.0354
-856.4691 -872.9938 -857.3688
-856.4691 -895.6845 -858.4482
-856.4691 -893.8911 -865.6260
-856.4691 -889.8922 -859.1603
-856.4691 -884.8597 -858.2109
-856.4691 -882.2241 -858.1051
-856.4691 -891.0312 -862.0836
-856.4691 -891.1633 -863.0280
-856.4691 -877.4941 -860.1488
-856.4691 -907.8554 -866.4816
-856.4691 -904.5718 -865.9431
-856.4691 -903.1833 -861.3010
-856.4691 -920.6203 -871.5623
-856.4691 -910.8319 -869.1184
-856.4691 -912.3942 -870.9514
-856.4691 -920.4067 -876.0559
-856.4691 -880.7286 -859.9987
-856.4691 -918.3364 -858.5077
-856.4691 -869.4766 -857.3144
-856.4691 -868.2883 -857.6531
-856.4691 -885.3460 -864.0940
-856.4691 -902.6847 -866.2024
-856.4691 -897.4209 -865.0639
-856.4691 -904.9561 -863.0251
-856.4691 -871.6001 -857.7033
-856.4691 -890.9444 -857.8618
-856.4691 -900.5425 -860.0882
-856.4691 -892.1463 -859.9803
-856.4691 -903.8376 -858.1186
-856.4691 -871.5952 -856.8745
-856.4691 -873.3291 -858.9349
-856.4691 -880.0853 -860.6259
-856.1165 -879.8104 -857.7035
-856.1165 -898.9154 -865.3058
-856.1165 -880.8856 -861.5693
-856.1165 -905.3151 -863.4331
-856.1165 -872.6444 -859.1303
-856.1165 -925.6597 -863.5110
-856.1165 -899.3486 -861.7114
-856.1165 -878.9958 -857.9769
-856.1165 -892.2729 -860.2353
-856.1165 -901.9096 -867.1620
-856.1165 -894.6148 -860.1160
-856.1165 -872.3856 -858.9147
-856.1165 -898.8656 -859.0604
-856.1165 -921.3030 -860.8374
-856.1165 -904.6018 -868.8103
-856.1165 -872.9660 -858.4911
-856.1165 -906.5271 -864.7783
-856.1165 -890.3287 -863.2713
-856.1165 -901.2190 -867.1765
-856.1165 -876.9868 -859.2351
-856.1165 -887.2715 -864.2687
-856.1165 -885.4165 -860.4593
-856.1165 -896.8390 -863.6099
-856.1165 -859.5904 -856.2555
-856.1165 -869.6778 -858.5336
-856.1165 -864.2319 -857.1077
-856.1165 -880.7101 -857.5362
-856.1165 -877.6633 -856.7191
-856.1165 -880.6162 -856.6065
-856.1165 -874.8224 -859.4950
-856.1165 -904.5238 -862.6424
-856.1165 -893.9363 -858.8245
-856.1165 -868.7234 -857.0936
-856.1165 -893.3129 -860.7043
-856.1165 -887.4318 -858.7914
-856.1165 -902.0177 -859.9372
-856.1165 -879.9872 -856.7273
-856.1165 -890.1283 -860.4173
-856.1165 -941.7236 -859.8678
-856.1165 -916.8621 -863.6089
-856.1165 -905.5560 -860.5365
-856.1165 -905.0853 -859.5142
-856.1165 -894.2888 -858.5443
-853.6376 -884.9654 -858.7458
-853.6376 -884.1598 -864.9661
-853.6376 -923.1977 -867.6515
-853.6376 -933.7349 -868.6806
-853.6376 -917.9044 -860.2395
-853.6376 -903.1702 -866.3300
-853.6376 -915.4170 -860.5919
-853.6376 -880.7077 -854.7131
-853.6376 -891.9667 -857.6356
-853.6376 -876.2622 -854.7841
-853.6376 -874.2245 -855.3711
-853.6376 -874.2245 -856.0987
-853.6376 -865.8732 -856.3407
-853.6376 -868.3006 -855.3028
-853.6376 -884.3968 -856.6038
-853.6376 -882.8937 -854.8662
-853.6376 -899.3970 -859.9814
-853.6376 -882.6272 -863.0570
-853.6376 -891.9653 -860.7039
-853.6376 -906.1433 -857.4765
-853.6376 -919.7973 -864.7068
-853.6376 -903.6036 -857.6628
-853.6376 -877.4418 -856.3647
-853.6376 -906.5363 -856.7732
-853.6376 -898.3228 -862.6119
-853.6376 -864.8819 -855.6413
-853.6376 -873.6241 -858.2403
-853.6376 -895.4488 -856.6866
-853.6376 -874.0394 -855.6283
-853.6376 -884.8549 -858.4860
-853.6376 -891.9889 -856.9028
-853.6376 -895.1636 -858.2006
-853.6376 -885.2991 -855.0852
-853.6376 -902.1228 -864.8371
-853.6376 -901.0743 -858.8790
-853.6376 -890.8113 -857.9934
-853.6376 -901.9791 -864.4792
-853.6376 -883.6832 -856.6932
-853.6376 -895.0468 -860.2925
-853.6376 -890.1183 -855.6797
-853.6376 -870.2858 -855.3441
-853.6376 -890.1793 -860.3244
-853.6376 -886.7516 -858.2905
-853.6376 -885.0707 -857.0019
-853.6376 -905.9624 -860.3711
-853.6376 -893.9987 -858.1198
-853.6376 -907.5458 -860.0323
-853.6376 -886.4926 -856.1869
-853.6376 -882.1208 -858.1652
-853.6376 -882.1208 -859.7730
-853.6376 -891.2425 -860.7559
-853.6376 -911.5192 -855.8769
-853.6376 -872.1732 -854.9754
-853.6376 -878.5223 -854.7970
-853.6376 -879.4255 -859.2007
-853.6376 -940.1687 -864.5411
-853.6376 -886.0962 -861.8306
-853.6376 -895.6278 -864.1104
-853.6376 -916.5773 -866.7276
-853.6376 -898.8855 -860.8298
-853.6376 -887.8011 -856.9336
-853.6376 -881.6040 -854.8499
-853.6376 -894.5894 -857.3143
-853.6376 -885.8068 -855.7978
-853.6376 -907.7236 -857.1730
-853.6376 -880.3411 -856.1282
-853.6376 -872.4965 -859.8692
-853.6376 -897.1314 -861.1625
-853.6376 -887.0827 -868.1141
-853.6376 -895.3596 -869.9850
-853.6376 -958.6673 -863.2425
-853.6376 -924.7268 -857.6028
-853.6376 -871.6500 -854.4898
-853.6376 -863.8947 -856.0436
-853.6376 -913.5253 -868.6758
-853.6376 -921.6582 -864.6788
-853.6376 -898.0834 -861.0041
-853.6376 -896.8894 -868.6857
-853.6376 -872.0162 -855.0048
-853.6376 -882.0391 -856.0385
-853.6376 -908.2660 -857.1916
-853.6376 -910.8745 -863.7189
-853.6376 -909.7409 -861.8936
-853.6376 -892.4612 -858.9407
-853.6376 -906.8428 -863.9946
-853.6376 -893.4035 -861.2121
-853.6376 -914.4494 -857.0138
-853.6376 -905.2246 -867.8954
-853.6376 -904.0672 -861.3532
-853.6376 -913.4804 -869.0006
-853.6376 -899.5343 -859.8225
-853.6376 -869.7248 -857.6761
-853.6376 -883.1237 -860.5890
-853.6376 -882.8136 -856.5920
-853.6376 -897.5010 -862.3039
-853.6376 -883.5162 -858.1471
-853.6376 -902.3523 -864.7522
-853.6376 -903.9493 -856.7278
-853.6376 -863.0968 -854.2486
-853.6376 -884.6084 -855.5344
-853.6376 -882.8892 -855.8680
-853.6376 -885.0016 -856.9088
-853.6376 -875.2728 -857.9878
-853.6376 -892.6431 -857.1761
-853.6376 -900.9542 -860.7310
-853.6376 -877.1858 -856.5030
-853.6376 -886.0028 -859.3672
-853.6376 -859.9515 -853.9920
-853.6376 -886.0201 -856.9915
-853.6376 -865.9779 -855.7512
-853.6376 -901.5651 -861.0053
-853.6376 -909.6687 -864.2006
-853.6376 -901.7333 -862.8697
-853.6376 -881.8033 -856.5159
-853.6376 -891.6701 -858.8509
-853.6376 -904.3788 -876.0072
-853.6376 -934.1090 -859.2598
-853.6376 -890.5069 -856.3385
-853.6376 -909.9455 -859.7459
-853.6376 -919.3482 -860.1401
-853.6376 -916.8489 -860.6024
-853.6376 -907.0314 -861.9905
-853.6376 -923.7936 -867.1743
-853.6376 -896.3866 -863.1833
-853.6376 -883.0011 -858.1436
-853.6376 -895.4488 -858.4485
-853.6376 -912.9913 -863.7126
-853.6376 -886.8515 -857.3074
-853.6376 -908.5793 -857.9301
-853.6376 -920.5255 -863.2539
-853.6376 -898.1020 -863.0864
-853.6376 -875.7732 -854.5158
-853.6376 -903.4871 -871.3138
-853.6376 -917.3345 -866.4122
-853.6376 -870.2234 -856.4941
-853.6376 -881.2735 -855.4478
-853.6376 -900.9684 -856.5081
-853.6376 -896.9098 -865.9793
-853.6376 -895.5769 -860.3338
-853.6376 -883.6013 -861.6597
-853.6376 -904.0994 -856.2756
-853.6376 -889.6160 -855.9085
-853.6376 -893.1819 -862.0500
-853.6376 -912.2727 -858.8671
-853.6376 -867.4585 -854.3178
-853.6376 -887.2924 -857.0044
-853.6376 -889.8730 -863.2078
-853.6376 -905.9603 -861.0712
-853.6376 -874.6057 -855.7845
-853.6376 -902.1040 -858.4161
-853.6376 -896.9170 -861.2306
-853.6376 -915.8113 -871.5846
-853.6376 -904.6801 -871.0180
-853.6376 -929.2877 -864.0028
-853.6376 -872.1368 -858.4560
-853.6376 -865.6216 -856.1625
-853.6376 -900.3977 -860.3924
-853.6376 -898.2667 -860.7702
-853.6376 -917.1866 -861.8866
-853.6376 -898.2667 -856.0668
-853.6376 -873.6678 -855.2466
-853.6376 -865.7850 -854.3638
-853.6376 -878.6385 -861.3881
-853.6376 -911.2648 -878.6692
-853.6376 -914.4697 -865.8327
-853.6376 -931.6957 -863.7035
-853.6376 -873.9261 -855.9777
-853.6376 -884.4960 -857.3704
-853.6376 -878.1353 -856.5443
-853.6376 -880.2682 -854.3349
-853.6376 -913.5844 -865.7027
-853.6376 -920.5415 -864.1529
-853.6376 -912.5674 -873.3544
-853.6376 -914.5653 -861.5753
-853.6376 -910.7708 -873.9289
-853.6376 -886.3130 -860.7260
-853.6376 -874.4967 -855.7880
-853.6376 -861.6115 -853.8753
-853.6376 -872.9790 -856.5219
-853.6376 -869.0554 -854.2543
-853.6376 -858.8242 -853.7413
-853.6376 -867.0141 -855.8830
-853.6376 -897.1962 -856.4997
-853.6376 -859.8891 -853.7838
-853.6376 -879.3903 -857.4627
-853.6376 -897.5010 -857.7976
-853.6376 -899.2251 -856.5125
-853.6376 -894.0588 -864.1380
-853.6376 -882.7380 -857.0942
-853.6376 -877.5083 -854.8260
-853.6376 -868.2771 -854.0860
-853.6376 -871.2727 -856.7771
-853.6376 -901.8083 -864.0213
-853.6376 -898.9646 -858.7990
-853.6376 -869.5514 -854.1497
-853.6376 -873.3091 -856.8977
-853.6376 -872.2965 -855.8874
-853.6376 -897.8887 -859.2209
-853.6376 -918.9627 -865.5944
-853.6376 -911.6546 -873.3647
-853.6376 -922.0459 -872.3310
-853.6376 -903.0463 -860.7759
-853.6376 -908.8175 -861.0597
-853.6376 -881.4538 -855.7395
-853.6376 -910.4184 -861.1979
-853.6376 -889.0584 -857.2549
-853.6376 -874.6272 -856.2050
-853.6376 -897.9658 -858.9107
-853.6376 -894.6697 -864.1681
-853.6376 -924.0658 -861.4875
-853.6376 -889.3112 -858.9814
-853.6376 -893.9179 -858.7344
-853.6376 -877.5739 -859.2964
-853.6376 -908.3462 -859.8158
-853.6376 -872.5619 -855.1510
-853.6376 -893.8810 -864.3298
-853.6376 -919.1825 -863.5873
-853.6376 -883.0982 -857.3633
-853.6376 -909.3545 -865.1305
-853.6376 -888.7010 -860.1331
-853.6376 -934.7442 -873.7427
-853.6376 -926.2949 -868.3377
-853.6376 -889.3682 -859.7543
-853.6376 -911.1558 -860.8463
-853.6376 -912.9075 -858.4534
-853.6376 -892.0250 -863.4137
-853.6376 -898.3069 -859.8348
-853.6376 -902.0934 -856.2641
-853.6376 -878.6385 -854.4370
-853.6376 -898.4010 -865.6876
-853.6376 -898.8893 -863.2046
-853.6376 -888.8777 -859.4271
-853.6376 -884.2924 -855.4362
-853.6376 -905.7822 -861.0134
-853.6376 -906.6275 -870.0800
-853.6376 -903.1600 -873.6439
-853.6376 -908.8216 -863.7523
-853.6376 -892.8530 -860.6843
-853.6376 -880.2889 -862.1677
-853.6376 -885.8983 -858.1712
-853.6376 -888.1802 -863.6297
-853.6376 -877.1435 -856.2476
-853.6376 -880.2889 -855.5571
-853.6376 -901.1821 -858.8857
-853.6376 -903.9798 -858.8206
-853.6376 -903.0328 -856.1248
-853.6376 -873.0421 -859.4769
-853.6376 -897.6337 -870.9650
-853.6376 -893.4035 -857.6169
-853.6376 -892.1372 -865.4278
-853.6376 -896.6545 -865.1262
-853.6376 -919.0197 -874.0756
-853.6376 -895.4240 -862.6184
-853.6376 -907.4177 -856.4993
-853.6376 -908.9435 -861.0330
-853.6376 -907.6477 -864.0786
-853.6376 -895.5769 -863.8755
-853.6376 -886.8204 -860.6871
-853.6376 -897.4900 -859.6389
-853.6376 -897.0807 -862.2891
-853.6376 -901.8083 -862.8331
-853.6376 -927.9734 -872.3898
-853.6376 -926.8851 -867.5716
-853.6376 -888.3276 -861.0831
-853.6376 -893.7245 -856.7842
-853.6376 -924.3728 -861.1588
-853.6376 -888.6561 -858.9405
-853.6376 -909.9337 -860.2159
-853.6376 -883.3063 -858.6474
-853.6376 -899.9523 -859.9238
-853.6376 -867.3603 -854.7238
-853.6376 -877.1473 -854.2980
-853.6376 -877.1473 -854.5746
-853.6376 -915.7274 -855.6323
-853.6376 -878.1353 -855.8695
-853.6376 -887.3750 -855.9520
-853.6376 -918.2228 -867.4439
-853.6376 -901.9692 -860.0646
-853.6376 -904.5950 -860.8184
-853.6376 -898.2710 -855.3467
-853.6376 -869.9606 -855.0344
-853.6376 -915.5597 -862.9894
-853.6376 -925.9637 -856.9026
-853.6376 -885.3509 -859.6624
-853.6376 -876.5388 -858.1875
-853.6376 -906.3311 -873.4969
-853.6376 -916.5580 -869.7346
-853.6376 -882.8934 -856.0424
-853.6376 -900.7405 -862.6238
-853.6376 -911.6827 -865.9285
-853.6376 -882.4864 -863.9993
-853.6376 -981.9139 -865.2703
-853.6376 -936.8847 -870.3139
-853.6376 -917.2080 -861.8309
-853.6376 -858.4019 -854.0486
-853.6376 -881.7948 -857.8213
-853.6376 -871.0339 -854.4459
-853.6376 -893.7438 -856.2511
-853.6376 -869.6357 -854.1359
-853.6376 -897.9658 -856.1960
-853.6376 -897.9658 -860.8991
-853.6376 -899.1867 -859.2256
-853.6376 -931.2866 -861.8921
-853.6376 -880.6268 -856.7134
-853.6376 -876.8591 -857.7679
-853.6376 -896.8353 -860.6199
-853.6376 -908.7901 -861.7782
-853.6376 -902.9500 -859.0255
-853.6376 -865.6216 -854.7476
-853.6376 -903.4246 -859.5636
-853.6376 -918.2720 -878.4784
-853.6376 -933.9921 -864.1386
-853.6376 -890.0730 -855.5740
-853.6376 -899.1808 -866.0311
-853.6376 -882.6272 -858.8162
-853.6376 -881.8145 -855.0499
-853.6376 -887.4448 -856.4232
-853.6376 -881.4538 -856.7820
-853.6376 -934.9502 -867.5073
-853.6376 -882.3802 -859.3805
-853.6376 -905.4080 -861.1930
-853.6376 -909.3575 -862.9401
-853.6376 -886.8341 -854.3015
-853.6376 -871.6133 -854.4853
-853.6376 -909.8927 -855.6432
-853.6376 -881.2008 -858.8661
-853.6376 -886.4827 -860.4869
-853.6376 -905.5264 -859.7802
-853.6376 -904.2696 -861.6767
-853.6376 -880.0700 -857.9748
-853.6376 -870.6920 -855.5425
-853.6376 -889.8730 -859.0062
-853.6376 -884.5334 -858.0450
-853.6376 -879.6029 -854.4631
-853.6376 -887.4642 -861.5814
-853.6376 -919.9979 -864.7562
-853.6376 -874.9924 -857.6517
-853.6376 -882.5744 -860.0175
-853.6376 -904.9811 -860.9131
-853.6376 -910.6416 -866.3926
-853.6376 -910.1347 -866.2511
-853.6376 -887.6871 -857.5777
-853.6376 -857.7389 -853.8016
-853.6376 -880.7042 -857.1509
-853.6376 -875.0841 -855.3193
-853.6376 -862.7797 -854.5107
-853.6376 -866.7251 -853.9417
-853.6376 -905.2246 -862.5275
-853.6376 -933.1598 -864.4378
-853.6376 -893.6834 -857.7558
-853.6376 -868.7686 -856.7731
-853.6376 -919.6097 -866.4544
-853.6376 -892.7789 -860.6445
-853.6376 -914.3154 -864.0272
-853.6376 -903.4348 -857.4519
-853.6376 -875.9055 -858.4425
-853.6376 -887.1866 -862.4377
-853.6376 -891.9764 -864.1506
-853.6376 -896.0771 -860.7647
-853.6376 -909.9305 -875.3564
-853.6376 -915.8509 -860.8116
-853.6376 -906.5626 -856.8236
-853.6376 -863.7744 -853.9790
-853.6376 -874.9162 -854.5683
-853.6376 -859.4282 -854.2166
-853.6376 -869.3788 -855.8542
-853.6376 -885.0338 -857.5892
-853.6376 -885.1850 -860.0272
-853.6376 -901.8755 -855.4519
-853.6376 -889.8725 -857.4382
-853.6376 -897.9220 -863.0956
-853.6376 -922.1402 -865.0864
-853.6376 -895.1707 -858.8385
-853.6376 -891.8308 -858.6180
-853.6376 -921.1503 -856.1288
-853.6376 -858.3331 -853.7967
-853.6376 -878.1791 -855.8631
-853.6376 -906.1821 -859.7256
-853.6376 -907.5375 -857.2655
-853.6376 -880.1623 -855.6546
-853.6376 -879.8126 -856.8509
-853.6376 -913.2691 -861.4830
-853.6376 -904.6075 -864.1489
-853.6376 -914.5066 -865.2636
-853.6376 -901.6108 -863.1802
-853.6376 -893.3193 -860.3741
-853.6376 -890.5342 -864.8972
-853.6376 -877.6450 -856.5521
-853.6376 -874.6625 -857.2827
-853.6376 -886.6227 -861.2730
-853.6376 -915.8987 -867.6723
-853.6376 -937.5905 -870.4021
-853.6376 -916.9693 -873.4328
-853.6376 -902.2445 -860.8130
-853.6376 -868.0058 -854.6096
-853.6376 -890.6163 -856.9298
-853.6376 -903.5555 -866.8150
-853.6376 -925.6674 -869.2453
-853.6376 -923.6435 -869.2307
-853.6376 -924.2006 -863.8466
-853.6376 -896.8894 -863.2514
-853.6376 -887.1665 -863.7134
-853.6376 -903.2007 -861.7113
-853.6376 -902.9443 -858.0961
-853.6376 -923.2500 -860.8107
-853.6376 -896.2121 -858.4407
-853.6376 -895.4920 -855.8498
-853.6376 -877.5739 -854.5068
-853.6376 -865.8914 -854.3982
-853.6376 -893.4073 -857.4034
-853.6376 -883.6332 -854.4267
-853.6376 -870.4871 -854.5574
-853.6376 -868.7636 -855.5204
-853.6376 -899.7626 -863.3686
-853.6376 -892.9631 -855.5722
-853.6376 -870.0705 -854.0031
-853.6376 -894.6641 -861.3850
-853.6376 -887.6698 -857.9604
-853.6376 -879.4978 -855.6206
-853.6376 -896.9319 -859.0089
-853.6376 -897.6426 -855.8675
-853.6376 -891.0596 -862.8295
-853.6376 -897.6426 -858.6494
-853.6376 -877.1885 -855.7925
-853.6376 -859.6759 -854.0118
-853.6376 -875.6396 -854.6300
-853.6376 -876.9789 -855.4061
-853.6376 -871.5426 -854.7377
-853.6376 -903.8519 -855.1643
-853.6376 -884.6762 -854.6815
-853.6376 -882.3717 -856.4881
-853.6376 -867.4034 -854.4098
-853.6376 -891.7998 -855.7711
-853.6376 -856.9706 -853.7042
-853.6376 -896.0771 -857.7404
-853.6376 -895.6278 -858.4399
-853.6376 -884.1284 -862.7829
-853.6376 -904.7540 -868.6336
-853.6376 -902.8818 -864.4612
-853.6376 -890.2843 -859.8801
-853.6376 -863.0704 -854.4203
-853.6376 -869.5234 -854.3669
-853.6376 -879.3840 -854.6824
-853.6376 -904.1908 -863.1768
-853.6376 -905.1119 -865.0014
-853.6376 -884.7412 -857.7252
-853.6376 -853.6376 -853.6376
-853.6376 -870.5991 -854.5090
-853.6376 -878.3690 -855.8753
-853.6376 -912.5711 -859.9093
-853.6376 -911.1546 -864.1876
-853.6376 -890.1384 -859.0283
-853.6376 -874.1047 -855.8703
-853.6376 -870.6898 -855.4738
-853.6376 -906.3671 -855.2422
-853.6376 -870.1495 -853.9678
-853.6376 -882.4864 -856.7686
-853.6376 -884.9840 -861.3610
-853.6376 -892.1372 -861.1879
-853.6376 -896.9541 -870.3685
-853.6376 -920.7065 -872.8231
-853.6376 -921.6269 -863.3626
-853.6376 -877.8489 -858.9030
-853.6376 -916.2279 -870.9772
-853.6376 -942.8171 -877.0381
-853.6376 -896.4476 -865.1203
-853.6376 -914.1616 -859.8679
-853.6376 -902.0449 -858.2863
-853.6376 -909.4729 -861.5456
-853.6376 -910.1888 -860.8365
-853.6376 -864.0273 -854.2342
-853.6376 -864.1575 -855.1427
-853.6376 -889.4368 -857.0927
-853.6376 -916.9524 -864.1086
-853.6376 -942.6221 -861.9398
-853.6376 -881.9286 -854.6970
-853.6376 -863.2898 -855.6012
-853.6376 -895.6278 -861.5110
-853.6376 -896.8212 -862.9259
-853.6376 -901.5992 -864.3212
-853.6376 -903.6705 -860.8340
-853.6376 -908.8599 -875.1693
-853.6376 -932.3765 -886.2747
-853.6376 -904.4610 -868.8853
-853.6376 -885.6674 -857.5980
-853.6376 -880.0790 -859.6134
-853.6376 -874.9146 -858.2433
-853.6376 -872.2141 -854.7545
-853.6376 -896.8327 -861.0606
-853.6376 -888.2376 -856.5039
-853.6376 -869.6725 -855.1186
-853.6376 -901.8083 -859.7754
-853.6376 -888.7246 -857.8417
-853.6376 -913.9533 -856.5242
-853.6376 -878.6385 -857.0063
-853.6376 -901.8554 -860.5349
-853.6376 -899.0054 -865.8111
-853.6376 -900.9874 -870.0063
-853.6376 -888.2917 -861.9735
-853.6376 -896.3684 -865.6651
-853.6376 -915.3647 -867.4956
-853.6376 -910.7961 -869.9679
-853.6376 -903.3100 -863.8152
-853.6376 -890.0447 -861.4788
-853.6376 -906.3135 -873.1269
-853.6376 -916.6239 -866.3449
-853.6376 -906.3698 -866.2147
-853.6376 -883.4459 -857.2746
-853.6376 -872.5619 -854.4133
-853.6376 -877.8489 -855.0179
-853.6376 -882.9612 -858.1814
-853.6376 -900.6957 -857.5779
-853.6376 -888.6561 -856.7048
-853.6376 -897.9549 -859.7317
-853.6376 -876.9647 -855.8298
-853.6376 -920.2865 -859.7147
-853.6376 -907.8323 -865.7573
-853.6376 -899.7395 -863.6919
-853.6376 -918.6172 -872.2214
-853.6376 -948.1736 -893.5587
-853.6376 -928.8950 -871.3955
-853.6376 -875.2857 -855.0476
-853.6376 -922.8199 -857.7628
-853.6376 -908.8175 -875.1208
-853.6376 -938.6769 -867.6629
-853.6376 -890.1384 -865.7344
-853.6376 -889.8114 -873.7500
-853.6376 -918.2948 -877.1486
-853.6376 -911.5393 -867.5266
-853.6376 -886.8341 -859.4469
-853.6376 -893.8866 -856.1038
-853.6376 -896.7291 -856.8673
-853.6376 -892.1358 -863.6751
-853.6376 -874.0866 -856.5580
-853.6376 -895.4532 -858.3530
-853.6376 -898.0891 -856.0003
-853.6376 -902.1246 -855.3032
-853.6376 -903.1120 -862.6492
-853.6376 -869.3518 -855.0652
-853.6376 -899.8026 -861.3620
-853.6376 -881.7948 -854.9079
-853.6376 -858.8851 -854.0250
-853.6376 -913.5948 -857.2752
-853.6376 -897.1170 -859.3202
-853.6376 -904.7953 -859.5125
-853.6376 -901.0392 -857.2545
-853.6376 -900.3629 -859.9279
-853.6376 -893.8866 -855.3435
-853.6376 -886.5037 -861.0430
-853.6376 -877.0244 -857.2680
-853.6376 -906.0933 -860.7757
-853.6376 -904.2758 -862.4362
-853.6376 -892.4809 -862.0654
-853.6376 -911.2648 -863.1129
-853.6376 -901.1945 -860.0860
-853.6376 -896.6658 -859.6148
-853.6376 -853.6376 -853.6376
-853.6376 -881.6808 -861.4834
-853.6376 -878.9801 -855.6017
-853.6376 -891.1943 -858.4402
-853.6376 -885.5956 -858.0326
-853.6376 -853.6376 -853.6376
-853.6376 -889.6500 -857.1406
-853.6376 -909.6628 -858.3190
-853.6376 -909.7430 -857.9278
-853.6376 -894.9413 -859.9047
-853.6376 -865.8914 -855.0857
-853.6376 -861.6051 -854.4227
-853.6376 -859.6759 -855.1053
-853.6376 -904.4393 -859.7713
-853.6376 -876.5169 -858.8974
-853.6376 -886.2193 -867.9805
-853.6376 -897.2570 -874.1027
-853.6376 -897.5754 -866.6295
-853.6376 -884.0059 -860.6602
-853.6376 -899.5221 -861.7383
-853.6376 -893.3010 -855.6775
-853.6376 -898.1353 -856.9923
-853.6376 -917.6595 -859.2807
-853.6376 -909.6352 -873.7826
-853.6376 -902.8958 -864.0822
-853.6376 -907.7236 -871.9924
-853.6376 -921.9074 -871.9555
-853.6376 -895.3753 -861.4202
-853.6376 -888.3276 -854.7311
-853.6376 -859.3687 -853.8668
-853.6376 -945.9137 -860.0100
-853.6376 -899.2744 -857.1961
-853.6376 -888.9097 -854.7224
-853.6376 -876.4564 -859.0266
-853.6376 -922.9944 -868.4111
-853.6376 -923.9448 -872.7363
-853.6376 -923.9065 -868.0066
-853.6376 -902.7802 -862.9650
-853.6376 -884.7412 -864.1264
-853.6376 -870.8379 -859.0816
-853.6376 -911.4057 -864.5296
-853.6376 -869.5514 -856.8557
-853.6376 -891.6701 -855.7299
-853.6376 -886.1585 -855.2629
-853.6376 -900.4844 -856.6894
-853.6376 -896.9541 -864.6414
-853.6376 -899.5344 -857.8988
-853.6376 -914.9737 -860.1522
-853.6376 -919.8330 -863.2390
-853.6376 -890.4283 -857.2365
-853.6376 -860.8216 -854.3549
-853.6376 -900.9684 -861.8989
-853.6376 -904.4113 -861.9088
-853.6376 -890.4952 -858.6039
-853.6376 -874.9146 -856.2438
-853.6376 -869.3518 -855.3829
-853.6376 -867.9955 -857.3560
-853.6376 -913.5608 -859.9156
-853.6376 -876.1540 -858.8720
-853.6376 -867.9955 -856.0843
-853.6376 -859.8891 -853.8442
-853.6376 -887.0827 -860.5027
-853.6376 -888.8198 -856.8186
