1.315344000000000000e+07 1.263211200000000000e+07 1.302379726500000060e+07
1.315344000000000000e+07 1.258436700000000000e+07 1.301202574000000022e+07
1.315344000000000000e+07 1.228037600000000000e+07 1.304296425999999978e+07
1.315344000000000000e+07 1.263123200000000000e+07 1.302432215499999933e+07
1.315344000000000000e+07 1.262567400000000000e+07 1.308877865499999933e+07
1.315344000000000000e+07 1.269569600000000000e+07 1.307145184999999963e+07
1.315344000000000000e+07 1.273590700000000000e+07 1.305110468999999948e+07
1.315344000000000000e+07 1.272735100000000000e+07 1.302781898499999940e+07
1.315344000000000000e+07 1.250386800000000000e+07 1.301701591000000015e+07
1.319627500000000000e+07 1.273268500000000000e+07 1.310887840000000037e+07
1.319627500000000000e+07 1.260664000000000000e+07 1.308974186500000022e+07
1.319627500000000000e+07 1.274746400000000000e+07 1.313695337500000000e+07
1.319627500000000000e+07 1.278850000000000000e+07 1.311705869500000030e+07
1.332870400000000000e+07 1.275699400000000000e+07 1.319761251999999955e+07
1.332870400000000000e+07 1.235223500000000000e+07 1.320092086500000022e+07
1.332870400000000000e+07 1.292647100000000000e+07 1.325630136500000022e+07
1.332870400000000000e+07 1.277676100000000000e+07 1.315426464000000060e+07
1.341937700000000000e+07 1.306550200000000000e+07 1.336782058999999985e+07
1.341937700000000000e+07 1.266960900000000000e+07 1.329560153500000015e+07
1.341937700000000000e+07 1.296196100000000000e+07 1.330859033000000007e+07
1.341937700000000000e+07 1.286297200000000000e+07 1.328825193500000052e+07
1.348904300000000000e+07 1.307272500000000000e+07 1.338790781499999948e+07
1.348904300000000000e+07 1.302883800000000000e+07 1.341628171499999985e+07
1.348904300000000000e+07 1.320474300000000000e+07 1.347714681499999948e+07
1.348904300000000000e+07 1.311978200000000000e+07 1.343959814499999955e+07
1.348904300000000000e+07 1.313493600000000000e+07 1.341561963499999978e+07
1.348904300000000000e+07 1.305813400000000000e+07 1.336492781000000052e+07
1.348904300000000000e+07 1.294050800000000000e+07 1.335036483500000089e+07
1.348904300000000000e+07 1.281478300000000000e+07 1.330500884500000067e+07
1.348904300000000000e+07 1.290760400000000000e+07 1.335201229499999993e+07
1.348904300000000000e+07 1.306326800000000000e+07 1.333449468500000052e+07
1.348904300000000000e+07 1.293000800000000000e+07 1.344249235999999940e+07
1.348904300000000000e+07 1.313261100000000000e+07 1.346362315000000037e+07
1.348904300000000000e+07 1.299234900000000000e+07 1.339150178999999911e+07
1.348904300000000000e+07 1.316378800000000000e+07 1.345635620500000007e+07
1.348904300000000000e+07 1.309775200000000000e+07 1.341603226500000060e+07
1.348904300000000000e+07 1.306218600000000000e+07 1.341251365000000037e+07
1.348904300000000000e+07 1.293700700000000000e+07 1.329928282000000030e+07
1.348904300000000000e+07 1.299097200000000000e+07 1.342757692500000075e+07
1.348904300000000000e+07 1.288671700000000000e+07 1.340865587500000000e+07
1.348904300000000000e+07 1.304067300000000000e+07 1.333924653999999911e+07
1.348904300000000000e+07 1.321583700000000000e+07 1.348629193500000052e+07
1.348904300000000000e+07 1.309666900000000000e+07 1.348120336999999918e+07
1.348904300000000000e+07 1.319718900000000000e+07 1.347552661999999918e+07
1.348904300000000000e+07 1.315896800000000000e+07 1.347995535500000045e+07
1.348904300000000000e+07 1.324753200000000000e+07 1.346926699000000022e+07
1.348904300000000000e+07 1.339161700000000000e+07 1.348806874000000022e+07
1.348904300000000000e+07 1.301436200000000000e+07 1.340438531499999948e+07
1.348904300000000000e+07 1.320254700000000000e+07 1.346605944999999925e+07
1.348904300000000000e+07 1.323012900000000000e+07 1.348192102999999933e+07
1.348904300000000000e+07 1.326153000000000000e+07 1.348790543500000052e+07
1.348904300000000000e+07 1.341937700000000000e+07 1.348719293999999948e+07
1.348904300000000000e+07 1.326153000000000000e+07 1.348251983999999985e+07
1.348904300000000000e+07 1.292557200000000000e+07 1.346800439000000060e+07
1.348904300000000000e+07 1.333281900000000000e+07 1.348426531000000052e+07
1.348904300000000000e+07 1.337648600000000000e+07 1.348704117999999970e+07
1.348904300000000000e+07 1.337805700000000000e+07 1.348848807000000030e+07
1.348904300000000000e+07 1.324753200000000000e+07 1.348598188000000082e+07
1.348904300000000000e+07 1.316869000000000000e+07 1.348116428500000015e+07
1.348904300000000000e+07 1.328137200000000000e+07 1.348481104499999993e+07
1.348904300000000000e+07 1.321397400000000000e+07 1.346541499000000022e+07
1.348904300000000000e+07 1.337530200000000000e+07 1.348734263499999978e+07
1.348904300000000000e+07 1.310096200000000000e+07 1.347572188499999978e+07
1.349123900000000000e+07 1.326662100000000000e+07 1.348894105000000075e+07
1.349123900000000000e+07 1.333904200000000000e+07 1.348858977500000037e+07
1.349123900000000000e+07 1.313138200000000000e+07 1.341530885999999940e+07
1.349123900000000000e+07 1.310695700000000000e+07 1.339766862500000000e+07
1.349123900000000000e+07 1.320996100000000000e+07 1.339987697000000067e+07
1.349123900000000000e+07 1.340797700000000000e+07 1.346299986999999918e+07
1.351896300000000000e+07 1.291399600000000000e+07 1.346680457499999925e+07
1.351896300000000000e+07 1.315918200000000000e+07 1.350896333500000089e+07
1.351896300000000000e+07 1.306168000000000000e+07 1.350420109500000067e+07
1.351896300000000000e+07 1.338114700000000000e+07 1.351535606000000052e+07
1.351896300000000000e+07 1.314447300000000000e+07 1.349594391999999993e+07
1.351896300000000000e+07 1.329331000000000000e+07 1.351783473499999940e+07
1.351896300000000000e+07 1.337232800000000000e+07 1.351718483500000089e+07
1.351896300000000000e+07 1.321537700000000000e+07 1.350840407000000030e+07
1.351896300000000000e+07 1.342153700000000000e+07 1.351638589000000060e+07
1.351896300000000000e+07 1.347370800000000000e+07 1.351828417500000075e+07
1.351896300000000000e+07 1.329584600000000000e+07 1.351020044500000030e+07
1.351896300000000000e+07 1.319378400000000000e+07 1.350752755000000075e+07
1.351896300000000000e+07 1.319378400000000000e+07 1.351459344500000030e+07
1.351896300000000000e+07 1.296671600000000000e+07 1.350131092500000075e+07
1.351896300000000000e+07 1.342153700000000000e+07 1.350689918999999948e+07
1.351896300000000000e+07 1.318951700000000000e+07 1.350631244500000030e+07
1.351896300000000000e+07 1.311398400000000000e+07 1.350422348000000045e+07
1.351896300000000000e+07 1.316663300000000000e+07 1.346061964499999955e+07
1.351896300000000000e+07 1.295555900000000000e+07 1.350603389000000060e+07
1.351896300000000000e+07 1.331541600000000000e+07 1.351545248000000045e+07
1.351896300000000000e+07 1.316913400000000000e+07 1.350117122000000067e+07
1.351896300000000000e+07 1.326052000000000000e+07 1.350722668500000052e+07
1.351896300000000000e+07 1.329259500000000000e+07 1.350628791000000015e+07
1.351896300000000000e+07 1.321009900000000000e+07 1.351078086999999918e+07
1.351896300000000000e+07 1.336306800000000000e+07 1.351636535500000045e+07
1.351896300000000000e+07 1.319492700000000000e+07 1.351314106499999948e+07
1.351896300000000000e+07 1.333853600000000000e+07 1.351718898499999940e+07
1.351896300000000000e+07 1.323864600000000000e+07 1.351568096499999985e+07
1.351896300000000000e+07 1.313447600000000000e+07 1.349760666999999993e+07
1.351896300000000000e+07 1.331541600000000000e+07 1.350565171499999985e+07
1.351896300000000000e+07 1.331098100000000000e+07 1.351200441000000015e+07
