1.312377700000000000e+07 1.252637900000000000e+07 1.305644708000000007e+07
1.312377700000000000e+07 1.262273200000000000e+07 1.296917433999999985e+07
1.312377700000000000e+07 1.279718100000000000e+07 1.302590446499999985e+07
1.317387400000000000e+07 1.262459800000000000e+07 1.310203558500000089e+07
1.317387400000000000e+07 1.277187100000000000e+07 1.307823590499999933e+07
1.342963400000000000e+07 1.278372400000000000e+07 1.328993558500000089e+07
1.342963400000000000e+07 1.226697100000000000e+07 1.313415203500000015e+07
1.342963400000000000e+07 1.262296100000000000e+07 1.322277267500000075e+07
1.342963400000000000e+07 1.261979400000000000e+07 1.323620822000000067e+07
1.342963400000000000e+07 1.272546500000000000e+07 1.318062438000000082e+07
1.342963400000000000e+07 1.258581500000000000e+07 1.327267459999999963e+07
1.342963400000000000e+07 1.280863200000000000e+07 1.322916715000000037e+07
1.342963400000000000e+07 1.263865000000000000e+07 1.317130069500000030e+07
1.342963400000000000e+07 1.286648900000000000e+07 1.332532541000000015e+07
1.343137300000000000e+07 1.293507200000000000e+07 1.337628394500000030e+07
1.343137300000000000e+07 1.288906700000000000e+07 1.328575521000000089e+07
1.343137300000000000e+07 1.292022900000000000e+07 1.325497750999999978e+07
1.343137300000000000e+07 1.284714800000000000e+07 1.331225825500000082e+07
1.343137300000000000e+07 1.274252800000000000e+07 1.323546621499999985e+07
1.343137300000000000e+07 1.298951100000000000e+07 1.329838420500000007e+07
1.343137300000000000e+07 1.272820500000000000e+07 1.325598964000000060e+07
1.343137300000000000e+07 1.292938000000000000e+07 1.334756850999999978e+07
1.343137300000000000e+07 1.308411800000000000e+07 1.339471940499999933e+07
1.343137300000000000e+07 1.319202500000000000e+07 1.341901687500000000e+07
1.343137300000000000e+07 1.321902600000000000e+07 1.341621847000000067e+07
1.343137300000000000e+07 1.311533400000000000e+07 1.336414542999999970e+07
1.343137300000000000e+07 1.301220700000000000e+07 1.339800402999999933e+07
1.343137300000000000e+07 1.294791100000000000e+07 1.335520777500000037e+07
1.343137300000000000e+07 1.292773800000000000e+07 1.336625839000000060e+07
1.343137300000000000e+07 1.310970600000000000e+07 1.338629171000000089e+07
1.343137300000000000e+07 1.310601100000000000e+07 1.336699156000000052e+07
1.343356900000000000e+07 1.292188700000000000e+07 1.337627259500000067e+07
1.343356900000000000e+07 1.304976400000000000e+07 1.340444030499999970e+07
1.343356900000000000e+07 1.306059900000000000e+07 1.334031062500000000e+07
1.343356900000000000e+07 1.292558800000000000e+07 1.338910801500000060e+07
1.343356900000000000e+07 1.309183600000000000e+07 1.338594813000000082e+07
1.343356900000000000e+07 1.315321900000000000e+07 1.339637578500000015e+07
1.343356900000000000e+07 1.301807300000000000e+07 1.335929905499999970e+07
1.343356900000000000e+07 1.295076500000000000e+07 1.337143302500000037e+07
1.345654500000000000e+07 1.310078600000000000e+07 1.338769358000000007e+07
1.345654500000000000e+07 1.297465900000000000e+07 1.339509318999999948e+07
1.345654500000000000e+07 1.300245200000000000e+07 1.344129244999999925e+07
1.345654500000000000e+07 1.309668800000000000e+07 1.343319412500000000e+07
1.345654500000000000e+07 1.301384700000000000e+07 1.344414917999999970e+07
1.345654500000000000e+07 1.306952500000000000e+07 1.341809201500000060e+07
1.345654500000000000e+07 1.314329500000000000e+07 1.342140800999999978e+07
1.345654500000000000e+07 1.329420100000000000e+07 1.344863674000000022e+07
1.345654500000000000e+07 1.304507000000000000e+07 1.341915894999999925e+07
1.345654500000000000e+07 1.300494000000000000e+07 1.340002906499999948e+07
1.345654500000000000e+07 1.302128100000000000e+07 1.342786830499999970e+07
1.345654500000000000e+07 1.306563500000000000e+07 1.343383122000000067e+07
1.345654500000000000e+07 1.320262400000000000e+07 1.345522886999999918e+07
1.345654500000000000e+07 1.344724000000000000e+07 1.345643297499999963e+07
1.345654500000000000e+07 1.319252000000000000e+07 1.345366592500000075e+07
1.345654500000000000e+07 1.315043900000000000e+07 1.344895383000000007e+07
1.345654500000000000e+07 1.327355000000000000e+07 1.344816551500000060e+07
1.345654500000000000e+07 1.289799000000000000e+07 1.343925653999999911e+07
1.345654500000000000e+07 1.294891600000000000e+07 1.343981965000000037e+07
1.345654500000000000e+07 1.276221300000000000e+07 1.336379847000000067e+07
1.345654500000000000e+07 1.311541200000000000e+07 1.333152550500000082e+07
1.345654500000000000e+07 1.284585200000000000e+07 1.338374489000000060e+07
1.345654500000000000e+07 1.322385300000000000e+07 1.340477907499999925e+07
1.345654500000000000e+07 1.330082200000000000e+07 1.345442257000000030e+07
1.345654500000000000e+07 1.302915900000000000e+07 1.343142866000000015e+07
1.345654500000000000e+07 1.325933000000000000e+07 1.345448391499999911e+07
1.345654500000000000e+07 1.314082900000000000e+07 1.345066198000000045e+07
1.345654500000000000e+07 1.334555900000000000e+07 1.345488021000000089e+07
1.345654500000000000e+07 1.293911600000000000e+07 1.340898372000000067e+07
1.345654500000000000e+07 1.312332100000000000e+07 1.344205150500000082e+07
1.345654500000000000e+07 1.313394500000000000e+07 1.338910249000000022e+07
1.345654500000000000e+07 1.293138900000000000e+07 1.344263155000000075e+07
1.345654500000000000e+07 1.317850000000000000e+07 1.344769747000000067e+07
1.345654500000000000e+07 1.334555900000000000e+07 1.345100684999999963e+07
1.345654500000000000e+07 1.314459800000000000e+07 1.344144156000000052e+07
1.345654500000000000e+07 1.309006700000000000e+07 1.342095534500000067e+07
1.345654500000000000e+07 1.282375100000000000e+07 1.342444532000000030e+07
1.345654500000000000e+07 1.321578900000000000e+07 1.345194869500000030e+07
1.345654500000000000e+07 1.299719600000000000e+07 1.340542756499999948e+07
1.345654500000000000e+07 1.303986200000000000e+07 1.340544900000000000e+07
1.345654500000000000e+07 1.325285400000000000e+07 1.345163734999999963e+07
1.345654500000000000e+07 1.300988200000000000e+07 1.343608641000000015e+07
1.345654500000000000e+07 1.320870600000000000e+07 1.344029493500000052e+07
1.345654500000000000e+07 1.313552300000000000e+07 1.345394722000000067e+07
1.345654500000000000e+07 1.293919200000000000e+07 1.345229077500000037e+07
1.345654500000000000e+07 1.305560200000000000e+07 1.345198055499999970e+07
1.345654500000000000e+07 1.324786200000000000e+07 1.345075969500000030e+07
1.345654500000000000e+07 1.309937200000000000e+07 1.344742925999999978e+07
1.345654500000000000e+07 1.328450700000000000e+07 1.345107926500000060e+07
1.345654500000000000e+07 1.302832000000000000e+07 1.334058426500000060e+07
1.345654500000000000e+07 1.320638200000000000e+07 1.340353919999999925e+07
1.345654500000000000e+07 1.318983600000000000e+07 1.341524004499999993e+07
1.345654500000000000e+07 1.335023800000000000e+07 1.345458110500000045e+07
1.345654500000000000e+07 1.309668800000000000e+07 1.343743317999999970e+07
1.345654500000000000e+07 1.294451900000000000e+07 1.341095406499999948e+07
1.345654500000000000e+07 1.319283000000000000e+07 1.344465607499999925e+07
1.345654500000000000e+07 1.309668800000000000e+07 1.343937218999999948e+07
1.345654500000000000e+07 1.314415100000000000e+07 1.344728574000000022e+07
1.345654500000000000e+07 1.345654500000000000e+07 1.345654500000000000e+07
1.345654500000000000e+07 1.314923000000000000e+07 1.344253730499999970e+07
1.345654500000000000e+07 1.321926700000000000e+07 1.345327572000000067e+07
