1.321332900000000000e+07 1.255615100000000000e+07 1.304927308500000089e+07
1.321332900000000000e+07 1.282627400000000000e+07 1.312248998000000045e+07
1.321332900000000000e+07 1.269172800000000000e+07 1.302793733500000089e+07
1.321332900000000000e+07 1.270744100000000000e+07 1.301740108000000007e+07
1.321332900000000000e+07 1.245352900000000000e+07 1.305359777999999933e+07
1.321332900000000000e+07 1.257095700000000000e+07 1.309952540499999933e+07
1.321332900000000000e+07 1.270471200000000000e+07 1.306141293999999948e+07
1.321332900000000000e+07 1.272469600000000000e+07 1.308408818500000052e+07
1.321332900000000000e+07 1.250349100000000000e+07 1.303334934999999963e+07
1.321332900000000000e+07 1.262477600000000000e+07 1.302938911500000022e+07
1.321332900000000000e+07 1.267581600000000000e+07 1.306671441999999993e+07
1.326260500000000000e+07 1.283918100000000000e+07 1.319518010999999940e+07
1.329725800000000000e+07 1.244800300000000000e+07 1.322668130000000075e+07
1.329725800000000000e+07 1.274026900000000000e+07 1.322213024499999918e+07
1.329725800000000000e+07 1.289710200000000000e+07 1.320358600999999978e+07
1.336614600000000000e+07 1.280633400000000000e+07 1.328279939000000060e+07
1.338209100000000000e+07 1.289555400000000000e+07 1.330181133000000007e+07
1.338209100000000000e+07 1.275860400000000000e+07 1.323077785999999940e+07
1.339683400000000000e+07 1.259048200000000000e+07 1.323365124499999918e+07
1.339683400000000000e+07 1.297869900000000000e+07 1.331682862500000000e+07
1.339683400000000000e+07 1.270997200000000000e+07 1.330316955499999970e+07
1.346256500000000000e+07 1.285137000000000000e+07 1.339729108999999985e+07
1.346256500000000000e+07 1.316391600000000000e+07 1.339825300999999978e+07
1.346256500000000000e+07 1.300047200000000000e+07 1.339038021499999985e+07
1.346256500000000000e+07 1.305153400000000000e+07 1.341197131000000052e+07
1.346256500000000000e+07 1.307556700000000000e+07 1.336023038499999978e+07
1.346256500000000000e+07 1.298467200000000000e+07 1.336801622000000067e+07
1.346256500000000000e+07 1.317612300000000000e+07 1.339888410999999940e+07
1.346256500000000000e+07 1.298429000000000000e+07 1.338877960999999940e+07
1.346256500000000000e+07 1.316675600000000000e+07 1.340758215000000037e+07
1.346256500000000000e+07 1.306464500000000000e+07 1.338885421499999985e+07
1.346256500000000000e+07 1.304395900000000000e+07 1.344865844500000030e+07
1.346256500000000000e+07 1.278719800000000000e+07 1.339592883999999985e+07
1.346256500000000000e+07 1.300721600000000000e+07 1.341297260999999940e+07
1.346256500000000000e+07 1.310546800000000000e+07 1.340395565499999933e+07
1.346256500000000000e+07 1.299860900000000000e+07 1.338867100500000082e+07
1.346256500000000000e+07 1.288413900000000000e+07 1.329573523000000045e+07
1.346256500000000000e+07 1.296407600000000000e+07 1.330481405499999970e+07
1.346256500000000000e+07 1.279646200000000000e+07 1.334474988499999978e+07
1.346256500000000000e+07 1.290476200000000000e+07 1.334649732499999925e+07
1.346256500000000000e+07 1.292605500000000000e+07 1.337890122499999963e+07
1.346256500000000000e+07 1.316137800000000000e+07 1.342062219500000030e+07
1.346256500000000000e+07 1.308201300000000000e+07 1.345565468500000052e+07
1.346256500000000000e+07 1.318172000000000000e+07 1.343076600000000000e+07
1.346256500000000000e+07 1.319540200000000000e+07 1.345118459500000067e+07
1.346256500000000000e+07 1.316300600000000000e+07 1.345439356499999948e+07
1.346256500000000000e+07 1.330082200000000000e+07 1.344414924499999918e+07
1.346397900000000000e+07 1.293977200000000000e+07 1.345178225500000082e+07
1.351502800000000000e+07 1.346256500000000000e+07 1.348792960999999940e+07
1.351502800000000000e+07 1.331721000000000000e+07 1.350532066999999993e+07
1.351502800000000000e+07 1.328676700000000000e+07 1.351322938499999978e+07
1.351502800000000000e+07 1.340477300000000000e+07 1.351295118999999948e+07
1.351502800000000000e+07 1.315696000000000000e+07 1.350944024499999918e+07
1.351502800000000000e+07 1.326321100000000000e+07 1.351168253500000015e+07
1.351502800000000000e+07 1.330682000000000000e+07 1.350957203999999911e+07
1.351502800000000000e+07 1.328937500000000000e+07 1.349959389499999955e+07
1.351502800000000000e+07 1.331122200000000000e+07 1.349994308000000007e+07
1.351502800000000000e+07 1.322497600000000000e+07 1.349422093500000052e+07
1.351502800000000000e+07 1.316368100000000000e+07 1.348823206499999948e+07
1.351502800000000000e+07 1.351502800000000000e+07 1.351502800000000000e+07
1.351502800000000000e+07 1.327002300000000000e+07 1.349430589000000060e+07
1.351896300000000000e+07 1.326180800000000000e+07 1.351180651500000060e+07
1.351896300000000000e+07 1.326656000000000000e+07 1.351200747000000067e+07
1.351896300000000000e+07 1.312411800000000000e+07 1.351252513499999978e+07
1.351896300000000000e+07 1.348726800000000000e+07 1.351832909999999963e+07
1.351896300000000000e+07 1.300153400000000000e+07 1.346564310999999940e+07
1.351896300000000000e+07 1.324000300000000000e+07 1.349663957499999925e+07
1.351896300000000000e+07 1.302531700000000000e+07 1.350634979499999993e+07
1.351896300000000000e+07 1.329259500000000000e+07 1.350200026500000060e+07
1.351896300000000000e+07 1.342153700000000000e+07 1.351499257000000030e+07
1.351896300000000000e+07 1.325782000000000000e+07 1.351148371499999985e+07
1.351896300000000000e+07 1.315243100000000000e+07 1.350208214000000060e+07
1.352434000000000000e+07 1.335157900000000000e+07 1.352059950000000000e+07
1.352434000000000000e+07 1.309750100000000000e+07 1.348146083500000089e+07
1.352434000000000000e+07 1.322478100000000000e+07 1.351871840499999933e+07
1.352434000000000000e+07 1.317299300000000000e+07 1.349975122499999963e+07
1.352434000000000000e+07 1.321136300000000000e+07 1.348553548499999940e+07
1.352434000000000000e+07 1.332127200000000000e+07 1.350930598499999940e+07
1.352434000000000000e+07 1.332101900000000000e+07 1.351847516000000015e+07
1.352434000000000000e+07 1.323005900000000000e+07 1.350630518500000052e+07
1.352434000000000000e+07 1.341990400000000000e+07 1.352135169999999925e+07
1.352434000000000000e+07 1.342153700000000000e+07 1.351922962500000000e+07
1.352434000000000000e+07 1.336118300000000000e+07 1.351893114499999955e+07
1.352434000000000000e+07 1.334221800000000000e+07 1.351599119999999925e+07
1.352434000000000000e+07 1.321893200000000000e+07 1.350820391499999911e+07
1.352434000000000000e+07 1.338164000000000000e+07 1.352070106000000052e+07
1.352434000000000000e+07 1.346129300000000000e+07 1.352370952999999933e+07
1.352434000000000000e+07 1.336118300000000000e+07 1.352070431499999948e+07
1.352434000000000000e+07 1.331635800000000000e+07 1.351975975999999978e+07
1.352434000000000000e+07 1.343402300000000000e+07 1.352152880499999970e+07
1.352434000000000000e+07 1.349442000000000000e+07 1.352419040000000037e+07
1.352434000000000000e+07 1.338894300000000000e+07 1.351261267999999970e+07
1.352434000000000000e+07 1.322716100000000000e+07 1.351055324499999918e+07
1.352434000000000000e+07 1.327346300000000000e+07 1.350287741999999993e+07
1.352434000000000000e+07 1.326142500000000000e+07 1.350090532000000030e+07
1.352434000000000000e+07 1.320361100000000000e+07 1.348330083500000089e+07
1.352434000000000000e+07 1.335904100000000000e+07 1.351398482499999925e+07
1.352434000000000000e+07 1.329682700000000000e+07 1.350722599000000022e+07
1.352434000000000000e+07 1.322336700000000000e+07 1.351882267999999970e+07
1.352434000000000000e+07 1.329797200000000000e+07 1.351174765000000037e+07
