1.300642900000000000e+07 1.277471700000000000e+07 1.296457900000000000e+07
1.300642900000000000e+07 1.258847900000000000e+07 1.294946391000000015e+07
1.309427600000000000e+07 1.247881700000000000e+07 1.302502496000000089e+07
1.313371000000000000e+07 1.267657400000000000e+07 1.307181245500000007e+07
1.313371000000000000e+07 1.256429700000000000e+07 1.295923257499999925e+07
1.313371000000000000e+07 1.271654400000000000e+07 1.304295319500000030e+07
1.313371000000000000e+07 1.282004100000000000e+07 1.305185669500000030e+07
1.328330800000000000e+07 1.263160100000000000e+07 1.308773177999999933e+07
1.328330800000000000e+07 1.232158000000000000e+07 1.306316368500000052e+07
1.328330800000000000e+07 1.231478000000000000e+07 1.311124414499999955e+07
1.328330800000000000e+07 1.258174000000000000e+07 1.314920200500000082e+07
1.330682600000000000e+07 1.230462300000000000e+07 1.325371670500000007e+07
1.330682600000000000e+07 1.263912200000000000e+07 1.320402425000000000e+07
1.330682600000000000e+07 1.272942800000000000e+07 1.317777722499999963e+07
1.330682600000000000e+07 1.248784200000000000e+07 1.319830256000000052e+07
1.330682600000000000e+07 1.278256600000000000e+07 1.319946349499999918e+07
1.330682600000000000e+07 1.266277200000000000e+07 1.316063319500000030e+07
1.330682600000000000e+07 1.289055000000000000e+07 1.318411868500000052e+07
1.330682600000000000e+07 1.258018400000000000e+07 1.309486619999999925e+07
1.330682600000000000e+07 1.289756600000000000e+07 1.316726733999999985e+07
1.330682600000000000e+07 1.290392300000000000e+07 1.322708122499999963e+07
1.330682600000000000e+07 1.287153900000000000e+07 1.323400088000000082e+07
1.330682600000000000e+07 1.288728900000000000e+07 1.322961388000000082e+07
1.330682600000000000e+07 1.311513800000000000e+07 1.326915831499999948e+07
1.332173900000000000e+07 1.301316600000000000e+07 1.329386319500000030e+07
1.332458200000000000e+07 1.289441600000000000e+07 1.330941022499999963e+07
1.332458200000000000e+07 1.302577700000000000e+07 1.330556825000000000e+07
1.332458200000000000e+07 1.295039900000000000e+07 1.325067086500000022e+07
1.332458200000000000e+07 1.289734000000000000e+07 1.329175683999999985e+07
1.332458200000000000e+07 1.279596600000000000e+07 1.319258905499999970e+07
1.332458200000000000e+07 1.283212000000000000e+07 1.322207024499999918e+07
1.332458200000000000e+07 1.292370800000000000e+07 1.331226465000000037e+07
1.332458200000000000e+07 1.283152000000000000e+07 1.327009185500000045e+07
1.333434700000000000e+07 1.299894200000000000e+07 1.331039273499999940e+07
1.333434700000000000e+07 1.301332500000000000e+07 1.327062048000000045e+07
1.333434700000000000e+07 1.303070700000000000e+07 1.327271291499999911e+07
1.333434700000000000e+07 1.296257500000000000e+07 1.328547194500000030e+07
1.333434700000000000e+07 1.297699700000000000e+07 1.326504069500000030e+07
1.333434700000000000e+07 1.286094700000000000e+07 1.325235173499999940e+07
1.333434700000000000e+07 1.289658900000000000e+07 1.324264211999999918e+07
1.333434700000000000e+07 1.280218400000000000e+07 1.328497972499999963e+07
1.333434700000000000e+07 1.324395400000000000e+07 1.332450016000000015e+07
1.333434700000000000e+07 1.315761800000000000e+07 1.332989100999999978e+07
1.333434700000000000e+07 1.286809000000000000e+07 1.329867263499999978e+07
1.333434700000000000e+07 1.310304000000000000e+07 1.333129523000000045e+07
1.333434700000000000e+07 1.303484400000000000e+07 1.330315257499999925e+07
1.333434700000000000e+07 1.309999100000000000e+07 1.332578155499999970e+07
1.333434700000000000e+07 1.321596900000000000e+07 1.332742049499999918e+07
1.333434700000000000e+07 1.310836000000000000e+07 1.331782308500000089e+07
1.333434700000000000e+07 1.315198100000000000e+07 1.332908816499999911e+07
1.333434700000000000e+07 1.333434700000000000e+07 1.333434700000000000e+07
1.333434700000000000e+07 1.333434700000000000e+07 1.333434700000000000e+07
1.333434700000000000e+07 1.295532100000000000e+07 1.332670144999999925e+07
1.333434700000000000e+07 1.307061400000000000e+07 1.332458588000000082e+07
1.333434700000000000e+07 1.325106000000000000e+07 1.333323656499999948e+07
1.333434700000000000e+07 1.318532900000000000e+07 1.333280989000000060e+07
1.333434700000000000e+07 1.327273200000000000e+07 1.333373084999999963e+07
1.333434700000000000e+07 1.313893500000000000e+07 1.332871317999999970e+07
1.333434700000000000e+07 1.304304000000000000e+07 1.332581080000000075e+07
1.333434700000000000e+07 1.297449000000000000e+07 1.331627161500000022e+07
1.333434700000000000e+07 1.294343700000000000e+07 1.331811843500000052e+07
1.338320300000000000e+07 1.324403000000000000e+07 1.335344599000000022e+07
1.343368000000000000e+07 1.303478800000000000e+07 1.338945052999999933e+07
1.343368000000000000e+07 1.312432000000000000e+07 1.341223742999999970e+07
1.343368000000000000e+07 1.318756900000000000e+07 1.342105723000000045e+07
1.343368000000000000e+07 1.312038500000000000e+07 1.342258841000000015e+07
1.343368000000000000e+07 1.328726200000000000e+07 1.343132361500000022e+07
1.343368000000000000e+07 1.308233300000000000e+07 1.336826083999999985e+07
1.343368000000000000e+07 1.305465400000000000e+07 1.335840869999999925e+07
1.346443900000000000e+07 1.320731200000000000e+07 1.343997140499999933e+07
1.346443900000000000e+07 1.318321500000000000e+07 1.343686388499999978e+07
1.346443900000000000e+07 1.303708900000000000e+07 1.344609824499999918e+07
1.346443900000000000e+07 1.335971000000000000e+07 1.346157294500000030e+07
1.346443900000000000e+07 1.331421200000000000e+07 1.345746852500000037e+07
1.346443900000000000e+07 1.305659600000000000e+07 1.346049702500000037e+07
1.347374400000000000e+07 1.339870800000000000e+07 1.346819281000000052e+07
1.347374400000000000e+07 1.336701300000000000e+07 1.347242596000000089e+07
1.347374400000000000e+07 1.316285800000000000e+07 1.344895003999999911e+07
1.347374400000000000e+07 1.320221000000000000e+07 1.346567714000000060e+07
1.347374400000000000e+07 1.323223300000000000e+07 1.347100698499999940e+07
1.347374400000000000e+07 1.317414900000000000e+07 1.347095102999999933e+07
1.348730400000000000e+07 1.337631800000000000e+07 1.347674351999999955e+07
1.348730400000000000e+07 1.337412200000000000e+07 1.348135547000000067e+07
1.348730400000000000e+07 1.340801300000000000e+07 1.348550343999999948e+07
1.348730400000000000e+07 1.317373400000000000e+07 1.347331811500000022e+07
1.349123900000000000e+07 1.348730400000000000e+07 1.348877962500000000e+07
1.349123900000000000e+07 1.317491000000000000e+07 1.345284207499999925e+07
1.349123900000000000e+07 1.311804300000000000e+07 1.348306071000000089e+07
1.349123900000000000e+07 1.342157300000000000e+07 1.348916108500000089e+07
1.349123900000000000e+07 1.304153400000000000e+07 1.344812631000000052e+07
1.349123900000000000e+07 1.326372600000000000e+07 1.345547109999999963e+07
1.349123900000000000e+07 1.302667600000000000e+07 1.347911030499999970e+07
1.349123900000000000e+07 1.342157300000000000e+07 1.349054581499999948e+07
1.349123900000000000e+07 1.311132500000000000e+07 1.343344567999999970e+07
1.349123900000000000e+07 1.326831200000000000e+07 1.348179322000000067e+07
1.349123900000000000e+07 1.313488600000000000e+07 1.347656738000000082e+07
1.349123900000000000e+07 1.321940400000000000e+07 1.348716147499999963e+07
1.349123900000000000e+07 1.349123900000000000e+07 1.349123900000000000e+07
1.349123900000000000e+07 1.312606100000000000e+07 1.347374808000000007e+07
1.349123900000000000e+07 1.321469100000000000e+07 1.348350831000000052e+07
