1.312175800000000000e+07 1.275089000000000000e+07 1.309216132499999925e+07
1.312175800000000000e+07 1.258503900000000000e+07 1.298746912500000000e+07
1.312175800000000000e+07 1.264059500000000000e+07 1.306259186999999918e+07
1.312175800000000000e+07 1.257517500000000000e+07 1.299459655000000075e+07
1.312175800000000000e+07 1.208193200000000000e+07 1.304774327999999933e+07
1.312175800000000000e+07 1.281157800000000000e+07 1.305861646499999985e+07
1.326867800000000000e+07 1.279191900000000000e+07 1.314618168999999948e+07
1.326867800000000000e+07 1.257513900000000000e+07 1.301312650999999978e+07
1.326867800000000000e+07 1.273360700000000000e+07 1.307356644500000030e+07
1.326867800000000000e+07 1.290117200000000000e+07 1.315342326999999955e+07
1.326867800000000000e+07 1.247826800000000000e+07 1.311008906499999948e+07
1.326867800000000000e+07 1.274932300000000000e+07 1.315794451999999955e+07
1.326867800000000000e+07 1.271897000000000000e+07 1.319497859999999963e+07
1.326867800000000000e+07 1.232334800000000000e+07 1.307667106499999948e+07
1.336384200000000000e+07 1.299056200000000000e+07 1.329247007499999925e+07
1.336384200000000000e+07 1.299342700000000000e+07 1.333167666999999993e+07
1.336384200000000000e+07 1.261045700000000000e+07 1.315652222000000067e+07
1.336384200000000000e+07 1.275938800000000000e+07 1.324433042500000075e+07
1.347418300000000000e+07 1.278979200000000000e+07 1.335852259500000067e+07
1.347418300000000000e+07 1.272860600000000000e+07 1.334562798499999940e+07
1.347418300000000000e+07 1.286360200000000000e+07 1.336671849499999918e+07
1.347418300000000000e+07 1.298366500000000000e+07 1.337952701999999955e+07
1.347418300000000000e+07 1.324879400000000000e+07 1.341601254499999993e+07
1.347418300000000000e+07 1.275424100000000000e+07 1.334233931000000052e+07
1.347418300000000000e+07 1.315694400000000000e+07 1.341371444999999925e+07
1.347418300000000000e+07 1.311648200000000000e+07 1.342455495500000007e+07
1.347418300000000000e+07 1.305293500000000000e+07 1.344518327999999933e+07
1.347418300000000000e+07 1.306331700000000000e+07 1.341693844500000030e+07
1.347418300000000000e+07 1.307500200000000000e+07 1.340567261999999918e+07
1.347418300000000000e+07 1.301258700000000000e+07 1.337211692999999970e+07
1.347418300000000000e+07 1.283249800000000000e+07 1.336601840000000037e+07
1.347418300000000000e+07 1.269597900000000000e+07 1.340016118500000052e+07
1.347418300000000000e+07 1.288766700000000000e+07 1.333113702999999933e+07
1.347418300000000000e+07 1.300345200000000000e+07 1.334471403500000015e+07
1.347418300000000000e+07 1.298664800000000000e+07 1.336115471000000089e+07
1.347418300000000000e+07 1.294219500000000000e+07 1.339513608999999985e+07
1.347418300000000000e+07 1.302488800000000000e+07 1.336771634500000067e+07
1.347418300000000000e+07 1.326967900000000000e+07 1.344943556000000052e+07
1.350194300000000000e+07 1.301667000000000000e+07 1.341976427999999933e+07
1.350194300000000000e+07 1.305994300000000000e+07 1.341970797499999963e+07
1.350194300000000000e+07 1.317814900000000000e+07 1.339560992999999970e+07
1.350194300000000000e+07 1.318395500000000000e+07 1.348040012500000000e+07
1.350194300000000000e+07 1.334622000000000000e+07 1.349675807000000030e+07
1.350194300000000000e+07 1.301443400000000000e+07 1.348636794500000030e+07
1.350194300000000000e+07 1.292346500000000000e+07 1.343685769999999925e+07
1.350194300000000000e+07 1.326043200000000000e+07 1.349704013499999978e+07
1.350194300000000000e+07 1.350194300000000000e+07 1.350194300000000000e+07
1.350194300000000000e+07 1.323266500000000000e+07 1.349530755000000075e+07
1.350194300000000000e+07 1.295837500000000000e+07 1.345198996499999985e+07
1.350587800000000000e+07 1.326288600000000000e+07 1.349296233000000007e+07
1.350587800000000000e+07 1.308318600000000000e+07 1.349255160999999940e+07
1.350587800000000000e+07 1.292863500000000000e+07 1.349777975500000082e+07
1.351896300000000000e+07 1.333009800000000000e+07 1.351061453999999911e+07
1.351896300000000000e+07 1.325797200000000000e+07 1.350112251999999955e+07
1.351896300000000000e+07 1.327116000000000000e+07 1.351218316999999993e+07
1.351896300000000000e+07 1.314279400000000000e+07 1.351034891999999993e+07
1.351896300000000000e+07 1.315250300000000000e+07 1.346592902500000037e+07
1.351896300000000000e+07 1.336480100000000000e+07 1.350160873000000045e+07
1.351896300000000000e+07 1.321910400000000000e+07 1.351188087500000000e+07
1.351896300000000000e+07 1.328678900000000000e+07 1.351393698499999940e+07
1.351896300000000000e+07 1.341452700000000000e+07 1.351523969500000030e+07
1.351896300000000000e+07 1.316761600000000000e+07 1.350100479499999993e+07
1.351896300000000000e+07 1.351896300000000000e+07 1.351896300000000000e+07
1.351896300000000000e+07 1.331075500000000000e+07 1.350578099000000022e+07
1.351896300000000000e+07 1.341612600000000000e+07 1.351625042500000075e+07
1.351896300000000000e+07 1.306263000000000000e+07 1.351128064000000060e+07
1.351896300000000000e+07 1.288282100000000000e+07 1.351467242999999970e+07
1.351896300000000000e+07 1.311978200000000000e+07 1.351576871000000089e+07
1.351896300000000000e+07 1.326050400000000000e+07 1.351436493999999948e+07
1.351896300000000000e+07 1.327131000000000000e+07 1.351626388499999978e+07
1.351896300000000000e+07 1.295746500000000000e+07 1.349978775999999978e+07
1.351896300000000000e+07 1.315962600000000000e+07 1.349592072499999963e+07
1.351896300000000000e+07 1.309193100000000000e+07 1.350640605000000075e+07
1.351896300000000000e+07 1.351502800000000000e+07 1.351894332499999925e+07
1.351896300000000000e+07 1.314009200000000000e+07 1.350071258999999985e+07
1.351896300000000000e+07 1.313572700000000000e+07 1.351471530000000075e+07
1.351896300000000000e+07 1.324461100000000000e+07 1.350491442999999970e+07
1.351896300000000000e+07 1.323321800000000000e+07 1.351499096499999985e+07
1.351896300000000000e+07 1.331098100000000000e+07 1.350335891000000015e+07
1.351896300000000000e+07 1.324511700000000000e+07 1.347872089499999955e+07
1.351896300000000000e+07 1.324377700000000000e+07 1.350186611500000022e+07
1.351896300000000000e+07 1.343362500000000000e+07 1.351831881000000052e+07
1.351896300000000000e+07 1.331710100000000000e+07 1.351243905499999970e+07
1.351896300000000000e+07 1.311978200000000000e+07 1.350542116499999911e+07
1.351896300000000000e+07 1.331482900000000000e+07 1.351252482499999925e+07
1.351896300000000000e+07 1.327131000000000000e+07 1.351218064499999955e+07
1.351896300000000000e+07 1.314973800000000000e+07 1.349766655499999970e+07
1.351896300000000000e+07 1.324905200000000000e+07 1.351528963000000082e+07
1.351896300000000000e+07 1.321790900000000000e+07 1.350844695500000007e+07
1.351896300000000000e+07 1.321799000000000000e+07 1.348572868999999948e+07
1.351896300000000000e+07 1.351896300000000000e+07 1.351896300000000000e+07
1.351896300000000000e+07 1.294172000000000000e+07 1.343072382499999925e+07
1.351896300000000000e+07 1.302619600000000000e+07 1.338957727500000037e+07
1.351896300000000000e+07 1.335297400000000000e+07 1.350590503500000015e+07
1.351896300000000000e+07 1.329259500000000000e+07 1.351437154499999993e+07
1.351896300000000000e+07 1.304973500000000000e+07 1.350279182499999925e+07
1.351896300000000000e+07 1.336873600000000000e+07 1.351500274499999918e+07
1.351896300000000000e+07 1.325999000000000000e+07 1.349729727999999933e+07
1.351896300000000000e+07 1.311267300000000000e+07 1.349094404499999993e+07
1.351896300000000000e+07 1.321009900000000000e+07 1.351286691999999993e+07
