1.330791600000000000e+07 1.260596500000000000e+07 1.320612496499999985e+07
1.330791600000000000e+07 1.256795600000000000e+07 1.309382142500000075e+07
1.330791600000000000e+07 1.221007900000000000e+07 1.318423593999999948e+07
1.330791600000000000e+07 1.249762300000000000e+07 1.312023605000000075e+07
1.330791600000000000e+07 1.264359000000000000e+07 1.309827385500000045e+07
1.330791600000000000e+07 1.265527000000000000e+07 1.313862834999999963e+07
1.330791600000000000e+07 1.256329000000000000e+07 1.311872877500000037e+07
1.330791600000000000e+07 1.240204500000000000e+07 1.299892795500000007e+07
1.330791600000000000e+07 1.248901300000000000e+07 1.308609291999999993e+07
1.330791600000000000e+07 1.252265600000000000e+07 1.314755088000000082e+07
1.330791600000000000e+07 1.261755200000000000e+07 1.318573465000000037e+07
1.330791600000000000e+07 1.293127300000000000e+07 1.319967249000000022e+07
1.330791600000000000e+07 1.294170600000000000e+07 1.323233730000000075e+07
1.330791600000000000e+07 1.276350400000000000e+07 1.319568541999999993e+07
1.330791600000000000e+07 1.266086300000000000e+07 1.321996185999999940e+07
1.334160900000000000e+07 1.269587200000000000e+07 1.323334114000000060e+07
1.334160900000000000e+07 1.297438600000000000e+07 1.320588169999999925e+07
1.334160900000000000e+07 1.266548500000000000e+07 1.319424398000000045e+07
1.336959800000000000e+07 1.300847900000000000e+07 1.332728833500000089e+07
1.336959800000000000e+07 1.289864600000000000e+07 1.330982775500000082e+07
1.336959800000000000e+07 1.286045100000000000e+07 1.332623538000000082e+07
1.336959800000000000e+07 1.311603100000000000e+07 1.335422848000000045e+07
1.337101200000000000e+07 1.294016900000000000e+07 1.331593084500000067e+07
1.337101200000000000e+07 1.311765500000000000e+07 1.330999850500000082e+07
1.337101200000000000e+07 1.323169400000000000e+07 1.336300278999999911e+07
1.337101200000000000e+07 1.298448100000000000e+07 1.331220604499999993e+07
1.337101200000000000e+07 1.311361600000000000e+07 1.332494938000000082e+07
1.337101200000000000e+07 1.304889600000000000e+07 1.331542119999999925e+07
1.337101200000000000e+07 1.289035000000000000e+07 1.330487051500000060e+07
1.337101200000000000e+07 1.305350700000000000e+07 1.332582197499999963e+07
1.337101200000000000e+07 1.306320400000000000e+07 1.327976961500000022e+07
1.341937700000000000e+07 1.291695000000000000e+07 1.332743307499999925e+07
1.341937700000000000e+07 1.295964400000000000e+07 1.325786720500000007e+07
1.341937700000000000e+07 1.294897800000000000e+07 1.335290285500000045e+07
1.341937700000000000e+07 1.296226400000000000e+07 1.328285302999999933e+07
1.341937700000000000e+07 1.281177100000000000e+07 1.333571133000000007e+07
1.341937700000000000e+07 1.311002000000000000e+07 1.334405785999999940e+07
1.348904300000000000e+07 1.308423600000000000e+07 1.339020367500000075e+07
1.348904300000000000e+07 1.312285000000000000e+07 1.340005016999999993e+07
1.348904300000000000e+07 1.289295200000000000e+07 1.332545073000000045e+07
1.348904300000000000e+07 1.311671700000000000e+07 1.344393118500000052e+07
1.348904300000000000e+07 1.319238500000000000e+07 1.347563721000000089e+07
1.348904300000000000e+07 1.301737500000000000e+07 1.347625513499999978e+07
1.348904300000000000e+07 1.326153000000000000e+07 1.348430075500000082e+07
1.348904300000000000e+07 1.310849100000000000e+07 1.348118601500000060e+07
1.348904300000000000e+07 1.318551300000000000e+07 1.348634156000000052e+07
1.348904300000000000e+07 1.333628700000000000e+07 1.347976829499999993e+07
1.348904300000000000e+07 1.305952000000000000e+07 1.347027051999999955e+07
1.349123900000000000e+07 1.318551300000000000e+07 1.347989945500000007e+07
1.349123900000000000e+07 1.326153000000000000e+07 1.348891994999999925e+07
1.349123900000000000e+07 1.306917700000000000e+07 1.348843202999999933e+07
1.349123900000000000e+07 1.330831500000000000e+07 1.348146094500000030e+07
1.349123900000000000e+07 1.328513500000000000e+07 1.348473248000000045e+07
1.349661600000000000e+07 1.313138200000000000e+07 1.349082852500000037e+07
1.349661600000000000e+07 1.313769100000000000e+07 1.346440307000000030e+07
1.349661600000000000e+07 1.316965700000000000e+07 1.349298452999999933e+07
1.349661600000000000e+07 1.329248200000000000e+07 1.345701685500000045e+07
1.349661600000000000e+07 1.331989900000000000e+07 1.347755191499999911e+07
1.349661600000000000e+07 1.329523700000000000e+07 1.349226993999999948e+07
1.349661600000000000e+07 1.303783300000000000e+07 1.348049072499999963e+07
1.349661600000000000e+07 1.323261600000000000e+07 1.349197009999999963e+07
1.349661600000000000e+07 1.339699400000000000e+07 1.349578923499999940e+07
1.352434000000000000e+07 1.327906000000000000e+07 1.350603283000000007e+07
1.352434000000000000e+07 1.326588100000000000e+07 1.349133779499999993e+07
1.352434000000000000e+07 1.326910300000000000e+07 1.351740442500000075e+07
1.352434000000000000e+07 1.325437000000000000e+07 1.351253233000000007e+07
1.352434000000000000e+07 1.332020600000000000e+07 1.351925154499999993e+07
1.352434000000000000e+07 1.315910600000000000e+07 1.351454859500000067e+07
1.352434000000000000e+07 1.325062700000000000e+07 1.351947163499999978e+07
1.352434000000000000e+07 1.314589900000000000e+07 1.351317853999999911e+07
1.352434000000000000e+07 1.321823400000000000e+07 1.349972399499999918e+07
1.352434000000000000e+07 1.338924400000000000e+07 1.352095500999999978e+07
1.352434000000000000e+07 1.317938600000000000e+07 1.352261523000000045e+07
1.352434000000000000e+07 1.332079300000000000e+07 1.351288434999999963e+07
1.352434000000000000e+07 1.325506200000000000e+07 1.350893721499999985e+07
1.352434000000000000e+07 1.336435700000000000e+07 1.351994032000000030e+07
1.352434000000000000e+07 1.298392800000000000e+07 1.350990631000000052e+07
1.352434000000000000e+07 1.306800700000000000e+07 1.351127023000000045e+07
1.352434000000000000e+07 1.321823400000000000e+07 1.351907090499999933e+07
1.352434000000000000e+07 1.341335400000000000e+07 1.352032752500000037e+07
1.352434000000000000e+07 1.294709700000000000e+07 1.349235278500000015e+07
1.352434000000000000e+07 1.342691400000000000e+07 1.351500458000000007e+07
1.352434000000000000e+07 1.342691400000000000e+07 1.351984201500000060e+07
1.352434000000000000e+07 1.335724800000000000e+07 1.351554869999999925e+07
1.352434000000000000e+07 1.325062700000000000e+07 1.351918775999999978e+07
1.352434000000000000e+07 1.329797200000000000e+07 1.351407326500000060e+07
1.352434000000000000e+07 1.315250300000000000e+07 1.347790836500000022e+07
1.352434000000000000e+07 1.328663200000000000e+07 1.347172489000000060e+07
1.352434000000000000e+07 1.323826500000000000e+07 1.351297900999999978e+07
1.352434000000000000e+07 1.325506200000000000e+07 1.349317042999999970e+07
1.352434000000000000e+07 1.345467400000000000e+07 1.351418330499999970e+07
1.352434000000000000e+07 1.322478100000000000e+07 1.350691694999999925e+07
1.352434000000000000e+07 1.323424300000000000e+07 1.352121496499999985e+07
1.352434000000000000e+07 1.319176000000000000e+07 1.351875381000000052e+07
1.352434000000000000e+07 1.335724800000000000e+07 1.351766708000000007e+07
1.352434000000000000e+07 1.335724800000000000e+07 1.351816948499999940e+07
1.352434000000000000e+07 1.323109600000000000e+07 1.351184898000000045e+07
1.352434000000000000e+07 1.342691400000000000e+07 1.351865261999999918e+07
1.352434000000000000e+07 1.342691400000000000e+07 1.352023766499999911e+07
1.352434000000000000e+07 1.285356500000000000e+07 1.346773287500000000e+07
