1.324213400000000000e+07 1.253323200000000000e+07 1.309816092999999970e+07
1.324213400000000000e+07 1.265892300000000000e+07 1.312405717500000075e+07
1.324213400000000000e+07 1.268624100000000000e+07 1.308471733999999985e+07
1.324213400000000000e+07 1.265837600000000000e+07 1.304661300000000000e+07
1.324213400000000000e+07 1.248742300000000000e+07 1.309709272000000067e+07
1.324213400000000000e+07 1.254979900000000000e+07 1.315376214499999955e+07
1.326616200000000000e+07 1.243478100000000000e+07 1.316874040000000037e+07
1.326616200000000000e+07 1.259053800000000000e+07 1.313984316000000015e+07
1.326616200000000000e+07 1.262719300000000000e+07 1.316653675500000082e+07
1.326616200000000000e+07 1.261831200000000000e+07 1.309770675000000000e+07
1.326616200000000000e+07 1.270227200000000000e+07 1.304997618999999948e+07
1.326616200000000000e+07 1.279449100000000000e+07 1.315249963000000082e+07
1.326616200000000000e+07 1.275704200000000000e+07 1.318561341000000015e+07
1.339107100000000000e+07 1.296993100000000000e+07 1.332009109999999963e+07
1.339107100000000000e+07 1.294258700000000000e+07 1.328842146499999985e+07
1.339107100000000000e+07 1.287308000000000000e+07 1.323452264000000060e+07
1.339107100000000000e+07 1.285344700000000000e+07 1.324135410999999940e+07
1.349123900000000000e+07 1.283512000000000000e+07 1.338957708500000089e+07
1.349123900000000000e+07 1.288028900000000000e+07 1.327160676500000060e+07
1.349123900000000000e+07 1.290095400000000000e+07 1.325336966499999911e+07
1.349123900000000000e+07 1.267873200000000000e+07 1.326356857000000030e+07
1.349123900000000000e+07 1.287137200000000000e+07 1.338527664000000060e+07
1.349123900000000000e+07 1.291642600000000000e+07 1.332803535999999940e+07
1.349123900000000000e+07 1.310835400000000000e+07 1.342536266000000015e+07
1.349123900000000000e+07 1.299651700000000000e+07 1.342475722499999963e+07
1.349123900000000000e+07 1.313359000000000000e+07 1.343661278999999911e+07
1.349123900000000000e+07 1.284993300000000000e+07 1.333253796499999985e+07
1.349123900000000000e+07 1.270334200000000000e+07 1.329621986999999918e+07
1.349123900000000000e+07 1.297412600000000000e+07 1.333701833999999985e+07
1.349123900000000000e+07 1.302235600000000000e+07 1.345512799499999918e+07
1.349123900000000000e+07 1.309118400000000000e+07 1.342010291000000015e+07
1.349123900000000000e+07 1.303742500000000000e+07 1.343846795500000007e+07
1.349123900000000000e+07 1.311302400000000000e+07 1.346625291499999911e+07
1.349123900000000000e+07 1.321940400000000000e+07 1.345218333000000007e+07
1.349123900000000000e+07 1.307715300000000000e+07 1.345895472000000067e+07
1.349123900000000000e+07 1.313190200000000000e+07 1.334890556000000052e+07
1.349123900000000000e+07 1.307033100000000000e+07 1.335172235999999940e+07
1.349123900000000000e+07 1.293839900000000000e+07 1.330901559999999963e+07
1.349123900000000000e+07 1.304102100000000000e+07 1.337144619999999925e+07
1.349123900000000000e+07 1.302158500000000000e+07 1.344953072000000067e+07
1.349123900000000000e+07 1.297692000000000000e+07 1.339240560500000045e+07
1.349123900000000000e+07 1.324972800000000000e+07 1.345655072000000067e+07
1.349123900000000000e+07 1.317156000000000000e+07 1.346595055499999970e+07
1.349123900000000000e+07 1.328063800000000000e+07 1.348678688499999978e+07
1.349123900000000000e+07 1.311267300000000000e+07 1.346181209500000067e+07
1.349123900000000000e+07 1.306438200000000000e+07 1.348494795500000007e+07
1.349123900000000000e+07 1.321940400000000000e+07 1.348564955499999970e+07
1.349123900000000000e+07 1.310994900000000000e+07 1.348770081499999948e+07
1.349123900000000000e+07 1.315055300000000000e+07 1.348575749499999918e+07
1.349123900000000000e+07 1.321332900000000000e+07 1.348316538499999978e+07
1.349123900000000000e+07 1.319049200000000000e+07 1.346635367500000075e+07
1.349123900000000000e+07 1.329461500000000000e+07 1.348734731499999948e+07
1.349123900000000000e+07 1.349123900000000000e+07 1.349123900000000000e+07
1.349123900000000000e+07 1.311510100000000000e+07 1.347788792500000075e+07
1.349123900000000000e+07 1.312282800000000000e+07 1.344893612500000000e+07
1.349123900000000000e+07 1.322025400000000000e+07 1.343103535500000045e+07
1.349123900000000000e+07 1.324972800000000000e+07 1.344762779499999993e+07
1.349123900000000000e+07 1.330468100000000000e+07 1.347811528500000015e+07
1.349123900000000000e+07 1.312197800000000000e+07 1.348307359999999963e+07
1.349123900000000000e+07 1.331464800000000000e+07 1.347835665000000037e+07
1.349123900000000000e+07 1.307298400000000000e+07 1.348093169999999925e+07
1.349123900000000000e+07 1.316509900000000000e+07 1.347559423000000045e+07
1.349123900000000000e+07 1.338665000000000000e+07 1.348992634500000067e+07
1.349123900000000000e+07 1.301655800000000000e+07 1.345149163499999978e+07
1.349123900000000000e+07 1.348730400000000000e+07 1.349121932499999925e+07
1.349123900000000000e+07 1.322010200000000000e+07 1.348703180499999970e+07
1.349123900000000000e+07 1.319742900000000000e+07 1.348739764000000060e+07
1.349123900000000000e+07 1.319742900000000000e+07 1.347098069999999925e+07
1.349123900000000000e+07 1.328372100000000000e+07 1.348161514000000060e+07
1.349123900000000000e+07 1.324972800000000000e+07 1.348914868500000052e+07
1.349123900000000000e+07 1.317984300000000000e+07 1.348351521499999985e+07
1.349123900000000000e+07 1.319520500000000000e+07 1.348275385500000045e+07
1.349123900000000000e+07 1.322010200000000000e+07 1.348592040000000037e+07
1.349123900000000000e+07 1.317884500000000000e+07 1.348129184999999963e+07
1.349123900000000000e+07 1.326372600000000000e+07 1.348445300999999978e+07
1.349123900000000000e+07 1.328883400000000000e+07 1.349022697499999963e+07
1.349123900000000000e+07 1.342157300000000000e+07 1.349089066999999993e+07
1.349123900000000000e+07 1.321437400000000000e+07 1.346687723000000045e+07
1.349123900000000000e+07 1.321355500000000000e+07 1.347083488499999978e+07
1.349123900000000000e+07 1.331611700000000000e+07 1.348610300000000000e+07
1.349123900000000000e+07 1.322010500000000000e+07 1.347969018999999948e+07
1.349123900000000000e+07 1.330733600000000000e+07 1.348456171000000089e+07
1.349123900000000000e+07 1.323651000000000000e+07 1.347468488000000082e+07
1.349123900000000000e+07 1.334079400000000000e+07 1.349006805000000075e+07
1.349123900000000000e+07 1.304752800000000000e+07 1.346728649000000022e+07
1.349123900000000000e+07 1.311497800000000000e+07 1.346945039499999955e+07
1.349123900000000000e+07 1.311726500000000000e+07 1.346461466999999993e+07
1.349123900000000000e+07 1.301005800000000000e+07 1.340287538000000082e+07
1.349123900000000000e+07 1.318389800000000000e+07 1.347554941999999993e+07
1.349123900000000000e+07 1.324972800000000000e+07 1.347919241000000015e+07
1.349123900000000000e+07 1.322010500000000000e+07 1.348988333000000007e+07
1.349123900000000000e+07 1.301440000000000000e+07 1.347494872000000067e+07
1.349123900000000000e+07 1.310378900000000000e+07 1.348756229499999993e+07
1.349123900000000000e+07 1.326372600000000000e+07 1.346367300500000082e+07
1.349123900000000000e+07 1.324381300000000000e+07 1.347742723499999940e+07
1.349123900000000000e+07 1.313077300000000000e+07 1.348013331499999948e+07
1.349123900000000000e+07 1.322310300000000000e+07 1.347478417999999970e+07
1.349123900000000000e+07 1.328710500000000000e+07 1.347200160999999940e+07
1.349123900000000000e+07 1.326148800000000000e+07 1.348127268500000052e+07
1.349123900000000000e+07 1.327134600000000000e+07 1.348577550000000000e+07
