1.296953900000000000e+07 1.274100500000000000e+07 1.293874971000000089e+07
1.300702300000000000e+07 1.220831400000000000e+07 1.295892008000000007e+07
1.300702300000000000e+07 1.244022600000000000e+07 1.291588456000000052e+07
1.309633300000000000e+07 1.261070000000000000e+07 1.302823682499999925e+07
1.310673700000000000e+07 1.213491600000000000e+07 1.306285580499999970e+07
1.310673700000000000e+07 1.272762300000000000e+07 1.302651096000000089e+07
1.328919400000000000e+07 1.222900400000000000e+07 1.310693943999999948e+07
1.328919400000000000e+07 1.247039200000000000e+07 1.310042906499999948e+07
1.328919400000000000e+07 1.251220200000000000e+07 1.300487711999999918e+07
1.328919400000000000e+07 1.230910700000000000e+07 1.304269883000000007e+07
1.328919400000000000e+07 1.287437500000000000e+07 1.319310729499999993e+07
1.328919400000000000e+07 1.262651000000000000e+07 1.310765736999999918e+07
1.330442200000000000e+07 1.289632700000000000e+07 1.326108386500000022e+07
1.330442200000000000e+07 1.280203100000000000e+07 1.310462391499999911e+07
1.330442200000000000e+07 1.281018000000000000e+07 1.325160365000000037e+07
1.331093600000000000e+07 1.269971600000000000e+07 1.325632107000000030e+07
1.331093600000000000e+07 1.288070200000000000e+07 1.326461997000000067e+07
1.331093600000000000e+07 1.246717900000000000e+07 1.318143373000000045e+07
1.331093600000000000e+07 1.266764800000000000e+07 1.311897934500000067e+07
1.335262900000000000e+07 1.280046300000000000e+07 1.328928636999999918e+07
1.335262900000000000e+07 1.266333900000000000e+07 1.318135139499999955e+07
1.335262900000000000e+07 1.297600900000000000e+07 1.327415155499999970e+07
1.335262900000000000e+07 1.280567100000000000e+07 1.326160816999999993e+07
1.335262900000000000e+07 1.303697400000000000e+07 1.328812021000000089e+07
1.336795000000000000e+07 1.291783900000000000e+07 1.333219706000000052e+07
1.336795000000000000e+07 1.302437000000000000e+07 1.334756734999999963e+07
1.336795000000000000e+07 1.304135000000000000e+07 1.332609533500000089e+07
1.336795000000000000e+07 1.307458400000000000e+07 1.333198650999999978e+07
1.336795000000000000e+07 1.296015100000000000e+07 1.331053992999999970e+07
1.336795000000000000e+07 1.306619500000000000e+07 1.335047516499999911e+07
1.339964500000000000e+07 1.297875000000000000e+07 1.334193040000000037e+07
1.339964500000000000e+07 1.304786800000000000e+07 1.333740091999999993e+07
1.339964500000000000e+07 1.293918700000000000e+07 1.336200523000000045e+07
1.339964500000000000e+07 1.301180000000000000e+07 1.330800368999999948e+07
1.339964500000000000e+07 1.299315200000000000e+07 1.328210125500000082e+07
1.339964500000000000e+07 1.298509200000000000e+07 1.331309524000000022e+07
1.339964500000000000e+07 1.319053500000000000e+07 1.332618009999999963e+07
1.339964500000000000e+07 1.303741100000000000e+07 1.334394213499999978e+07
1.339964500000000000e+07 1.294200200000000000e+07 1.331861702500000037e+07
1.339964500000000000e+07 1.304925300000000000e+07 1.337892159999999963e+07
1.339964500000000000e+07 1.290146200000000000e+07 1.331136171000000089e+07
1.339964500000000000e+07 1.325407900000000000e+07 1.338139817999999970e+07
1.339964500000000000e+07 1.309864700000000000e+07 1.338863148499999940e+07
1.339964500000000000e+07 1.315806700000000000e+07 1.336834596000000089e+07
1.339964500000000000e+07 1.324207300000000000e+07 1.338378909500000067e+07
1.339964500000000000e+07 1.325024600000000000e+07 1.338222617500000075e+07
1.339964500000000000e+07 1.322918600000000000e+07 1.338856297499999963e+07
1.339964500000000000e+07 1.316986900000000000e+07 1.336026850000000000e+07
1.339964500000000000e+07 1.329828400000000000e+07 1.339572479499999993e+07
1.339964500000000000e+07 1.323735100000000000e+07 1.339340619500000030e+07
1.339964500000000000e+07 1.317634200000000000e+07 1.338369433000000007e+07
1.339964500000000000e+07 1.315588500000000000e+07 1.339392933999999985e+07
1.339964500000000000e+07 1.339964500000000000e+07 1.339964500000000000e+07
1.339964500000000000e+07 1.325331100000000000e+07 1.338889104499999993e+07
1.339964500000000000e+07 1.309867200000000000e+07 1.338789183999999985e+07
1.339964500000000000e+07 1.317365800000000000e+07 1.339776997499999963e+07
1.339964500000000000e+07 1.323166200000000000e+07 1.339567041000000015e+07
1.339964500000000000e+07 1.330221900000000000e+07 1.339409825000000000e+07
1.339964500000000000e+07 1.304151700000000000e+07 1.337183388499999978e+07
1.339964500000000000e+07 1.322772700000000000e+07 1.338383418999999948e+07
1.345860900000000000e+07 1.329758600000000000e+07 1.342507886500000022e+07
1.345860900000000000e+07 1.285226400000000000e+07 1.339757348000000045e+07
1.345860900000000000e+07 1.324949900000000000e+07 1.343198620500000007e+07
1.345860900000000000e+07 1.336829200000000000e+07 1.345330138499999978e+07
1.346791400000000000e+07 1.325447500000000000e+07 1.345428277999999933e+07
1.346791400000000000e+07 1.303164100000000000e+07 1.345866083000000007e+07
1.346791400000000000e+07 1.326378000000000000e+07 1.346126540499999933e+07
1.346791400000000000e+07 1.335252000000000000e+07 1.345733332499999925e+07
1.346791400000000000e+07 1.326378000000000000e+07 1.346689333000000007e+07
1.346791400000000000e+07 1.326378000000000000e+07 1.345968010999999940e+07
1.351896300000000000e+07 1.304666100000000000e+07 1.348176018999999948e+07
1.351896300000000000e+07 1.327251600000000000e+07 1.349385551999999955e+07
1.351896300000000000e+07 1.319378400000000000e+07 1.349082016000000015e+07
1.351896300000000000e+07 1.320763800000000000e+07 1.351641722499999963e+07
1.351896300000000000e+07 1.342153700000000000e+07 1.351694375000000000e+07
1.351896300000000000e+07 1.331490500000000000e+07 1.351257423000000045e+07
1.351896300000000000e+07 1.301156300000000000e+07 1.350930850500000082e+07
1.351896300000000000e+07 1.344929700000000000e+07 1.351790531499999948e+07
1.351896300000000000e+07 1.344929700000000000e+07 1.351849661999999918e+07
1.351896300000000000e+07 1.321940400000000000e+07 1.350407746000000089e+07
1.351896300000000000e+07 1.341760200000000000e+07 1.351810786500000022e+07
1.351896300000000000e+07 1.327745200000000000e+07 1.350675351500000060e+07
1.351896300000000000e+07 1.312805300000000000e+07 1.351537972499999963e+07
1.351896300000000000e+07 1.299380700000000000e+07 1.349725619999999925e+07
1.351896300000000000e+07 1.332623500000000000e+07 1.351548500999999978e+07
1.351896300000000000e+07 1.342153700000000000e+07 1.351684327999999933e+07
1.351896300000000000e+07 1.342153700000000000e+07 1.351519621000000089e+07
1.351896300000000000e+07 1.327583000000000000e+07 1.351579953500000015e+07
1.351896300000000000e+07 1.311267300000000000e+07 1.348947659500000067e+07
1.351896300000000000e+07 1.315364100000000000e+07 1.351535304499999993e+07
1.351896300000000000e+07 1.299542600000000000e+07 1.350201007499999925e+07
1.351896300000000000e+07 1.328372100000000000e+07 1.350983157499999925e+07
1.351896300000000000e+07 1.332195100000000000e+07 1.349649336500000022e+07
1.351896300000000000e+07 1.351896300000000000e+07 1.351896300000000000e+07
1.351896300000000000e+07 1.331347900000000000e+07 1.351375827999999933e+07
1.351896300000000000e+07 1.334867400000000000e+07 1.350804750999999978e+07
1.351896300000000000e+07 1.340797700000000000e+07 1.351699749499999918e+07
1.351896300000000000e+07 1.336468700000000000e+07 1.351638305000000075e+07
1.351896300000000000e+07 1.325218300000000000e+07 1.350281893999999948e+07
1.351896300000000000e+07 1.342153700000000000e+07 1.351521766000000015e+07
