1.318680400000000000e+07 1.277154300000000000e+07 1.308874644500000030e+07
1.318680400000000000e+07 1.264231200000000000e+07 1.300029936999999918e+07
1.323133600000000000e+07 1.258688500000000000e+07 1.316223199499999918e+07
1.323133600000000000e+07 1.260116900000000000e+07 1.305881389000000060e+07
1.337592400000000000e+07 1.267677000000000000e+07 1.321424028500000015e+07
1.337592400000000000e+07 1.255589800000000000e+07 1.312256931499999948e+07
1.337592400000000000e+07 1.267043600000000000e+07 1.320645225999999978e+07
1.337592400000000000e+07 1.214830900000000000e+07 1.312700959500000067e+07
1.337592400000000000e+07 1.214742300000000000e+07 1.309300812500000000e+07
1.337592400000000000e+07 1.257136800000000000e+07 1.325117878999999911e+07
1.337592400000000000e+07 1.270519300000000000e+07 1.311953525000000000e+07
1.337592400000000000e+07 1.276801100000000000e+07 1.319840445500000007e+07
1.337592400000000000e+07 1.279677200000000000e+07 1.322848996499999985e+07
1.337592400000000000e+07 1.287827900000000000e+07 1.326586940499999933e+07
1.337592400000000000e+07 1.291217500000000000e+07 1.325474150000000000e+07
1.337592400000000000e+07 1.274596000000000000e+07 1.317267238499999978e+07
1.337592400000000000e+07 1.259062800000000000e+07 1.319035322000000067e+07
1.337592400000000000e+07 1.289906000000000000e+07 1.328159734999999963e+07
1.337592400000000000e+07 1.293436000000000000e+07 1.327651061500000022e+07
1.337592400000000000e+07 1.273039100000000000e+07 1.319999769500000030e+07
1.337592400000000000e+07 1.270654900000000000e+07 1.315565618999999948e+07
1.338522900000000000e+07 1.301168800000000000e+07 1.336247003500000015e+07
1.338522900000000000e+07 1.308487200000000000e+07 1.336847216999999993e+07
1.338522900000000000e+07 1.301596800000000000e+07 1.332452732000000030e+07
1.339318300000000000e+07 1.297286900000000000e+07 1.334984276999999955e+07
1.339318300000000000e+07 1.292792000000000000e+07 1.332074144999999925e+07
1.339318300000000000e+07 1.302330800000000000e+07 1.337709086500000022e+07
1.339318300000000000e+07 1.301823100000000000e+07 1.335883844999999925e+07
1.347390300000000000e+07 1.310167300000000000e+07 1.339768488499999978e+07
1.347390300000000000e+07 1.300988200000000000e+07 1.337650422499999963e+07
1.347783800000000000e+07 1.307452700000000000e+07 1.339988180000000075e+07
1.347783800000000000e+07 1.324698200000000000e+07 1.346200926500000060e+07
1.347783800000000000e+07 1.314178300000000000e+07 1.342866680000000075e+07
1.347783800000000000e+07 1.315793300000000000e+07 1.339180009500000067e+07
1.347783800000000000e+07 1.270420700000000000e+07 1.332373044999999925e+07
1.347783800000000000e+07 1.305059600000000000e+07 1.341416806499999948e+07
1.347783800000000000e+07 1.303390000000000000e+07 1.339155205000000075e+07
1.347783800000000000e+07 1.291719400000000000e+07 1.339648708999999985e+07
1.347783800000000000e+07 1.300897300000000000e+07 1.336878635500000045e+07
1.347783800000000000e+07 1.289784000000000000e+07 1.334036858999999985e+07
1.347783800000000000e+07 1.309802200000000000e+07 1.343685011999999918e+07
1.347783800000000000e+07 1.297362700000000000e+07 1.347385555499999970e+07
1.347783800000000000e+07 1.323470500000000000e+07 1.347211324000000022e+07
1.347783800000000000e+07 1.337831000000000000e+07 1.347559363000000082e+07
1.347783800000000000e+07 1.295819400000000000e+07 1.344987480000000075e+07
1.347783800000000000e+07 1.328523800000000000e+07 1.346335402999999933e+07
1.347783800000000000e+07 1.312255600000000000e+07 1.346147765000000037e+07
1.347783800000000000e+07 1.315985000000000000e+07 1.345943828999999911e+07
1.347783800000000000e+07 1.321284100000000000e+07 1.345114966499999911e+07
1.347783800000000000e+07 1.315766100000000000e+07 1.347210891000000015e+07
1.347783800000000000e+07 1.310857700000000000e+07 1.347181547000000067e+07
1.347783800000000000e+07 1.316903000000000000e+07 1.346378126999999955e+07
1.347783800000000000e+07 1.332290800000000000e+07 1.346636051999999955e+07
1.347783800000000000e+07 1.334002200000000000e+07 1.346947883500000089e+07
1.347783800000000000e+07 1.301120000000000000e+07 1.346851025999999978e+07
1.347783800000000000e+07 1.331209500000000000e+07 1.347499003500000015e+07
1.347783800000000000e+07 1.310857700000000000e+07 1.345549717999999970e+07
1.347783800000000000e+07 1.331074600000000000e+07 1.347384525999999978e+07
1.347783800000000000e+07 1.338041200000000000e+07 1.347513757000000030e+07
1.347783800000000000e+07 1.327370400000000000e+07 1.347168978999999911e+07
1.347783800000000000e+07 1.322128700000000000e+07 1.346270934500000067e+07
1.347783800000000000e+07 1.328048900000000000e+07 1.347445151500000060e+07
1.347783800000000000e+07 1.340817200000000000e+07 1.347748966999999993e+07
1.347783800000000000e+07 1.316301700000000000e+07 1.345421782499999925e+07
1.347783800000000000e+07 1.317055400000000000e+07 1.341698278999999911e+07
1.347783800000000000e+07 1.313990400000000000e+07 1.344736631499999948e+07
1.347783800000000000e+07 1.325032500000000000e+07 1.347344921000000089e+07
1.347783800000000000e+07 1.325775000000000000e+07 1.347334571499999985e+07
1.347783800000000000e+07 1.347390300000000000e+07 1.347781832499999925e+07
1.347783800000000000e+07 1.316920000000000000e+07 1.347326606499999948e+07
1.347783800000000000e+07 1.319961400000000000e+07 1.346221547499999963e+07
1.347783800000000000e+07 1.323239200000000000e+07 1.346758867500000075e+07
1.347783800000000000e+07 1.326503300000000000e+07 1.347408155000000075e+07
1.347783800000000000e+07 1.326503300000000000e+07 1.347502009500000067e+07
1.347783800000000000e+07 1.316142700000000000e+07 1.346012541499999911e+07
1.347783800000000000e+07 1.324200900000000000e+07 1.347345249000000022e+07
1.347783800000000000e+07 1.310819600000000000e+07 1.345035105000000075e+07
1.347783800000000000e+07 1.337110700000000000e+07 1.346399866000000015e+07
1.347783800000000000e+07 1.331540700000000000e+07 1.347201308000000007e+07
1.347783800000000000e+07 1.309828600000000000e+07 1.346273921499999985e+07
1.347783800000000000e+07 1.308999300000000000e+07 1.346440746499999985e+07
1.347783800000000000e+07 1.325472100000000000e+07 1.346977191499999911e+07
1.347783800000000000e+07 1.322932800000000000e+07 1.347090150999999978e+07
1.347783800000000000e+07 1.317430800000000000e+07 1.344960354499999993e+07
1.347783800000000000e+07 1.340817200000000000e+07 1.347656038499999978e+07
1.347783800000000000e+07 1.328018600000000000e+07 1.347413716000000015e+07
1.347783800000000000e+07 1.337821600000000000e+07 1.347369125500000082e+07
1.347783800000000000e+07 1.310857700000000000e+07 1.345339650000000000e+07
1.347783800000000000e+07 1.335638400000000000e+07 1.347161069999999925e+07
1.347783800000000000e+07 1.340817200000000000e+07 1.347636598000000045e+07
1.347783800000000000e+07 1.347783800000000000e+07 1.347783800000000000e+07
1.347783800000000000e+07 1.332862400000000000e+07 1.346573317999999970e+07
1.347783800000000000e+07 1.338041200000000000e+07 1.347212591999999993e+07
1.347783800000000000e+07 1.338041200000000000e+07 1.346394772000000067e+07
1.347783800000000000e+07 1.318486900000000000e+07 1.347162139499999955e+07
1.347783800000000000e+07 1.325347500000000000e+07 1.347212221000000089e+07
1.347783800000000000e+07 1.338550300000000000e+07 1.347682159999999963e+07
1.347783800000000000e+07 1.303929000000000000e+07 1.345091910500000045e+07
1.347783800000000000e+07 1.329067700000000000e+07 1.347641506499999948e+07
1.347783800000000000e+07 1.337821600000000000e+07 1.347307100000000000e+07
