1.307288000000000000e+07 1.244501900000000000e+07 1.301911407499999925e+07
1.322354500000000000e+07 1.225579700000000000e+07 1.302483712500000000e+07
1.322354500000000000e+07 1.273538700000000000e+07 1.307426411999999918e+07
1.322354500000000000e+07 1.229518900000000000e+07 1.306495959500000067e+07
1.322354500000000000e+07 1.261233000000000000e+07 1.311539269500000030e+07
1.322354500000000000e+07 1.232251400000000000e+07 1.311665920500000007e+07
1.322354500000000000e+07 1.241897500000000000e+07 1.294951630499999970e+07
1.322354500000000000e+07 1.247590000000000000e+07 1.315682139499999955e+07
1.322354500000000000e+07 1.249878500000000000e+07 1.311572759999999963e+07
1.322354500000000000e+07 1.274746400000000000e+07 1.312970369500000030e+07
1.322354500000000000e+07 1.263365700000000000e+07 1.313267249000000022e+07
1.330826600000000000e+07 1.284517500000000000e+07 1.323802466000000015e+07
1.330826600000000000e+07 1.278333800000000000e+07 1.326327303500000015e+07
1.330826600000000000e+07 1.269015700000000000e+07 1.322651631000000052e+07
1.330826600000000000e+07 1.286735300000000000e+07 1.323485234999999963e+07
1.330826600000000000e+07 1.295405100000000000e+07 1.322661778500000015e+07
1.330826600000000000e+07 1.263525300000000000e+07 1.312583752500000037e+07
1.338320300000000000e+07 1.283475500000000000e+07 1.319831966999999993e+07
1.338320300000000000e+07 1.283603800000000000e+07 1.326796549000000022e+07
1.338320300000000000e+07 1.265123400000000000e+07 1.326772928500000015e+07
1.338320300000000000e+07 1.305087400000000000e+07 1.329311473000000045e+07
1.338320300000000000e+07 1.292485600000000000e+07 1.328759475000000000e+07
1.338320300000000000e+07 1.302054900000000000e+07 1.335014071000000089e+07
1.338320300000000000e+07 1.290275300000000000e+07 1.331118621000000089e+07
1.338320300000000000e+07 1.312557000000000000e+07 1.335226822000000067e+07
1.344724000000000000e+07 1.290675100000000000e+07 1.340180905000000075e+07
1.344724000000000000e+07 1.307069100000000000e+07 1.343390918500000052e+07
1.344724000000000000e+07 1.308102200000000000e+07 1.339807613499999978e+07
1.345467400000000000e+07 1.289102300000000000e+07 1.336645155000000075e+07
1.345467400000000000e+07 1.307412200000000000e+07 1.336666303999999911e+07
1.352434000000000000e+07 1.310355300000000000e+07 1.346655285500000045e+07
1.352434000000000000e+07 1.304280500000000000e+07 1.347675916499999911e+07
1.352434000000000000e+07 1.318482200000000000e+07 1.349033339499999955e+07
1.352434000000000000e+07 1.314345000000000000e+07 1.345997562500000000e+07
1.352434000000000000e+07 1.310470900000000000e+07 1.347137746499999985e+07
1.352434000000000000e+07 1.299304600000000000e+07 1.342949111500000022e+07
1.352434000000000000e+07 1.311700400000000000e+07 1.346261244500000030e+07
1.352434000000000000e+07 1.312080800000000000e+07 1.344808292500000075e+07
1.352434000000000000e+07 1.295427400000000000e+07 1.340583613000000082e+07
1.352434000000000000e+07 1.271887800000000000e+07 1.339566456000000052e+07
1.352434000000000000e+07 1.321034700000000000e+07 1.346378283500000089e+07
1.352434000000000000e+07 1.315058100000000000e+07 1.351702233000000007e+07
1.352434000000000000e+07 1.309533700000000000e+07 1.346798189000000060e+07
1.352434000000000000e+07 1.313026500000000000e+07 1.348821517999999970e+07
1.352434000000000000e+07 1.338894300000000000e+07 1.350936726500000060e+07
1.352434000000000000e+07 1.309553100000000000e+07 1.348708925500000082e+07
1.352434000000000000e+07 1.330039800000000000e+07 1.351288159999999963e+07
1.352434000000000000e+07 1.341335400000000000e+07 1.352232688000000082e+07
1.352434000000000000e+07 1.342691400000000000e+07 1.351869757499999925e+07
1.352434000000000000e+07 1.329636900000000000e+07 1.350585249000000022e+07
1.352434000000000000e+07 1.315250300000000000e+07 1.343506243500000052e+07
1.352434000000000000e+07 1.322716100000000000e+07 1.351833422499999963e+07
1.352434000000000000e+07 1.343402300000000000e+07 1.352192155000000075e+07
1.352434000000000000e+07 1.305241400000000000e+07 1.351381050500000082e+07
1.352434000000000000e+07 1.300007500000000000e+07 1.351526177999999933e+07
1.352434000000000000e+07 1.327274700000000000e+07 1.347884364000000060e+07
1.352434000000000000e+07 1.324949900000000000e+07 1.350937655000000075e+07
1.352434000000000000e+07 1.326588100000000000e+07 1.352060297000000067e+07
1.352434000000000000e+07 1.338443100000000000e+07 1.350497268500000052e+07
1.352434000000000000e+07 1.327795700000000000e+07 1.350348083999999985e+07
1.352434000000000000e+07 1.316500300000000000e+07 1.351391739499999955e+07
1.352434000000000000e+07 1.343402300000000000e+07 1.351301291499999911e+07
1.352434000000000000e+07 1.332079300000000000e+07 1.351840678999999911e+07
1.352434000000000000e+07 1.315103000000000000e+07 1.351270573000000045e+07
1.352434000000000000e+07 1.315355900000000000e+07 1.350137859999999963e+07
1.352434000000000000e+07 1.320361100000000000e+07 1.350357043999999948e+07
1.352434000000000000e+07 1.345860900000000000e+07 1.352371658500000089e+07
1.352434000000000000e+07 1.345860900000000000e+07 1.351905231499999948e+07
1.352434000000000000e+07 1.331523000000000000e+07 1.352085558000000007e+07
1.352434000000000000e+07 1.331729000000000000e+07 1.352213656000000052e+07
1.352434000000000000e+07 1.330103700000000000e+07 1.352322348499999940e+07
1.352434000000000000e+07 1.328282900000000000e+07 1.351743625500000082e+07
1.352434000000000000e+07 1.352434000000000000e+07 1.352434000000000000e+07
1.352434000000000000e+07 1.319489400000000000e+07 1.351172561500000022e+07
1.352434000000000000e+07 1.299057400000000000e+07 1.349263761999999918e+07
1.352434000000000000e+07 1.328016300000000000e+07 1.350681193500000052e+07
1.352434000000000000e+07 1.332028200000000000e+07 1.351286041499999911e+07
1.352434000000000000e+07 1.331635800000000000e+07 1.348583354499999993e+07
1.352434000000000000e+07 1.336829200000000000e+07 1.351957355000000075e+07
1.352434000000000000e+07 1.346129300000000000e+07 1.352339429499999993e+07
1.352434000000000000e+07 1.316986900000000000e+07 1.350931186500000022e+07
1.352434000000000000e+07 1.309757700000000000e+07 1.349446275500000082e+07
1.352434000000000000e+07 1.331635800000000000e+07 1.351160919999999925e+07
1.352434000000000000e+07 1.341335400000000000e+07 1.352378507000000030e+07
1.352434000000000000e+07 1.328282900000000000e+07 1.352173912500000000e+07
1.352434000000000000e+07 1.336254500000000000e+07 1.352162133999999985e+07
1.352434000000000000e+07 1.342691400000000000e+07 1.352091838499999978e+07
1.352434000000000000e+07 1.342691400000000000e+07 1.352046350999999978e+07
1.352434000000000000e+07 1.322478100000000000e+07 1.351969335999999940e+07
1.352434000000000000e+07 1.345860900000000000e+07 1.352368268999999948e+07
1.352434000000000000e+07 1.349442000000000000e+07 1.352389119999999925e+07
1.352434000000000000e+07 1.321823400000000000e+07 1.349982302500000037e+07
1.352434000000000000e+07 1.316487500000000000e+07 1.350684514499999955e+07
1.352434000000000000e+07 1.298942600000000000e+07 1.349732185999999940e+07
1.352434000000000000e+07 1.345467400000000000e+07 1.351409266999999993e+07
1.352434000000000000e+07 1.322336700000000000e+07 1.351340478500000015e+07
1.352434000000000000e+07 1.342691400000000000e+07 1.352107948499999940e+07
1.352434000000000000e+07 1.321507700000000000e+07 1.348373133000000007e+07
1.352434000000000000e+07 1.334994500000000000e+07 1.350845164499999955e+07
1.352434000000000000e+07 1.329862600000000000e+07 1.351998377500000037e+07
