2.5244 0.1694 1.1431
2.5244 0.2771 1.2940
2.5251 0.7323 1.4563
2.5251 0.7323 1.5251
3.0170 0.7323 1.6392
3.0170 0.8427 1.7626
3.0170 1.2671 1.8575
3.1976 1.2671 1.8977
3.1976 1.2671 1.9720
3.1976 1.2671 1.9971
3.1976 1.5333 2.0951
3.1976 1.5483 2.1346
3.1976 1.5693 2.1607
3.1976 1.5693 2.1975
3.4528 1.5810 2.2533
3.4528 1.5810 2.3540
3.4528 1.5810 2.3754
3.5437 1.5810 2.4800
3.5437 1.5810 2.4934
3.5437 1.5810 2.5493
3.6307 1.5810 2.5964
3.6356 1.5810 2.6707
4.1810 1.5810 2.7569
4.2327 1.5810 2.8951
4.2327 1.5810 2.9418
4.2327 2.0103 3.0856
4.2327 2.0348 3.1452
4.2498 2.2378 3.2953
4.2498 2.2378 3.4100
4.2498 2.3760 3.4981
4.2498 2.3760 3.5983
4.2518 2.3760 3.6752
4.2518 2.6006 3.8609
4.2518 2.8885 3.9997
4.2518 2.8885 4.0664
4.2518 3.6508 4.1524
4.2522 3.7776 4.2104
4.2534 3.9581 4.2333
4.2539 3.9581 4.2383
4.2539 4.2359 4.2492
