2.7389 0.0950 1.2058
2.7478 0.7512 1.4645
2.7478 0.7512 1.5719
2.7478 0.7512 1.6741
2.7478 0.7512 1.7394
2.7478 0.9346 1.8036
2.7478 0.9376 1.8393
2.7478 1.2288 1.9114
2.7478 1.2288 1.9413
2.7555 1.2440 1.9880
2.7555 1.2974 2.0605
2.8528 1.2974 2.1413
3.2424 1.2974 2.2340
3.2424 1.4366 2.2846
3.6728 1.4366 2.3878
3.6728 1.5017 2.4364
3.6728 1.5017 2.5273
3.6728 1.5017 2.6066
3.6728 1.5017 2.6593
4.0588 1.5017 2.7200
4.0588 1.5017 2.7780
4.0588 1.5017 2.8483
4.0588 1.5017 2.9179
4.2408 1.7600 2.9537
4.2408 1.7600 2.9941
4.2408 1.8075 3.0672
4.2408 1.8075 3.1040
4.2408 1.8075 3.1411
4.2408 1.8075 3.2017
4.2408 2.1695 3.2791
4.2408 2.1897 3.3320
4.2408 2.2224 3.3774
4.2428 2.2224 3.4553
4.2428 2.3725 3.5448
4.2428 2.3725 3.6630
4.2428 2.3725 3.7509
4.2428 2.9295 3.8264
4.2428 3.1671 3.9204
4.2514 3.5963 4.0082
4.2514 3.5963 4.0637
