2.2251 0.3321 1.2467
2.2251 0.6131 1.3060
2.2251 0.6131 1.4569
2.2251 0.7471 1.5401
2.2251 0.8168 1.6773
2.2251 0.8168 1.7572
2.2251 1.0190 1.8260
2.2251 1.0494 1.8709
2.2251 1.2508 1.9248
2.7414 1.3313 2.0196
2.7414 1.4149 2.0500
3.2299 1.7244 2.1733
3.2299 1.7244 2.2301
3.2299 1.7609 2.2733
3.2299 1.7609 2.3516
3.2299 1.7609 2.4070
3.2299 1.7609 2.4428
3.2299 1.7609 2.4762
3.4990 2.0801 2.6362
3.4990 2.0801 2.6695
3.4990 2.0801 2.7082
3.6635 2.0801 2.7836
3.7097 2.0801 2.9555
3.7097 2.0801 2.9963
3.7097 2.1071 3.0233
3.7097 2.1071 3.0602
3.7097 2.1071 3.0602
3.8807 2.1071 3.1364
3.8807 2.1071 3.1364
3.8807 2.1071 3.1611
3.8807 2.1071 3.1630
3.8807 2.1071 3.2126
4.0528 2.1071 3.2401
4.0528 2.1071 3.3050
4.0528 2.6939 3.3815
4.0528 2.7416 3.4604
4.1965 2.9448 3.5557
4.1965 2.9448 3.5557
4.2232 2.9448 3.7110
4.2238 2.9448 3.7557
4.2238 2.9448 3.7733
4.2328 2.9448 3.8739
4.2402 2.9448 3.9696
4.2402 3.7366 4.0880
4.2459 3.7366 4.1460
4.2526 3.8857 4.1852
4.2526 4.0591 4.2207
4.2526 4.0637 4.2315
4.2537 4.2084 4.2421
4.2537 4.2350 4.2477
4.2537 4.2413 4.2504
4.2538 4.2477 4.2521
4.2539 4.2491 4.2526
4.2539 4.2501 4.2530
4.2539 4.2501 4.2533
4.2539 4.2529 4.2537
4.2539 4.2531 4.2537
4.2539 4.2534 4.2538
4.2539 4.2538 4.2539
4.2539 4.2538 4.2539
4.2539 4.2538 4.2539
4.2539 4.2539 4.2539
4.2539 4.2539 4.2539
4.2539 4.2539 4.2539
4.2539 4.2539 4.2539
4.2539 4.2539 4.2539
4.2539 4.2539 4.2539
4.2539 4.2539 4.2539
4.2539 4.2539 4.2539
4.2539 4.2539 4.2539
4.2539 4.2539 4.2539
4.2539 4.2539 4.2539
4.2539 4.2539 4.2539
4.2539 4.2539 4.2539
4.2539 4.2539 4.2539
4.2539 4.2539 4.2539
4.2539 4.2539 4.2539
4.2539 4.2539 4.2539
4.2539 4.2539 4.2539
4.2539 4.2539 4.2539
