2.1201 0.1818 1.2577
2.3064 0.4902 1.4932
2.3064 0.8361 1.5922
2.3120 0.8361 1.6449
2.3954 1.0744 1.7578
2.5568 1.0744 1.7998
2.6825 1.0744 1.8745
2.8706 1.0744 1.9684
2.8706 1.0744 2.0307
2.9848 1.0744 2.1292
3.2352 1.0744 2.2208
3.2352 1.0744 2.2895
3.2757 1.2016 2.3737
3.7197 1.2016 2.4676
3.7197 1.2016 2.5416
3.7197 1.2016 2.6043
3.7197 1.2016 2.6533
3.7197 1.2856 2.6661
3.7197 1.4596 2.7201
3.8399 1.9499 2.8008
4.0936 1.9499 2.8595
4.0936 1.9914 2.8836
4.0936 1.9914 3.0071
4.0936 1.9914 3.0447
4.1801 1.9914 3.1220
4.1801 1.9914 3.1673
4.2163 2.0581 3.2740
4.2163 2.1981 3.3165
4.2348 2.1981 3.4134
4.2531 2.1981 3.5128
4.2531 2.5774 3.6659
4.2531 2.5852 3.7091
4.2531 2.5852 3.7549
4.2531 2.7136 3.8566
4.2531 3.1694 3.9442
4.2531 3.4081 4.0397
4.2531 3.6884 4.1645
4.2531 3.8269 4.2056
4.2531 3.9723 4.2279
4.2531 3.9754 4.2348
4.2539 3.9754 4.2415
4.2539 4.2213 4.2499
4.2539 4.2438 4.2519
4.2539 4.2474 4.2526
4.2539 4.2505 4.2531
4.2539 4.2522 4.2535
4.2539 4.2527 4.2537
4.2539 4.2527 4.2538
4.2539 4.2536 4.2538
4.2539 4.2537 4.2538
4.2539 4.2538 4.2539
4.2539 4.2538 4.2539
4.2539 4.2539 4.2539
4.2539 4.2539 4.2539
4.2539 4.2539 4.2539
4.2539 4.2539 4.2539
4.2539 4.2539 4.2539
4.2539 4.2539 4.2539
4.2539 4.2539 4.2539
4.2539 4.2539 4.2539
4.2539 4.2539 4.2539
4.2539 4.2539 4.2539
4.2539 4.2539 4.2539
4.2539 4.2539 4.2539
4.2539 4.2539 4.2539
4.2539 4.2539 4.2539
4.2539 4.2539 4.2539
4.2539 4.2539 4.2539
4.2539 4.2539 4.2539
4.2539 4.2539 4.2539
4.2539 4.2539 4.2539
4.2539 4.2539 4.2539
4.2539 4.2539 4.2539
4.2539 4.2539 4.2539
4.2539 4.2539 4.2539
4.2539 4.2539 4.2539
4.2539 4.2539 4.2539
4.2539 4.2539 4.2539
4.2539 4.2539 4.2539
4.2539 4.2539 4.2539
4.2539 4.2539 4.2539
4.2539 4.2539 4.2539
4.2539 4.2539 4.2539
4.2539 4.2539 4.2539
4.2539 4.2539 4.2539
4.2539 4.2539 4.2539
4.2539 4.2539 4.2539
4.2539 4.2539 4.2539
4.2539 4.2539 4.2539
4.2539 4.2539 4.2539
4.2539 4.2539 4.2539
4.2539 4.2539 4.2539
4.2539 4.2539 4.2539
4.2539 4.2539 4.2539
4.2539 4.2539 4.2539
4.2539 4.2539 4.2539
4.2539 4.2539 4.2539
4.2539 4.2539 4.2539
4.2539 4.2539 4.2539
4.2539 4.2539 4.2539
4.2539 4.2539 4.2539
4.2539 4.2539 4.2539
4.2539 4.2539 4.2539
4.2539 4.2539 4.2539
4.2539 4.2539 4.2539
4.2539 4.2539 4.2539
4.2539 4.2539 4.2539
4.2539 4.2539 4.2539
4.2539 4.2539 4.2539
4.2539 4.2539 4.2539
4.2539 4.2539 4.2539
4.2539 4.2539 4.2539
4.2539 4.2539 4.2539
4.2539 4.2539 4.2539
4.2539 4.2539 4.2539
4.2539 4.2539 4.2539
4.2539 4.2539 4.2539
4.2539 4.2539 4.2539
4.2539 4.2539 4.2539
4.2539 4.2539 4.2539
4.2539 4.2539 4.2539
4.2539 4.2539 4.2539
4.2539 4.2539 4.2539
4.2539 4.2539 4.2539
4.2539 4.2539 4.2539
4.2539 4.2539 4.2539
4.2539 4.2539 4.2539
4.2539 4.2539 4.2539
4.2539 4.2539 4.2539
4.2539 4.2539 4.2539
4.2539 4.2539 4.2539
4.2539 4.2539 4.2539
4.2539 4.2539 4.2539
4.2539 4.2539 4.2539
4.2539 4.2539 4.2539
4.2539 4.2539 4.2539
4.2539 4.2539 4.2539
4.2539 4.2539 4.2539
4.2539 4.2539 4.2539
4.2539 4.2539 4.2539
