2.1296 0.0663 1.0927
2.3933 0.3591 1.3252
2.3933 0.5934 1.4769
2.7243 0.5934 1.6325
3.1625 0.5934 1.7709
3.1625 1.0696 1.9257
3.2342 1.2450 1.9982
3.2342 1.2450 2.1204
3.2342 1.2450 2.2018
3.2342 1.2450 2.3068
3.2342 1.2450 2.3705
3.2342 1.2450 2.4218
3.2392 1.6700 2.5388
3.7575 1.6700 2.7016
3.7575 1.9924 2.7573
3.7575 2.0804 2.8432
3.7575 2.1385 2.9471
3.7575 2.2893 2.9899
3.7575 2.2926 3.0381
3.8290 2.3135 3.1215
3.8290 2.3801 3.1669
3.8290 2.4396 3.2076
3.8290 2.4396 3.2472
4.1191 2.4396 3.3347
4.1191 2.4396 3.3486
4.1191 2.5105 3.4202
4.1191 2.5105 3.4746
4.1916 2.6404 3.5658
4.2305 2.7879 3.6248
4.2306 2.8432 3.7398
4.2464 3.0744 3.8324
4.2499 3.1986 3.9579
4.2505 3.5172 4.0566
4.2536 3.5721 4.1225
4.2539 3.5721 4.1728
4.2539 3.5721 4.2075
4.2539 4.1414 4.2308
4.2539 4.1938 4.2392
4.2539 4.2038 4.2452
4.2539 4.2295 4.2498
4.2539 4.2435 4.2514
4.2539 4.2438 4.2522
4.2539 4.2482 4.2530
4.2539 4.2482 4.2533
4.2539 4.2482 4.2535
4.2539 4.2532 4.2537
4.2539 4.2532 4.2538
4.2539 4.2536 4.2538
4.2539 4.2537 4.2539
4.2539 4.2537 4.2539
4.2539 4.2538 4.2539
4.2539 4.2539 4.2539
4.2539 4.2539 4.2539
4.2539 4.2539 4.2539
4.2539 4.2539 4.2539
4.2539 4.2539 4.2539
4.2539 4.2539 4.2539
4.2539 4.2539 4.2539
4.2539 4.2539 4.2539
4.2539 4.2539 4.2539
4.2539 4.2539 4.2539
4.2539 4.2539 4.2539
4.2539 4.2539 4.2539
4.2539 4.2539 4.2539
4.2539 4.2539 4.2539
4.2539 4.2539 4.2539
4.2539 4.2539 4.2539
4.2539 4.2539 4.2539
4.2539 4.2539 4.2539
4.2539 4.2539 4.2539
4.2539 4.2539 4.2539
4.2539 4.2539 4.2539
4.2539 4.2539 4.2539
4.2539 4.2539 4.2539
4.2539 4.2539 4.2539
4.2539 4.2539 4.2539
4.2539 4.2539 4.2539
4.2539 4.2539 4.2539
4.2539 4.2539 4.2539
4.2539 4.2539 4.2539
4.2539 4.2539 4.2539
4.2539 4.2539 4.2539
4.2539 4.2539 4.2539
4.2539 4.2539 4.2539
4.2539 4.2539 4.2539
4.2539 4.2539 4.2539
4.2539 4.2539 4.2539
4.2539 4.2539 4.2539
4.2539 4.2539 4.2539
4.2539 4.2539 4.2539
4.2539 4.2539 4.2539
4.2539 4.2539 4.2539
4.2539 4.2539 4.2539
4.2539 4.2539 4.2539
4.2539 4.2539 4.2539
4.2539 4.2539 4.2539
4.2539 4.2539 4.2539
4.2539 4.2539 4.2539
4.2539 4.2539 4.2539
4.2539 4.2539 4.2539
4.2539 4.2539 4.2539
4.2539 4.2539 4.2539
4.2539 4.2539 4.2539
4.2539 4.2539 4.2539
4.2539 4.2539 4.2539
4.2539 4.2539 4.2539
4.2539 4.2539 4.2539
4.2539 4.2539 4.2539
4.2539 4.2539 4.2539
4.2539 4.2539 4.2539
4.2539 4.2539 4.2539
4.2539 4.2539 4.2539
4.2539 4.2539 4.2539
4.2539 4.2539 4.2539
4.2539 4.2539 4.2539
4.2539 4.2539 4.2539
4.2539 4.2539 4.2539
4.2539 4.2539 4.2539
4.2539 4.2539 4.2539
4.2539 4.2539 4.2539
4.2539 4.2539 4.2539
4.2539 4.2539 4.2539
4.2539 4.2539 4.2539
4.2539 4.2539 4.2539
4.2539 4.2539 4.2539
4.2539 4.2539 4.2539
4.2539 4.2539 4.2539
4.2539 4.2539 4.2539
4.2539 4.2539 4.2539
4.2539 4.2539 4.2539
4.2539 4.2539 4.2539
4.2539 4.2539 4.2539
4.2539 4.2539 4.2539
4.2539 4.2539 4.2539
4.2539 4.2539 4.2539
4.2539 4.2539 4.2539
4.2539 4.2539 4.2539
4.2539 4.2539 4.2539
4.2539 4.2539 4.2539
4.2539 4.2539 4.2539
