2.5913 0.1566 1.1261
2.5913 0.3692 1.2752
2.5913 0.6291 1.3733
2.5913 0.8319 1.5473
3.2008 0.8365 1.6829
3.2008 0.9000 1.7554
3.2008 1.1320 1.8459
3.2008 1.1320 1.9516
3.2008 1.1320 1.9625
3.2008 1.2760 2.0683
3.2008 1.2929 2.1670
3.2008 1.2929 2.2071
3.6701 1.4363 2.3397
3.6701 1.4997 2.4054
3.7212 1.4997 2.5254
3.7212 1.6794 2.5939
3.7212 1.6794 2.6600
3.7212 1.6794 2.6910
4.0561 1.6927 2.8623
4.1664 1.7658 2.9217
4.1664 1.7658 3.0168
4.1664 1.7943 3.1452
4.1664 1.7943 3.1850
4.1664 1.7943 3.2999
4.1664 1.7943 3.3518
4.1664 2.2496 3.4391
4.1664 2.2496 3.5087
4.1812 2.2496 3.5847
4.1812 2.6862 3.7044
4.2408 2.6862 3.7730
4.2408 2.6862 3.7977
4.2408 2.6862 3.8914
4.2507 3.2425 3.9658
4.2513 3.3720 4.0680
4.2531 3.6801 4.1431
4.2531 3.7541 4.1879
4.2531 4.1472 4.2187
4.2531 4.1817 4.2327
4.2537 4.1817 4.2389
4.2537 4.1899 4.2459
