2.5965 0.1767 1.2378
2.6123 0.4375 1.4773
2.6123 0.6621 1.5536
2.6963 0.6621 1.7071
3.0506 0.9964 1.9106
3.0506 0.9964 1.9712
3.0506 0.9964 2.0100
3.0506 0.9964 2.1440
3.0506 0.9964 2.1627
3.2349 1.2356 2.2307
3.2349 1.4341 2.3136
3.2349 1.4341 2.3948
3.2349 1.7253 2.4641
4.1310 1.7629 2.5188
4.1310 1.7629 2.6360
4.1310 1.9277 2.7545
4.1310 2.0222 2.8544
4.1310 2.0222 2.9777
4.2316 2.0222 3.0490
4.2316 2.0222 3.1120
4.2316 2.0222 3.1699
4.2316 2.0222 3.2095
4.2316 2.0222 3.2417
4.2316 2.0222 3.2825
4.2316 2.2530 3.4281
4.2316 2.3382 3.4818
4.2373 2.4166 3.5665
4.2439 2.4166 3.6840
4.2464 2.9178 3.7938
4.2536 2.9178 3.8987
4.2538 2.9178 3.9563
4.2538 2.9178 4.0591
4.2538 3.6843 4.1800
4.2538 4.1651 4.2310
4.2538 4.1865 4.2392
4.2539 4.2098 4.2447
4.2539 4.2103 4.2467
4.2539 4.2247 4.2492
4.2539 4.2311 4.2509
4.2539 4.2361 4.2522
4.2539 4.2361 4.2528
4.2539 4.2519 4.2534
4.2539 4.2519 4.2536
4.2539 4.2528 4.2537
4.2539 4.2532 4.2538
4.2539 4.2533 4.2538
4.2539 4.2537 4.2538
4.2539 4.2537 4.2539
4.2539 4.2538 4.2539
4.2539 4.2538 4.2539
4.2539 4.2538 4.2539
4.2539 4.2539 4.2539
4.2539 4.2539 4.2539
4.2539 4.2539 4.2539
4.2539 4.2539 4.2539
4.2539 4.2539 4.2539
4.2539 4.2539 4.2539
4.2539 4.2539 4.2539
4.2539 4.2539 4.2539
4.2539 4.2539 4.2539
4.2539 4.2539 4.2539
4.2539 4.2539 4.2539
4.2539 4.2539 4.2539
4.2539 4.2539 4.2539
4.2539 4.2539 4.2539
4.2539 4.2539 4.2539
4.2539 4.2539 4.2539
4.2539 4.2539 4.2539
4.2539 4.2539 4.2539
4.2539 4.2539 4.2539
4.2539 4.2539 4.2539
4.2539 4.2539 4.2539
4.2539 4.2539 4.2539
4.2539 4.2539 4.2539
4.2539 4.2539 4.2539
4.2539 4.2539 4.2539
4.2539 4.2539 4.2539
4.2539 4.2539 4.2539
4.2539 4.2539 4.2539
4.2539 4.2539 4.2539
4.2539 4.2539 4.2539
4.2539 4.2539 4.2539
4.2539 4.2539 4.2539
4.2539 4.2539 4.2539
4.2539 4.2539 4.2539
4.2539 4.2539 4.2539
4.2539 4.2539 4.2539
4.2539 4.2539 4.2539
4.2539 4.2539 4.2539
4.2539 4.2539 4.2539
4.2539 4.2539 4.2539
4.2539 4.2539 4.2539
4.2539 4.2539 4.2539
4.2539 4.2539 4.2539
4.2539 4.2539 4.2539
4.2539 4.2539 4.2539
4.2539 4.2539 4.2539
4.2539 4.2539 4.2539
4.2539 4.2539 4.2539
4.2539 4.2539 4.2539
4.2539 4.2539 4.2539
4.2539 4.2539 4.2539
4.2539 4.2539 4.2539
4.2539 4.2539 4.2539
4.2539 4.2539 4.2539
4.2539 4.2539 4.2539
4.2539 4.2539 4.2539
4.2539 4.2539 4.2539
4.2539 4.2539 4.2539
4.2539 4.2539 4.2539
4.2539 4.2539 4.2539
4.2539 4.2539 4.2539
4.2539 4.2539 4.2539
4.2539 4.2539 4.2539
4.2539 4.2539 4.2539
4.2539 4.2539 4.2539
4.2539 4.2539 4.2539
4.2539 4.2539 4.2539
4.2539 4.2539 4.2539
4.2539 4.2539 4.2539
4.2539 4.2539 4.2539
4.2539 4.2539 4.2539
4.2539 4.2539 4.2539
4.2539 4.2539 4.2539
4.2539 4.2539 4.2539
4.2539 4.2539 4.2539
4.2539 4.2539 4.2539
4.2539 4.2539 4.2539
4.2539 4.2539 4.2539
4.2539 4.2539 4.2539
4.2539 4.2539 4.2539
4.2539 4.2539 4.2539
4.2539 4.2539 4.2539
4.2539 4.2539 4.2539
4.2539 4.2539 4.2539
4.2539 4.2539 4.2539
4.2539 4.2539 4.2539
4.2539 4.2539 4.2539
4.2539 4.2539 4.2539
4.2539 4.2539 4.2539
