2.1687 -0.1967 1.0223
2.4457 -0.1322 1.2657
2.4457 0.4938 1.4705
2.4693 0.5342 1.5893
2.4693 0.7494 1.6713
2.7615 1.0191 1.7283
2.7615 1.1207 1.8659
3.4702 1.1207 1.9816
4.0899 1.1207 2.1041
4.0899 1.1207 2.2606
4.0899 1.1207 2.3190
4.0899 1.1207 2.4199
4.0899 1.1207 2.4677
4.0899 1.1207 2.6392
4.0899 1.6266 2.7068
4.0899 1.6266 2.7719
4.0899 1.7742 2.8967
4.0899 1.7742 2.9789
4.1801 1.9225 3.1067
4.1801 1.9225 3.1339
4.1801 2.0987 3.2239
4.1919 2.1687 3.2730
4.1977 2.1687 3.3333
4.1977 2.1687 3.4690
4.1977 2.1687 3.4938
4.1977 2.6115 3.5744
4.1977 2.6115 3.6793
4.2482 2.6522 3.7677
4.2523 2.6522 3.8474
4.2523 2.6522 3.8831
4.2523 3.1743 3.9683
4.2523 3.1743 4.0829
4.2523 3.7341 4.1513
4.2523 3.8552 4.1933
4.2523 4.1137 4.2235
4.2524 4.1845 4.2341
4.2537 4.1845 4.2427
4.2538 4.2307 4.2486
4.2539 4.2337 4.2506
4.2539 4.2440 4.2523
4.2539 4.2440 4.2527
4.2539 4.2516 4.2533
4.2539 4.2519 4.2536
4.2539 4.2526 4.2537
4.2539 4.2529 4.2538
4.2539 4.2537 4.2538
4.2539 4.2537 4.2539
4.2539 4.2538 4.2539
4.2539 4.2539 4.2539
4.2539 4.2539 4.2539
4.2539 4.2539 4.2539
4.2539 4.2539 4.2539
4.2539 4.2539 4.2539
4.2539 4.2539 4.2539
4.2539 4.2539 4.2539
4.2539 4.2539 4.2539
4.2539 4.2539 4.2539
4.2539 4.2539 4.2539
4.2539 4.2539 4.2539
4.2539 4.2539 4.2539
4.2539 4.2539 4.2539
4.2539 4.2539 4.2539
4.2539 4.2539 4.2539
4.2539 4.2539 4.2539
4.2539 4.2539 4.2539
4.2539 4.2539 4.2539
4.2539 4.2539 4.2539
4.2539 4.2539 4.2539
4.2539 4.2539 4.2539
4.2539 4.2539 4.2539
4.2539 4.2539 4.2539
4.2539 4.2539 4.2539
4.2539 4.2539 4.2539
4.2539 4.2539 4.2539
4.2539 4.2539 4.2539
4.2539 4.2539 4.2539
4.2539 4.2539 4.2539
4.2539 4.2539 4.2539
4.2539 4.2539 4.2539
4.2539 4.2539 4.2539
4.2539 4.2539 4.2539
4.2539 4.2539 4.2539
4.2539 4.2539 4.2539
4.2539 4.2539 4.2539
4.2539 4.2539 4.2539
4.2539 4.2539 4.2539
4.2539 4.2539 4.2539
4.2539 4.2539 4.2539
4.2539 4.2539 4.2539
4.2539 4.2539 4.2539
4.2539 4.2539 4.2539
4.2539 4.2539 4.2539
4.2539 4.2539 4.2539
4.2539 4.2539 4.2539
4.2539 4.2539 4.2539
4.2539 4.2539 4.2539
4.2539 4.2539 4.2539
4.2539 4.2539 4.2539
4.2539 4.2539 4.2539
4.2539 4.2539 4.2539
4.2539 4.2539 4.2539
4.2539 4.2539 4.2539
4.2539 4.2539 4.2539
4.2539 4.2539 4.2539
4.2539 4.2539 4.2539
4.2539 4.2539 4.2539
4.2539 4.2539 4.2539
4.2539 4.2539 4.2539
4.2539 4.2539 4.2539
4.2539 4.2539 4.2539
4.2539 4.2539 4.2539
4.2539 4.2539 4.2539
4.2539 4.2539 4.2539
4.2539 4.2539 4.2539
4.2539 4.2539 4.2539
4.2539 4.2539 4.2539
4.2539 4.2539 4.2539
4.2539 4.2539 4.2539
4.2539 4.2539 4.2539
4.2539 4.2539 4.2539
4.2539 4.2539 4.2539
4.2539 4.2539 4.2539
4.2539 4.2539 4.2539
4.2539 4.2539 4.2539
4.2539 4.2539 4.2539
4.2539 4.2539 4.2539
4.2539 4.2539 4.2539
4.2539 4.2539 4.2539
4.2539 4.2539 4.2539
4.2539 4.2539 4.2539
4.2539 4.2539 4.2539
4.2539 4.2539 4.2539
4.2539 4.2539 4.2539
4.2539 4.2539 4.2539
4.2539 4.2539 4.2539
4.2539 4.2539 4.2539
4.2539 4.2539 4.2539
4.2539 4.2539 4.2539
4.2539 4.2539 4.2539
4.2539 4.2539 4.2539
