2.5151 0.0852 1.0643
2.5151 0.2840 1.2544
2.5545 0.2840 1.3858
2.5545 0.3087 1.4425
2.5545 0.5745 1.5335
2.5545 0.6327 1.6423
2.5545 0.7085 1.7080
2.7712 0.8571 1.8897
2.7712 1.0581 1.9131
2.9057 1.0581 1.9422
3.3044 1.0581 2.0069
3.3044 1.0581 2.1217
3.3799 1.5472 2.2797
3.3799 1.5472 2.3714
3.3799 1.5760 2.4360
3.5839 1.5768 2.5469
3.5839 1.5768 2.5755
3.5839 1.7117 2.7128
4.0719 1.7117 2.7632
4.0719 1.8279 2.8341
4.0719 1.8279 2.9127
4.0719 1.8279 2.9324
4.0719 1.8279 3.0469
4.0719 1.8279 3.0853
4.0719 1.8279 3.0923
4.0719 1.8279 3.1967
4.0719 2.4674 3.2759
4.0719 2.5431 3.3550
4.0983 2.5431 3.4342
4.1682 2.7071 3.5083
4.1896 2.9584 3.6548
4.2274 3.1124 3.7400
4.2274 3.1124 3.7730
4.2274 3.1688 3.9108
4.2457 3.2082 4.0240
4.2492 3.2089 4.0870
4.2492 4.0873 4.2019
4.2536 4.1495 4.2253
4.2536 4.1649 4.2344
4.2538 4.1910 4.2409
4.2538 4.1928 4.2453
4.2538 4.2152 4.2496
4.2539 4.2445 4.2524
4.2539 4.2518 4.2532
4.2539 4.2518 4.2534
4.2539 4.2527 4.2536
4.2539 4.2527 4.2537
4.2539 4.2527 4.2538
4.2539 4.2527 4.2538
4.2539 4.2537 4.2539
4.2539 4.2539 4.2539
4.2539 4.2539 4.2539
4.2539 4.2539 4.2539
4.2539 4.2539 4.2539
4.2539 4.2539 4.2539
4.2539 4.2539 4.2539
4.2539 4.2539 4.2539
4.2539 4.2539 4.2539
4.2539 4.2539 4.2539
4.2539 4.2539 4.2539
4.2539 4.2539 4.2539
4.2539 4.2539 4.2539
4.2539 4.2539 4.2539
4.2539 4.2539 4.2539
4.2539 4.2539 4.2539
4.2539 4.2539 4.2539
4.2539 4.2539 4.2539
4.2539 4.2539 4.2539
4.2539 4.2539 4.2539
4.2539 4.2539 4.2539
4.2539 4.2539 4.2539
4.2539 4.2539 4.2539
4.2539 4.2539 4.2539
4.2539 4.2539 4.2539
4.2539 4.2539 4.2539
4.2539 4.2539 4.2539
4.2539 4.2539 4.2539
4.2539 4.2539 4.2539
4.2539 4.2539 4.2539
4.2539 4.2539 4.2539
