1.6445 -0.2444 1.0432
2.2133 0.7011 1.3253
2.2133 0.7011 1.5124
2.2533 1.0269 1.6543
2.2533 1.0925 1.6973
2.2533 1.2724 1.7750
2.2533 1.4499 1.8501
2.2533 1.6093 1.9193
2.2533 1.6464 1.9537
2.2533 1.6464 1.9821
2.2533 1.6464 2.0065
2.2572 1.6464 2.0408
2.2572 1.6545 2.0681
2.2572 1.6545 2.0700
2.2572 1.6545 2.0813
2.2572 1.7120 2.1233
2.2572 1.7120 2.1461
2.7488 1.7120 2.1824
2.7488 1.7120 2.1954
2.7488 1.9015 2.2303
2.7489 1.9090 2.3062
2.7489 1.9090 2.3202
2.7505 1.9090 2.3433
3.2523 1.9090 2.3995
3.2523 1.9090 2.4641
3.2547 1.9090 2.5123
3.6345 1.9090 2.5849
3.6345 1.9090 2.6508
3.6345 1.9090 2.6952
3.6345 2.2020 2.8263
3.6345 2.2652 2.9261
3.6345 2.6306 3.0517
3.9939 2.6797 3.1180
3.9939 2.6797 3.2347
3.9939 2.6797 3.2685
3.9939 2.6797 3.2687
3.9939 2.6797 3.2736
4.0570 2.6797 3.3119
4.0570 2.7619 3.3236
4.0570 2.7619 3.3283
4.0570 2.7619 3.3964
4.0570 2.7619 3.4062
4.1041 2.7619 3.4522
4.1315 2.7619 3.4700
4.1315 2.9546 3.5126
4.1315 2.9546 3.5288
4.1315 2.9546 3.5604
4.1315 3.0200 3.6253
4.1315 3.0200 3.6748
4.1315 3.1487 3.7514
4.1373 3.1492 3.7928
4.1910 3.1492 3.8506
4.1910 3.5111 3.9354
4.2094 3.6200 4.0311
4.2327 3.7029 4.0722
4.2466 3.9083 4.1316
4.2492 3.9083 4.1807
4.2537 4.1184 4.2107
4.2537 4.1571 4.2286
4.2537 4.1943 4.2396
4.2538 4.2166 4.2478
4.2539 4.2430 4.2510
4.2539 4.2487 4.2523
4.2539 4.2498 4.2528
4.2539 4.2507 4.2530
4.2539 4.2519 4.2534
4.2539 4.2519 4.2536
4.2539 4.2535 4.2538
4.2539 4.2538 4.2539
4.2539 4.2538 4.2539
4.2539 4.2538 4.2539
4.2539 4.2539 4.2539
4.2539 4.2539 4.2539
4.2539 4.2539 4.2539
4.2539 4.2539 4.2539
4.2539 4.2539 4.2539
4.2539 4.2539 4.2539
4.2539 4.2539 4.2539
4.2539 4.2539 4.2539
4.2539 4.2539 4.2539
