2.2058 -0.5482 1.0883
2.2058 -0.0840 1.2811
2.4786 0.1113 1.3787
2.4786 0.4980 1.5493
2.4786 0.4980 1.6277
2.5772 0.4980 1.7212
3.2224 0.6954 1.8162
3.2224 1.0455 1.9484
3.2224 1.0455 2.0317
3.2224 1.0455 2.1217
4.1102 1.0455 2.2734
4.1102 1.3162 2.3780
4.1102 1.4456 2.4758
4.1102 1.4456 2.5436
4.2465 1.4456 2.5749
4.2465 1.4456 2.6094
4.2465 1.7337 2.6641
4.2465 1.9418 2.7431
4.2465 1.9418 2.8034
4.2465 1.9418 2.8441
4.2465 1.9418 2.8973
4.2465 1.9418 2.9024
4.2465 1.9418 2.9773
4.2465 1.9418 2.9992
4.2465 1.9418 3.0421
4.2465 2.2665 3.1491
4.2465 2.2665 3.2281
4.2465 2.2665 3.2571
4.2465 2.2665 3.3570
4.2465 2.4407 3.4955
4.2465 2.4407 3.5447
4.2474 2.4407 3.5990
4.2474 2.7274 3.6555
4.2474 2.7274 3.7458
4.2526 2.7274 3.8376
4.2526 2.7274 3.9454
4.2528 2.7274 4.0120
4.2528 2.7274 4.1064
4.2532 3.2264 4.1629
4.2532 3.7380 4.2006
