2.5569 0.2759 1.1526
2.6834 0.3591 1.3679
2.7689 0.6256 1.5520
2.7689 0.7641 1.6307
2.7689 0.9560 1.7287
2.7689 0.9560 1.7951
3.1747 0.9560 1.8790
3.1747 0.9560 1.9580
3.1747 0.9560 2.0241
3.1747 1.1368 2.0547
3.1747 1.2008 2.1159
3.5508 1.2008 2.1572
3.5508 1.2008 2.2324
3.5508 1.2008 2.2552
3.5508 1.4851 2.3116
3.6022 1.6345 2.3863
4.2316 1.6345 2.5139
4.2390 1.6345 2.5857
4.2390 1.9428 2.6335
4.2390 1.9428 2.7273
4.2390 1.9805 2.8485
4.2390 2.0228 2.9511
4.2390 2.0659 3.0942
4.2390 2.0659 3.2007
4.2390 2.0659 3.2808
4.2517 2.0659 3.3301
4.2517 2.0659 3.3465
4.2517 2.4988 3.4015
4.2517 2.4988 3.4283
4.2517 2.4988 3.5026
4.2517 2.4988 3.5252
4.2517 2.5332 3.6275
4.2517 2.5332 3.7408
4.2517 3.1337 3.8694
4.2525 3.1402 3.9678
4.2525 3.1402 4.0480
4.2535 3.5572 4.1304
4.2535 3.7305 4.1896
4.2535 3.9090 4.2163
4.2535 4.0393 4.2348
4.2537 4.0393 4.2428
4.2537 4.2402 4.2500
4.2539 4.2456 4.2515
4.2539 4.2474 4.2525
4.2539 4.2486 4.2530
4.2539 4.2486 4.2534
4.2539 4.2518 4.2536
4.2539 4.2524 4.2537
4.2539 4.2530 4.2538
4.2539 4.2536 4.2538
4.2539 4.2536 4.2539
4.2539 4.2538 4.2539
4.2539 4.2539 4.2539
4.2539 4.2539 4.2539
4.2539 4.2539 4.2539
4.2539 4.2539 4.2539
4.2539 4.2539 4.2539
4.2539 4.2539 4.2539
4.2539 4.2539 4.2539
4.2539 4.2539 4.2539
4.2539 4.2539 4.2539
4.2539 4.2539 4.2539
4.2539 4.2539 4.2539
4.2539 4.2539 4.2539
4.2539 4.2539 4.2539
4.2539 4.2539 4.2539
4.2539 4.2539 4.2539
4.2539 4.2539 4.2539
4.2539 4.2539 4.2539
4.2539 4.2539 4.2539
4.2539 4.2539 4.2539
4.2539 4.2539 4.2539
4.2539 4.2539 4.2539
4.2539 4.2539 4.2539
4.2539 4.2539 4.2539
4.2539 4.2539 4.2539
4.2539 4.2539 4.2539
4.2539 4.2539 4.2539
4.2539 4.2539 4.2539
4.2539 4.2539 4.2539
4.2539 4.2539 4.2539
4.2539 4.2539 4.2539
4.2539 4.2539 4.2539
4.2539 4.2539 4.2539
4.2539 4.2539 4.2539
4.2539 4.2539 4.2539
4.2539 4.2539 4.2539
4.2539 4.2539 4.2539
4.2539 4.2539 4.2539
4.2539 4.2539 4.2539
4.2539 4.2539 4.2539
4.2539 4.2539 4.2539
4.2539 4.2539 4.2539
4.2539 4.2539 4.2539
4.2539 4.2539 4.2539
4.2539 4.2539 4.2539
4.2539 4.2539 4.2539
4.2539 4.2539 4.2539
4.2539 4.2539 4.2539
4.2539 4.2539 4.2539
4.2539 4.2539 4.2539
4.2539 4.2539 4.2539
4.2539 4.2539 4.2539
4.2539 4.2539 4.2539
4.2539 4.2539 4.2539
4.2539 4.2539 4.2539
4.2539 4.2539 4.2539
4.2539 4.2539 4.2539
4.2539 4.2539 4.2539
4.2539 4.2539 4.2539
4.2539 4.2539 4.2539
4.2539 4.2539 4.2539
4.2539 4.2539 4.2539
4.2539 4.2539 4.2539
4.2539 4.2539 4.2539
4.2539 4.2539 4.2539
4.2539 4.2539 4.2539
4.2539 4.2539 4.2539
4.2539 4.2539 4.2539
4.2539 4.2539 4.2539
4.2539 4.2539 4.2539
4.2539 4.2539 4.2539
4.2539 4.2539 4.2539
4.2539 4.2539 4.2539
4.2539 4.2539 4.2539
4.2539 4.2539 4.2539
4.2539 4.2539 4.2539
4.2539 4.2539 4.2539
4.2539 4.2539 4.2539
4.2539 4.2539 4.2539
4.2539 4.2539 4.2539
4.2539 4.2539 4.2539
4.2539 4.2539 4.2539
4.2539 4.2539 4.2539
4.2539 4.2539 4.2539
4.2539 4.2539 4.2539
4.2539 4.2539 4.2539
4.2539 4.2539 4.2539
4.2539 4.2539 4.2539
4.2539 4.2539 4.2539
