2.2508 -0.2583 1.2891
2.2530 0.4596 1.4615
2.2851 0.7555 1.5683
2.3817 0.7555 1.7069
2.3817 0.9493 1.7836
3.0664 0.9796 1.8484
3.0664 1.2174 1.9186
3.0664 1.2174 1.9480
3.0664 1.2437 2.0084
3.0664 1.2860 2.0823
3.0664 1.2860 2.1333
3.1129 1.3241 2.2049
3.1590 1.3241 2.2789
3.1590 1.3241 2.3090
3.6490 1.5600 2.4369
3.7708 1.5600 2.5222
3.7708 1.5600 2.5814
3.7708 1.5600 2.6799
4.2203 1.5600 2.7529
4.2203 1.5600 2.8116
4.2285 1.8211 2.9602
4.2285 2.0865 3.0267
4.2285 2.1817 3.1010
4.2285 2.1817 3.1889
4.2285 2.1817 3.2786
4.2285 2.1817 3.3831
4.2285 2.1817 3.4351
4.2464 2.3862 3.5661
4.2505 2.3862 3.6645
4.2505 2.3862 3.7615
4.2520 2.3862 3.8633
4.2520 2.3862 3.9578
4.2520 3.0122 4.0623
4.2530 3.2272 4.1565
4.2530 3.8192 4.1900
4.2530 4.1059 4.2251
4.2537 4.1086 4.2337
4.2537 4.1595 4.2439
4.2537 4.2377 4.2496
4.2539 4.2414 4.2515
