2.2513 0.2303 1.1648
2.2551 0.3804 1.3547
2.2551 0.5596 1.5008
2.2551 0.5596 1.5548
2.2551 0.5596 1.5662
2.2551 0.8891 1.6292
2.2551 0.9372 1.6811
2.6430 1.1023 1.7336
2.6430 1.1023 1.7928
2.7299 1.1869 1.8802
2.8506 1.1869 1.9401
2.8506 1.1869 1.9596
2.8506 1.1869 2.0106
3.1602 1.3036 2.1142
3.1602 1.3185 2.2095
3.2454 1.3185 2.3365
3.2454 1.3185 2.4145
3.6137 1.3185 2.5056
3.6450 1.3185 2.5881
3.6450 1.3185 2.6583
3.9613 1.5493 2.7866
3.9613 1.5493 2.8534
3.9613 1.7291 2.9023
4.1986 2.0471 2.9735
4.1986 2.0471 3.0476
4.2265 2.0471 3.1439
4.2265 2.4179 3.2765
4.2265 2.4179 3.3603
4.2265 2.4179 3.4072
4.2265 2.4179 3.4703
4.2265 2.6066 3.5102
4.2265 2.8572 3.6018
4.2265 2.8572 3.6399
4.2265 2.8572 3.7054
4.2265 2.8572 3.8039
4.2481 3.0841 3.8732
4.2513 3.1438 3.9371
4.2536 3.1438 4.0060
4.2536 3.5155 4.1055
4.2536 3.9586 4.1662
4.2536 3.9586 4.1929
4.2536 3.9586 4.2159
4.2536 4.1165 4.2314
4.2539 4.1585 4.2421
4.2539 4.2115 4.2474
4.2539 4.2424 4.2510
4.2539 4.2482 4.2523
4.2539 4.2482 4.2528
4.2539 4.2485 4.2531
4.2539 4.2514 4.2535
4.2539 4.2516 4.2537
4.2539 4.2516 4.2537
4.2539 4.2533 4.2538
4.2539 4.2533 4.2538
4.2539 4.2533 4.2539
4.2539 4.2533 4.2539
4.2539 4.2538 4.2539
4.2539 4.2539 4.2539
4.2539 4.2539 4.2539
4.2539 4.2539 4.2539
4.2539 4.2539 4.2539
4.2539 4.2539 4.2539
4.2539 4.2539 4.2539
4.2539 4.2539 4.2539
4.2539 4.2539 4.2539
4.2539 4.2539 4.2539
4.2539 4.2539 4.2539
4.2539 4.2539 4.2539
4.2539 4.2539 4.2539
4.2539 4.2539 4.2539
4.2539 4.2539 4.2539
4.2539 4.2539 4.2539
4.2539 4.2539 4.2539
4.2539 4.2539 4.2539
4.2539 4.2539 4.2539
4.2539 4.2539 4.2539
4.2539 4.2539 4.2539
4.2539 4.2539 4.2539
4.2539 4.2539 4.2539
4.2539 4.2539 4.2539
4.2539 4.2539 4.2539
4.2539 4.2539 4.2539
4.2539 4.2539 4.2539
4.2539 4.2539 4.2539
4.2539 4.2539 4.2539
4.2539 4.2539 4.2539
4.2539 4.2539 4.2539
4.2539 4.2539 4.2539
4.2539 4.2539 4.2539
4.2539 4.2539 4.2539
4.2539 4.2539 4.2539
4.2539 4.2539 4.2539
4.2539 4.2539 4.2539
4.2539 4.2539 4.2539
4.2539 4.2539 4.2539
4.2539 4.2539 4.2539
4.2539 4.2539 4.2539
4.2539 4.2539 4.2539
4.2539 4.2539 4.2539
4.2539 4.2539 4.2539
4.2539 4.2539 4.2539
4.2539 4.2539 4.2539
4.2539 4.2539 4.2539
4.2539 4.2539 4.2539
4.2539 4.2539 4.2539
4.2539 4.2539 4.2539
4.2539 4.2539 4.2539
4.2539 4.2539 4.2539
4.2539 4.2539 4.2539
4.2539 4.2539 4.2539
4.2539 4.2539 4.2539
4.2539 4.2539 4.2539
4.2539 4.2539 4.2539
4.2539 4.2539 4.2539
4.2539 4.2539 4.2539
4.2539 4.2539 4.2539
4.2539 4.2539 4.2539
4.2539 4.2539 4.2539
4.2539 4.2539 4.2539
4.2539 4.2539 4.2539
4.2539 4.2539 4.2539
4.2539 4.2539 4.2539
4.2539 4.2539 4.2539
4.2539 4.2539 4.2539
4.2539 4.2539 4.2539
4.2539 4.2539 4.2539
4.2539 4.2539 4.2539
4.2539 4.2539 4.2539
4.2539 4.2539 4.2539
4.2539 4.2539 4.2539
4.2539 4.2539 4.2539
4.2539 4.2539 4.2539
4.2539 4.2539 4.2539
4.2539 4.2539 4.2539
4.2539 4.2539 4.2539
4.2539 4.2539 4.2539
4.2539 4.2539 4.2539
4.2539 4.2539 4.2539
4.2539 4.2539 4.2539
4.2539 4.2539 4.2539
