2.2575 0.5129 1.1604
2.2575 0.5445 1.3583
2.2925 0.5445 1.4742
2.2925 0.8327 1.6305
2.2925 0.9622 1.6978
2.5001 1.2234 1.7994
2.6640 1.2234 1.8590
2.6640 1.2234 1.9496
3.1050 1.2234 2.0744
3.1050 1.5921 2.1432
3.1050 1.6061 2.1491
3.1481 1.6688 2.2453
3.4661 1.6688 2.3438
3.4661 1.7198 2.3775
3.4661 1.7198 2.4161
3.4661 1.7493 2.6516
3.4661 1.9510 2.7838
3.4947 2.2720 2.9538
3.4947 2.2720 3.0531
3.4947 2.2720 3.1067
3.6959 2.2720 3.1893
3.6959 2.2720 3.2311
3.7487 3.1021 3.3175
3.7487 3.1021 3.3541
3.7487 3.1021 3.3753
3.7487 3.1021 3.3959
3.7487 3.1021 3.4216
4.1068 3.1021 3.4562
4.1843 3.2174 3.5994
4.1843 3.2174 3.6322
4.1851 3.2174 3.7138
4.1851 3.2174 3.7511
4.1851 3.3135 3.8473
4.2128 3.3540 3.9132
4.2135 3.3540 3.9767
4.2256 3.5513 4.0698
4.2295 3.9685 4.1495
4.2470 4.1263 4.1898
4.2525 4.1536 4.2029
4.2525 4.1840 4.2173
4.2535 4.1843 4.2324
4.2538 4.1843 4.2396
4.2539 4.2113 4.2487
4.2539 4.2472 4.2521
4.2539 4.2503 4.2529
4.2539 4.2520 4.2535
4.2539 4.2520 4.2536
4.2539 4.2520 4.2537
4.2539 4.2534 4.2538
4.2539 4.2537 4.2538
4.2539 4.2537 4.2539
4.2539 4.2538 4.2539
4.2539 4.2539 4.2539
4.2539 4.2539 4.2539
4.2539 4.2539 4.2539
4.2539 4.2539 4.2539
4.2539 4.2539 4.2539
4.2539 4.2539 4.2539
4.2539 4.2539 4.2539
4.2539 4.2539 4.2539
4.2539 4.2539 4.2539
4.2539 4.2539 4.2539
4.2539 4.2539 4.2539
4.2539 4.2539 4.2539
4.2539 4.2539 4.2539
4.2539 4.2539 4.2539
4.2539 4.2539 4.2539
4.2539 4.2539 4.2539
4.2539 4.2539 4.2539
4.2539 4.2539 4.2539
4.2539 4.2539 4.2539
4.2539 4.2539 4.2539
4.2539 4.2539 4.2539
4.2539 4.2539 4.2539
4.2539 4.2539 4.2539
4.2539 4.2539 4.2539
4.2539 4.2539 4.2539
4.2539 4.2539 4.2539
4.2539 4.2539 4.2539
4.2539 4.2539 4.2539
