2.2465 -0.2876 1.1441
2.2465 0.2806 1.2711
2.2465 0.3073 1.4546
2.4964 0.6292 1.5916
2.5183 0.7226 1.6684
2.8147 0.7628 1.7858
2.8147 0.9279 1.9426
2.8147 1.1881 2.0475
3.0689 1.3632 2.1270
3.5366 1.3632 2.2224
3.5366 1.3632 2.2651
3.5366 1.3938 2.3470
3.6128 1.3938 2.4102
3.6128 1.3938 2.5767
3.6128 1.3938 2.6135
4.2239 1.3938 2.7351
4.2239 1.3938 2.8272
4.2239 1.4225 2.8418
4.2239 1.6467 3.0096
4.2239 1.6467 3.0335
4.2382 1.6467 3.0980
4.2382 1.6467 3.1842
4.2382 2.1336 3.2467
4.2382 2.1336 3.3272
4.2382 2.2816 3.4360
4.2382 2.2816 3.5242
4.2382 2.7294 3.6523
4.2382 2.7294 3.7140
4.2504 2.7294 3.8029
4.2518 2.9398 3.8758
4.2522 2.9398 4.0049
4.2522 3.3110 4.0799
4.2526 3.5752 4.1434
4.2531 3.6131 4.1758
4.2537 3.7876 4.2182
4.2538 4.2060 4.2445
4.2539 4.2060 4.2499
4.2539 4.2469 4.2521
4.2539 4.2497 4.2531
4.2539 4.2508 4.2534
