2.2252 0.3341 1.3078
2.2252 0.7397 1.4620
2.2800 0.7964 1.5273
2.2800 1.0476 1.6014
2.5902 1.1867 1.6873
2.6475 1.1867 1.7893
2.6475 1.2505 1.8348
3.2462 1.3157 1.9985
3.2462 1.3157 2.0688
3.2462 1.4560 2.1913
3.2462 1.5787 2.3420
3.2462 1.5787 2.3878
3.2462 1.6152 2.4653
4.0833 1.7646 2.5993
4.0833 1.8720 2.6983
4.0833 1.9692 2.7717
4.0833 1.9692 2.8623
4.0833 1.9692 2.9229
4.0833 1.9692 3.0454
4.1043 1.9692 3.0800
4.1149 1.9692 3.1510
4.1790 1.9692 3.2418
4.1790 1.9692 3.2882
4.1911 1.9692 3.3555
4.1911 2.4186 3.4211
4.1911 2.6642 3.4973
4.1927 2.7056 3.5441
4.1927 2.7056 3.6209
4.2173 2.7056 3.6721
4.2226 2.7056 3.7403
4.2226 3.1083 3.7973
4.2537 3.1083 3.8728
4.2537 3.1083 3.9771
4.2537 3.1083 4.0415
4.2537 3.1083 4.1438
4.2537 3.7528 4.1975
4.2537 4.0022 4.2245
4.2537 4.0034 4.2364
4.2537 4.2003 4.2454
4.2537 4.2008 4.2476
4.2538 4.2352 4.2502
4.2538 4.2444 4.2520
4.2539 4.2444 4.2527
4.2539 4.2510 4.2533
4.2539 4.2510 4.2534
4.2539 4.2526 4.2536
4.2539 4.2531 4.2537
4.2539 4.2535 4.2538
4.2539 4.2535 4.2538
4.2539 4.2537 4.2539
4.2539 4.2537 4.2539
4.2539 4.2539 4.2539
4.2539 4.2539 4.2539
4.2539 4.2539 4.2539
4.2539 4.2539 4.2539
4.2539 4.2539 4.2539
4.2539 4.2539 4.2539
4.2539 4.2539 4.2539
4.2539 4.2539 4.2539
4.2539 4.2539 4.2539
4.2539 4.2539 4.2539
4.2539 4.2539 4.2539
4.2539 4.2539 4.2539
4.2539 4.2539 4.2539
4.2539 4.2539 4.2539
4.2539 4.2539 4.2539
4.2539 4.2539 4.2539
4.2539 4.2539 4.2539
4.2539 4.2539 4.2539
4.2539 4.2539 4.2539
4.2539 4.2539 4.2539
4.2539 4.2539 4.2539
4.2539 4.2539 4.2539
4.2539 4.2539 4.2539
4.2539 4.2539 4.2539
4.2539 4.2539 4.2539
4.2539 4.2539 4.2539
4.2539 4.2539 4.2539
4.2539 4.2539 4.2539
4.2539 4.2539 4.2539
4.2539 4.2539 4.2539
4.2539 4.2539 4.2539
4.2539 4.2539 4.2539
4.2539 4.2539 4.2539
4.2539 4.2539 4.2539
4.2539 4.2539 4.2539
4.2539 4.2539 4.2539
4.2539 4.2539 4.2539
4.2539 4.2539 4.2539
4.2539 4.2539 4.2539
4.2539 4.2539 4.2539
4.2539 4.2539 4.2539
4.2539 4.2539 4.2539
4.2539 4.2539 4.2539
4.2539 4.2539 4.2539
4.2539 4.2539 4.2539
4.2539 4.2539 4.2539
4.2539 4.2539 4.2539
4.2539 4.2539 4.2539
4.2539 4.2539 4.2539
4.2539 4.2539 4.2539
4.2539 4.2539 4.2539
4.2539 4.2539 4.2539
4.2539 4.2539 4.2539
4.2539 4.2539 4.2539
4.2539 4.2539 4.2539
4.2539 4.2539 4.2539
4.2539 4.2539 4.2539
4.2539 4.2539 4.2539
4.2539 4.2539 4.2539
4.2539 4.2539 4.2539
4.2539 4.2539 4.2539
4.2539 4.2539 4.2539
4.2539 4.2539 4.2539
4.2539 4.2539 4.2539
4.2539 4.2539 4.2539
4.2539 4.2539 4.2539
4.2539 4.2539 4.2539
4.2539 4.2539 4.2539
4.2539 4.2539 4.2539
4.2539 4.2539 4.2539
4.2539 4.2539 4.2539
4.2539 4.2539 4.2539
4.2539 4.2539 4.2539
4.2539 4.2539 4.2539
4.2539 4.2539 4.2539
4.2539 4.2539 4.2539
4.2539 4.2539 4.2539
4.2539 4.2539 4.2539
4.2539 4.2539 4.2539
4.2539 4.2539 4.2539
4.2539 4.2539 4.2539
4.2539 4.2539 4.2539
4.2539 4.2539 4.2539
4.2539 4.2539 4.2539
4.2539 4.2539 4.2539
4.2539 4.2539 4.2539
4.2539 4.2539 4.2539
4.2539 4.2539 4.2539
4.2539 4.2539 4.2539
