1.7617 0.2380 1.0019
1.7617 0.3068 1.1609
2.0422 0.5597 1.3030
2.1672 0.5597 1.4219
2.1672 0.8668 1.4985
2.6135 0.9110 1.5978
2.6135 0.9110 1.6145
2.7478 1.0395 1.7064
2.7478 1.1247 1.7720
2.7478 1.2891 1.8590
2.7478 1.2891 1.9478
3.2231 1.3964 2.0749
3.2231 1.5945 2.1369
3.2231 1.5945 2.1952
3.2231 1.5945 2.2419
3.7407 1.5945 2.3335
3.7407 1.6626 2.4060
3.7407 1.6626 2.4950
3.7407 1.6626 2.5822
3.7407 1.6626 2.6525
3.7407 1.7101 2.7041
3.7407 1.7101 2.8091
3.7407 1.8380 2.8723
3.7407 1.8380 2.9289
3.7407 1.8380 2.9593
3.9588 2.1139 3.0418
3.9588 2.1666 3.1408
3.9588 2.4586 3.2521
4.0852 2.4586 3.3419
4.1390 2.4586 3.4345
4.1390 2.5146 3.5262
4.1940 2.6777 3.6602
4.2512 2.7766 3.7826
4.2512 2.7766 3.8851
4.2512 2.7766 3.9602
4.2527 3.3072 4.0553
4.2527 3.6785 4.1205
4.2534 3.8834 4.1788
4.2534 3.9487 4.2123
4.2536 3.9497 4.2278
