2.3012 -0.1856 1.0415
2.5581 -0.1419 1.2835
2.5581 0.6412 1.5731
2.5581 0.9388 1.7568
2.5581 1.2275 1.8382
2.5581 1.3346 1.9037
3.7240 1.3346 2.0441
3.7240 1.3497 2.1050
3.7240 1.3497 2.1844
3.7240 1.3502 2.1885
3.7240 1.3502 2.2634
3.7240 1.3502 2.3333
3.7240 1.3502 2.3408
3.7240 1.5419 2.5437
3.7240 1.5419 2.5952
3.7240 1.5419 2.6755
3.7240 1.5419 2.7194
3.7240 1.5419 2.9097
3.7240 1.5419 2.9593
3.7394 1.5960 3.0754
3.9390 1.5960 3.1411
3.9390 1.5960 3.1635
3.9390 1.5960 3.2746
4.2327 2.2688 3.3435
4.2327 2.7282 3.4212
4.2359 2.7331 3.5142
4.2359 2.7331 3.6117
4.2359 2.8585 3.7053
4.2359 2.8585 3.8001
4.2518 3.3750 3.9686
4.2518 3.7175 4.1095
4.2518 3.7175 4.1687
4.2525 3.9761 4.2060
4.2536 4.1191 4.2242
4.2538 4.1191 4.2335
4.2538 4.1994 4.2424
4.2538 4.2228 4.2464
4.2538 4.2228 4.2493
4.2538 4.2391 4.2517
4.2538 4.2446 4.2530
4.2539 4.2528 4.2535
4.2539 4.2531 4.2536
4.2539 4.2533 4.2537
4.2539 4.2534 4.2537
4.2539 4.2536 4.2538
4.2539 4.2536 4.2538
4.2539 4.2537 4.2539
4.2539 4.2538 4.2539
4.2539 4.2538 4.2539
4.2539 4.2539 4.2539
4.2539 4.2539 4.2539
4.2539 4.2539 4.2539
4.2539 4.2539 4.2539
4.2539 4.2539 4.2539
4.2539 4.2539 4.2539
4.2539 4.2539 4.2539
4.2539 4.2539 4.2539
4.2539 4.2539 4.2539
4.2539 4.2539 4.2539
4.2539 4.2539 4.2539
4.2539 4.2539 4.2539
4.2539 4.2539 4.2539
4.2539 4.2539 4.2539
4.2539 4.2539 4.2539
4.2539 4.2539 4.2539
4.2539 4.2539 4.2539
4.2539 4.2539 4.2539
4.2539 4.2539 4.2539
4.2539 4.2539 4.2539
4.2539 4.2539 4.2539
4.2539 4.2539 4.2539
4.2539 4.2539 4.2539
4.2539 4.2539 4.2539
4.2539 4.2539 4.2539
4.2539 4.2539 4.2539
4.2539 4.2539 4.2539
4.2539 4.2539 4.2539
4.2539 4.2539 4.2539
4.2539 4.2539 4.2539
4.2539 4.2539 4.2539
