2.3232 -0.5491 1.1553
2.3232 -0.2286 1.3542
2.5289 0.1896 1.4604
2.5289 0.1896 1.5853
3.0724 0.7917 1.6586
3.0724 0.7917 1.7200
3.0724 0.8784 1.8018
3.4717 1.1514 1.9230
3.4717 1.2656 2.0265
3.4717 1.3304 2.1143
3.4717 1.3304 2.1560
3.4717 1.4533 2.2354
3.4717 1.4675 2.2929
3.4717 1.6789 2.3979
3.5712 1.7138 2.4702
3.5712 1.7138 2.5853
3.5712 1.7138 2.7192
3.5712 1.7138 2.7840
4.2149 1.9653 2.8406
4.2149 1.9653 2.8830
4.2149 1.9653 2.9248
4.2149 2.0032 2.9530
4.2149 2.0801 3.0496
4.2149 2.0801 3.1504
4.2432 2.3894 3.2338
4.2432 2.3894 3.3057
4.2432 2.3894 3.3402
4.2432 2.6321 3.3698
4.2432 2.6321 3.4645
4.2432 2.6321 3.5380
4.2432 2.6895 3.6445
4.2432 2.7198 3.7157
4.2432 3.1893 3.8445
4.2535 3.2101 3.9030
4.2535 3.4129 4.0155
4.2535 3.6063 4.0896
4.2535 3.7470 4.1538
4.2535 3.9872 4.1997
4.2535 4.1110 4.2292
4.2535 4.1649 4.2423
4.2539 4.2171 4.2470
4.2539 4.2205 4.2502
4.2539 4.2355 4.2518
4.2539 4.2476 4.2526
4.2539 4.2491 4.2532
4.2539 4.2512 4.2536
4.2539 4.2512 4.2536
4.2539 4.2519 4.2538
4.2539 4.2519 4.2538
4.2539 4.2519 4.2538
4.2539 4.2538 4.2539
4.2539 4.2538 4.2539
4.2539 4.2538 4.2539
4.2539 4.2538 4.2539
4.2539 4.2539 4.2539
4.2539 4.2539 4.2539
4.2539 4.2539 4.2539
4.2539 4.2539 4.2539
4.2539 4.2539 4.2539
4.2539 4.2539 4.2539
4.2539 4.2539 4.2539
4.2539 4.2539 4.2539
4.2539 4.2539 4.2539
4.2539 4.2539 4.2539
4.2539 4.2539 4.2539
4.2539 4.2539 4.2539
4.2539 4.2539 4.2539
4.2539 4.2539 4.2539
4.2539 4.2539 4.2539
4.2539 4.2539 4.2539
4.2539 4.2539 4.2539
4.2539 4.2539 4.2539
4.2539 4.2539 4.2539
4.2539 4.2539 4.2539
4.2539 4.2539 4.2539
4.2539 4.2539 4.2539
4.2539 4.2539 4.2539
4.2539 4.2539 4.2539
4.2539 4.2539 4.2539
4.2539 4.2539 4.2539
4.2539 4.2539 4.2539
4.2539 4.2539 4.2539
4.2539 4.2539 4.2539
4.2539 4.2539 4.2539
4.2539 4.2539 4.2539
4.2539 4.2539 4.2539
4.2539 4.2539 4.2539
4.2539 4.2539 4.2539
4.2539 4.2539 4.2539
4.2539 4.2539 4.2539
4.2539 4.2539 4.2539
4.2539 4.2539 4.2539
4.2539 4.2539 4.2539
4.2539 4.2539 4.2539
4.2539 4.2539 4.2539
4.2539 4.2539 4.2539
4.2539 4.2539 4.2539
4.2539 4.2539 4.2539
4.2539 4.2539 4.2539
4.2539 4.2539 4.2539
4.2539 4.2539 4.2539
4.2539 4.2539 4.2539
4.2539 4.2539 4.2539
4.2539 4.2539 4.2539
4.2539 4.2539 4.2539
4.2539 4.2539 4.2539
4.2539 4.2539 4.2539
4.2539 4.2539 4.2539
4.2539 4.2539 4.2539
4.2539 4.2539 4.2539
4.2539 4.2539 4.2539
4.2539 4.2539 4.2539
4.2539 4.2539 4.2539
4.2539 4.2539 4.2539
4.2539 4.2539 4.2539
4.2539 4.2539 4.2539
4.2539 4.2539 4.2539
4.2539 4.2539 4.2539
4.2539 4.2539 4.2539
4.2539 4.2539 4.2539
4.2539 4.2539 4.2539
4.2539 4.2539 4.2539
4.2539 4.2539 4.2539
4.2539 4.2539 4.2539
4.2539 4.2539 4.2539
4.2539 4.2539 4.2539
4.2539 4.2539 4.2539
4.2539 4.2539 4.2539
4.2539 4.2539 4.2539
4.2539 4.2539 4.2539
4.2539 4.2539 4.2539
4.2539 4.2539 4.2539
4.2539 4.2539 4.2539
4.2539 4.2539 4.2539
4.2539 4.2539 4.2539
4.2539 4.2539 4.2539
4.2539 4.2539 4.2539
4.2539 4.2539 4.2539
4.2539 4.2539 4.2539
4.2539 4.2539 4.2539
