1.9735 -0.5995 0.9681
2.5160 -0.0460 1.1955
2.5160 0.3399 1.3223
2.5160 0.5627 1.4348
2.6481 0.6534 1.5358
2.6481 1.0974 1.6788
2.7158 1.0974 1.7769
2.7158 1.1325 1.8644
3.0906 1.1955 2.0176
3.2170 1.1955 2.0753
3.2459 1.1955 2.1315
3.2459 1.5141 2.1862
3.6157 1.5141 2.2724
3.6157 1.5141 2.3678
3.6157 1.5141 2.4616
3.6157 1.5141 2.5228
3.8942 1.6110 2.7114
3.8942 1.7280 2.7777
3.8942 1.7866 2.8415
3.8942 1.9692 2.8830
3.8942 1.9692 2.9125
3.8942 2.0070 2.9571
3.9088 2.0780 3.0176
4.0681 2.0780 3.1516
4.2045 2.1120 3.2182
4.2194 2.1120 3.2912
4.2194 2.2282 3.3996
4.2194 2.2282 3.5112
4.2194 2.7310 3.6186
4.2194 2.8489 3.6648
4.2332 2.9378 3.7572
4.2332 3.1933 3.8396
4.2509 3.2297 3.9526
4.2509 3.2744 4.0718
4.2532 3.7547 4.1459
4.2537 3.7547 4.1980
4.2537 3.7547 4.2187
4.2537 4.1175 4.2377
4.2537 4.1407 4.2449
4.2539 4.2067 4.2503
