2.3995 -0.1711 1.1380
2.7393 0.3865 1.2948
2.7393 0.7179 1.4373
2.7393 0.7361 1.5028
2.7393 0.7361 1.6126
3.1837 0.9259 1.7899
3.1837 0.9259 1.8785
3.1837 1.1995 2.0031
3.2081 1.1995 2.0714
3.2081 1.2586 2.1018
3.6446 1.2586 2.2040
3.6446 1.3583 2.2875
3.6446 1.3583 2.3875
3.6446 1.7173 2.4513
3.6446 1.7173 2.4834
3.6446 1.7173 2.5577
3.6446 1.7173 2.6521
4.0462 1.7173 2.7183
4.0462 1.9062 2.8046
4.0462 1.9062 2.8745
4.0462 1.9062 2.9807
4.0462 2.1541 3.0307
4.1013 2.1541 3.1023
4.1013 2.1541 3.1821
4.1013 2.1541 3.2442
4.1013 2.1541 3.2919
4.1690 2.1541 3.3712
4.1690 2.1541 3.4067
4.1690 2.2758 3.5490
4.2001 2.5075 3.5868
4.2001 2.5075 3.6544
4.2503 2.5075 3.7084
4.2503 2.5442 3.7626
4.2503 2.5442 3.8583
4.2536 2.9972 3.9596
4.2536 3.1043 4.0584
4.2538 3.7227 4.1480
4.2538 4.0328 4.2080
4.2538 4.0816 4.2311
4.2538 4.2227 4.2468
4.2539 4.2416 4.2499
4.2539 4.2430 4.2513
4.2539 4.2435 4.2527
4.2539 4.2492 4.2532
4.2539 4.2519 4.2536
4.2539 4.2530 4.2537
4.2539 4.2530 4.2538
4.2539 4.2532 4.2538
4.2539 4.2537 4.2539
4.2539 4.2537 4.2539
4.2539 4.2537 4.2539
4.2539 4.2539 4.2539
4.2539 4.2539 4.2539
4.2539 4.2539 4.2539
4.2539 4.2539 4.2539
4.2539 4.2539 4.2539
4.2539 4.2539 4.2539
4.2539 4.2539 4.2539
4.2539 4.2539 4.2539
4.2539 4.2539 4.2539
4.2539 4.2539 4.2539
4.2539 4.2539 4.2539
4.2539 4.2539 4.2539
4.2539 4.2539 4.2539
4.2539 4.2539 4.2539
4.2539 4.2539 4.2539
4.2539 4.2539 4.2539
4.2539 4.2539 4.2539
4.2539 4.2539 4.2539
4.2539 4.2539 4.2539
4.2539 4.2539 4.2539
4.2539 4.2539 4.2539
4.2539 4.2539 4.2539
4.2539 4.2539 4.2539
4.2539 4.2539 4.2539
4.2539 4.2539 4.2539
4.2539 4.2539 4.2539
4.2539 4.2539 4.2539
4.2539 4.2539 4.2539
4.2539 4.2539 4.2539
4.2539 4.2539 4.2539
4.2539 4.2539 4.2539
4.2539 4.2539 4.2539
4.2539 4.2539 4.2539
4.2539 4.2539 4.2539
4.2539 4.2539 4.2539
4.2539 4.2539 4.2539
4.2539 4.2539 4.2539
4.2539 4.2539 4.2539
4.2539 4.2539 4.2539
4.2539 4.2539 4.2539
4.2539 4.2539 4.2539
4.2539 4.2539 4.2539
4.2539 4.2539 4.2539
4.2539 4.2539 4.2539
4.2539 4.2539 4.2539
4.2539 4.2539 4.2539
4.2539 4.2539 4.2539
4.2539 4.2539 4.2539
4.2539 4.2539 4.2539
4.2539 4.2539 4.2539
4.2539 4.2539 4.2539
4.2539 4.2539 4.2539
4.2539 4.2539 4.2539
4.2539 4.2539 4.2539
4.2539 4.2539 4.2539
4.2539 4.2539 4.2539
4.2539 4.2539 4.2539
4.2539 4.2539 4.2539
4.2539 4.2539 4.2539
4.2539 4.2539 4.2539
4.2539 4.2539 4.2539
4.2539 4.2539 4.2539
4.2539 4.2539 4.2539
4.2539 4.2539 4.2539
4.2539 4.2539 4.2539
4.2539 4.2539 4.2539
4.2539 4.2539 4.2539
4.2539 4.2539 4.2539
4.2539 4.2539 4.2539
4.2539 4.2539 4.2539
4.2539 4.2539 4.2539
4.2539 4.2539 4.2539
4.2539 4.2539 4.2539
4.2539 4.2539 4.2539
4.2539 4.2539 4.2539
4.2539 4.2539 4.2539
4.2539 4.2539 4.2539
4.2539 4.2539 4.2539
4.2539 4.2539 4.2539
4.2539 4.2539 4.2539
4.2539 4.2539 4.2539
4.2539 4.2539 4.2539
4.2539 4.2539 4.2539
4.2539 4.2539 4.2539
4.2539 4.2539 4.2539
4.2539 4.2539 4.2539
4.2539 4.2539 4.2539
4.2539 4.2539 4.2539
4.2539 4.2539 4.2539
