2.2146 -0.6042 1.0771
2.2146 0.3433 1.3381
3.3375 0.4521 1.5406
3.3375 0.8134 1.6751
3.3375 0.9143 1.7813
3.3375 0.9143 1.8358
3.3375 1.0535 1.9015
3.3375 1.0540 1.9963
3.8448 1.1884 2.1873
3.8448 1.3774 2.2657
3.8448 1.3774 2.3167
3.8448 1.3774 2.4079
3.8448 1.3774 2.5287
3.8448 1.3774 2.5871
3.8448 1.3774 2.6201
3.8448 1.3774 2.6686
4.2471 1.7451 2.8180
4.2471 1.9698 2.8873
4.2471 2.0126 2.9983
4.2471 2.0126 3.0856
4.2471 2.2763 3.2578
4.2471 2.2763 3.3577
4.2471 2.2763 3.4457
4.2471 2.2763 3.4815
4.2471 2.5033 3.6296
4.2471 2.5033 3.6922
4.2534 2.5033 3.8719
4.2534 2.5033 3.9369
4.2534 3.1245 4.0851
4.2534 3.1245 4.1319
4.2534 3.1245 4.1855
4.2534 4.1217 4.2357
4.2538 4.1913 4.2446
4.2538 4.2336 4.2493
4.2538 4.2336 4.2506
4.2538 4.2336 4.2520
4.2539 4.2498 4.2528
4.2539 4.2500 4.2533
4.2539 4.2515 4.2535
4.2539 4.2519 4.2537
