2.2548 0.1418 1.1117
2.3909 0.1418 1.2824
2.3909 0.5223 1.4411
2.5467 0.5223 1.5814
2.5467 0.7304 1.6701
2.5467 0.8440 1.7290
2.6790 1.1387 1.8135
2.7211 1.1590 1.8924
2.7211 1.1590 1.9298
2.7211 1.4073 1.9754
2.7211 1.4073 2.0116
2.9899 1.4073 2.0970
2.9899 1.4081 2.1584
2.9899 1.4081 2.1878
2.9899 1.5405 2.2446
3.3254 1.6639 2.2936
3.3254 1.7389 2.3415
3.4326 1.7389 2.4116
3.4326 1.7451 2.4602
4.0413 1.7527 2.5121
4.0413 1.7573 2.5589
4.0413 1.8673 2.6140
4.0413 1.8673 2.6331
4.1215 1.8673 2.6981
4.1215 1.8673 2.7866
4.1215 1.8673 2.7937
4.1215 1.8673 2.8110
4.1215 1.8673 2.8656
4.1215 1.8673 2.9085
4.1215 1.8673 2.9899
4.1215 1.8673 3.0585
4.1215 1.8673 3.1413
4.2519 1.8673 3.2733
4.2519 1.8673 3.3521
4.2519 1.8673 3.4211
4.2519 1.8673 3.4577
4.2519 2.3914 3.5553
4.2539 2.4709 3.6569
4.2539 2.4709 3.7094
4.2539 2.4709 3.7408
