2.1152 -0.2588 1.1117
2.1408 0.2291 1.2452
2.1408 0.5368 1.4708
2.9300 0.7113 1.7868
2.9300 0.9291 1.8394
3.2336 1.1626 1.9897
3.2336 1.1626 1.9954
3.2336 1.1626 2.0126
3.2336 1.3777 2.0636
3.2599 1.3777 2.1217
3.2599 1.3777 2.2311
3.2599 1.3777 2.3409
3.7755 1.6514 2.4231
3.7755 1.6514 2.5805
3.7755 1.6514 2.6947
3.7755 1.6514 2.7071
3.7755 1.6514 2.7200
3.7755 1.6514 2.9027
3.7755 1.7201 3.0113
3.7755 1.9393 3.0701
4.1854 2.2064 3.1779
4.1854 2.2517 3.2647
4.1854 2.5138 3.3825
4.2410 2.5763 3.4687
4.2410 2.8858 3.6624
4.2410 3.1267 3.7711
4.2410 3.2137 3.8954
4.2410 3.2198 3.9992
4.2535 3.4902 4.0844
4.2535 3.5956 4.1460
4.2535 3.7519 4.1936
4.2535 3.7519 4.2054
4.2535 4.1808 4.2314
4.2536 4.2067 4.2412
4.2538 4.2071 4.2460
4.2538 4.2312 4.2492
4.2538 4.2473 4.2522
4.2538 4.2476 4.2527
4.2538 4.2477 4.2531
4.2539 4.2477 4.2533
4.2539 4.2531 4.2537
4.2539 4.2535 4.2538
4.2539 4.2537 4.2538
4.2539 4.2537 4.2538
4.2539 4.2538 4.2539
4.2539 4.2538 4.2539
4.2539 4.2539 4.2539
4.2539 4.2539 4.2539
4.2539 4.2539 4.2539
4.2539 4.2539 4.2539
4.2539 4.2539 4.2539
4.2539 4.2539 4.2539
4.2539 4.2539 4.2539
4.2539 4.2539 4.2539
4.2539 4.2539 4.2539
4.2539 4.2539 4.2539
4.2539 4.2539 4.2539
4.2539 4.2539 4.2539
4.2539 4.2539 4.2539
4.2539 4.2539 4.2539
4.2539 4.2539 4.2539
4.2539 4.2539 4.2539
4.2539 4.2539 4.2539
4.2539 4.2539 4.2539
4.2539 4.2539 4.2539
4.2539 4.2539 4.2539
4.2539 4.2539 4.2539
4.2539 4.2539 4.2539
4.2539 4.2539 4.2539
4.2539 4.2539 4.2539
4.2539 4.2539 4.2539
4.2539 4.2539 4.2539
4.2539 4.2539 4.2539
4.2539 4.2539 4.2539
4.2539 4.2539 4.2539
4.2539 4.2539 4.2539
4.2539 4.2539 4.2539
4.2539 4.2539 4.2539
4.2539 4.2539 4.2539
4.2539 4.2539 4.2539
