2.4571 -0.5843 1.1492
2.4571 -0.2241 1.2767
2.7496 0.5109 1.4060
2.7496 0.8020 1.5635
2.7496 0.8020 1.6377
2.7496 1.0562 1.7391
2.7496 1.0562 1.8252
2.7496 1.1887 1.8618
2.7496 1.1887 1.8978
2.7496 1.1887 1.9208
2.7496 1.1887 1.9709
3.4307 1.1887 2.0746
3.4307 1.2196 2.1421
3.4307 1.2196 2.1960
3.4307 1.2196 2.2346
3.4307 1.2196 2.3162
3.4307 1.2196 2.3492
3.4307 1.6195 2.4193
3.4307 1.6195 2.4912
3.8208 2.0168 2.5519
3.8208 2.0168 2.6650
3.8479 2.0168 2.7552
3.8479 2.0168 2.7981
4.1368 2.0168 2.8877
4.1368 2.0168 2.9256
4.2175 2.1089 3.0636
4.2175 2.1089 3.1331
4.2175 2.1089 3.1823
4.2175 2.1242 3.2763
4.2175 2.1242 3.3353
4.2175 2.1242 3.3702
4.2175 2.1242 3.4428
4.2175 2.6874 3.5219
4.2175 2.6882 3.5893
4.2357 2.7270 3.6589
4.2357 2.9040 3.7228
4.2357 2.9505 3.8186
4.2357 2.9505 3.8989
4.2465 3.2309 4.0019
4.2533 3.2392 4.0569
4.2533 3.6573 4.1134
4.2533 3.8021 4.1693
4.2538 4.0199 4.2103
4.2538 4.1075 4.2355
4.2538 4.1977 4.2458
4.2538 4.2278 4.2494
4.2538 4.2389 4.2516
4.2538 4.2478 4.2526
4.2539 4.2478 4.2532
4.2539 4.2478 4.2534
4.2539 4.2529 4.2536
4.2539 4.2529 4.2537
4.2539 4.2532 4.2538
4.2539 4.2533 4.2538
4.2539 4.2534 4.2538
4.2539 4.2534 4.2539
4.2539 4.2538 4.2539
4.2539 4.2538 4.2539
4.2539 4.2539 4.2539
4.2539 4.2539 4.2539
4.2539 4.2539 4.2539
4.2539 4.2539 4.2539
4.2539 4.2539 4.2539
4.2539 4.2539 4.2539
4.2539 4.2539 4.2539
4.2539 4.2539 4.2539
4.2539 4.2539 4.2539
4.2539 4.2539 4.2539
4.2539 4.2539 4.2539
4.2539 4.2539 4.2539
4.2539 4.2539 4.2539
4.2539 4.2539 4.2539
4.2539 4.2539 4.2539
4.2539 4.2539 4.2539
4.2539 4.2539 4.2539
4.2539 4.2539 4.2539
4.2539 4.2539 4.2539
4.2539 4.2539 4.2539
4.2539 4.2539 4.2539
4.2539 4.2539 4.2539
4.2539 4.2539 4.2539
4.2539 4.2539 4.2539
4.2539 4.2539 4.2539
4.2539 4.2539 4.2539
4.2539 4.2539 4.2539
4.2539 4.2539 4.2539
4.2539 4.2539 4.2539
4.2539 4.2539 4.2539
4.2539 4.2539 4.2539
4.2539 4.2539 4.2539
4.2539 4.2539 4.2539
4.2539 4.2539 4.2539
4.2539 4.2539 4.2539
4.2539 4.2539 4.2539
4.2539 4.2539 4.2539
4.2539 4.2539 4.2539
4.2539 4.2539 4.2539
4.2539 4.2539 4.2539
4.2539 4.2539 4.2539
4.2539 4.2539 4.2539
4.2539 4.2539 4.2539
4.2539 4.2539 4.2539
4.2539 4.2539 4.2539
4.2539 4.2539 4.2539
4.2539 4.2539 4.2539
4.2539 4.2539 4.2539
4.2539 4.2539 4.2539
4.2539 4.2539 4.2539
4.2539 4.2539 4.2539
4.2539 4.2539 4.2539
4.2539 4.2539 4.2539
4.2539 4.2539 4.2539
4.2539 4.2539 4.2539
4.2539 4.2539 4.2539
4.2539 4.2539 4.2539
4.2539 4.2539 4.2539
4.2539 4.2539 4.2539
4.2539 4.2539 4.2539
4.2539 4.2539 4.2539
4.2539 4.2539 4.2539
4.2539 4.2539 4.2539
4.2539 4.2539 4.2539
4.2539 4.2539 4.2539
4.2539 4.2539 4.2539
4.2539 4.2539 4.2539
4.2539 4.2539 4.2539
4.2539 4.2539 4.2539
4.2539 4.2539 4.2539
4.2539 4.2539 4.2539
4.2539 4.2539 4.2539
4.2539 4.2539 4.2539
4.2539 4.2539 4.2539
4.2539 4.2539 4.2539
4.2539 4.2539 4.2539
4.2539 4.2539 4.2539
4.2539 4.2539 4.2539
4.2539 4.2539 4.2539
4.2539 4.2539 4.2539
4.2539 4.2539 4.2539
4.2539 4.2539 4.2539
