2.5230 -0.2040 1.0410
2.5230 0.2394 1.3084
2.5230 0.5139 1.4407
2.5230 0.5139 1.5401
2.5230 0.9006 1.6543
2.5230 0.9006 1.7380
2.5230 1.1549 1.8227
2.5865 1.1549 1.8810
2.7671 1.1832 1.9631
2.7671 1.1832 2.0222
3.2025 1.2962 2.1127
3.2025 1.2962 2.1785
3.2025 1.3376 2.2118
3.3706 1.3376 2.2772
3.5231 1.3376 2.4566
3.5231 1.3376 2.5752
3.6029 1.3376 2.6150
3.6178 1.3452 2.6684
3.7306 1.3452 2.7210
3.7306 1.3452 2.8054
4.1385 1.6593 2.9043
4.1385 1.6979 3.0062
4.1385 1.6979 3.0545
4.1385 2.1124 3.1466
4.1385 2.1320 3.2581
4.1385 2.4429 3.3352
4.1385 2.4429 3.4107
4.1385 2.4429 3.4993
4.1504 2.4429 3.5542
4.1504 2.7188 3.6077
4.1504 3.0528 3.7136
4.1973 3.0528 3.7414
4.2304 3.1271 3.7933
4.2365 3.1271 3.8809
4.2511 3.3994 3.9883
4.2516 3.5462 4.0934
4.2516 3.6832 4.1439
4.2516 3.6971 4.1761
4.2516 3.6971 4.1909
4.2529 4.0547 4.2283
4.2535 4.1161 4.2393
4.2535 4.2075 4.2456
4.2537 4.2326 4.2485
4.2538 4.2326 4.2510
4.2538 4.2468 4.2524
4.2538 4.2468 4.2528
4.2538 4.2470 4.2531
4.2539 4.2519 4.2535
4.2539 4.2526 4.2537
4.2539 4.2526 4.2538
4.2539 4.2535 4.2538
4.2539 4.2535 4.2538
4.2539 4.2538 4.2539
4.2539 4.2538 4.2539
4.2539 4.2538 4.2539
4.2539 4.2538 4.2539
4.2539 4.2538 4.2539
4.2539 4.2539 4.2539
4.2539 4.2539 4.2539
4.2539 4.2539 4.2539
4.2539 4.2539 4.2539
4.2539 4.2539 4.2539
4.2539 4.2539 4.2539
4.2539 4.2539 4.2539
4.2539 4.2539 4.2539
4.2539 4.2539 4.2539
4.2539 4.2539 4.2539
4.2539 4.2539 4.2539
4.2539 4.2539 4.2539
4.2539 4.2539 4.2539
4.2539 4.2539 4.2539
4.2539 4.2539 4.2539
4.2539 4.2539 4.2539
4.2539 4.2539 4.2539
4.2539 4.2539 4.2539
4.2539 4.2539 4.2539
4.2539 4.2539 4.2539
4.2539 4.2539 4.2539
4.2539 4.2539 4.2539
4.2539 4.2539 4.2539
4.2539 4.2539 4.2539
4.2539 4.2539 4.2539
4.2539 4.2539 4.2539
4.2539 4.2539 4.2539
4.2539 4.2539 4.2539
4.2539 4.2539 4.2539
4.2539 4.2539 4.2539
4.2539 4.2539 4.2539
4.2539 4.2539 4.2539
4.2539 4.2539 4.2539
4.2539 4.2539 4.2539
4.2539 4.2539 4.2539
4.2539 4.2539 4.2539
4.2539 4.2539 4.2539
4.2539 4.2539 4.2539
4.2539 4.2539 4.2539
4.2539 4.2539 4.2539
4.2539 4.2539 4.2539
4.2539 4.2539 4.2539
4.2539 4.2539 4.2539
4.2539 4.2539 4.2539
4.2539 4.2539 4.2539
4.2539 4.2539 4.2539
4.2539 4.2539 4.2539
4.2539 4.2539 4.2539
4.2539 4.2539 4.2539
4.2539 4.2539 4.2539
4.2539 4.2539 4.2539
4.2539 4.2539 4.2539
4.2539 4.2539 4.2539
4.2539 4.2539 4.2539
4.2539 4.2539 4.2539
4.2539 4.2539 4.2539
4.2539 4.2539 4.2539
4.2539 4.2539 4.2539
4.2539 4.2539 4.2539
4.2539 4.2539 4.2539
4.2539 4.2539 4.2539
4.2539 4.2539 4.2539
4.2539 4.2539 4.2539
4.2539 4.2539 4.2539
4.2539 4.2539 4.2539
4.2539 4.2539 4.2539
4.2539 4.2539 4.2539
4.2539 4.2539 4.2539
4.2539 4.2539 4.2539
4.2539 4.2539 4.2539
4.2539 4.2539 4.2539
4.2539 4.2539 4.2539
4.2539 4.2539 4.2539
4.2539 4.2539 4.2539
4.2539 4.2539 4.2539
4.2539 4.2539 4.2539
4.2539 4.2539 4.2539
4.2539 4.2539 4.2539
4.2539 4.2539 4.2539
4.2539 4.2539 4.2539
4.2539 4.2539 4.2539
4.2539 4.2539 4.2539
4.2539 4.2539 4.2539
