2.4942 -0.1962 1.1209
2.4942 0.1359 1.2978
2.4942 0.2377 1.4489
2.7027 0.2377 1.6037
3.0244 0.8809 1.7734
3.0244 1.1413 1.8779
3.0244 1.1413 1.9466
3.0244 1.2792 2.0260
3.0244 1.4401 2.0859
3.0244 1.4401 2.1233
3.0244 1.4401 2.1481
3.6997 1.4640 2.2626
3.6997 1.4640 2.3101
3.6997 1.4640 2.3998
3.6997 1.5496 2.4307
3.6997 1.6743 2.5361
3.6997 1.8059 2.6081
3.6997 1.8059 2.6235
3.6997 1.8059 2.7445
3.6997 2.0399 2.8321
4.0916 2.0468 2.8788
4.0916 2.0468 2.9374
4.0916 2.0468 2.9423
4.0916 2.0468 2.9647
4.0916 2.0468 2.9960
4.2274 2.0468 3.0318
4.2274 2.0468 3.1093
4.2274 2.1309 3.2016
4.2274 2.1309 3.2705
4.2274 2.4941 3.3557
4.2274 2.6209 3.4499
4.2274 2.6209 3.6104
4.2274 2.6745 3.6329
4.2274 2.6745 3.7592
4.2274 2.6745 3.8125
4.2363 2.9411 3.8620
4.2378 2.9411 3.8999
4.2521 3.1103 3.9545
4.2521 3.1674 4.0164
4.2521 3.1674 4.1170
