2.2451 -0.4548 1.0895
2.3213 0.5226 1.3123
2.3213 0.5382 1.4289
2.3959 0.7743 1.5585
2.6223 0.8379 1.6691
2.6223 1.0464 1.7582
3.2191 1.2301 1.8586
3.2191 1.2301 1.8859
3.2191 1.2301 1.9541
3.2191 1.2301 2.0395
3.2191 1.3139 2.1238
3.2191 1.3821 2.2209
3.3009 1.6168 2.3415
3.5069 1.6168 2.4532
3.5069 1.6168 2.5310
3.7324 1.7083 2.6267
3.7324 1.7083 2.7735
3.7324 1.7356 2.8510
3.7324 1.7356 2.9157
3.7468 1.7356 2.9549
3.7468 1.7356 2.9987
4.1835 1.7356 3.0584
4.1835 1.7356 3.1250
4.1923 1.7356 3.1481
4.1923 2.2572 3.2424
4.2070 2.2572 3.3074
4.2439 2.3452 3.3367
4.2439 2.3959 3.4716
4.2443 2.4194 3.5346
4.2443 2.4194 3.6435
4.2443 2.4194 3.7038
4.2443 2.5148 3.7358
4.2494 2.6283 3.7986
4.2494 3.0274 3.8436
4.2494 3.0274 3.9430
4.2494 3.0274 3.9891
4.2515 3.2010 4.0509
4.2515 3.5246 4.1233
4.2515 3.5246 4.1459
4.2535 3.7230 4.2163
