2.1934 -0.0002 1.1234
2.2309 0.3911 1.3493
2.2309 0.7611 1.5255
2.5790 0.7611 1.5858
2.5790 0.7611 1.6748
2.5790 0.8386 1.7401
2.5790 0.8386 1.8055
2.9836 1.1022 1.9202
2.9836 1.1022 2.0017
3.4541 1.4095 2.0950
3.4541 1.5590 2.2106
3.4541 1.5590 2.2505
3.4541 1.5590 2.3251
3.4541 1.5590 2.3940
3.4541 1.7155 2.4512
3.5497 1.7155 2.5215
4.1835 1.8036 2.6127
4.1835 2.0459 2.6990
4.1835 2.1018 2.7861
4.1835 2.1018 2.8389
4.1835 2.2216 2.9160
4.1835 2.2223 2.9613
4.1835 2.2223 3.0414
4.1835 2.2223 3.1002
4.1835 2.2514 3.2128
4.1835 2.2514 3.3052
4.1835 2.2514 3.3852
4.2288 2.2514 3.4890
4.2302 2.5790 3.5429
4.2302 2.6838 3.6768
4.2400 2.6838 3.7698
4.2471 2.6838 3.9256
4.2513 2.6915 4.0177
4.2513 3.5448 4.1097
4.2532 3.6174 4.1567
4.2539 3.6769 4.2056
4.2539 3.7102 4.2278
4.2539 4.2064 4.2448
4.2539 4.2138 4.2477
4.2539 4.2138 4.2503
