2.6208 0.0744 1.1950
2.6208 0.0854 1.3972
2.6208 0.6055 1.5460
2.6208 0.6055 1.6309
2.7544 0.9334 1.7603
2.7544 0.9334 1.8432
2.7544 1.1120 1.8978
2.7544 1.1120 1.9263
3.0784 1.1120 2.0017
3.0784 1.3700 2.0475
3.5021 1.3700 2.1743
3.5021 1.4567 2.2382
3.5021 1.4567 2.2913
3.5021 1.4698 2.4008
3.7311 1.4698 2.4796
3.8011 1.6161 2.6170
3.8011 1.6161 2.6864
4.0053 1.6161 2.7811
4.0053 1.6161 2.8960
4.0565 1.7295 2.9382
4.0565 1.7295 2.9662
4.0976 1.9103 3.0822
4.0976 1.9103 3.1480
4.0976 1.9103 3.1751
4.0976 1.9103 3.2413
4.0976 1.9103 3.2785
4.2247 2.1896 3.4123
4.2247 2.1896 3.5265
4.2247 2.1896 3.5972
4.2247 2.6985 3.6826
4.2363 2.7490 3.7161
4.2523 3.1612 3.8028
4.2523 3.1612 3.8417
4.2523 3.2984 3.9510
4.2523 3.5277 4.0187
4.2536 3.5277 4.0609
4.2536 3.7254 4.1229
4.2538 3.7538 4.1736
4.2538 3.7742 4.2063
4.2538 4.1960 4.2364
