-245215.0000 -4124685.0000 -737793.1300
-245215.0000 -2889769.0000 -583764.2600
-13497.0000 -3588541.0000 -546545.4800
-13497.0000 -6964359.0000 -1016715.8500
-13497.0000 -7677535.0000 -930957.6300
-13497.0000 -3219811.0000 -529911.5800
-13497.0000 -4879419.0000 -627690.3000
-13497.0000 -4177801.0000 -505513.0800
-13497.0000 -5911301.0000 -789764.6600
-13497.0000 -4186559.0000 -837444.5000
-13497.0000 -2797701.0000 -342532.4500
-13497.0000 -2946997.0000 -397905.0900
-13497.0000 -5578417.0000 -1381299.6300
-13497.0000 -5026971.0000 -646173.3000
-13497.0000 -8806227.0000 -1156916.9000
-13497.0000 -8504573.0000 -1695861.8100
-13497.0000 -6847227.0000 -1270686.8900
-13497.0000 -7214409.0000 -778592.3400
-2157.0000 -2491017.0000 -454359.1000
-2157.0000 -4037595.0000 -703915.4300
-2157.0000 -3270321.0000 -467500.2200
-2157.0000 -2298625.0000 -489606.1000
-2157.0000 -4375971.0000 -536294.6600
-2157.0000 -6159545.0000 -306873.0000
-2157.0000 -2786865.0000 -478995.4200
-2157.0000 -6610079.0000 -623096.6300
-2157.0000 -5154289.0000 -837281.4200
-2157.0000 -5904933.0000 -433047.8100
-2157.0000 -7088357.0000 -1250564.1600
-2157.0000 -1839327.0000 -250955.0100
-2157.0000 -6384103.0000 -1335153.3700
-2157.0000 -3682557.0000 -571984.5600
-2157.0000 -3638931.0000 -440944.9500
-2157.0000 -4521385.0000 -880418.6800
-2157.0000 -3508193.0000 -1085740.4200
-2157.0000 -6247507.0000 -845505.0300
-2157.0000 -1970599.0000 -538907.3000
-2157.0000 -3735815.0000 -717603.4900
-2157.0000 -5428841.0000 -747571.0100
-2157.0000 -6250617.0000 -824684.4500
-2157.0000 -3402875.0000 -902833.2800
-2157.0000 -4086309.0000 -538583.5100
-2157.0000 -4733081.0000 -641175.8900
-2157.0000 -768379.0000 -217547.1100
-2157.0000 -3052109.0000 -504627.6500
-2157.0000 -5325513.0000 -676566.3700
-2157.0000 -4949735.0000 -311738.4900
-2157.0000 -2439437.0000 -396644.0000
-2157.0000 -6732385.0000 -648992.6100
-2157.0000 -3351049.0000 -454596.9400
-2157.0000 -3534173.0000 -624951.4200
-2157.0000 -1643471.0000 -150889.0600
-2157.0000 -3216069.0000 -598479.0700
-2157.0000 -3570747.0000 -605787.9600
-2157.0000 -2763629.0000 -428880.3900
-2157.0000 -4393651.0000 -649189.8600
-2157.0000 -6696417.0000 -986192.2100
-2157.0000 -4457239.0000 -849632.5200
-2157.0000 -3030505.0000 -481733.6800
-2157.0000 -2046707.0000 -266564.5000
-2157.0000 -3184639.0000 -633500.7300
-2157.0000 -3677503.0000 -635068.0800
-2157.0000 -3344599.0000 -764757.8400
-2157.0000 -4432985.0000 -458540.2800
-2157.0000 -3584385.0000 -338102.1100
-2157.0000 -3744029.0000 -484206.2300
-2157.0000 -4212649.0000 -689525.4000
-2157.0000 -5358239.0000 -395527.8100
-2157.0000 -3802657.0000 -208371.4900
-2157.0000 -5051189.0000 -389629.1700
-2157.0000 -3746111.0000 -413517.9200
-2157.0000 -3527897.0000 -940189.0900
-2157.0000 -3649613.0000 -354685.8800
-2157.0000 -3595587.0000 -1003942.0500
-2157.0000 -4591325.0000 -712936.8600
-2157.0000 -1540807.0000 -289976.9900
-2157.0000 -3782025.0000 -1306044.6300
-2157.0000 -4050361.0000 -798142.6400
-1393.0000 -2962349.0000 -185414.0400
-1393.0000 -4077715.0000 -681349.9600
-1393.0000 -5149907.0000 -552266.7200
-1393.0000 -1915751.0000 -366896.1300
-1393.0000 -3716975.0000 -667105.7500
-1393.0000 -2057231.0000 -386785.6500
-1393.0000 -3103285.0000 -592886.8600
-1393.0000 -3335573.0000 -486190.2700
-1393.0000 -2009183.0000 -294495.0100
-1393.0000 -2832041.0000 -755658.1300
-1393.0000 -2219429.0000 -406295.1400
-1393.0000 -2956917.0000 -539779.8900
-1393.0000 -3257143.0000 -643766.3800
-1393.0000 -2560395.0000 -311149.5500
-1393.0000 -2130653.0000 -374768.8200
-1393.0000 -2064223.0000 -244027.6100
-1393.0000 -1565095.0000 -403227.7800
-1393.0000 -2751225.0000 -484265.3500
-1393.0000 -1473727.0000 -245374.7800
-1393.0000 -2404515.0000 -257500.5200
-1393.0000 -2410377.0000 -474441.1800
-1393.0000 -1885393.0000 -318712.4400
-1393.0000 -1877767.0000 -251251.5400
-1393.0000 -2791351.0000 -397213.6100
-1393.0000 -1650779.0000 -439669.9700
-1393.0000 -1873353.0000 -219612.1900
-1393.0000 -1330585.0000 -221298.4300
-1393.0000 -3355401.0000 -554116.8100
-1393.0000 -2651123.0000 -279503.6500
-1393.0000 -4049113.0000 -252991.2600
-1393.0000 -2004701.0000 -367313.3400
-1393.0000 -2482775.0000 -387369.8500
-1393.0000 -2667461.0000 -448701.8100
-1393.0000 -3208457.0000 -487285.9100
-1393.0000 -2076123.0000 -296699.8800
-1393.0000 -2375349.0000 -227572.8300
-1393.0000 -3464861.0000 -295607.3700
-1393.0000 -2207339.0000 -527127.9800
-1393.0000 -1707155.0000 -214573.6700
-1393.0000 -3440845.0000 -557937.6200
-1393.0000 -1541277.0000 -141162.4400
-1393.0000 -2202443.0000 -628773.0900
-1393.0000 -3086265.0000 -538146.6700
-1393.0000 -1075745.0000 -336253.0300
-1393.0000 -1432315.0000 -178590.7900
-1393.0000 -998129.0000 -141945.2100
-1393.0000 -1227413.0000 -166768.4200
-1393.0000 -1778331.0000 -201854.2300
-1393.0000 -1601629.0000 -328281.8600
-1393.0000 -1618423.0000 -401705.8600
-1393.0000 -1922617.0000 -106263.3400
-1393.0000 -1298445.0000 -261584.2300
-1393.0000 -872317.0000 -217112.3900
-1393.0000 -2152435.0000 -395871.9900
-1393.0000 -816965.0000 -133278.9100
-1393.0000 -724585.0000 -139765.9400
-1393.0000 -885183.0000 -241226.9000
-1393.0000 -2326509.0000 -118855.1900
-1393.0000 -1646707.0000 -205979.1700
-1393.0000 -1366291.0000 -244470.9700
-1393.0000 -2098885.0000 -342537.5100
-1393.0000 -913289.0000 -154958.4200
-1393.0000 -1425299.0000 -102100.8400
-1393.0000 -702569.0000 -54542.0400
-773.0000 -1370841.0000 -177911.6500
-773.0000 -711689.0000 -97598.7100
-773.0000 -1295813.0000 -336604.7100
-773.0000 -1431281.0000 -139552.9900
-773.0000 -1090615.0000 -216402.1300
-773.0000 -2131897.0000 -165978.5300
-773.0000 -2274237.0000 -300420.6300
-773.0000 -1108103.0000 -197937.2200
-773.0000 -2157809.0000 -422754.8500
-773.0000 -1784763.0000 -213746.8500
-773.0000 -1734327.0000 -327553.2000
-773.0000 -865445.0000 -56484.6700
-773.0000 -2049573.0000 -304528.8900
-773.0000 -946605.0000 -106707.1100
-773.0000 -1560839.0000 -62832.8200
-773.0000 -1517149.0000 -133793.3800
-773.0000 -1472683.0000 -261895.7500
-773.0000 -2092871.0000 -278486.7600
-773.0000 -1314365.0000 -134031.6100
-773.0000 -721625.0000 -35912.5700
-773.0000 -360673.0000 -15401.3100
-773.0000 -414123.0000 -25797.4600
-773.0000 -268475.0000 -10416.7900
-773.0000 -1895249.0000 -148497.2600
-773.0000 -1678697.0000 -30058.5900
-773.0000 -738887.0000 -28979.6900
-773.0000 -915089.0000 -28010.5300
-773.0000 -646857.0000 -16870.5300
-773.0000 -1517825.0000 -122910.9200
-773.0000 -858783.0000 -109515.3800
-773.0000 -1170757.0000 -66659.1400
-773.0000 -1409911.0000 -88767.1500
-773.0000 -196599.0000 -6207.6200
-773.0000 -730055.0000 -68568.5800
-773.0000 -426629.0000 -7968.4400
-773.0000 -1057469.0000 -117371.8300
-773.0000 -640299.0000 -13350.1000
-773.0000 -1687101.0000 -28700.2100
-773.0000 -987013.0000 -9910.3600
-773.0000 -705191.0000 -47984.7800
-773.0000 -1282005.0000 -300345.8900
-773.0000 -1124853.0000 -128342.3500
-773.0000 -1843299.0000 -186397.8600
-773.0000 -1198737.0000 -146556.2700
-773.0000 -939085.0000 -83192.1500
-773.0000 -1019125.0000 -133638.9000
-773.0000 -999639.0000 -104585.9500
-773.0000 -384731.0000 -70228.7400
-773.0000 -688613.0000 -41054.8000
-773.0000 -1128617.0000 -31953.4000
-773.0000 -983765.0000 -114687.2000
-773.0000 -853007.0000 -92196.2100
-773.0000 -869299.0000 -70810.9800
-773.0000 -469523.0000 -83904.6600
-773.0000 -893379.0000 -138589.6700
-773.0000 -551547.0000 -97503.9000
-773.0000 -731325.0000 -84712.3600
-773.0000 -711931.0000 -40190.0600
-773.0000 -762099.0000 -14980.1200
-773.0000 -227465.0000 -7759.0000
-773.0000 -1152627.0000 -11990.7900
-773.0000 -1163931.0000 -138653.4400
-773.0000 -73043.0000 -3718.9100
-773.0000 -976959.0000 -31644.9700
-773.0000 -671073.0000 -60857.5000
-773.0000 -652627.0000 -28270.1500
-773.0000 -1145491.0000 -92721.8500
-773.0000 -1342855.0000 -22078.4600
-773.0000 -867529.0000 -100913.0600
-773.0000 -1835093.0000 -94302.3300
-773.0000 -712707.0000 -65370.9100
-773.0000 -398479.0000 -10078.0600
-773.0000 -1005805.0000 -38021.9100
-773.0000 -568301.0000 -14979.3500
-773.0000 -589479.0000 -16417.0500
-773.0000 -1408245.0000 -51673.5300
-773.0000 -961075.0000 -107528.3300
-773.0000 -1538289.0000 -100314.2700
-773.0000 -528165.0000 -13130.6400
-773.0000 -682005.0000 -47676.5400
-773.0000 -586611.0000 -23497.8500
-773.0000 -318919.0000 -9617.3800
-773.0000 -700561.0000 -19717.8000
-773.0000 -1232871.0000 -176773.5000
-773.0000 -683207.0000 -84248.9700
-773.0000 -738887.0000 -24868.1800
-773.0000 -1110011.0000 -167209.8900
-773.0000 -1095895.0000 -169783.2200
-773.0000 -1249229.0000 -192553.1100
-773.0000 -527087.0000 -110168.1900
-773.0000 -905539.0000 -70279.8700
-773.0000 -1094293.0000 -56314.6300
-773.0000 -1529221.0000 -88921.5600
-773.0000 -723565.0000 -11525.5900
-773.0000 -791535.0000 -38833.6000
-773.0000 -576609.0000 -29306.9800
-773.0000 -1457033.0000 -50289.6800
-773.0000 -2034027.0000 -75340.5400
-773.0000 -1424227.0000 -76367.0300
-773.0000 -1086857.0000 -77636.8600
-773.0000 -1232809.0000 -67710.5500
-773.0000 -931589.0000 -49023.9600
-773.0000 -1267965.0000 -141683.8800
-773.0000 -369647.0000 -12977.5500
-773.0000 -1208241.0000 -153519.9400
-773.0000 -245189.0000 -15343.5900
-773.0000 -439939.0000 -62759.4700
-773.0000 -118189.0000 -4884.9200
-773.0000 -1553243.0000 -69527.2300
-773.0000 -928299.0000 -62028.8500
-773.0000 -1082287.0000 -37041.0300
-773.0000 -1226157.0000 -57245.2300
-773.0000 -1150739.0000 -52889.9100
-773.0000 -1118775.0000 -134690.1700
-773.0000 -585223.0000 -32520.5400
-773.0000 -1279759.0000 -205569.1000
-773.0000 -560959.0000 -33034.2400
-773.0000 -335331.0000 -19189.1300
-773.0000 -1358785.0000 -216057.0400
-773.0000 -1248821.0000 -108695.7200
-773.0000 -849401.0000 -75389.7400
-773.0000 -838439.0000 -32869.4600
-381.0000 -1165881.0000 -28677.4600
-381.0000 -435537.0000 -20389.7700
-381.0000 -99493.0000 -931.4400
-381.0000 -989051.0000 -39475.4200
-381.0000 -2120605.0000 -65513.9000
-381.0000 -946285.0000 -30964.9300
-381.0000 -773185.0000 -149663.5500
-381.0000 -862637.0000 -42079.1200
-381.0000 -214701.0000 -14467.1900
-381.0000 -573731.0000 -55959.5800
-381.0000 -980581.0000 -57834.1500
-381.0000 -446883.0000 -29304.8400
-381.0000 -686881.0000 -43125.7700
-381.0000 -214055.0000 -24453.8500
-381.0000 -1288343.0000 -110196.5600
-381.0000 -955887.0000 -40596.9500
-381.0000 -926777.0000 -55903.9700
-381.0000 -731471.0000 -46911.1600
-381.0000 -771347.0000 -32267.2600
-381.0000 -1021743.0000 -142596.2200
-381.0000 -1083569.0000 -87506.0700
-381.0000 -1535893.0000 -239476.8300
-381.0000 -1013127.0000 -94994.4700
-381.0000 -1503373.0000 -56175.0200
-381.0000 -907725.0000 -28062.0400
-381.0000 -847939.0000 -20338.7500
-381.0000 -255551.0000 -14668.1200
-381.0000 -998751.0000 -48560.2900
-381.0000 -1248663.0000 -143585.2200
-381.0000 -1134865.0000 -60037.4900
-381.0000 -863309.0000 -238789.8400
-381.0000 -255003.0000 -12121.0600
-381.0000 -1307711.0000 -45301.5300
-381.0000 -1228341.0000 -41739.9800
-381.0000 -1327317.0000 -174713.2100
-381.0000 -443995.0000 -97653.2000
-381.0000 -1101443.0000 -98252.8900
-381.0000 -1454673.0000 -39890.9800
-381.0000 -1120881.0000 -51722.5600
-381.0000 -707673.0000 -23256.1200
-381.0000 -370011.0000 -17145.4900
-381.0000 -892417.0000 -40273.5200
-381.0000 -1939493.0000 -151397.9900
-381.0000 -1121211.0000 -74759.0300
-381.0000 -1170983.0000 -21344.3400
-381.0000 -699637.0000 -26512.8000
-381.0000 -824145.0000 -99414.5200
-381.0000 -1626059.0000 -186865.2200
-381.0000 -1422221.0000 -159786.4200
-381.0000 -537969.0000 -50728.5800
-381.0000 -1077751.0000 -68456.1900
-381.0000 -1355371.0000 -88556.2600
-381.0000 -839475.0000 -43827.9400
-381.0000 -806227.0000 -15935.6700
-381.0000 -394615.0000 -12921.4900
-381.0000 -521767.0000 -38630.8900
-381.0000 -1199231.0000 -21179.4400
-381.0000 -381.0000 -381.0000
-381.0000 -381.0000 -381.0000
-381.0000 -381.0000 -381.0000
-381.0000 -381.0000 -381.0000
-381.0000 -381.0000 -381.0000
-381.0000 -381.0000 -381.0000
-381.0000 -192817.0000 -2049.4600
-381.0000 -381.0000 -381.0000
-381.0000 -381.0000 -381.0000
-381.0000 -88667.0000 -1133.3900
-381.0000 -309515.0000 -3797.1100
-381.0000 -274335.0000 -1750.7700
-381.0000 -381.0000 -381.0000
-381.0000 -381.0000 -381.0000
-381.0000 -381.0000 -381.0000
-381.0000 -381.0000 -381.0000
-381.0000 -381.0000 -381.0000
-381.0000 -381.0000 -381.0000
-381.0000 -381.0000 -381.0000
-381.0000 -94893.0000 -853.5600
-381.0000 -119865.0000 -1575.8400
-381.0000 -381.0000 -381.0000
-381.0000 -381.0000 -381.0000
-381.0000 -381.0000 -381.0000
-381.0000 -400889.0000 -2383.5400
-381.0000 -318695.0000 -1972.5700
-381.0000 -381.0000 -381.0000
-381.0000 -126503.0000 -1150.1000
-381.0000 -597871.0000 -4607.5000
-381.0000 -381.0000 -381.0000
-381.0000 -683867.0000 -3798.4300
-381.0000 -155571.0000 -1156.9500
-381.0000 -381.0000 -381.0000
-381.0000 -381.0000 -381.0000
-381.0000 -381.0000 -381.0000
-381.0000 -381.0000 -381.0000
-381.0000 -381.0000 -381.0000
-381.0000 -381.0000 -381.0000
-381.0000 -381.0000 -381.0000
-381.0000 -381.0000 -381.0000
-381.0000 -141389.0000 -1086.0400
-381.0000 -381.0000 -381.0000
-381.0000 -82735.0000 -1042.7700
-381.0000 -381.0000 -381.0000
-381.0000 -381.0000 -381.0000
-381.0000 -381.0000 -381.0000
-381.0000 -381.0000 -381.0000
-381.0000 -381.0000 -381.0000
-381.0000 -381.0000 -381.0000
-381.0000 -381.0000 -381.0000
-381.0000 -381.0000 -381.0000
-381.0000 -268867.0000 -1723.4300
-381.0000 -381.0000 -381.0000
-381.0000 -381.0000 -381.0000
-381.0000 -192159.0000 -1339.8900
-381.0000 -381.0000 -381.0000
-381.0000 -381.0000 -381.0000
-381.0000 -381.0000 -381.0000
-381.0000 -201279.0000 -1385.4900
-381.0000 -20031.0000 -479.2500
-381.0000 -381.0000 -381.0000
-381.0000 -381.0000 -381.0000
-381.0000 -11781.0000 -438.0000
-381.0000 -85735.0000 -807.7700
-381.0000 -381.0000 -381.0000
-381.0000 -381.0000 -381.0000
-381.0000 -429221.0000 -4527.7400
-381.0000 -381.0000 -381.0000
-381.0000 -381.0000 -381.0000
-381.0000 -381.0000 -381.0000
-381.0000 -381.0000 -381.0000
-381.0000 -381.0000 -381.0000
-381.0000 -381.0000 -381.0000
-381.0000 -381.0000 -381.0000
-381.0000 -381.0000 -381.0000
-381.0000 -381.0000 -381.0000
-381.0000 -381.0000 -381.0000
-381.0000 -595113.0000 -5308.1000
-381.0000 -381.0000 -381.0000
