-252147.0000 -5353171.0000 -1220756.8200
-252147.0000 -7410481.0000 -1566547.9200
-252147.0000 -3396385.0000 -534813.5500
-25523.0000 -3285803.0000 -618653.1600
-25523.0000 -2953653.0000 -579558.2900
-25523.0000 -6285575.0000 -1052554.0500
-25523.0000 -4853441.0000 -429973.8200
-25523.0000 -5142089.0000 -586877.8400
-25523.0000 -3630507.0000 -1174035.3600
-25523.0000 -2347439.0000 -275634.9600
-25523.0000 -4074339.0000 -1586750.1000
-25523.0000 -7172737.0000 -1321699.3400
-25523.0000 -6969729.0000 -709054.9400
-25523.0000 -4320403.0000 -442534.9600
-25523.0000 -4131295.0000 -745736.4500
-25523.0000 -5202965.0000 -943176.4400
-25523.0000 -3534325.0000 -507973.4500
-25523.0000 -3318413.0000 -402961.7300
-25523.0000 -3706047.0000 -660560.4100
-17181.0000 -5552819.0000 -293696.8900
-17181.0000 -4917059.0000 -777666.8600
-17181.0000 -3088679.0000 -391872.5600
-17181.0000 -2692263.0000 -262799.0200
-17181.0000 -5010173.0000 -805353.8300
-2377.0000 -2910731.0000 -283440.8400
-2377.0000 -3815861.0000 -1128164.7300
-2377.0000 -3755967.0000 -644532.4900
-2377.0000 -3050125.0000 -642619.1600
-2377.0000 -4956367.0000 -594327.0100
-2377.0000 -6831907.0000 -1241428.8200
-2377.0000 -4631579.0000 -1057484.3400
-2377.0000 -7439689.0000 -1058682.4800
-2377.0000 -4980951.0000 -1046127.2000
-2377.0000 -5132887.0000 -662950.7700
-2377.0000 -4775785.0000 -389783.4900
-2377.0000 -3827955.0000 -639008.9400
-2377.0000 -6605075.0000 -961911.8900
-2377.0000 -6297039.0000 -1383873.2000
-2377.0000 -4325835.0000 -938167.4100
-2377.0000 -4449321.0000 -1251449.8300
-2377.0000 -7896591.0000 -906967.3200
-2377.0000 -6120425.0000 -706249.5300
-2377.0000 -3660765.0000 -522369.6300
-2377.0000 -3094957.0000 -281823.4700
-2377.0000 -3543813.0000 -539303.2300
-2377.0000 -7102043.0000 -872896.1000
-2377.0000 -2493411.0000 -373503.2400
-2377.0000 -2138149.0000 -556919.1400
-2377.0000 -4010365.0000 -754016.1400
-2377.0000 -3540201.0000 -354607.9000
-2377.0000 -4706887.0000 -843679.6000
-2377.0000 -3209843.0000 -511180.7300
-2377.0000 -3454925.0000 -563440.7200
-2377.0000 -4909009.0000 -556686.2000
-2377.0000 -5194413.0000 -527909.1200
-2377.0000 -4539977.0000 -783713.5200
-2377.0000 -6478901.0000 -796958.6200
-2377.0000 -5618193.0000 -561592.1800
-2377.0000 -4874435.0000 -742724.3700
-2377.0000 -4606415.0000 -723619.5700
-2377.0000 -4318487.0000 -775120.5800
-2377.0000 -4362793.0000 -699648.0200
-2377.0000 -3745243.0000 -331569.7800
-2377.0000 -2542061.0000 -294012.6700
-2377.0000 -4005043.0000 -716992.0200
-2377.0000 -5081953.0000 -760637.3500
-2377.0000 -3740915.0000 -524722.1300
-2377.0000 -5359513.0000 -722431.8800
-2377.0000 -4763095.0000 -499791.0600
-2377.0000 -6116393.0000 -353581.4500
-2377.0000 -3685807.0000 -719392.4300
-2377.0000 -2582309.0000 -380813.9000
-2377.0000 -3762485.0000 -661349.2600
-2377.0000 -2547681.0000 -346052.1900
-2377.0000 -1440447.0000 -199341.8700
-2377.0000 -3954351.0000 -598299.6500
-2377.0000 -4045201.0000 -481590.3700
-2377.0000 -4600755.0000 -494289.2500
-1211.0000 -3615265.0000 -280056.5300
-1211.0000 -4684035.0000 -878178.1300
-1211.0000 -6149843.0000 -1224927.9300
-1211.0000 -4725217.0000 -380346.7300
-1211.0000 -1463561.0000 -380146.5100
-1211.0000 -2655459.0000 -571168.0400
-1211.0000 -2249577.0000 -258894.3500
-1211.0000 -2077473.0000 -413920.8600
-1211.0000 -1932747.0000 -327443.7200
-1211.0000 -1937483.0000 -333641.6200
-1211.0000 -3460955.0000 -484980.2900
-1211.0000 -2648827.0000 -382363.9100
-1211.0000 -1551485.0000 -339720.6800
-1211.0000 -2531165.0000 -230057.9400
-1211.0000 -3077889.0000 -435227.0000
-1211.0000 -4171025.0000 -492234.2300
-1211.0000 -2668227.0000 -579984.9700
-1211.0000 -2238551.0000 -449926.7700
-1211.0000 -2449649.0000 -356515.0400
-1211.0000 -3325363.0000 -498176.4900
-1211.0000 -2408239.0000 -380969.8900
-1211.0000 -3805195.0000 -237147.6200
-1211.0000 -3170049.0000 -259933.9700
-1211.0000 -3101501.0000 -214037.2400
-1211.0000 -4788697.0000 -347185.2300
-1211.0000 -1089031.0000 -209056.6600
-1211.0000 -3167177.0000 -501283.1100
-1211.0000 -2408605.0000 -250485.4100
-1211.0000 -2420519.0000 -175798.7900
-1211.0000 -2503303.0000 -191835.9000
-1211.0000 -3018737.0000 -295108.8000
-1211.0000 -3409669.0000 -420511.0500
-1211.0000 -2233845.0000 -750536.4200
-1211.0000 -2722835.0000 -561404.2300
-1211.0000 -1773719.0000 -388432.1400
-1211.0000 -2602007.0000 -601087.9700
-1211.0000 -1996659.0000 -382984.6500
-1211.0000 -2678653.0000 -295872.9700
-1211.0000 -3128951.0000 -408375.2300
-1211.0000 -2518739.0000 -226817.6400
-1211.0000 -3459021.0000 -214554.9100
-1211.0000 -2260773.0000 -278532.5600
-1211.0000 -2280551.0000 -254300.3500
-1211.0000 -2009189.0000 -247559.8200
-1211.0000 -1358861.0000 -333429.6300
-1211.0000 -917709.0000 -116421.9400
-1211.0000 -1536315.0000 -222840.1600
-1211.0000 -624847.0000 -117141.3200
-1211.0000 -3119921.0000 -335173.6500
-1211.0000 -1804601.0000 -179947.3900
-1211.0000 -971091.0000 -117027.4100
-1211.0000 -1217873.0000 -221759.0800
-1211.0000 -1630651.0000 -342046.1900
-1211.0000 -1060697.0000 -168845.6000
-1211.0000 -1781583.0000 -278111.9400
-1211.0000 -2025507.0000 -235327.4700
-1211.0000 -1412423.0000 -306406.9100
-1211.0000 -1363493.0000 -180568.9700
-1211.0000 -2938359.0000 -379876.5700
-1211.0000 -1288267.0000 -205201.7200
-1211.0000 -1402377.0000 -290876.3400
-1211.0000 -1160203.0000 -231716.0200
-1211.0000 -2668185.0000 -370639.1600
-1211.0000 -1418799.0000 -199259.2000
-1211.0000 -2107055.0000 -254452.2400
-1211.0000 -2206957.0000 -398757.3900
-1211.0000 -1372625.0000 -132520.4200
-1211.0000 -1496605.0000 -279377.4200
-1211.0000 -2118909.0000 -256075.4200
-1211.0000 -1940375.0000 -195536.9500
-1211.0000 -1440051.0000 -276449.7300
-1211.0000 -1794817.0000 -180562.4400
-1211.0000 -3054727.0000 -184870.9400
-1211.0000 -1831631.0000 -452656.1500
-1211.0000 -1279127.0000 -231094.9500
-1211.0000 -1785079.0000 -159666.4300
-1211.0000 -1762521.0000 -345724.5600
-1211.0000 -2042565.0000 -168593.5600
-1211.0000 -1181141.0000 -138604.2300
-1211.0000 -743157.0000 -139335.0000
-1211.0000 -2802831.0000 -157260.6600
-1211.0000 -687029.0000 -94149.0600
-1211.0000 -1636291.0000 -227358.4800
-1211.0000 -1169731.0000 -279448.3300
-1211.0000 -1518053.0000 -347600.9100
-1211.0000 -705359.0000 -48631.5900
-1211.0000 -405339.0000 -30574.0100
-1211.0000 -724305.0000 -62138.7600
-1211.0000 -487083.0000 -28084.2900
-1211.0000 -1147191.0000 -33712.3500
-1211.0000 -716457.0000 -7889.8700
-1211.0000 -1047663.0000 -34784.2400
-1211.0000 -1023651.0000 -54572.3700
-1211.0000 -1283261.0000 -272112.9500
-1211.0000 -506723.0000 -100553.8400
-1211.0000 -497133.0000 -26721.2600
-1211.0000 -1111707.0000 -49805.2500
-1211.0000 -1092649.0000 -71041.2700
-1211.0000 -402481.0000 -17594.9800
-1211.0000 -963931.0000 -23712.1200
-1211.0000 -320287.0000 -8652.6600
-1211.0000 -714775.0000 -21182.1500
-1211.0000 -782351.0000 -75560.6200
-1211.0000 -925577.0000 -141036.7400
-1211.0000 -621511.0000 -27730.1300
-1211.0000 -487991.0000 -25102.8300
-1211.0000 -815449.0000 -45443.7200
-1211.0000 -673057.0000 -71543.1000
-1211.0000 -512441.0000 -17898.8400
-1211.0000 -1211.0000 -1211.0000
-1211.0000 -950981.0000 -56229.4000
-1211.0000 -1790851.0000 -104382.3400
-1211.0000 -806649.0000 -130687.7000
-1211.0000 -942767.0000 -78841.4200
-1211.0000 -1229249.0000 -125900.3200
-1211.0000 -429475.0000 -25220.3600
-1211.0000 -792321.0000 -34355.5000
-1211.0000 -489881.0000 -5618.7000
-1211.0000 -1131557.0000 -55654.7300
-1211.0000 -416365.0000 -32805.1800
-1211.0000 -835927.0000 -80745.9100
-1211.0000 -408835.0000 -13657.5200
-1211.0000 -908753.0000 -18534.7200
-1211.0000 -726813.0000 -46341.3300
-1211.0000 -796829.0000 -94035.3600
-1211.0000 -477019.0000 -53870.7700
-1211.0000 -439475.0000 -23439.0200
-1211.0000 -327757.0000 -30861.7300
-1211.0000 -1263093.0000 -83483.5500
-1211.0000 -1517301.0000 -210982.5500
-1211.0000 -1181173.0000 -146392.0300
-1211.0000 -710027.0000 -113228.3400
-1211.0000 -377159.0000 -11934.2900
-1211.0000 -1483175.0000 -247633.6200
-1211.0000 -973941.0000 -92713.1900
-1211.0000 -1021515.0000 -97342.5500
-1211.0000 -1060809.0000 -60664.1700
-1211.0000 -1091135.0000 -96354.8200
-1211.0000 -1168893.0000 -160361.9500
-1211.0000 -549175.0000 -28033.2500
-1211.0000 -898851.0000 -87801.8300
-1211.0000 -737601.0000 -66819.8300
-1211.0000 -1016439.0000 -10697.0800
-1211.0000 -1536317.0000 -288464.7000
-1211.0000 -776967.0000 -44657.6400
-1211.0000 -1055813.0000 -69154.6500
-1211.0000 -1437917.0000 -39524.7700
-1211.0000 -777789.0000 -52455.6400
-1211.0000 -700823.0000 -63292.5200
-1211.0000 -685271.0000 -80529.3800
-1211.0000 -780529.0000 -31204.3400
-1211.0000 -432263.0000 -14903.1400
-1211.0000 -910447.0000 -37265.3500
-1211.0000 -965455.0000 -66902.6300
-1211.0000 -1009771.0000 -118374.7100
-1211.0000 -1652873.0000 -82138.6000
-1211.0000 -468705.0000 -6828.3000
-1211.0000 -794379.0000 -20151.4700
-1211.0000 -504111.0000 -13814.7600
-1211.0000 -686693.0000 -35898.3400
-1211.0000 -590957.0000 -23227.0000
-1211.0000 -1346855.0000 -89717.2400
-1211.0000 -1813171.0000 -51341.3200
-1211.0000 -616571.0000 -19872.6500
-1211.0000 -324561.0000 -32011.5700
-1211.0000 -774963.0000 -50035.1400
-1211.0000 -1256913.0000 -53747.8100
-1211.0000 -416199.0000 -10614.6400
-1211.0000 -188943.0000 -8036.0900
-1211.0000 -519549.0000 -61920.1700
-1211.0000 -563487.0000 -52502.6100
-1211.0000 -1732441.0000 -66106.0300
-1211.0000 -2888811.0000 -72943.0700
-1211.0000 -628993.0000 -58632.4300
-1211.0000 -332375.0000 -5259.3900
-1211.0000 -827955.0000 -21722.2600
-1211.0000 -180117.0000 -3342.0800
-1211.0000 -1200081.0000 -84123.1400
-1211.0000 -709883.0000 -46098.3200
-1211.0000 -1265299.0000 -86391.3400
-1211.0000 -686409.0000 -99123.2400
-1211.0000 -1121795.0000 -81879.8900
-1211.0000 -720787.0000 -18794.9800
-1211.0000 -944597.0000 -103949.5100
-1211.0000 -1293293.0000 -130972.5000
-1211.0000 -788111.0000 -62103.2500
-1211.0000 -728937.0000 -19066.4800
-1211.0000 -705021.0000 -53915.2500
-1211.0000 -856657.0000 -80262.4400
-1211.0000 -745131.0000 -41304.8900
-1211.0000 -892741.0000 -18194.8700
-1211.0000 -582633.0000 -25666.2000
-1211.0000 -737027.0000 -26842.1800
-1211.0000 -714549.0000 -66534.3600
-1211.0000 -1098733.0000 -153832.8000
-1211.0000 -1191653.0000 -166030.2200
-1211.0000 -1598089.0000 -161946.0500
-1211.0000 -1046987.0000 -140202.2500
-1211.0000 -803361.0000 -27461.4700
-1211.0000 -1049311.0000 -76550.4900
-1211.0000 -405391.0000 -27082.9500
-1211.0000 -749317.0000 -33407.8600
-1211.0000 -1331783.0000 -51575.8400
-1211.0000 -368365.0000 -31032.7100
-1211.0000 -1607441.0000 -26804.9400
-1211.0000 -1413669.0000 -80468.4600
-1211.0000 -260761.0000 -35986.5700
-1211.0000 -1022875.0000 -13993.3500
-1211.0000 -884967.0000 -31062.9200
-1211.0000 -706327.0000 -85456.6900
-1211.0000 -707529.0000 -28962.2200
-1211.0000 -665637.0000 -31711.8600
-1211.0000 -217345.0000 -11664.3400
-1211.0000 -528603.0000 -16252.7500
-1211.0000 -614525.0000 -38259.6200
-1211.0000 -929053.0000 -112961.9400
-1211.0000 -692031.0000 -47491.0500
-1211.0000 -721513.0000 -49603.3300
-1211.0000 -928943.0000 -83739.8400
-1211.0000 -425289.0000 -27355.6200
-1211.0000 -624027.0000 -20681.0600
-1211.0000 -461553.0000 -12421.2900
-1211.0000 -1169391.0000 -12076.7200
-1211.0000 -1105257.0000 -51915.0700
-1211.0000 -569703.0000 -16557.6800
-1211.0000 -892987.0000 -69811.0900
-1211.0000 -650287.0000 -20183.7500
-1211.0000 -1279147.0000 -61201.8000
-1211.0000 -1197717.0000 -74937.7200
-1211.0000 -1096817.0000 -28402.3000
-1211.0000 -765443.0000 -29680.2200
-1211.0000 -993675.0000 -92120.9700
-1211.0000 -1344875.0000 -111906.4100
-1211.0000 -906133.0000 -59467.8100
-1211.0000 -904879.0000 -85704.0300
-1211.0000 -276527.0000 -14156.9500
-1211.0000 -428263.0000 -5651.2100
-1211.0000 -1105257.0000 -56977.3100
-1211.0000 -585265.0000 -18660.4100
-1211.0000 -1680617.0000 -108007.8500
-1211.0000 -816827.0000 -104087.5300
-1211.0000 -1017067.0000 -105914.3900
-1211.0000 -1123947.0000 -106689.2600
-1211.0000 -1211.0000 -1211.0000
-1211.0000 -1196453.0000 -7187.2100
-1211.0000 -385383.0000 -3131.8600
-1211.0000 -1211.0000 -1211.0000
-1211.0000 -1211.0000 -1211.0000
-1211.0000 -1211.0000 -1211.0000
-1211.0000 -1211.0000 -1211.0000
-1211.0000 -49129.0000 -1450.5900
-1211.0000 -1211.0000 -1211.0000
-1211.0000 -1211.0000 -1211.0000
-1211.0000 -1211.0000 -1211.0000
-1211.0000 -1211.0000 -1211.0000
-1211.0000 -1211.0000 -1211.0000
-1211.0000 -1211.0000 -1211.0000
-1211.0000 -1211.0000 -1211.0000
-1211.0000 -1211.0000 -1211.0000
-1211.0000 -443299.0000 -3421.4400
-1211.0000 -1211.0000 -1211.0000
-1211.0000 -1211.0000 -1211.0000
-1211.0000 -1211.0000 -1211.0000
-1211.0000 -1211.0000 -1211.0000
-1211.0000 -402481.0000 -3217.3500
-1211.0000 -1211.0000 -1211.0000
-1211.0000 -1211.0000 -1211.0000
-1211.0000 -1211.0000 -1211.0000
-1211.0000 -1211.0000 -1211.0000
-1211.0000 -1211.0000 -1211.0000
-1211.0000 -1211.0000 -1211.0000
-1211.0000 -1211.0000 -1211.0000
-1211.0000 -86035.0000 -1635.1200
-1211.0000 -1211.0000 -1211.0000
-1211.0000 -1211.0000 -1211.0000
-1211.0000 -1211.0000 -1211.0000
-1211.0000 -1211.0000 -1211.0000
-1211.0000 -1211.0000 -1211.0000
-1211.0000 -1211.0000 -1211.0000
-1211.0000 -1211.0000 -1211.0000
-1211.0000 -1211.0000 -1211.0000
-1211.0000 -1211.0000 -1211.0000
-1211.0000 -1211.0000 -1211.0000
-1211.0000 -153979.0000 -2738.6800
-1211.0000 -1211.0000 -1211.0000
-1211.0000 -1211.0000 -1211.0000
-1211.0000 -1211.0000 -1211.0000
-1211.0000 -1211.0000 -1211.0000
-1211.0000 -1211.0000 -1211.0000
-1211.0000 -1211.0000 -1211.0000
-1211.0000 -21059.0000 -1310.2400
-1211.0000 -125069.0000 -1830.2900
-1211.0000 -1211.0000 -1211.0000
-1211.0000 -1211.0000 -1211.0000
-1211.0000 -160533.0000 -2007.6100
-1211.0000 -1211.0000 -1211.0000
-1211.0000 -1211.0000 -1211.0000
-1211.0000 -407859.0000 -6685.9700
-1211.0000 -1211.0000 -1211.0000
-1211.0000 -1211.0000 -1211.0000
-1211.0000 -1211.0000 -1211.0000
-1211.0000 -1211.0000 -1211.0000
-1211.0000 -119211.0000 -1896.0100
-1211.0000 -270459.0000 -2557.2400
-1211.0000 -1211.0000 -1211.0000
-1211.0000 -1211.0000 -1211.0000
-1211.0000 -1211.0000 -1211.0000
-1211.0000 -1211.0000 -1211.0000
-1211.0000 -1211.0000 -1211.0000
-1211.0000 -1211.0000 -1211.0000
-1211.0000 -708745.0000 -8181.8000
-1211.0000 -1278405.0000 -12348.3900
-1211.0000 -1211.0000 -1211.0000
-1211.0000 -1211.0000 -1211.0000
-1211.0000 -1211.0000 -1211.0000
-1211.0000 -29333.0000 -1351.6100
-1211.0000 -1211.0000 -1211.0000
-1211.0000 -1211.0000 -1211.0000
-1211.0000 -1211.0000 -1211.0000
-1211.0000 -1211.0000 -1211.0000
-1211.0000 -102083.0000 -2219.7200
-1211.0000 -1211.0000 -1211.0000
