-62647.0000 -1748049.0000 -459045.2900
-22357.0000 -5651105.0000 -1161487.4700
-22357.0000 -3147995.0000 -444334.2600
-22357.0000 -3946229.0000 -845420.7100
-22357.0000 -7784193.0000 -758597.2100
-17329.0000 -5030949.0000 -723585.7700
-17329.0000 -4610557.0000 -461829.2000
-17329.0000 -5715289.0000 -433029.4300
-17329.0000 -4801623.0000 -655282.6200
-17329.0000 -5166803.0000 -643503.9700
-17329.0000 -8208633.0000 -1831964.3800
-17329.0000 -3929565.0000 -421722.0300
-17329.0000 -2821397.0000 -446974.8700
-17329.0000 -3040345.0000 -341028.8500
-17329.0000 -4480729.0000 -375997.2500
-17329.0000 -3847859.0000 -622761.7300
-17329.0000 -5504943.0000 -181188.9300
-17329.0000 -3846837.0000 -505833.5100
-17329.0000 -5056711.0000 -838650.2700
-17329.0000 -4945383.0000 -394102.3900
-17329.0000 -6100675.0000 -586471.2100
-17329.0000 -2736517.0000 -326464.6000
-17329.0000 -7287207.0000 -492019.9500
-17329.0000 -5957531.0000 -1158561.2600
-17329.0000 -2931781.0000 -413415.9500
-17329.0000 -5974681.0000 -991582.3100
-17329.0000 -6561261.0000 -725426.5700
-17329.0000 -4239829.0000 -840887.4500
-17329.0000 -5440187.0000 -470566.3700
-17329.0000 -5607559.0000 -846387.0500
-17329.0000 -7792583.0000 -938613.2100
-17329.0000 -7626243.0000 -756389.0000
-17329.0000 -4827767.0000 -371880.4700
-17329.0000 -4160341.0000 -667872.2400
-17329.0000 -3802959.0000 -571218.2000
-17329.0000 -3193181.0000 -475094.4000
-17329.0000 -4615643.0000 -339276.9200
-17329.0000 -4792549.0000 -1002771.7600
-17329.0000 -3212479.0000 -405659.8900
-17329.0000 -5113813.0000 -547426.4900
-17329.0000 -3368819.0000 -439437.3900
-17329.0000 -4515747.0000 -733611.7200
-17329.0000 -5878639.0000 -888540.0200
-17329.0000 -4190451.0000 -567296.9700
-17329.0000 -3023167.0000 -488651.0000
-16169.0000 -3587071.0000 -428227.6200
-12255.0000 -6246791.0000 -313688.1700
-12255.0000 -3439335.0000 -319817.0200
-6867.0000 -4925713.0000 -293599.6800
-6867.0000 -3703105.0000 -495003.2900
-6867.0000 -5092411.0000 -606592.8000
-6867.0000 -5571995.0000 -813578.6900
-6867.0000 -5821215.0000 -617841.7800
-6867.0000 -3549299.0000 -668795.1700
-6867.0000 -3881001.0000 -453506.2500
-6867.0000 -4348007.0000 -1056777.8600
-6867.0000 -3866519.0000 -543186.9400
-6867.0000 -2169795.0000 -478615.9400
-6867.0000 -4913985.0000 -827476.7800
-6867.0000 -4674847.0000 -966086.1100
-6867.0000 -5765597.0000 -685452.4800
-6867.0000 -3400039.0000 -525284.4900
-6867.0000 -2344349.0000 -574856.1700
-6867.0000 -5532793.0000 -408517.1600
-6867.0000 -4733831.0000 -491469.6700
-6867.0000 -1639847.0000 -419875.6500
-6867.0000 -5521019.0000 -379160.0800
-6867.0000 -3312073.0000 -532118.2400
-6867.0000 -7759355.0000 -1216745.2600
-6867.0000 -2136711.0000 -272150.3000
-6867.0000 -4484237.0000 -797133.4800
-6867.0000 -3468973.0000 -737026.7700
-6867.0000 -4331817.0000 -536431.2500
-6867.0000 -2588041.0000 -609958.2500
-6867.0000 -3251641.0000 -364844.6100
-6867.0000 -2237151.0000 -234689.9500
-5119.0000 -3807069.0000 -711108.5000
-5119.0000 -2595835.0000 -322040.6700
-5119.0000 -2872017.0000 -538252.8500
-2765.0000 -3633805.0000 -286794.1200
-2765.0000 -3315189.0000 -720577.6900
-2765.0000 -1886085.0000 -426520.8300
-2765.0000 -3579691.0000 -920313.7200
-2765.0000 -4407353.0000 -487808.3800
-2765.0000 -4205205.0000 -631153.8700
-2765.0000 -2833247.0000 -273927.9600
-2765.0000 -2059113.0000 -188554.9600
-2765.0000 -4166453.0000 -383901.2300
-2765.0000 -1548157.0000 -264512.8200
-2765.0000 -2977993.0000 -381981.9300
-2765.0000 -5706709.0000 -781471.2000
-2765.0000 -2104149.0000 -378163.4300
-2765.0000 -1927295.0000 -128516.2900
-2765.0000 -1916271.0000 -485203.3100
-2765.0000 -2140127.0000 -227976.8500
-2765.0000 -1550121.0000 -436707.5400
-2765.0000 -2474461.0000 -237832.9800
-2765.0000 -5209439.0000 -478539.5500
-2765.0000 -3023175.0000 -472526.8000
-2765.0000 -4450713.0000 -415457.4100
-2765.0000 -3884407.0000 -201174.3800
-2765.0000 -2939539.0000 -530758.2600
-2765.0000 -2518927.0000 -665511.0800
-2765.0000 -4953525.0000 -446424.5000
-2765.0000 -3600687.0000 -342766.7300
-2765.0000 -1501289.0000 -129613.8700
-2765.0000 -1507603.0000 -143716.0400
-2765.0000 -3132093.0000 -222486.4300
-2765.0000 -1747455.0000 -178137.9500
-2765.0000 -2662949.0000 -384111.0700
-2765.0000 -1893523.0000 -357225.2500
-2765.0000 -1634645.0000 -259560.2900
-27.0000 -4367929.0000 -346756.0000
-27.0000 -4866711.0000 -431768.7400
-27.0000 -2703615.0000 -272423.9300
-27.0000 -1471101.0000 -331789.1800
-27.0000 -2547451.0000 -485083.6800
-27.0000 -3533109.0000 -898704.5900
-27.0000 -2392641.0000 -516777.3600
-27.0000 -2948257.0000 -348319.7300
-27.0000 -2650753.0000 -366867.4600
-27.0000 -1864433.0000 -561545.1100
-27.0000 -2214737.0000 -240744.2000
-27.0000 -1590341.0000 -68840.4500
-27.0000 -973881.0000 -128235.0100
-27.0000 -2608191.0000 -170317.8200
-27.0000 -1640997.0000 -177344.3000
-27.0000 -1450641.0000 -112482.5000
-27.0000 -1804703.0000 -352530.3600
-27.0000 -1394675.0000 -299584.2000
-27.0000 -1020373.0000 -144154.1500
-27.0000 -2411609.0000 -341425.6300
-27.0000 -1180429.0000 -102496.4600
-27.0000 -1318341.0000 -80221.4900
-27.0000 -2297051.0000 -259288.1400
-27.0000 -1952135.0000 -282736.8300
-27.0000 -1347051.0000 -147266.9100
-27.0000 -1387295.0000 -115037.8800
-27.0000 -1018669.0000 -254492.2300
-27.0000 -1558469.0000 -280742.2800
-27.0000 -1114753.0000 -166983.3200
-27.0000 -1387597.0000 -162861.9200
-27.0000 -774249.0000 -81930.2000
-27.0000 -1547781.0000 -178605.4300
-27.0000 -1405737.0000 -74046.3300
-27.0000 -1706913.0000 -206094.6100
-27.0000 -2930865.0000 -184491.4900
-27.0000 -1282961.0000 -164570.4100
-27.0000 -1326491.0000 -173328.7200
-27.0000 -1250315.0000 -248505.5100
-27.0000 -1778359.0000 -157930.0200
-27.0000 -2153335.0000 -292270.2600
-27.0000 -1341949.0000 -133921.1500
-27.0000 -1362531.0000 -212707.0700
-27.0000 -1161969.0000 -75561.5100
-27.0000 -1574949.0000 -210721.1700
-27.0000 -1252135.0000 -151781.6100
-27.0000 -1712567.0000 -423573.1700
-27.0000 -1499809.0000 -273238.6600
-27.0000 -436331.0000 -75182.5100
-27.0000 -860113.0000 -182184.3800
-27.0000 -1069303.0000 -161604.3200
-27.0000 -746483.0000 -69894.3800
-27.0000 -1042819.0000 -130046.9700
-27.0000 -1277939.0000 -134711.6700
-27.0000 -1575143.0000 -72602.8600
-27.0000 -661185.0000 -67240.3100
-27.0000 -771599.0000 -77623.0400
-27.0000 -1073541.0000 -107709.9700
-27.0000 -1716515.0000 -249248.0300
-27.0000 -2074025.0000 -255505.8800
-27.0000 -750155.0000 -68189.8800
-27.0000 -631711.0000 -16237.8700
-27.0000 -867121.0000 -65136.1500
-27.0000 -1017187.0000 -55668.4400
-27.0000 -1341421.0000 -152195.6600
-27.0000 -1197243.0000 -171849.7200
-27.0000 -767087.0000 -26468.2400
-27.0000 -2943029.0000 -48634.3600
-27.0000 -1214235.0000 -28738.1000
-27.0000 -529497.0000 -2674.3500
-27.0000 -398465.0000 -10360.3400
-27.0000 -695171.0000 -58974.6000
-27.0000 -902321.0000 -55312.1700
-27.0000 -1301341.0000 -47100.2300
-27.0000 -703175.0000 -37730.5000
-27.0000 -913583.0000 -44409.5300
-27.0000 -85859.0000 -2254.0100
-27.0000 -1239491.0000 -75811.1400
-27.0000 -1218831.0000 -86333.1200
-27.0000 -909461.0000 -27983.6500
-27.0000 -1061389.0000 -65088.9400
-27.0000 -770477.0000 -21166.8700
-27.0000 -503319.0000 -29202.0900
-27.0000 -527365.0000 -6670.2800
-27.0000 -953489.0000 -210181.5900
-27.0000 -636627.0000 -38627.7800
-27.0000 -258645.0000 -7514.4700
-27.0000 -401467.0000 -46105.8200
-27.0000 -1816325.0000 -395321.3500
-27.0000 -998653.0000 -166328.1000
-27.0000 -1589173.0000 -193905.6800
-27.0000 -1152563.0000 -126987.1100
-27.0000 -733457.0000 -52814.3700
-27.0000 -411679.0000 -30541.9800
-27.0000 -455387.0000 -49807.1600
-27.0000 -1237013.0000 -122520.3500
-27.0000 -706195.0000 -12441.8300
-27.0000 -1214579.0000 -54819.8800
-27.0000 -441679.0000 -17131.1600
-27.0000 -1104019.0000 -160977.8700
-27.0000 -1408639.0000 -136114.4400
-27.0000 -65431.0000 -3646.6900
-27.0000 -22065.0000 -153.5500
-27.0000 -1161369.0000 -79191.8100
-27.0000 -334743.0000 -26115.0900
-27.0000 -202391.0000 -1038.8200
-27.0000 -598087.0000 -12438.4300
-27.0000 -1018283.0000 -148062.0300
-27.0000 -1256567.0000 -216113.5700
-27.0000 -1049935.0000 -86887.7300
-27.0000 -1095231.0000 -26777.0500
-27.0000 -265615.0000 -8822.8500
-27.0000 -275841.0000 -13488.2500
-27.0000 -401243.0000 -6241.7000
-27.0000 -1850941.0000 -61085.6700
-27.0000 -720175.0000 -53817.9000
-27.0000 -741871.0000 -231512.3600
-27.0000 -1394399.0000 -28536.8600
-27.0000 -703367.0000 -97103.8300
-27.0000 -1255225.0000 -228342.6600
-27.0000 -598237.0000 -48476.3800
-27.0000 -1646993.0000 -17548.9400
-27.0000 -1343119.0000 -204999.5500
-27.0000 -2165345.0000 -120835.3800
-27.0000 -454823.0000 -38922.8000
-27.0000 -192409.0000 -6998.6500
-27.0000 -1150305.0000 -16052.1800
-27.0000 -990679.0000 -77883.0900
-27.0000 -550619.0000 -38134.8500
-27.0000 -227177.0000 -8215.9400
-27.0000 -1298553.0000 -107545.7100
-27.0000 -1499157.0000 -196676.2600
-27.0000 -1140109.0000 -182530.0200
-27.0000 -445049.0000 -8221.7600
-27.0000 -475303.0000 -17490.5400
-27.0000 -1032311.0000 -49203.5600
-27.0000 -801635.0000 -63759.3000
-27.0000 -791813.0000 -53086.5700
-27.0000 -937869.0000 -31815.7400
-27.0000 -931541.0000 -76433.2600
-27.0000 -316525.0000 -12886.2000
-27.0000 -626021.0000 -30930.6400
-27.0000 -2356887.0000 -107874.1900
-27.0000 -614867.0000 -20142.7100
-27.0000 -969443.0000 -37949.7000
-27.0000 -896073.0000 -36434.4900
-27.0000 -430527.0000 -13614.4700
-27.0000 -524607.0000 -42242.8100
-27.0000 -483603.0000 -31075.6000
-27.0000 -1832415.0000 -45810.0300
-27.0000 -214093.0000 -4407.0800
-27.0000 -1073757.0000 -55776.5100
-27.0000 -396913.0000 -32897.8300
-27.0000 -628897.0000 -33085.3900
-27.0000 -230295.0000 -7344.9700
-27.0000 -1203487.0000 -36885.7800
-27.0000 -1408549.0000 -80815.2600
-27.0000 -923671.0000 -99978.3200
-27.0000 -1068781.0000 -70134.4400
-27.0000 -1246183.0000 -59440.8500
-27.0000 -544247.0000 -35872.4800
-27.0000 -1532959.0000 -93340.6500
-27.0000 -871789.0000 -36457.0000
-27.0000 -841603.0000 -96308.2500
-27.0000 -515965.0000 -12239.7600
-27.0000 -1180337.0000 -79603.3000
-27.0000 -1499325.0000 -159681.0600
-27.0000 -1429981.0000 -79748.3100
-27.0000 -1074077.0000 -112882.1000
-27.0000 -710887.0000 -53063.3800
-27.0000 -234791.0000 -17685.2500
-27.0000 -1186253.0000 -58967.3000
-27.0000 -1179371.0000 -94783.3000
-27.0000 -1064667.0000 -215364.5100
-27.0000 -498729.0000 -3895.4200
-27.0000 -671873.0000 -32599.8500
-27.0000 -211287.0000 -3833.4300
-27.0000 -400867.0000 -9231.3300
-27.0000 -727313.0000 -138926.7600
-27.0000 -1783047.0000 -191668.3300
-27.0000 -1067145.0000 -56273.3200
-27.0000 -1484929.0000 -47948.1100
-27.0000 -515737.0000 -11702.2000
-27.0000 -484711.0000 -26598.3700
-27.0000 -1078735.0000 -124750.3200
-27.0000 -1064093.0000 -79197.0500
-27.0000 -908753.0000 -50897.0700
-27.0000 -406317.0000 -21664.7300
-27.0000 -484831.0000 -49491.7900
-27.0000 -2237993.0000 -64609.5900
-27.0000 -1188011.0000 -42445.2000
-27.0000 -1168681.0000 -91901.6200
-27.0000 -612617.0000 -60714.7700
-27.0000 -1209217.0000 -211401.5900
-27.0000 -369013.0000 -35714.0300
-27.0000 -693233.0000 -9097.1200
-27.0000 -582275.0000 -30335.4900
-27.0000 -1049339.0000 -19985.4200
-27.0000 -425739.0000 -25567.1700
-27.0000 -110767.0000 -5754.6900
-27.0000 -417267.0000 -7067.5600
-27.0000 -1147459.0000 -19212.5000
-27.0000 -744215.0000 -17986.0400
-27.0000 -740283.0000 -167344.1600
-27.0000 -731253.0000 -20530.7300
-27.0000 -1104019.0000 -93667.8800
-27.0000 -1349027.0000 -159069.2400
-27.0000 -406567.0000 -79787.6400
-27.0000 -936537.0000 -94181.9400
-27.0000 -531109.0000 -37210.2900
-27.0000 -925025.0000 -9421.7700
-27.0000 -1002317.0000 -33504.0500
-27.0000 -127447.0000 -2575.4000
-27.0000 -27.0000 -27.0000
-27.0000 -123533.0000 -644.5300
-27.0000 -27.0000 -27.0000
-27.0000 -27.0000 -27.0000
-27.0000 -27.0000 -27.0000
-27.0000 -157185.0000 -812.7900
-27.0000 -27.0000 -27.0000
-27.0000 -27.0000 -27.0000
-27.0000 -27.0000 -27.0000
-27.0000 -815727.0000 -4105.5000
-27.0000 -27.0000 -27.0000
-27.0000 -27.0000 -27.0000
-27.0000 -27.0000 -27.0000
-27.0000 -27.0000 -27.0000
-27.0000 -27.0000 -27.0000
-27.0000 -27.0000 -27.0000
-27.0000 -27.0000 -27.0000
-27.0000 -27.0000 -27.0000
-27.0000 -27.0000 -27.0000
-27.0000 -27.0000 -27.0000
-27.0000 -27.0000 -27.0000
-27.0000 -707553.0000 -18896.0000
-27.0000 -27.0000 -27.0000
-27.0000 -27.0000 -27.0000
-27.0000 -27.0000 -27.0000
-27.0000 -27.0000 -27.0000
-27.0000 -27.0000 -27.0000
-27.0000 -27.0000 -27.0000
-27.0000 -27.0000 -27.0000
-27.0000 -69409.0000 -2120.7300
-27.0000 -27.0000 -27.0000
-27.0000 -27.0000 -27.0000
-27.0000 -27.0000 -27.0000
-27.0000 -27.0000 -27.0000
-27.0000 -353105.0000 -2447.3800
-27.0000 -27.0000 -27.0000
-27.0000 -27.0000 -27.0000
-27.0000 -27.0000 -27.0000
-27.0000 -65139.0000 -352.5600
-27.0000 -27.0000 -27.0000
-27.0000 -27.0000 -27.0000
-27.0000 -27.0000 -27.0000
-27.0000 -27.0000 -27.0000
-27.0000 -27.0000 -27.0000
-27.0000 -27.0000 -27.0000
-27.0000 -27.0000 -27.0000
-27.0000 -138833.0000 -721.0300
-27.0000 -27.0000 -27.0000
-27.0000 -65139.0000 -352.5600
-27.0000 -27.0000 -27.0000
-27.0000 -27.0000 -27.0000
-27.0000 -27.0000 -27.0000
-27.0000 -233259.0000 -1193.1600
-27.0000 -27.0000 -27.0000
-27.0000 -27.0000 -27.0000
-27.0000 -108687.0000 -765.1500
-27.0000 -27.0000 -27.0000
-27.0000 -896073.0000 -6835.0800
-27.0000 -27.0000 -27.0000
-27.0000 -27.0000 -27.0000
-27.0000 -27.0000 -27.0000
-27.0000 -27.0000 -27.0000
-27.0000 -572729.0000 -8620.3000
-27.0000 -27.0000 -27.0000
-27.0000 -27.0000 -27.0000
-27.0000 -27.0000 -27.0000
-27.0000 -15459.0000 -181.3200
-27.0000 -27.0000 -27.0000
-27.0000 -27.0000 -27.0000
-27.0000 -27.0000 -27.0000
-27.0000 -27.0000 -27.0000
-27.0000 -27.0000 -27.0000
-27.0000 -37141.0000 -212.5700
-27.0000 -27.0000 -27.0000
-27.0000 -27.0000 -27.0000
-27.0000 -1228219.0000 -7072.7100
