-79961.0000 -5791739.0000 -787799.9400
-15293.0000 -3311997.0000 -378142.1000
-15293.0000 -4001623.0000 -569486.3500
-15293.0000 -4223131.0000 -445253.8700
-15293.0000 -6895415.0000 -811534.8100
-15293.0000 -4366923.0000 -554174.4900
-15293.0000 -3342081.0000 -705314.9300
-15293.0000 -2263183.0000 -503274.0600
-15293.0000 -4813177.0000 -584641.7700
-15293.0000 -5487657.0000 -861346.7200
-15293.0000 -4442927.0000 -668917.6200
-15293.0000 -5050117.0000 -1025056.3700
-15293.0000 -3878319.0000 -511830.2100
-15293.0000 -6023373.0000 -843105.1900
-15293.0000 -6129375.0000 -1168966.1200
-15293.0000 -2521703.0000 -253774.4500
-15293.0000 -5158295.0000 -614348.7500
-15293.0000 -3308205.0000 -803280.1300
-12381.0000 -4051599.0000 -271556.6100
-12381.0000 -4392903.0000 -743408.5000
-12381.0000 -3080349.0000 -538433.1200
-12381.0000 -3845885.0000 -336526.0300
-12381.0000 -3364083.0000 -316215.9900
-12381.0000 -4206667.0000 -590242.4900
-12381.0000 -4587059.0000 -1029476.7400
-12381.0000 -2942173.0000 -615396.9900
-12381.0000 -2464839.0000 -613283.0000
-12381.0000 -5130489.0000 -521784.2700
-12381.0000 -2998763.0000 -493295.2100
-12381.0000 -5397217.0000 -1107911.0000
-4051.0000 -2467769.0000 -292888.0000
-4051.0000 -2830843.0000 -410656.0300
-4051.0000 -5881045.0000 -877482.5000
-4051.0000 -3239573.0000 -1004720.7200
-4051.0000 -5467799.0000 -1226834.6300
-4051.0000 -3840831.0000 -658221.0600
-4051.0000 -5647155.0000 -707898.1800
-4051.0000 -3702947.0000 -529087.8900
-4051.0000 -4785065.0000 -1149780.3300
-4051.0000 -4887757.0000 -882945.4500
-4051.0000 -4014587.0000 -401671.6600
-4051.0000 -3201403.0000 -910336.8100
-4051.0000 -2979263.0000 -325185.8100
-4051.0000 -3809123.0000 -379629.1100
-4051.0000 -3659835.0000 -696686.9100
-4051.0000 -3912413.0000 -381925.1500
-4051.0000 -2412793.0000 -169550.4900
-4051.0000 -3324413.0000 -310136.5200
-4051.0000 -1327547.0000 -194911.6900
-4051.0000 -5621541.0000 -592455.6500
-4051.0000 -3630757.0000 -287395.2100
-4051.0000 -2893333.0000 -505801.3700
-4051.0000 -2573337.0000 -450251.7400
-4051.0000 -2356047.0000 -567968.1500
-4051.0000 -5994311.0000 -758121.5100
-4051.0000 -3068361.0000 -287353.0900
-4051.0000 -2456511.0000 -400567.3100
-4051.0000 -7398043.0000 -1273344.2900
-4051.0000 -4034755.0000 -733710.1600
-4051.0000 -3953999.0000 -933090.9900
-4051.0000 -1414643.0000 -169915.8000
-4051.0000 -3710747.0000 -405696.7900
-4051.0000 -7492571.0000 -1318024.4400
-4051.0000 -2230343.0000 -289278.6700
-4051.0000 -6779685.0000 -825084.7000
-4051.0000 -4450443.0000 -823921.2000
-4051.0000 -4662059.0000 -696728.5200
-4051.0000 -2598253.0000 -592103.9400
-4051.0000 -2329601.0000 -541598.3100
-4051.0000 -2739623.0000 -438323.5000
-4051.0000 -5135887.0000 -790498.3600
-4051.0000 -1740741.0000 -402466.0100
-4051.0000 -5452909.0000 -258352.5700
-4051.0000 -2349949.0000 -352270.8300
-4051.0000 -3415289.0000 -393997.6400
-4051.0000 -6964435.0000 -934664.4000
-4051.0000 -5515831.0000 -927578.1400
-4051.0000 -4359861.0000 -630138.6000
-4051.0000 -6457547.0000 -592376.0100
-4051.0000 -3523521.0000 -1421131.3000
-4051.0000 -2897741.0000 -694788.0000
-4051.0000 -1792195.0000 -348057.0500
-4051.0000 -1838005.0000 -226635.6100
-4051.0000 -2468613.0000 -550431.9200
-4051.0000 -2775615.0000 -510833.8200
-4051.0000 -2157609.0000 -236050.1700
-4051.0000 -1321721.0000 -297857.6100
-4051.0000 -2977075.0000 -292892.9100
-4051.0000 -2228845.0000 -422462.4800
-4051.0000 -2865043.0000 -527474.4700
-4051.0000 -3348557.0000 -425189.4900
-4051.0000 -2883563.0000 -242917.7000
-4051.0000 -4683287.0000 -764888.2600
-4051.0000 -2306193.0000 -387288.7800
-4051.0000 -2946297.0000 -454590.8000
-4051.0000 -2053147.0000 -436796.4600
-4051.0000 -2765703.0000 -271829.6900
-4051.0000 -3737167.0000 -790966.2600
-4051.0000 -3158775.0000 -579479.5700
-4051.0000 -3236619.0000 -850972.8200
-4051.0000 -3521927.0000 -744953.7700
-4051.0000 -2296769.0000 -330854.0400
-4051.0000 -1737629.0000 -391981.2400
-4051.0000 -3553417.0000 -418516.1800
-4051.0000 -2249669.0000 -241362.2900
-4051.0000 -2670343.0000 -338588.3300
-4051.0000 -4796727.0000 -423780.2100
-4051.0000 -2548111.0000 -539824.3200
-4051.0000 -3726321.0000 -492732.5500
-145.0000 -3396135.0000 -349854.2600
-145.0000 -2123503.0000 -242336.7900
-145.0000 -2678775.0000 -517796.4000
-145.0000 -2624905.0000 -344854.2900
-145.0000 -3358267.0000 -269836.1900
-145.0000 -2787419.0000 -520066.8700
-145.0000 -3180051.0000 -399445.0400
-145.0000 -2775657.0000 -345210.5400
-145.0000 -3312945.0000 -384480.1800
-145.0000 -3436939.0000 -435436.8500
-145.0000 -5069923.0000 -558931.4500
-145.0000 -2210285.0000 -445678.3700
-145.0000 -2276025.0000 -133258.4100
-145.0000 -1488501.0000 -202925.4100
-145.0000 -2788533.0000 -361985.7900
-145.0000 -924707.0000 -103723.9400
-145.0000 -2023043.0000 -138678.4300
-145.0000 -1911839.0000 -213197.9700
-145.0000 -1480693.0000 -180113.6900
-145.0000 -1117769.0000 -247783.3500
-145.0000 -1654599.0000 -203252.8000
-145.0000 -583351.0000 -136647.0700
-145.0000 -1880481.0000 -360848.7400
-145.0000 -2066939.0000 -178259.1100
-145.0000 -932123.0000 -125138.6100
-145.0000 -2285573.0000 -340963.9500
-145.0000 -1709905.0000 -89926.5800
-145.0000 -291193.0000 -32648.0600
-145.0000 -2095323.0000 -129562.6000
-145.0000 -2822865.0000 -188600.0600
-145.0000 -1726081.0000 -297041.2300
-145.0000 -680087.0000 -114339.7900
-145.0000 -1533601.0000 -268598.1900
-145.0000 -3185805.0000 -242394.8700
-145.0000 -1966997.0000 -268230.4300
-145.0000 -1287145.0000 -412024.3400
-145.0000 -2066395.0000 -577274.8600
-145.0000 -821465.0000 -84585.9900
-145.0000 -2760167.0000 -289958.2400
-145.0000 -1786973.0000 -381988.5800
-145.0000 -2038213.0000 -187671.3400
-145.0000 -1128035.0000 -183534.1400
-145.0000 -1096895.0000 -229107.0900
-145.0000 -1358297.0000 -73298.7000
-145.0000 -999403.0000 -204476.2200
-145.0000 -2248269.0000 -100081.0900
-145.0000 -1775267.0000 -313799.2500
-145.0000 -963915.0000 -198569.4600
-145.0000 -1846327.0000 -123589.1900
-145.0000 -2037553.0000 -332111.4700
-145.0000 -2037259.0000 -290243.4000
-145.0000 -1018059.0000 -265505.0000
-145.0000 -462103.0000 -48049.9500
-145.0000 -370119.0000 -36107.9900
-145.0000 -1000847.0000 -44570.8300
-145.0000 -1413787.0000 -81200.6900
-145.0000 -1140251.0000 -53816.4300
-145.0000 -875969.0000 -45912.0400
-145.0000 -675915.0000 -64878.1500
-145.0000 -1010339.0000 -77104.8300
-145.0000 -907199.0000 -108182.4000
-145.0000 -671701.0000 -50478.2200
-145.0000 -1028853.0000 -213021.4200
-145.0000 -1425145.0000 -75752.0700
-145.0000 -1132807.0000 -86391.6900
-145.0000 -805219.0000 -26457.4100
-145.0000 -481947.0000 -18424.7400
-145.0000 -815459.0000 -59440.9900
-145.0000 -716357.0000 -27187.4800
-145.0000 -1546791.0000 -111598.9500
-145.0000 -835017.0000 -24446.4800
-145.0000 -993667.0000 -21207.3600
-145.0000 -733759.0000 -14878.5300
-145.0000 -171759.0000 -1636.2400
-145.0000 -1095135.0000 -58735.6700
-145.0000 -832801.0000 -70980.7400
-145.0000 -739805.0000 -48315.8800
-145.0000 -370037.0000 -54937.1400
-145.0000 -1336475.0000 -122900.7100
-145.0000 -316865.0000 -26218.4200
-145.0000 -757017.0000 -61781.9400
-145.0000 -1453879.0000 -171487.5100
-145.0000 -1691647.0000 -114867.7100
-145.0000 -601779.0000 -14714.8200
-145.0000 -785981.0000 -32909.5000
-145.0000 -813431.0000 -72048.7400
-145.0000 -749819.0000 -135526.3100
-145.0000 -807415.0000 -52036.7200
-145.0000 -858185.0000 -74027.3300
-145.0000 -480455.0000 -16537.7700
-145.0000 -887347.0000 -18201.5500
-145.0000 -1106049.0000 -49471.6100
-145.0000 -1229905.0000 -25680.0100
-145.0000 -1198747.0000 -84346.2800
-145.0000 -2056579.0000 -167320.8700
-145.0000 -543447.0000 -76217.3100
-145.0000 -947921.0000 -160596.7500
-145.0000 -853615.0000 -132144.0800
-145.0000 -635741.0000 -121760.3900
-145.0000 -851917.0000 -78350.9900
-145.0000 -1843889.0000 -441991.1000
-145.0000 -898951.0000 -63422.4800
-145.0000 -767185.0000 -27837.2200
-145.0000 -1324119.0000 -149195.0000
-145.0000 -653963.0000 -56653.8000
-145.0000 -671701.0000 -91964.7500
-145.0000 -1906697.0000 -64907.1300
-145.0000 -192291.0000 -12870.1700
-145.0000 -1913271.0000 -61615.8500
-145.0000 -1608561.0000 -51994.6400
-145.0000 -2035193.0000 -84194.5200
-145.0000 -486229.0000 -39787.4500
-145.0000 -1108163.0000 -142203.4800
-145.0000 -815459.0000 -56408.2500
-145.0000 -1130183.0000 -272861.0600
-145.0000 -349275.0000 -23045.5700
-145.0000 -696801.0000 -57232.1700
-145.0000 -934329.0000 -35829.3200
-145.0000 -1365279.0000 -87120.9500
-145.0000 -911795.0000 -106960.6800
-145.0000 -542259.0000 -31522.2400
-145.0000 -608751.0000 -34384.4300
-145.0000 -1168853.0000 -67168.8100
-87.0000 -524127.0000 -26485.1500
-87.0000 -529129.0000 -17110.3500
-87.0000 -1780599.0000 -32737.4900
-87.0000 -1825489.0000 -130395.2700
-87.0000 -968287.0000 -67457.5700
-87.0000 -730701.0000 -17221.5700
-87.0000 -719405.0000 -41545.8300
-87.0000 -586487.0000 -40244.1200
-87.0000 -590083.0000 -29827.4700
-87.0000 -524863.0000 -24976.6400
-87.0000 -859445.0000 -175578.2500
-87.0000 -1421933.0000 -138474.1200
-87.0000 -843533.0000 -56333.2200
-87.0000 -966753.0000 -61602.3100
-87.0000 -1018881.0000 -48906.2200
-87.0000 -490919.0000 -41253.3600
-87.0000 -700103.0000 -55773.9300
-87.0000 -1008391.0000 -157497.1700
-87.0000 -1628527.0000 -119911.4300
-87.0000 -960257.0000 -121786.7900
-87.0000 -496037.0000 -32191.9700
-87.0000 -691459.0000 -59860.8100
-87.0000 -853961.0000 -45683.9900
-87.0000 -541455.0000 -62343.5600
-87.0000 -1562615.0000 -135914.0200
-87.0000 -351025.0000 -31786.0200
-87.0000 -657993.0000 -30838.8000
-87.0000 -472013.0000 -31829.6300
-87.0000 -671759.0000 -61155.5000
-87.0000 -615635.0000 -62392.8700
-87.0000 -1170033.0000 -219366.3800
-87.0000 -1155177.0000 -34772.6900
-87.0000 -2069147.0000 -161398.8600
-87.0000 -207107.0000 -24594.9800
-87.0000 -862157.0000 -140138.2500
-87.0000 -1099367.0000 -49770.2200
-87.0000 -848863.0000 -59133.9600
-87.0000 -1099977.0000 -79624.0800
-87.0000 -1566015.0000 -85567.5900
-87.0000 -610615.0000 -94874.1500
-87.0000 -840555.0000 -46214.3000
-87.0000 -578937.0000 -21756.8500
-87.0000 -947703.0000 -114482.7400
-87.0000 -407483.0000 -6023.5000
-87.0000 -846695.0000 -65297.5500
-87.0000 -1165883.0000 -72071.7000
-87.0000 -372109.0000 -4949.8100
-87.0000 -677167.0000 -10889.3000
-87.0000 -886605.0000 -29205.2900
-87.0000 -1395773.0000 -173948.8500
-87.0000 -672235.0000 -67575.1200
-87.0000 -1354387.0000 -281417.0600
-87.0000 -979741.0000 -26772.5400
-87.0000 -1038967.0000 -81199.3800
-87.0000 -375009.0000 -19692.4900
-87.0000 -158761.0000 -16144.0000
-87.0000 -543199.0000 -39234.1900
-87.0000 -406865.0000 -11000.2500
-87.0000 -899009.0000 -36035.8200
-87.0000 -647999.0000 -83028.6200
-87.0000 -1528341.0000 -143077.5900
-87.0000 -615279.0000 -84476.4600
-87.0000 -1890009.0000 -175478.8800
-87.0000 -1014427.0000 -131765.0000
-87.0000 -1332303.0000 -142090.9000
-87.0000 -593787.0000 -80037.2400
-87.0000 -729717.0000 -40094.5300
-87.0000 -300885.0000 -7208.7700
-87.0000 -1043647.0000 -31425.8400
-87.0000 -1501639.0000 -49547.7900
-87.0000 -569953.0000 -14023.6800
-87.0000 -857125.0000 -25459.2800
-87.0000 -221995.0000 -10125.6800
-87.0000 -539721.0000 -18741.5600
-87.0000 -990531.0000 -51023.5500
-87.0000 -156879.0000 -6608.7000
-87.0000 -527511.0000 -12067.5800
-87.0000 -815517.0000 -34866.1800
-87.0000 -607777.0000 -19783.6500
-87.0000 -853749.0000 -56919.2600
-87.0000 -862815.0000 -54891.3700
-87.0000 -671759.0000 -27513.4600
-87.0000 -1167691.0000 -32683.0400
-87.0000 -758395.0000 -101322.2200
-87.0000 -771209.0000 -41532.8700
-87.0000 -2013799.0000 -167491.3400
-87.0000 -885327.0000 -135272.5300
-87.0000 -1323271.0000 -186523.7300
-87.0000 -1475673.0000 -471059.7000
-87.0000 -527479.0000 -16948.5200
-87.0000 -87.0000 -87.0000
-87.0000 -87.0000 -87.0000
-87.0000 -87.0000 -87.0000
-87.0000 -319163.0000 -2426.7800
-87.0000 -87.0000 -87.0000
-87.0000 -87.0000 -87.0000
-87.0000 -87.0000 -87.0000
-87.0000 -87.0000 -87.0000
-87.0000 -1376931.0000 -9851.0900
-87.0000 -380471.0000 -1988.9200
-87.0000 -87.0000 -87.0000
-87.0000 -87.0000 -87.0000
-87.0000 -87.0000 -87.0000
-87.0000 -87.0000 -87.0000
-87.0000 -87.0000 -87.0000
-87.0000 -13337.0000 -153.2500
-87.0000 -338595.0000 -3423.1400
-87.0000 -87.0000 -87.0000
-87.0000 -87.0000 -87.0000
-87.0000 -87.0000 -87.0000
-87.0000 -87.0000 -87.0000
-87.0000 -87.0000 -87.0000
-87.0000 -65079.0000 -411.9600
-87.0000 -87.0000 -87.0000
-87.0000 -87.0000 -87.0000
-87.0000 -87.0000 -87.0000
-87.0000 -87.0000 -87.0000
-87.0000 -87.0000 -87.0000
-87.0000 -87.0000 -87.0000
-87.0000 -87.0000 -87.0000
-87.0000 -87.0000 -87.0000
-87.0000 -151149.0000 -842.3100
-87.0000 -87.0000 -87.0000
-87.0000 -87.0000 -87.0000
-87.0000 -87.0000 -87.0000
-87.0000 -1305299.0000 -16737.9200
-87.0000 -87.0000 -87.0000
-87.0000 -140769.0000 -790.4100
-87.0000 -87.0000 -87.0000
-87.0000 -87.0000 -87.0000
-87.0000 -87.0000 -87.0000
-87.0000 -87.0000 -87.0000
-87.0000 -87.0000 -87.0000
-87.0000 -494095.0000 -3903.2800
-87.0000 -87.0000 -87.0000
-87.0000 -87.0000 -87.0000
-87.0000 -87.0000 -87.0000
-87.0000 -87.0000 -87.0000
-87.0000 -87.0000 -87.0000
-87.0000 -87.0000 -87.0000
-87.0000 -87.0000 -87.0000
-87.0000 -74957.0000 -1210.0500
-87.0000 -87.0000 -87.0000
-87.0000 -87.0000 -87.0000
-87.0000 -87.0000 -87.0000
-87.0000 -87.0000 -87.0000
-87.0000 -87.0000 -87.0000
-87.0000 -87.0000 -87.0000
-87.0000 -87.0000 -87.0000
-87.0000 -87.0000 -87.0000
-87.0000 -87.0000 -87.0000
-87.0000 -302873.0000 -1600.9300
-87.0000 -87.0000 -87.0000
-87.0000 -87.0000 -87.0000
-87.0000 -608853.0000 -4304.9900
-87.0000 -87.0000 -87.0000
-87.0000 -87.0000 -87.0000
-87.0000 -87.0000 -87.0000
-87.0000 -87.0000 -87.0000
-87.0000 -87.0000 -87.0000
-87.0000 -349031.0000 -1831.7200
-87.0000 -87.0000 -87.0000
-87.0000 -87.0000 -87.0000
-87.0000 -588781.0000 -3030.4700
-87.0000 -87.0000 -87.0000
-87.0000 -87.0000 -87.0000
-87.0000 -117503.0000 -674.0800
-87.0000 -966753.0000 -9726.1600
