-95229.0000 -4904011.0000 -1164455.5900
-95229.0000 -4517899.0000 -849563.9800
-78731.0000 -1948031.0000 -201909.5300
-78731.0000 -4193897.0000 -456774.7600
-78731.0000 -3438853.0000 -530252.0300
-33479.0000 -5060871.0000 -430133.6600
-33479.0000 -5032835.0000 -1076198.9000
-33479.0000 -2725333.0000 -490675.0700
-33479.0000 -5649301.0000 -658025.8800
-33479.0000 -5356335.0000 -738421.6800
-33479.0000 -2671587.0000 -295763.5600
-33479.0000 -5649087.0000 -993235.6200
-33479.0000 -2827043.0000 -660346.0600
-33479.0000 -3200205.0000 -450099.5700
-33479.0000 -5342361.0000 -1111539.7300
-33479.0000 -8254315.0000 -1322403.3800
-33479.0000 -4268077.0000 -547317.7600
-33479.0000 -4548515.0000 -932248.6700
-33479.0000 -6769449.0000 -605935.3700
-33479.0000 -3624269.0000 -577347.9800
-33479.0000 -3402685.0000 -564350.2600
-33479.0000 -3401785.0000 -503211.0500
-33479.0000 -5854199.0000 -1076024.8100
-33479.0000 -4263083.0000 -939200.1200
-33479.0000 -3625127.0000 -355979.1500
-33479.0000 -3154603.0000 -547581.0200
-8017.0000 -8338275.0000 -925249.2000
-8017.0000 -3690785.0000 -968314.2200
-8017.0000 -3467313.0000 -699430.8000
-8017.0000 -4922271.0000 -717310.5900
-8017.0000 -3023473.0000 -570046.9900
-8017.0000 -5968043.0000 -664574.2400
-8017.0000 -4849591.0000 -464836.5400
-8017.0000 -5389097.0000 -1393940.5400
-8017.0000 -3831587.0000 -767484.2900
-8017.0000 -4268061.0000 -1078726.4300
-8017.0000 -2629687.0000 -498440.3100
-8017.0000 -4490973.0000 -938963.4300
-8017.0000 -1929143.0000 -318684.7300
-8017.0000 -2088887.0000 -346347.4300
-8017.0000 -5048343.0000 -716763.4700
-8017.0000 -6109483.0000 -885870.3700
-8017.0000 -2436689.0000 -264750.6900
-8017.0000 -3178025.0000 -464323.3800
-8017.0000 -4987641.0000 -405545.8200
-8017.0000 -4187361.0000 -642926.2600
-8017.0000 -5172221.0000 -872974.9900
-8017.0000 -3366111.0000 -329753.2600
-8017.0000 -5713943.0000 -1199909.5900
-8017.0000 -2502065.0000 -345025.6400
-8017.0000 -2425815.0000 -392197.0200
-8017.0000 -3566565.0000 -662485.9600
-8017.0000 -3882793.0000 -395476.9200
-8017.0000 -1988277.0000 -547447.3800
-8017.0000 -5333285.0000 -429399.9000
-8017.0000 -2266211.0000 -241212.8500
-8017.0000 -5080927.0000 -338535.9300
-8017.0000 -5248861.0000 -575698.0900
-8017.0000 -1768549.0000 -507861.0900
-8017.0000 -1889527.0000 -345674.5900
-8017.0000 -3830799.0000 -870814.1900
-8017.0000 -4747139.0000 -739200.2700
-8017.0000 -4937025.0000 -432686.4600
-8017.0000 -4192935.0000 -344476.7800
-8017.0000 -3708211.0000 -616755.2300
-8017.0000 -5324039.0000 -923011.9400
-8017.0000 -2363705.0000 -360625.6700
-8017.0000 -1998401.0000 -482930.5600
-8017.0000 -2839277.0000 -514665.9800
-8017.0000 -4160937.0000 -1111060.9200
-8017.0000 -4786365.0000 -712306.6900
-8017.0000 -4257797.0000 -600450.5900
-8017.0000 -4242905.0000 -1493939.8800
-8017.0000 -7713921.0000 -814837.4900
-8017.0000 -9340041.0000 -581375.3900
-8017.0000 -3421597.0000 -608917.0300
-7765.0000 -2178825.0000 -148103.3400
-7765.0000 -3245385.0000 -508192.2000
-7765.0000 -6346573.0000 -1717205.7900
-7765.0000 -2424041.0000 -379268.8700
-7765.0000 -5355033.0000 -448136.4500
-7765.0000 -1097153.0000 -191754.6500
-7765.0000 -3251145.0000 -370591.2800
-7765.0000 -2247475.0000 -332382.4700
-7765.0000 -1372247.0000 -259508.6300
-7765.0000 -2500161.0000 -448853.7100
-7765.0000 -2862063.0000 -282726.9000
-7765.0000 -2809357.0000 -312390.0100
-7765.0000 -2371895.0000 -281558.5400
-7765.0000 -3066575.0000 -655742.2600
-7765.0000 -2205731.0000 -365297.3500
-7765.0000 -1935137.0000 -202475.0300
-7765.0000 -1777391.0000 -305741.6000
-7765.0000 -2671061.0000 -304774.7400
-7765.0000 -3713073.0000 -383042.0900
-7765.0000 -4538157.0000 -618149.3200
-7765.0000 -3271803.0000 -376877.9300
-7765.0000 -2898757.0000 -356501.4600
-7765.0000 -1488837.0000 -379432.2400
-7765.0000 -2170229.0000 -392054.9600
-7765.0000 -3130423.0000 -696431.2700
-7765.0000 -5951733.0000 -353544.9200
-7765.0000 -3106027.0000 -586882.1400
-7765.0000 -3318887.0000 -683216.9300
-7765.0000 -1861319.0000 -604548.9800
-7765.0000 -1565733.0000 -155313.3000
-7765.0000 -2773401.0000 -366259.8800
-7765.0000 -1533863.0000 -366886.2900
-7765.0000 -4042447.0000 -478409.6600
-3587.0000 -920107.0000 -140366.9600
-3587.0000 -2948553.0000 -295907.3200
-3587.0000 -2609119.0000 -349219.4100
-3587.0000 -949673.0000 -158840.1900
-3587.0000 -5160701.0000 -303671.3100
-3587.0000 -5058601.0000 -304070.9000
-3587.0000 -3690159.0000 -361211.9400
-3453.0000 -1882633.0000 -227062.0400
-3453.0000 -3989417.0000 -1087342.1900
-3453.0000 -1934027.0000 -350393.0800
-3453.0000 -1463669.0000 -320281.4100
-3453.0000 -3111759.0000 -413748.0800
-3453.0000 -1769875.0000 -291414.2000
-3453.0000 -2990991.0000 -210254.3600
-3453.0000 -642935.0000 -45237.9500
-3453.0000 -2025075.0000 -423659.2600
-3453.0000 -1316915.0000 -173766.7500
-3453.0000 -2298907.0000 -275142.6100
-3453.0000 -2217631.0000 -190308.0800
-3453.0000 -1521773.0000 -121156.6600
-3453.0000 -1256741.0000 -221803.5900
-3453.0000 -2220727.0000 -163588.3400
-3453.0000 -1224051.0000 -302246.5200
-3453.0000 -2479213.0000 -272882.8900
-3453.0000 -912645.0000 -91732.8500
-3453.0000 -1907717.0000 -389601.6400
-3453.0000 -1306277.0000 -213714.6500
-3453.0000 -1264241.0000 -195064.6500
-3453.0000 -806557.0000 -174360.3500
-3453.0000 -2042873.0000 -291390.2400
-3453.0000 -1709415.0000 -240270.6900
-3453.0000 -1172089.0000 -94637.9800
-3453.0000 -584769.0000 -88938.4000
-3453.0000 -1930379.0000 -174648.5000
-3453.0000 -1202081.0000 -161139.7700
-3453.0000 -1270293.0000 -277758.2600
-3453.0000 -1092675.0000 -108393.4000
-3453.0000 -975105.0000 -167528.9100
-3453.0000 -1803791.0000 -178765.6500
-3453.0000 -1473063.0000 -214020.4100
-3453.0000 -1314125.0000 -126453.8000
-3453.0000 -1038991.0000 -173991.1600
-3453.0000 -1057155.0000 -141108.8800
-3453.0000 -1610177.0000 -110507.6100
-3453.0000 -1228547.0000 -402568.6600
-3453.0000 -1553877.0000 -161206.5300
-3453.0000 -1652789.0000 -91303.0200
-3453.0000 -1371391.0000 -220254.0200
-3453.0000 -628489.0000 -129290.1500
-3453.0000 -1257361.0000 -145384.5100
-3453.0000 -887097.0000 -121581.5700
-3453.0000 -1177329.0000 -124007.4600
-3453.0000 -1964007.0000 -84931.5700
-3453.0000 -1247987.0000 -124602.1800
-3453.0000 -597441.0000 -44455.1900
-3453.0000 -970119.0000 -22395.4700
-3453.0000 -1773879.0000 -120647.3400
-3453.0000 -508743.0000 -44913.1700
-3453.0000 -941837.0000 -71183.9400
-3453.0000 -2459139.0000 -91216.7300
-3453.0000 -755729.0000 -28314.1200
-3453.0000 -352923.0000 -9171.0300
-3453.0000 -237719.0000 -4624.3300
-3453.0000 -575253.0000 -23712.6200
-3453.0000 -463667.0000 -20283.1600
-3453.0000 -765253.0000 -14606.1000
-3453.0000 -516607.0000 -43968.5000
-3453.0000 -480021.0000 -48941.0100
-3453.0000 -867463.0000 -45479.9700
-3453.0000 -663805.0000 -43145.3400
-3453.0000 -703771.0000 -64233.0400
-3453.0000 -987185.0000 -106534.4800
-3453.0000 -1995829.0000 -182893.7000
-3453.0000 -1656175.0000 -266809.9900
-3453.0000 -453597.0000 -46262.5500
-3453.0000 -261357.0000 -11622.8800
-3453.0000 -341159.0000 -21008.0400
-3453.0000 -1165511.0000 -42818.0200
-3453.0000 -502187.0000 -30959.1700
-3453.0000 -1069983.0000 -179657.3000
-3453.0000 -1172161.0000 -215962.7900
-3453.0000 -991199.0000 -170000.1000
-3453.0000 -989013.0000 -127489.4000
-3453.0000 -1225145.0000 -139512.3700
-3453.0000 -1690905.0000 -109193.0300
-3453.0000 -343199.0000 -19824.5100
-3453.0000 -1168463.0000 -44296.2700
-3453.0000 -834991.0000 -19458.9600
-3453.0000 -1152023.0000 -45038.9600
-3453.0000 -928531.0000 -76372.8700
-3453.0000 -1000693.0000 -59032.7800
-3453.0000 -925013.0000 -48772.0900
-3453.0000 -1373285.0000 -30443.9200
-3453.0000 -952799.0000 -54654.9900
-3453.0000 -1091577.0000 -244931.5000
-3453.0000 -680703.0000 -61419.8100
-3453.0000 -693645.0000 -37530.8000
-3453.0000 -468125.0000 -9385.1400
-3453.0000 -394507.0000 -21935.7200
-3453.0000 -636621.0000 -15198.7600
-3453.0000 -689849.0000 -43928.8000
-3453.0000 -303351.0000 -7635.1300
-3453.0000 -409743.0000 -44418.5500
-3453.0000 -940239.0000 -45319.2500
-3453.0000 -788065.0000 -25929.0900
-3453.0000 -993689.0000 -16597.1500
-3453.0000 -1352263.0000 -33014.6700
-3453.0000 -1426481.0000 -64031.3500
-3453.0000 -1151775.0000 -100500.9500
-3453.0000 -735257.0000 -165044.5600
-3453.0000 -1679573.0000 -94465.9200
-3453.0000 -606405.0000 -52595.4400
-3453.0000 -1170315.0000 -135226.4900
-3453.0000 -1155679.0000 -89518.4700
-3453.0000 -998105.0000 -63521.8900
-3453.0000 -771529.0000 -24017.0300
-3453.0000 -769129.0000 -51502.4100
-3453.0000 -472295.0000 -5797.2100
-3453.0000 -307917.0000 -6424.7700
-3453.0000 -83787.0000 -6768.9800
-3453.0000 -808869.0000 -20201.7900
-3453.0000 -2059025.0000 -161102.8700
-3453.0000 -1347639.0000 -133922.5300
-3453.0000 -1308449.0000 -103451.4300
-3453.0000 -1558431.0000 -169393.4000
-3453.0000 -665509.0000 -46720.3000
-3453.0000 -630353.0000 -46739.3800
-3453.0000 -447449.0000 -23069.7600
-3453.0000 -710351.0000 -29027.7900
-3453.0000 -235017.0000 -25908.0800
-3453.0000 -1005775.0000 -55765.5100
-3453.0000 -750369.0000 -34794.7100
-3453.0000 -831483.0000 -50407.5600
-3453.0000 -1425099.0000 -66474.3700
-3453.0000 -443087.0000 -39732.5500
-3453.0000 -288569.0000 -25411.2000
-3453.0000 -763535.0000 -30897.3800
-3453.0000 -1112051.0000 -62345.1400
-3453.0000 -1002941.0000 -69353.6100
-3453.0000 -916289.0000 -51978.0200
-3453.0000 -995203.0000 -155958.9300
-3453.0000 -893441.0000 -79687.7800
-3453.0000 -893441.0000 -38770.3600
-3453.0000 -1151375.0000 -59557.5800
-3453.0000 -766391.0000 -134040.4200
-3453.0000 -559311.0000 -36564.7300
-3453.0000 -440811.0000 -41360.8300
-3453.0000 -376177.0000 -14805.2700
-3453.0000 -568935.0000 -19980.4300
-3453.0000 -507389.0000 -16923.1000
-3453.0000 -397817.0000 -10564.4300
-3453.0000 -522555.0000 -18303.8100
-3453.0000 -469503.0000 -35472.4600
-3453.0000 -692135.0000 -55009.9300
-3453.0000 -576783.0000 -45137.7600
-3453.0000 -964939.0000 -97580.9500
-3453.0000 -622767.0000 -21132.4200
-3453.0000 -569555.0000 -17816.0700
-3453.0000 -835069.0000 -15731.9900
-3453.0000 -914879.0000 -65729.4400
-3453.0000 -454565.0000 -12766.4300
-3453.0000 -931295.0000 -59358.6900
-3453.0000 -722605.0000 -86499.8700
-3453.0000 -1941279.0000 -24627.3800
-3453.0000 -996227.0000 -121541.3100
-3453.0000 -1085613.0000 -80705.2100
-3453.0000 -367165.0000 -28075.5600
-3453.0000 -809487.0000 -54865.3800
-3453.0000 -607095.0000 -18674.0300
-3453.0000 -924909.0000 -120698.5000
-3453.0000 -1562839.0000 -138225.7200
-3453.0000 -1163079.0000 -67093.1100
-3453.0000 -682999.0000 -25451.3200
-3453.0000 -616821.0000 -55560.4400
-3453.0000 -475371.0000 -25939.1100
-3453.0000 -222401.0000 -6737.2200
-3453.0000 -1964247.0000 -446397.8600
-3453.0000 -265661.0000 -30859.7400
-403.0000 -1023495.0000 -68481.2600
-403.0000 -1116715.0000 -40204.6400
-403.0000 -820281.0000 -58218.6000
-403.0000 -741131.0000 -98047.1300
-403.0000 -924303.0000 -97050.4900
-403.0000 -521745.0000 -56122.1700
-403.0000 -913699.0000 -32521.4900
-403.0000 -697857.0000 -21594.1800
-403.0000 -899499.0000 -31695.6500
-403.0000 -1106299.0000 -84895.5900
-403.0000 -357445.0000 -82278.5500
-403.0000 -1894711.0000 -82248.7100
-403.0000 -1261429.0000 -105549.4100
-403.0000 -833029.0000 -14120.0900
-403.0000 -1284493.0000 -32929.1700
-403.0000 -1350033.0000 -110834.1200
-403.0000 -1213835.0000 -118429.6600
-403.0000 -1805555.0000 -265687.4100
-403.0000 -1138715.0000 -105097.1000
-403.0000 -345385.0000 -17979.0500
-403.0000 -813187.0000 -25865.9200
-403.0000 -430531.0000 -35368.3700
-403.0000 -928245.0000 -12201.7300
-403.0000 -545917.0000 -6722.9500
-403.0000 -527795.0000 -20892.2800
-403.0000 -1000169.0000 -120689.3500
-403.0000 -770459.0000 -86002.1200
-403.0000 -543775.0000 -150109.5200
-403.0000 -816007.0000 -81873.3800
-403.0000 -577925.0000 -16123.9100
-403.0000 -945935.0000 -64844.1400
-403.0000 -314613.0000 -21793.1200
-403.0000 -739257.0000 -38804.6700
-403.0000 -457965.0000 -33207.0100
-403.0000 -192391.0000 -2695.7600
-403.0000 -403.0000 -403.0000
-403.0000 -403.0000 -403.0000
-403.0000 -403.0000 -403.0000
-403.0000 -154787.0000 -1174.9200
-403.0000 -450899.0000 -4636.1600
-403.0000 -403.0000 -403.0000
-403.0000 -403.0000 -403.0000
-403.0000 -403.0000 -403.0000
-403.0000 -403.0000 -403.0000
-403.0000 -403.0000 -403.0000
-403.0000 -403.0000 -403.0000
-403.0000 -409383.0000 -4103.2900
-403.0000 -403.0000 -403.0000
-403.0000 -486773.0000 -2834.8500
-403.0000 -403.0000 -403.0000
-403.0000 -403.0000 -403.0000
-403.0000 -403.0000 -403.0000
-403.0000 -403.0000 -403.0000
-403.0000 -403.0000 -403.0000
-403.0000 -65569.0000 -728.8300
-403.0000 -403.0000 -403.0000
-403.0000 -403.0000 -403.0000
-403.0000 -403.0000 -403.0000
-403.0000 -403.0000 -403.0000
-403.0000 -403.0000 -403.0000
-403.0000 -403.0000 -403.0000
-403.0000 -403.0000 -403.0000
-403.0000 -403.0000 -403.0000
-403.0000 -590519.0000 -10720.2500
-403.0000 -148503.0000 -1143.5000
-403.0000 -403.0000 -403.0000
-403.0000 -403.0000 -403.0000
-403.0000 -403.0000 -403.0000
-403.0000 -403.0000 -403.0000
-403.0000 -403.0000 -403.0000
-403.0000 -403.0000 -403.0000
-403.0000 -636421.0000 -3930.6500
-403.0000 -403.0000 -403.0000
-403.0000 -403.0000 -403.0000
-403.0000 -403.0000 -403.0000
-403.0000 -403.0000 -403.0000
-403.0000 -117013.0000 -986.0500
-403.0000 -403.0000 -403.0000
-403.0000 -403.0000 -403.0000
-403.0000 -403.0000 -403.0000
-403.0000 -403.0000 -403.0000
-403.0000 -403.0000 -403.0000
-403.0000 -403.0000 -403.0000
-403.0000 -403.0000 -403.0000
-403.0000 -403.0000 -403.0000
-403.0000 -400087.0000 -10602.3800
-403.0000 -403.0000 -403.0000
-403.0000 -403.0000 -403.0000
-403.0000 -403.0000 -403.0000
-403.0000 -403.0000 -403.0000
-403.0000 -97925.0000 -890.6100
-403.0000 -403.0000 -403.0000
-403.0000 -403.0000 -403.0000
-403.0000 -279423.0000 -3803.7700
-403.0000 -65569.0000 -728.8300
-403.0000 -627215.0000 -15081.6300
-403.0000 -403.0000 -403.0000
-403.0000 -296367.0000 -1882.8200
-403.0000 -190735.0000 -1354.6600
-403.0000 -403.0000 -403.0000
-403.0000 -403.0000 -403.0000
-403.0000 -403.0000 -403.0000
-403.0000 -403.0000 -403.0000
-403.0000 -65569.0000 -1380.4900
-403.0000 -403.0000 -403.0000
-403.0000 -117373.0000 -1503.0300
-403.0000 -403.0000 -403.0000
-403.0000 -400867.0000 -2584.8300
-403.0000 -403.0000 -403.0000
-403.0000 -403.0000 -403.0000
-403.0000 -403.0000 -403.0000
-403.0000 -133473.0000 -1733.7000
-403.0000 -229643.0000 -1549.2000
