-433749.0000 -5544981.0000 -702639.4600
-38823.0000 -1966771.0000 -480532.1700
-38823.0000 -4703509.0000 -734262.8900
-38823.0000 -3758887.0000 -487011.1700
-16113.0000 -4576325.0000 -401570.3800
-16113.0000 -4620587.0000 -297010.6500
-16113.0000 -5623187.0000 -727552.1500
-16113.0000 -5932137.0000 -400490.7600
-5489.0000 -9055175.0000 -770439.9600
-5489.0000 -5787443.0000 -533890.5500
-5489.0000 -2893163.0000 -623529.4300
-5489.0000 -3157197.0000 -332783.7000
-5489.0000 -9008939.0000 -498913.6900
-5489.0000 -2819145.0000 -506193.4100
-5489.0000 -4289919.0000 -580924.8300
-5489.0000 -4862653.0000 -378103.9100
-5489.0000 -6235073.0000 -1352992.9600
-5489.0000 -3023059.0000 -282070.4300
-5489.0000 -4030081.0000 -439078.5700
-5489.0000 -4287601.0000 -376408.9700
-5489.0000 -3665565.0000 -496412.4200
-5489.0000 -7920853.0000 -984337.3100
-5489.0000 -3481437.0000 -854648.4900
-5489.0000 -8090041.0000 -277341.5400
-5489.0000 -2325157.0000 -526381.6300
-5489.0000 -6853877.0000 -1274608.6100
-5489.0000 -6015389.0000 -761836.3200
-5489.0000 -3477405.0000 -979666.5000
-5489.0000 -5583727.0000 -618827.4500
-5489.0000 -2789513.0000 -327568.6200
-5489.0000 -6453275.0000 -1386830.2100
-5489.0000 -1649651.0000 -268995.9300
-5489.0000 -3354619.0000 -311802.4800
-5489.0000 -3829133.0000 -545260.7400
-5489.0000 -3353589.0000 -858765.3500
-5489.0000 -3852891.0000 -1381689.4100
-5489.0000 -3645895.0000 -530309.4400
-5489.0000 -2095839.0000 -342506.9700
-5489.0000 -4218117.0000 -675637.5500
-5489.0000 -3624509.0000 -388627.9400
-5489.0000 -5868555.0000 -635514.6900
-5489.0000 -3766311.0000 -357369.4500
-5489.0000 -3052571.0000 -196173.2300
-5489.0000 -2178637.0000 -385406.3900
-5489.0000 -4049829.0000 -750568.8100
-5489.0000 -4138765.0000 -665269.7800
-5489.0000 -3865609.0000 -450324.6600
-5489.0000 -6840375.0000 -1396728.5900
-5489.0000 -4304259.0000 -1121230.2000
-5489.0000 -3038169.0000 -403309.4500
-5489.0000 -7086029.0000 -960075.8400
-5489.0000 -2834167.0000 -771178.9100
-5489.0000 -6437729.0000 -1213445.0000
-5489.0000 -2114083.0000 -445496.6300
-5489.0000 -2736509.0000 -380737.2500
-5489.0000 -4051239.0000 -880625.8600
-5489.0000 -4277017.0000 -551548.6900
-5489.0000 -2774151.0000 -425712.9000
-5489.0000 -1706007.0000 -172198.8300
-5489.0000 -5987513.0000 -711452.7000
-5489.0000 -5157629.0000 -919853.2600
-5489.0000 -1667693.0000 -307613.4900
-5489.0000 -5161745.0000 -455348.3500
-5489.0000 -4976845.0000 -596555.5800
-5489.0000 -4231365.0000 -378444.3200
-5489.0000 -4457029.0000 -1034750.5000
-1855.0000 -3763451.0000 -356393.1400
-1855.0000 -2126775.0000 -299219.0400
-1855.0000 -4256715.0000 -601590.8600
-1855.0000 -3321547.0000 -590616.7700
-1855.0000 -3340833.0000 -380426.5400
-1855.0000 -4229035.0000 -926535.6800
-1855.0000 -2106099.0000 -516292.4800
-1855.0000 -4054553.0000 -640450.9100
-1855.0000 -6661633.0000 -1000095.6300
-1855.0000 -3867453.0000 -839165.4100
-1855.0000 -3615055.0000 -757051.8600
-1855.0000 -4466267.0000 -767659.3400
-1855.0000 -3013345.0000 -463119.8000
-1855.0000 -3513501.0000 -297369.2300
-1855.0000 -4678567.0000 -780271.2300
-1855.0000 -3758291.0000 -526457.2700
-1855.0000 -3211269.0000 -240815.6600
-1855.0000 -3025779.0000 -559373.9900
-1855.0000 -3205477.0000 -240537.5300
-1855.0000 -2019533.0000 -271382.3700
-1855.0000 -1704181.0000 -297624.3500
-997.0000 -2110899.0000 -198526.6300
-997.0000 -1358693.0000 -114907.2100
-997.0000 -3578033.0000 -556969.5700
-997.0000 -2137709.0000 -421084.0200
-997.0000 -3398669.0000 -482559.8500
-997.0000 -2679161.0000 -307155.9900
-997.0000 -2161143.0000 -371168.0300
-997.0000 -1384289.0000 -155251.9400
-997.0000 -3310601.0000 -375809.5900
-997.0000 -1885111.0000 -127581.3600
-997.0000 -3632517.0000 -388401.3600
-997.0000 -3834135.0000 -639612.1000
-997.0000 -1662705.0000 -181173.8000
-997.0000 -1564237.0000 -276019.6800
-997.0000 -4406391.0000 -675074.5900
-997.0000 -2413207.0000 -325903.0900
-997.0000 -4409211.0000 -568526.0700
-997.0000 -2402451.0000 -394538.8600
-997.0000 -4192189.0000 -261565.5500
-997.0000 -2300569.0000 -249783.5800
-997.0000 -3928001.0000 -637577.8500
-997.0000 -4095571.0000 -475832.6100
-997.0000 -2518163.0000 -242028.0800
-997.0000 -3734445.0000 -858981.4000
-997.0000 -2238163.0000 -230058.5400
-997.0000 -2301371.0000 -196598.7400
-997.0000 -2249489.0000 -308407.7900
-997.0000 -2932365.0000 -260216.6900
-997.0000 -3352581.0000 -272247.3400
-997.0000 -2292067.0000 -313360.0500
-997.0000 -1522871.0000 -244414.1100
-997.0000 -1051353.0000 -96311.4800
-997.0000 -2294443.0000 -385174.3500
-997.0000 -2460853.0000 -289632.0200
-997.0000 -1583989.0000 -186520.9800
-997.0000 -1400351.0000 -165452.2900
-997.0000 -1219043.0000 -129622.2600
-997.0000 -3356633.0000 -138967.9800
-997.0000 -1640581.0000 -258076.1000
-997.0000 -1075263.0000 -204416.0300
-997.0000 -1362635.0000 -203767.2300
-997.0000 -1216005.0000 -225206.0700
-997.0000 -1832759.0000 -207456.4300
-997.0000 -2319889.0000 -333913.3700
-997.0000 -2645209.0000 -124913.1200
-997.0000 -1244985.0000 -229679.2700
-997.0000 -801543.0000 -109900.2000
-997.0000 -1087595.0000 -176748.8200
-997.0000 -1126433.0000 -211715.5600
-997.0000 -2418991.0000 -306755.3300
-997.0000 -1366387.0000 -194605.1400
-997.0000 -1787809.0000 -290212.0300
-997.0000 -972811.0000 -160526.0400
-997.0000 -1111715.0000 -87510.0100
-997.0000 -1325299.0000 -310091.5300
-997.0000 -721865.0000 -196830.5500
-997.0000 -2958035.0000 -293382.0800
-997.0000 -1342203.0000 -100761.4000
-997.0000 -2031801.0000 -296122.9100
-997.0000 -1690945.0000 -261061.0000
-997.0000 -1699179.0000 -204698.8000
-997.0000 -1223933.0000 -326682.4200
-997.0000 -1317219.0000 -145166.8400
-997.0000 -2080911.0000 -184620.9300
-997.0000 -2488521.0000 -313245.5500
-997.0000 -1252033.0000 -213965.5700
-997.0000 -1355745.0000 -347281.1500
-997.0000 -1293353.0000 -103541.6500
-997.0000 -1700207.0000 -172521.5500
-997.0000 -1090747.0000 -174036.7300
-997.0000 -2156777.0000 -402718.9400
-997.0000 -3129463.0000 -223918.1600
-997.0000 -1612333.0000 -330327.6500
-997.0000 -2113457.0000 -250347.1700
-997.0000 -1361149.0000 -175889.1300
-997.0000 -1925755.0000 -264903.0400
-997.0000 -1310221.0000 -176205.1500
-997.0000 -772703.0000 -63227.0200
-997.0000 -856557.0000 -20617.6300
-997.0000 -1218707.0000 -28412.8900
-997.0000 -405293.0000 -13771.4400
-997.0000 -1437357.0000 -47852.2300
-997.0000 -1568821.0000 -41883.5000
-997.0000 -934505.0000 -46219.3700
-997.0000 -852245.0000 -148314.1700
-997.0000 -624831.0000 -57674.4900
-997.0000 -769717.0000 -27799.4100
-997.0000 -793119.0000 -17356.7900
-997.0000 -678217.0000 -33220.6400
-997.0000 -1374719.0000 -30465.1400
-997.0000 -687019.0000 -19869.2600
-997.0000 -573141.0000 -27703.1200
-997.0000 -216727.0000 -14959.5800
-997.0000 -116973.0000 -7001.7600
-997.0000 -1581783.0000 -36731.2900
-997.0000 -995223.0000 -65343.6100
-997.0000 -1146811.0000 -102293.3500
-997.0000 -912297.0000 -75750.3900
-997.0000 -544255.0000 -79967.8500
-997.0000 -751035.0000 -35406.1000
-997.0000 -544843.0000 -33363.8600
-997.0000 -716335.0000 -71242.4700
-997.0000 -900093.0000 -49572.9800
-997.0000 -1206241.0000 -80814.9600
-997.0000 -1530501.0000 -114118.0300
-997.0000 -1304353.0000 -63534.4800
-997.0000 -895049.0000 -65897.4000
-997.0000 -1500295.0000 -100820.0000
-997.0000 -794333.0000 -36075.9600
-997.0000 -525013.0000 -35519.0700
-997.0000 -635315.0000 -28997.4100
-997.0000 -695231.0000 -56406.6000
-997.0000 -1248553.0000 -24387.2700
-997.0000 -661581.0000 -8357.8500
-997.0000 -1557973.0000 -36375.9600
-997.0000 -1325507.0000 -42595.4500
-997.0000 -1493391.0000 -28284.1800
-997.0000 -658145.0000 -26793.6400
-997.0000 -695777.0000 -22792.2600
-997.0000 -853309.0000 -102928.7600
-997.0000 -1519015.0000 -162775.6800
-997.0000 -1300021.0000 -243493.7900
-997.0000 -767191.0000 -111115.6800
-997.0000 -644955.0000 -83392.8900
-997.0000 -1140501.0000 -118065.7900
-997.0000 -648481.0000 -110748.1200
-997.0000 -949853.0000 -94465.2900
-997.0000 -1325225.0000 -84172.6900
-997.0000 -627553.0000 -29191.8300
-997.0000 -650677.0000 -34655.8900
-997.0000 -960439.0000 -93503.5400
-997.0000 -130095.0000 -1811.2300
-997.0000 -1168123.0000 -86296.8000
-997.0000 -716985.0000 -48416.6000
-997.0000 -648319.0000 -10685.6300
-997.0000 -1198535.0000 -97876.4800
-997.0000 -386365.0000 -53149.4700
-997.0000 -471339.0000 -19088.4700
-997.0000 -824325.0000 -80462.6500
-997.0000 -1160795.0000 -22357.4400
-997.0000 -888233.0000 -78629.5100
-997.0000 -487227.0000 -25616.7000
-997.0000 -509409.0000 -62853.5900
-997.0000 -420663.0000 -31636.5800
-997.0000 -1487837.0000 -118329.6900
-997.0000 -1132301.0000 -48715.8500
-997.0000 -1178181.0000 -26085.3300
-997.0000 -551701.0000 -31924.0600
-997.0000 -590723.0000 -17024.9300
-997.0000 -1054609.0000 -84209.7100
-997.0000 -1054609.0000 -88199.5300
-997.0000 -1400305.0000 -330804.2600
-997.0000 -516519.0000 -59530.6000
-997.0000 -764869.0000 -197382.1900
-997.0000 -1265663.0000 -83302.1300
-997.0000 -318079.0000 -22839.3000
-997.0000 -489415.0000 -12382.0800
-997.0000 -57989.0000 -1566.9200
-997.0000 -1234755.0000 -91541.2200
-997.0000 -322605.0000 -30978.3000
-997.0000 -1104879.0000 -88320.6600
-997.0000 -740137.0000 -125032.5200
-997.0000 -1460755.0000 -78011.1900
-997.0000 -825475.0000 -97127.4300
-997.0000 -490637.0000 -9033.9400
-997.0000 -1664731.0000 -94607.0500
-997.0000 -430117.0000 -17936.4800
-997.0000 -655105.0000 -29012.2500
-997.0000 -408605.0000 -10232.3300
-997.0000 -744895.0000 -79164.8400
-997.0000 -592783.0000 -37732.0800
-997.0000 -575605.0000 -14063.9400
-997.0000 -710103.0000 -55306.4300
-997.0000 -989027.0000 -43356.2700
-997.0000 -484345.0000 -18237.6300
-165.0000 -802185.0000 -19870.5200
-165.0000 -2199351.0000 -221544.6800
-165.0000 -775341.0000 -96886.3400
-165.0000 -735227.0000 -34117.1800
-165.0000 -670723.0000 -56857.0400
-165.0000 -1188263.0000 -26148.8000
-165.0000 -1301829.0000 -153513.1100
-165.0000 -507461.0000 -37200.2700
-165.0000 -1565881.0000 -122068.5600
-165.0000 -880929.0000 -36205.6900
-165.0000 -1532315.0000 -95702.3800
-165.0000 -364733.0000 -15505.6500
-165.0000 -607149.0000 -49093.5800
-165.0000 -490661.0000 -21226.3100
-165.0000 -797997.0000 -95820.5400
-165.0000 -987075.0000 -74075.7300
-165.0000 -753711.0000 -25518.7300
-165.0000 -654675.0000 -80235.4100
-165.0000 -632459.0000 -38674.6100
-165.0000 -472011.0000 -39667.6200
-165.0000 -1062905.0000 -58337.4200
-165.0000 -401071.0000 -32538.6500
-165.0000 -851221.0000 -63844.6900
-165.0000 -1272505.0000 -148377.4000
-165.0000 -556495.0000 -104530.6500
-165.0000 -766021.0000 -14333.7900
-165.0000 -380383.0000 -8696.9300
-165.0000 -317215.0000 -67321.3400
-165.0000 -431775.0000 -50572.3000
-165.0000 -748603.0000 -57894.8600
-165.0000 -967913.0000 -67957.2400
-165.0000 -1007861.0000 -74390.9300
-165.0000 -1568313.0000 -126091.0800
-165.0000 -886081.0000 -67379.1900
-165.0000 -472201.0000 -18829.3400
-165.0000 -1185293.0000 -122807.2900
-165.0000 -928007.0000 -34596.7500
-165.0000 -498213.0000 -14192.1300
-165.0000 -434573.0000 -8710.9400
-165.0000 -1829873.0000 -74038.1600
-165.0000 -1219909.0000 -72072.3900
-165.0000 -1048925.0000 -91305.7300
-165.0000 -439053.0000 -18377.1300
-165.0000 -1888267.0000 -137772.0200
-165.0000 -151353.0000 -2217.6600
-165.0000 -879171.0000 -89036.2800
-165.0000 -137885.0000 -3235.8100
-165.0000 -1557187.0000 -109793.0800
-165.0000 -694257.0000 -75927.4000
-165.0000 -540745.0000 -27810.2700
-165.0000 -1360285.0000 -114832.5500
-165.0000 -510989.0000 -21274.4800
-165.0000 -1334941.0000 -155020.4400
-165.0000 -1221257.0000 -123294.4900
-165.0000 -941659.0000 -165140.2000
-165.0000 -439491.0000 -52251.4300
-165.0000 -617817.0000 -4376.3800
-165.0000 -1100165.0000 -160503.1000
-165.0000 -672387.0000 -73618.9400
-165.0000 -194771.0000 -7536.4300
-165.0000 -165.0000 -165.0000
-165.0000 -165.0000 -165.0000
-165.0000 -165.0000 -165.0000
-165.0000 -165.0000 -165.0000
-165.0000 -165.0000 -165.0000
-165.0000 -165.0000 -165.0000
-165.0000 -165.0000 -165.0000
-165.0000 -165.0000 -165.0000
-165.0000 -165.0000 -165.0000
-165.0000 -247801.0000 -1403.1800
-165.0000 -165.0000 -165.0000
-165.0000 -165.0000 -165.0000
-165.0000 -12381.0000 -226.0800
-165.0000 -319241.0000 -10069.4900
-165.0000 -165.0000 -165.0000
-165.0000 -165.0000 -165.0000
-165.0000 -165.0000 -165.0000
-165.0000 -165.0000 -165.0000
-165.0000 -19071.0000 -259.5300
-165.0000 -165.0000 -165.0000
-165.0000 -165.0000 -165.0000
-165.0000 -632863.0000 -3328.4900
-165.0000 -190069.0000 -1114.5200
-165.0000 -165.0000 -165.0000
-165.0000 -165.0000 -165.0000
-165.0000 -165.0000 -165.0000
-165.0000 -165.0000 -165.0000
-165.0000 -165.0000 -165.0000
-165.0000 -165.0000 -165.0000
-165.0000 -679505.0000 -3561.7000
-165.0000 -165.0000 -165.0000
-165.0000 -165.0000 -165.0000
-165.0000 -165.0000 -165.0000
-165.0000 -165.0000 -165.0000
-165.0000 -165.0000 -165.0000
-165.0000 -26577.0000 -297.0600
-165.0000 -165.0000 -165.0000
-165.0000 -165.0000 -165.0000
-165.0000 -165.0000 -165.0000
-165.0000 -107309.0000 -700.7200
-165.0000 -165.0000 -165.0000
-165.0000 -165.0000 -165.0000
-165.0000 -165.0000 -165.0000
-165.0000 -165.0000 -165.0000
-165.0000 -165.0000 -165.0000
-165.0000 -396309.0000 -12239.7700
-165.0000 -165.0000 -165.0000
-165.0000 -63205.0000 -480.2000
-165.0000 -165.0000 -165.0000
-165.0000 -1325.0000 -170.8000
-165.0000 -65001.0000 -601.6800
-165.0000 -165.0000 -165.0000
-165.0000 -165.0000 -165.0000
-165.0000 -165.0000 -165.0000
-165.0000 -165.0000 -165.0000
-165.0000 -515873.0000 -11486.8800
-165.0000 -165.0000 -165.0000
-165.0000 -165.0000 -165.0000
-165.0000 -165.0000 -165.0000
-165.0000 -165.0000 -165.0000
-165.0000 -165.0000 -165.0000
-165.0000 -165.0000 -165.0000
-165.0000 -165.0000 -165.0000
-165.0000 -165.0000 -165.0000
-165.0000 -165.0000 -165.0000
-165.0000 -591975.0000 -3124.0500
-165.0000 -165.0000 -165.0000
-165.0000 -165.0000 -165.0000
-165.0000 -165.0000 -165.0000
-165.0000 -117929.0000 -753.8200
-165.0000 -165.0000 -165.0000
-165.0000 -122419.0000 -776.2700
-165.0000 -155355.0000 -1589.3100
-165.0000 -165.0000 -165.0000
-165.0000 -165.0000 -165.0000
-165.0000 -165.0000 -165.0000
-165.0000 -165.0000 -165.0000
-165.0000 -165.0000 -165.0000
