-25567.0000 -5174291.0000 -557257.2000
-25567.0000 -2439813.0000 -276623.4800
-25567.0000 -4480939.0000 -545420.6900
-25567.0000 -4640181.0000 -1050817.5200
-25567.0000 -7255785.0000 -839119.8500
-25567.0000 -6036353.0000 -725054.4800
-25567.0000 -4272091.0000 -620469.6100
-3161.0000 -4644161.0000 -544670.9100
-3161.0000 -2153909.0000 -220479.7100
-3161.0000 -3927875.0000 -948065.9300
-3161.0000 -4679871.0000 -488416.4100
-3161.0000 -1981033.0000 -245781.8900
-3161.0000 -3230045.0000 -808744.0800
-3161.0000 -3009729.0000 -308731.3700
-3161.0000 -3738383.0000 -267432.7700
-3161.0000 -4198969.0000 -581492.2600
-3161.0000 -4506237.0000 -639898.4800
-3161.0000 -2386229.0000 -516378.7600
-3161.0000 -5941911.0000 -611026.5300
-3161.0000 -4119287.0000 -1072181.6000
-3161.0000 -3998083.0000 -559785.0500
-3161.0000 -4882769.0000 -515075.4800
-3161.0000 -3005603.0000 -272299.1700
-3161.0000 -3840535.0000 -580654.8400
-3161.0000 -5845295.0000 -357000.1100
-3161.0000 -4556455.0000 -431871.9800
-3161.0000 -5100339.0000 -717959.7800
-3161.0000 -3424511.0000 -733264.4400
-3161.0000 -4027365.0000 -597675.5100
-3161.0000 -5048533.0000 -447904.8100
-3161.0000 -3519567.0000 -581083.2600
-3161.0000 -2931663.0000 -457280.7900
-3161.0000 -5073883.0000 -878693.6300
-3161.0000 -5807489.0000 -1216217.1800
-3161.0000 -3632307.0000 -681164.7400
-3161.0000 -6028351.0000 -530075.5000
-3161.0000 -6117449.0000 -744842.6500
-3161.0000 -5111509.0000 -708403.2100
-3161.0000 -4624831.0000 -304655.1100
-3161.0000 -4640503.0000 -599303.2500
-3161.0000 -3770023.0000 -752632.3800
-3161.0000 -3229649.0000 -213790.7200
-3161.0000 -3051991.0000 -377395.9700
-3161.0000 -4011687.0000 -971487.6900
-3161.0000 -3686075.0000 -638184.1000
-3161.0000 -3187079.0000 -680654.3700
-3161.0000 -1392273.0000 -335469.2600
-3161.0000 -6178209.0000 -999019.5900
-3161.0000 -5581879.0000 -1941179.5600
-3161.0000 -3421195.0000 -347282.5200
-3161.0000 -3374391.0000 -281931.2300
-3161.0000 -1562953.0000 -405979.9300
-3161.0000 -7147753.0000 -1729763.0900
-3161.0000 -4846437.0000 -548517.7800
-3161.0000 -6139701.0000 -547431.4000
-3161.0000 -2278385.0000 -353975.1100
-3161.0000 -3571799.0000 -365318.1800
-3161.0000 -3459799.0000 -644756.6500
-3161.0000 -2322443.0000 -399433.2300
-3161.0000 -2144979.0000 -350262.6400
-3161.0000 -2112005.0000 -192813.8600
-3161.0000 -4714977.0000 -932099.4300
-3161.0000 -4616613.0000 -1283560.4800
-3161.0000 -1825009.0000 -306718.4400
-3161.0000 -2078451.0000 -172861.1700
-3161.0000 -3400237.0000 -180096.6900
-3161.0000 -3535509.0000 -466685.9800
-3161.0000 -6183621.0000 -1790216.2300
-3161.0000 -2519165.0000 -319783.0500
-3161.0000 -3506695.0000 -648882.6300
-3161.0000 -5332847.0000 -526374.8600
-3161.0000 -6897855.0000 -497499.9500
-3161.0000 -2892009.0000 -458151.2000
-3161.0000 -3963349.0000 -1064664.2100
-3161.0000 -5283247.0000 -1171211.4200
-3161.0000 -5355933.0000 -571432.2100
-3161.0000 -5551059.0000 -971857.7500
-3161.0000 -3492039.0000 -385454.1500
-3161.0000 -1780727.0000 -253020.8100
-3161.0000 -5187329.0000 -770344.2700
-3161.0000 -15361209.0000 -2001850.4400
-3161.0000 -1858743.0000 -436701.3700
-3161.0000 -2981409.0000 -164807.5100
-3161.0000 -2617901.0000 -300673.9100
-3161.0000 -2111813.0000 -349095.6200
-3161.0000 -3053893.0000 -253199.8400
-3161.0000 -2087505.0000 -373810.3000
-3161.0000 -3346435.0000 -416181.0300
-3161.0000 -3574341.0000 -230249.4900
-3161.0000 -4340775.0000 -253415.0800
-3161.0000 -2165851.0000 -338234.3600
-3161.0000 -2578763.0000 -283534.8500
-3161.0000 -1726425.0000 -316274.2600
-3161.0000 -4269303.0000 -520412.7600
-3161.0000 -2189829.0000 -179423.9500
-3161.0000 -5321787.0000 -388532.5900
-3161.0000 -3253703.0000 -403596.5500
-3161.0000 -3953567.0000 -640443.6000
-3161.0000 -3426259.0000 -347531.8100
-3161.0000 -2754237.0000 -823883.2900
-3161.0000 -2729985.0000 -798979.3600
-3161.0000 -3049923.0000 -753279.7200
-3161.0000 -2243923.0000 -327325.8700
-3161.0000 -2080737.0000 -402989.6000
-3161.0000 -2799389.0000 -577190.8900
-1687.0000 -1920439.0000 -190167.4300
-1687.0000 -1803993.0000 -399855.0100
-1687.0000 -2705687.0000 -171982.0700
-1687.0000 -2981295.0000 -386306.7800
-1687.0000 -3103749.0000 -745280.7400
-1687.0000 -2464425.0000 -315089.4400
-1687.0000 -2157887.0000 -214277.7100
-1687.0000 -3204075.0000 -605511.2700
-1687.0000 -1320505.0000 -132388.1000
-1687.0000 -3318777.0000 -345109.6700
-1687.0000 -2268131.0000 -351651.6500
-1687.0000 -3425671.0000 -747674.6300
-1687.0000 -1843655.0000 -214235.5200
-1687.0000 -3559295.0000 -759345.7800
-1687.0000 -2114965.0000 -362160.5900
-1687.0000 -2719153.0000 -650556.2000
-1687.0000 -1786557.0000 -281300.5100
-1687.0000 -1762845.0000 -204669.2400
-1687.0000 -3182115.0000 -317829.9400
-1687.0000 -1091095.0000 -204559.9500
-1687.0000 -1421691.0000 -207056.7800
-1687.0000 -2129917.0000 -211487.6400
-1687.0000 -1234721.0000 -150777.7700
-1687.0000 -2407485.0000 -304632.9700
-1687.0000 -2032645.0000 -168682.8200
-1687.0000 -1316969.0000 -210021.1900
-1687.0000 -3665293.0000 -377937.6300
-1687.0000 -1532573.0000 -275935.6500
-1687.0000 -1442599.0000 -80953.7000
-1687.0000 -2522215.0000 -396425.1500
-1687.0000 -848555.0000 -157700.8600
-1687.0000 -1780567.0000 -186596.0600
-1687.0000 -1441131.0000 -184506.7900
-1687.0000 -1594037.0000 -293338.0800
-1687.0000 -1507583.0000 -282706.8000
-1687.0000 -928943.0000 -174612.8900
-1687.0000 -1870501.0000 -109511.9800
-1687.0000 -1601895.0000 -169141.3900
-1687.0000 -557135.0000 -66583.4100
-1687.0000 -1200759.0000 -58530.1300
-1687.0000 -716819.0000 -97488.5000
-1687.0000 -1465083.0000 -280561.1800
-1687.0000 -1759669.0000 -269793.6000
-1687.0000 -1435913.0000 -275856.5900
-1687.0000 -2079223.0000 -105631.2900
-1687.0000 -1291241.0000 -142344.4600
-1687.0000 -2036449.0000 -368229.7700
-1687.0000 -2392077.0000 -221237.6700
-1687.0000 -2138809.0000 -263140.6200
-1687.0000 -882651.0000 -258074.3600
-1687.0000 -1784781.0000 -261167.2700
-1687.0000 -1892659.0000 -131522.0100
-1687.0000 -1445727.0000 -213438.2000
-1687.0000 -1026915.0000 -150951.2500
-1687.0000 -1051745.0000 -346321.6100
-1687.0000 -1991265.0000 -328408.4700
-1687.0000 -782973.0000 -67639.8000
-1687.0000 -1176695.0000 -80835.6100
-1687.0000 -776233.0000 -31312.9200
-1687.0000 -591525.0000 -43284.8400
-1687.0000 -264741.0000 -9474.9500
-1687.0000 -596583.0000 -17880.8600
-1687.0000 -590113.0000 -14259.4500
-1687.0000 -1143697.0000 -155043.2300
-1687.0000 -794123.0000 -53894.7100
-1687.0000 -712429.0000 -52020.8900
-1687.0000 -600775.0000 -18563.2200
-1687.0000 -1987833.0000 -101409.4400
-1687.0000 -320059.0000 -33442.6000
-1687.0000 -1301079.0000 -87411.4200
-1687.0000 -952043.0000 -220779.6700
-1687.0000 -559879.0000 -66460.3300
-1687.0000 -359317.0000 -6384.2600
-1687.0000 -827581.0000 -30415.4500
-1687.0000 -670159.0000 -16951.4200
-1687.0000 -945393.0000 -57820.8600
-1687.0000 -267517.0000 -5836.2000
-1687.0000 -165167.0000 -2788.5500
-1687.0000 -1303125.0000 -54694.5800
-1687.0000 -1613559.0000 -135670.9100
-1687.0000 -769041.0000 -52119.7900
-1687.0000 -1425941.0000 -71718.6500
-1687.0000 -735775.0000 -45877.7700
-1687.0000 -926705.0000 -55229.8500
-1687.0000 -712187.0000 -14253.2200
-1687.0000 -1221961.0000 -122827.0600
-1687.0000 -677081.0000 -19795.8100
-1687.0000 -1030603.0000 -58656.4200
-1687.0000 -776067.0000 -66158.0800
-1687.0000 -869875.0000 -46196.8500
-1687.0000 -1180357.0000 -190249.3200
-1687.0000 -203305.0000 -28455.9200
-1687.0000 -799659.0000 -45316.0600
-1687.0000 -1211349.0000 -30974.5300
-1687.0000 -295969.0000 -13242.5900
-1687.0000 -594737.0000 -31112.9500
-1687.0000 -1102359.0000 -47360.5900
-1687.0000 -468949.0000 -48408.8900
-1687.0000 -707455.0000 -176573.6400
-1671.0000 -939415.0000 -34381.6400
-1671.0000 -670149.0000 -13444.3200
-1671.0000 -1000711.0000 -66886.3600
-1671.0000 -923569.0000 -37893.1400
-1671.0000 -1119811.0000 -38136.0100
-1671.0000 -1153065.0000 -120276.7800
-1671.0000 -872525.0000 -109545.2800
-1671.0000 -962897.0000 -40014.2200
-1671.0000 -722111.0000 -57503.9300
-1671.0000 -584511.0000 -19637.1800
-1671.0000 -869989.0000 -37978.1400
-1671.0000 -332341.0000 -13356.1800
-1671.0000 -1098457.0000 -58934.1800
-1671.0000 -815449.0000 -117680.3200
-1671.0000 -996051.0000 -86991.7100
-1671.0000 -468483.0000 -22984.8900
-1671.0000 -1062231.0000 -14146.8200
-1671.0000 -741331.0000 -39192.9400
-1671.0000 -741331.0000 -51664.3400
-1671.0000 -1633237.0000 -376947.3900
-1671.0000 -217369.0000 -11973.1300
-1671.0000 -420787.0000 -9826.8000
-1671.0000 -429579.0000 -5783.7400
-1671.0000 -894107.0000 -53905.2000
-1671.0000 -679317.0000 -32369.3700
-1671.0000 -199407.0000 -20339.8200
-1671.0000 -621175.0000 -47260.0000
-1671.0000 -649417.0000 -43399.6700
-1671.0000 -946903.0000 -59222.7200
-1671.0000 -512697.0000 -92471.3700
-1671.0000 -1397877.0000 -241760.2300
-1671.0000 -674897.0000 -29528.6400
-1671.0000 -592979.0000 -11434.7600
-1671.0000 -1132255.0000 -20965.7600
-1671.0000 -541111.0000 -24834.1900
-1671.0000 -1315295.0000 -110159.0600
-1671.0000 -980301.0000 -96576.2300
-1671.0000 -907343.0000 -75055.3100
-1671.0000 -664107.0000 -36904.4600
-1671.0000 -760193.0000 -46860.7600
-1671.0000 -725681.0000 -55641.7400
-1671.0000 -1564779.0000 -163496.3500
-1671.0000 -591517.0000 -40631.0500
-1671.0000 -542847.0000 -14344.7400
-1671.0000 -539451.0000 -20496.4900
-1671.0000 -1253147.0000 -57720.6200
-1671.0000 -683041.0000 -54295.1700
-1671.0000 -746695.0000 -24116.4700
-1671.0000 -1013531.0000 -39288.9600
-1671.0000 -1376323.0000 -158920.0400
-1671.0000 -851195.0000 -108952.5300
-1671.0000 -812895.0000 -76325.3000
-1671.0000 -442585.0000 -17874.5700
-1671.0000 -1430409.0000 -380367.1400
-1671.0000 -796085.0000 -59683.3000
-1671.0000 -871027.0000 -80683.0500
-1671.0000 -564935.0000 -81154.7500
-1671.0000 -1350913.0000 -15403.9700
-1671.0000 -853189.0000 -13888.1000
-1671.0000 -1213717.0000 -222081.2300
-1671.0000 -1103427.0000 -74813.7100
-1671.0000 -814183.0000 -65600.8900
-1671.0000 -396043.0000 -6270.4800
-1671.0000 -189463.0000 -6880.6000
-1671.0000 -1866857.0000 -125878.6900
-1671.0000 -170589.0000 -18700.9900
-1671.0000 -638731.0000 -127734.2100
-1671.0000 -642109.0000 -55683.9300
-1671.0000 -392869.0000 -25440.9600
-1671.0000 -666895.0000 -96359.6900
-1671.0000 -1622643.0000 -41868.9900
-1671.0000 -1458077.0000 -145868.8000
-1671.0000 -957435.0000 -81260.2700
-1671.0000 -748247.0000 -25795.3900
-1671.0000 -1295939.0000 -147695.1700
-1671.0000 -235407.0000 -7729.5600
-1671.0000 -874545.0000 -21856.1400
-1671.0000 -388991.0000 -11714.9300
-1671.0000 -574451.0000 -36110.4000
-1671.0000 -1046401.0000 -30716.7100
-1671.0000 -581085.0000 -43470.9500
-1671.0000 -1350587.0000 -63343.4400
-1671.0000 -401807.0000 -31728.9000
-1671.0000 -1327545.0000 -61074.8100
-1671.0000 -968337.0000 -31614.4300
-1671.0000 -892325.0000 -27689.5800
-1671.0000 -495189.0000 -28857.6800
-1671.0000 -793059.0000 -19728.6300
-1671.0000 -1393121.0000 -389965.2500
-1671.0000 -1686507.0000 -182830.6600
-1671.0000 -652481.0000 -160998.7700
-1671.0000 -1331419.0000 -86143.6300
-1671.0000 -483809.0000 -78999.3900
-1671.0000 -822863.0000 -159617.7900
-1671.0000 -1016805.0000 -134420.7600
-1671.0000 -1727125.0000 -132245.0500
-1671.0000 -885935.0000 -39657.8900
-1671.0000 -670175.0000 -32092.0000
-1671.0000 -699293.0000 -42040.5400
-1671.0000 -839717.0000 -20112.6100
-1671.0000 -905673.0000 -12506.2800
-1671.0000 -512697.0000 -17930.0100
-1671.0000 -968337.0000 -120362.0900
-1671.0000 -971343.0000 -17684.5400
-1671.0000 -1470017.0000 -217790.0600
-1671.0000 -1033943.0000 -146543.7200
-1671.0000 -660133.0000 -13972.9300
-1671.0000 -761631.0000 -41597.4600
-1671.0000 -549161.0000 -31067.0200
-1671.0000 -912957.0000 -28473.4200
-1671.0000 -757313.0000 -7963.0000
-1671.0000 -1273127.0000 -35735.7200
-1671.0000 -458689.0000 -33923.4100
-1671.0000 -670175.0000 -10811.9100
-1671.0000 -547143.0000 -46743.9100
-1671.0000 -762947.0000 -52618.1100
-1671.0000 -1022733.0000 -60511.4100
-1671.0000 -46595.0000 -2422.3200
-1671.0000 -1671.0000 -1671.0000
-1671.0000 -1671.0000 -1671.0000
-1671.0000 -1671.0000 -1671.0000
-1671.0000 -1671.0000 -1671.0000
-1671.0000 -1671.0000 -1671.0000
-1671.0000 -1671.0000 -1671.0000
-1671.0000 -1671.0000 -1671.0000
-1671.0000 -1671.0000 -1671.0000
-1671.0000 -1671.0000 -1671.0000
-1671.0000 -1671.0000 -1671.0000
-1671.0000 -1671.0000 -1671.0000
-55.0000 -1671.0000 -1113.4800
-55.0000 -1671.0000 -168.1200
-55.0000 -55.0000 -55.0000
-55.0000 -527337.0000 -2691.4100
-55.0000 -55.0000 -55.0000
-55.0000 -55.0000 -55.0000
-55.0000 -55.0000 -55.0000
-55.0000 -83547.0000 -472.4600
-55.0000 -55.0000 -55.0000
-55.0000 -55.0000 -55.0000
-55.0000 -55.0000 -55.0000
-55.0000 -55.0000 -55.0000
-55.0000 -55.0000 -55.0000
-55.0000 -1514603.0000 -7953.0200
-55.0000 -192381.0000 -1016.6300
-55.0000 -55.0000 -55.0000
-55.0000 -55.0000 -55.0000
-55.0000 -55.0000 -55.0000
-55.0000 -159377.0000 -851.6100
-55.0000 -55.0000 -55.0000
-55.0000 -590557.0000 -7500.2600
-55.0000 -55.0000 -55.0000
-55.0000 -55.0000 -55.0000
-55.0000 -330547.0000 -1707.4600
-55.0000 -55.0000 -55.0000
-55.0000 -55.0000 -55.0000
-55.0000 -55.0000 -55.0000
-55.0000 -22895.0000 -169.2000
-55.0000 -55.0000 -55.0000
-55.0000 -55.0000 -55.0000
-55.0000 -55.0000 -55.0000
-55.0000 -55.0000 -55.0000
-55.0000 -55.0000 -55.0000
-55.0000 -55.0000 -55.0000
-55.0000 -55.0000 -55.0000
-55.0000 -55.0000 -55.0000
-55.0000 -55.0000 -55.0000
-55.0000 -55.0000 -55.0000
-55.0000 -55.0000 -55.0000
-55.0000 -55.0000 -55.0000
-55.0000 -55.0000 -55.0000
-55.0000 -55.0000 -55.0000
-55.0000 -146921.0000 -1376.4100
-55.0000 -55.0000 -55.0000
-55.0000 -55.0000 -55.0000
-55.0000 -55.0000 -55.0000
-55.0000 -55.0000 -55.0000
-55.0000 -55.0000 -55.0000
-55.0000 -55.0000 -55.0000
-55.0000 -55.0000 -55.0000
-55.0000 -55.0000 -55.0000
-55.0000 -55.0000 -55.0000
-55.0000 -55.0000 -55.0000
-55.0000 -55.0000 -55.0000
-55.0000 -5069.0000 -80.0700
-55.0000 -55.0000 -55.0000
-55.0000 -55.0000 -55.0000
-55.0000 -155245.0000 -830.9500
-55.0000 -419753.0000 -3417.0600
-55.0000 -55.0000 -55.0000
-55.0000 -55.0000 -55.0000
-55.0000 -55.0000 -55.0000
-55.0000 -441911.0000 -5853.6000
-55.0000 -55.0000 -55.0000
-55.0000 -55.0000 -55.0000
-55.0000 -900795.0000 -10348.4900
-55.0000 -527337.0000 -2691.4100
