-160163.0000 -6604821.0000 -1135115.3000
-160163.0000 -4256053.0000 -719083.5900
-160163.0000 -4561335.0000 -1907185.8000
-25435.0000 -4649041.0000 -630139.3900
-25435.0000 -767591.0000 -189497.8100
-25435.0000 -3523327.0000 -212282.8200
-25435.0000 -2720557.0000 -543427.4500
-25435.0000 -4276243.0000 -334808.2200
-25435.0000 -5202367.0000 -1114437.2100
-25435.0000 -4644033.0000 -993004.7400
-25435.0000 -4168173.0000 -597321.1500
-25435.0000 -4505537.0000 -801479.0400
-25435.0000 -2467783.0000 -599052.1500
-25435.0000 -5375965.0000 -723774.7700
-25435.0000 -4247915.0000 -1071373.0200
-25435.0000 -4667675.0000 -726338.7200
-25435.0000 -4977915.0000 -650744.5200
-25435.0000 -4474071.0000 -519344.5800
-25435.0000 -4308265.0000 -705735.4700
-25435.0000 -2741731.0000 -375021.9100
-25435.0000 -3616947.0000 -225505.9400
-25435.0000 -3724979.0000 -774682.7600
-25435.0000 -4275831.0000 -319668.2100
-25435.0000 -5436493.0000 -367677.3800
-25435.0000 -5291367.0000 -820116.5300
-25435.0000 -10006899.0000 -1687636.8100
-25435.0000 -6382905.0000 -644744.4900
-25435.0000 -3084255.0000 -598488.4600
-25435.0000 -4563243.0000 -376160.8300
-25435.0000 -5141169.0000 -636275.7000
-25435.0000 -2497221.0000 -375827.2600
-25435.0000 -3204543.0000 -284189.8800
-25435.0000 -3506171.0000 -714375.9500
-25435.0000 -3034475.0000 -1095150.3500
-24779.0000 -2921741.0000 -298791.6000
-24779.0000 -3158401.0000 -567837.4900
-2961.0000 -5728839.0000 -414911.4000
-2961.0000 -4097305.0000 -725258.6700
-2299.0000 -2828207.0000 -354438.1400
-2299.0000 -4578403.0000 -472731.4800
-2299.0000 -5074235.0000 -940355.1500
-2299.0000 -8551899.0000 -714172.0800
-2299.0000 -3732951.0000 -253037.6500
-2299.0000 -2822029.0000 -884535.9200
-2299.0000 -2103973.0000 -379384.9300
-2299.0000 -2741853.0000 -236932.4800
-2299.0000 -3206541.0000 -658531.5300
-2299.0000 -3971127.0000 -872426.0500
-2299.0000 -3192753.0000 -516117.8700
-2299.0000 -1478623.0000 -228381.5100
-2299.0000 -2811717.0000 -545983.0400
-2299.0000 -4402893.0000 -843401.4500
-2299.0000 -2767979.0000 -479339.2400
-2299.0000 -4507871.0000 -227933.2100
-2299.0000 -3458107.0000 -708063.7700
-2299.0000 -5575337.0000 -485220.1000
-2299.0000 -5003377.0000 -738907.2000
-2299.0000 -4939451.0000 -669505.5900
-2299.0000 -2454273.0000 -322962.4600
-2299.0000 -4476793.0000 -329197.5100
-2299.0000 -3799129.0000 -496512.1700
-2299.0000 -2850655.0000 -238852.4700
-2299.0000 -4977667.0000 -884875.4800
-2299.0000 -3316863.0000 -272728.7400
-2299.0000 -5198699.0000 -365172.2800
-2299.0000 -2647013.0000 -196021.9500
-2299.0000 -4122701.0000 -488429.3000
-2299.0000 -3809607.0000 -455793.7600
-2299.0000 -5533475.0000 -802429.4200
-2299.0000 -2757027.0000 -445629.3900
-2299.0000 -2938843.0000 -494398.4500
-2299.0000 -2699257.0000 -541334.9900
-2299.0000 -6565077.0000 -2182144.2600
-2299.0000 -5405489.0000 -1096309.9100
-2299.0000 -1646633.0000 -356382.6900
-2299.0000 -3089901.0000 -584189.3600
-2299.0000 -4836103.0000 -1196869.1300
-2299.0000 -2239587.0000 -260165.7500
-2299.0000 -4951253.0000 -442866.9300
-2299.0000 -3635215.0000 -667456.5100
-2299.0000 -4414207.0000 -497317.2400
-2299.0000 -2869213.0000 -699146.0800
-2299.0000 -3501943.0000 -483344.5100
-2299.0000 -1992245.0000 -291855.9400
-2299.0000 -1876405.0000 -356217.5700
-1393.0000 -2841145.0000 -457807.7800
-1393.0000 -3447623.0000 -340696.0400
-1393.0000 -2695639.0000 -438477.5700
-1393.0000 -3079985.0000 -265898.5300
-1393.0000 -2469421.0000 -609861.4000
-1393.0000 -2742001.0000 -370744.5100
-1393.0000 -2418789.0000 -180213.7400
-1393.0000 -2883097.0000 -275259.9600
-1393.0000 -1396179.0000 -252423.9400
-1393.0000 -4359401.0000 -718344.2700
-1393.0000 -2225759.0000 -368632.8100
-1393.0000 -3899977.0000 -640546.7900
-1393.0000 -1217295.0000 -104294.3000
-907.0000 -4434613.0000 -284823.3200
-907.0000 -2061379.0000 -229856.2200
-907.0000 -2203173.0000 -323768.1600
-907.0000 -2565213.0000 -539079.4600
-907.0000 -2608983.0000 -265192.4700
-907.0000 -2754743.0000 -457453.1500
-907.0000 -3563931.0000 -371868.7600
-907.0000 -3990727.0000 -871665.2500
-907.0000 -3540561.0000 -400492.7700
-907.0000 -3002491.0000 -651905.3000
-907.0000 -4881731.0000 -1186148.0900
-907.0000 -2123245.0000 -114990.1500
-907.0000 -1447389.0000 -219467.3900
-907.0000 -4014629.0000 -193794.5500
-907.0000 -3404957.0000 -795170.8700
-907.0000 -3303263.0000 -682466.3700
-907.0000 -2300099.0000 -564936.4700
-907.0000 -2535767.0000 -681544.4900
-907.0000 -2624997.0000 -395876.2900
-907.0000 -2132495.0000 -221975.7500
-907.0000 -1814095.0000 -232922.5600
-907.0000 -1195195.0000 -243488.0600
-907.0000 -1909553.0000 -425120.2600
-907.0000 -1574981.0000 -149923.9900
-907.0000 -1644307.0000 -137811.6200
-907.0000 -946213.0000 -143995.1200
-907.0000 -1505787.0000 -205796.5500
-907.0000 -2038535.0000 -294367.0600
-907.0000 -1442705.0000 -258130.5900
-907.0000 -1345833.0000 -92301.2300
-907.0000 -1225819.0000 -155538.3400
-907.0000 -3050821.0000 -306592.3900
-907.0000 -2537239.0000 -397968.9200
-907.0000 -693223.0000 -149399.1100
-907.0000 -1523013.0000 -171634.7800
-907.0000 -1582421.0000 -212374.2900
-907.0000 -1377367.0000 -159594.4700
-907.0000 -1799221.0000 -235147.3900
-907.0000 -1465765.0000 -230556.2000
-907.0000 -3224257.0000 -148980.7300
-907.0000 -1333917.0000 -229552.0300
-907.0000 -1649347.0000 -281629.4000
-907.0000 -949667.0000 -139114.4200
-907.0000 -1559759.0000 -138121.8100
-907.0000 -1069333.0000 -134312.4700
-907.0000 -1155793.0000 -112468.4900
-907.0000 -2033971.0000 -198553.0300
-907.0000 -1468971.0000 -174456.4500
-907.0000 -1710983.0000 -222666.4100
-907.0000 -1435985.0000 -141837.0700
-907.0000 -1518715.0000 -193149.1400
-907.0000 -1868173.0000 -562471.7400
-907.0000 -1693057.0000 -284932.6300
-907.0000 -1040353.0000 -96876.9700
-907.0000 -2160633.0000 -168463.2100
-907.0000 -2050053.0000 -231542.0800
-907.0000 -2524753.0000 -181233.7600
-907.0000 -1282279.0000 -419598.0100
-907.0000 -2232341.0000 -283352.8200
-907.0000 -1155501.0000 -245616.1200
-907.0000 -1918383.0000 -226492.7200
-907.0000 -2443345.0000 -220956.5500
-907.0000 -1402673.0000 -220017.1100
-907.0000 -1165607.0000 -154224.4200
-907.0000 -526485.0000 -57114.0400
-907.0000 -1023883.0000 -154244.7000
-907.0000 -2180133.0000 -279419.7900
-907.0000 -718403.0000 -127046.5600
-907.0000 -960903.0000 -148523.5300
-907.0000 -875351.0000 -65034.9000
-907.0000 -1838397.0000 -78434.9100
-907.0000 -790857.0000 -72482.1500
-907.0000 -854915.0000 -90983.0600
-907.0000 -370425.0000 -26872.4800
-907.0000 -464569.0000 -27827.2900
-907.0000 -783255.0000 -62397.4600
-907.0000 -643051.0000 -62633.8800
-907.0000 -1006931.0000 -108948.9100
-907.0000 -717547.0000 -27337.3100
-907.0000 -760833.0000 -65408.5600
-907.0000 -311453.0000 -7779.0300
-907.0000 -349263.0000 -11492.6400
-907.0000 -816511.0000 -79890.8200
-907.0000 -682465.0000 -55065.9900
-907.0000 -457943.0000 -12126.3500
-907.0000 -501445.0000 -10703.7800
-907.0000 -703737.0000 -33359.3300
-907.0000 -421841.0000 -10359.3500
-907.0000 -179385.0000 -2555.7800
-907.0000 -1479941.0000 -72666.8900
-907.0000 -670939.0000 -16893.5500
-907.0000 -365867.0000 -7149.6600
-907.0000 -936945.0000 -123171.9600
-907.0000 -807161.0000 -50131.3500
-907.0000 -1090187.0000 -23998.2900
-907.0000 -897229.0000 -90003.2100
-907.0000 -208269.0000 -2980.6200
-907.0000 -1225143.0000 -186046.5000
-907.0000 -1947351.0000 -214993.3400
-907.0000 -873719.0000 -121925.9800
-907.0000 -597817.0000 -50550.8500
-907.0000 -494523.0000 -12866.2300
-907.0000 -411605.0000 -5449.7100
-907.0000 -499751.0000 -19523.9300
-907.0000 -786847.0000 -82581.4900
-907.0000 -715581.0000 -119293.8700
-907.0000 -698433.0000 -60493.1200
-907.0000 -581789.0000 -39960.9300
-907.0000 -1944615.0000 -65367.8800
-907.0000 -376983.0000 -9347.0700
-907.0000 -386139.0000 -12347.7400
-907.0000 -916965.0000 -59668.8500
-907.0000 -894779.0000 -53815.0300
-907.0000 -683133.0000 -25756.2200
-907.0000 -1101899.0000 -91599.0000
-907.0000 -1393885.0000 -33579.2000
-907.0000 -962401.0000 -110433.6700
-907.0000 -733157.0000 -23826.1600
-907.0000 -596297.0000 -27761.0000
-907.0000 -1206509.0000 -92630.9500
-907.0000 -1306575.0000 -17249.2800
-907.0000 -759591.0000 -22455.0700
-907.0000 -290041.0000 -11667.3100
-907.0000 -316247.0000 -11272.8900
-907.0000 -478791.0000 -17485.1800
-907.0000 -367357.0000 -11061.6400
-907.0000 -822035.0000 -25744.4000
-907.0000 -528713.0000 -27503.9200
-907.0000 -617853.0000 -46926.3500
-907.0000 -446483.0000 -3134.8800
-907.0000 -660235.0000 -44913.8200
-907.0000 -878513.0000 -50329.1900
-907.0000 -1530417.0000 -79589.9400
-907.0000 -1238583.0000 -92648.0300
-907.0000 -348241.0000 -65974.4000
-907.0000 -1214431.0000 -88566.0300
-907.0000 -1343999.0000 -96634.7300
-907.0000 -700253.0000 -21255.8500
-907.0000 -99323.0000 -2185.8800
-907.0000 -1057379.0000 -54946.6500
-907.0000 -308159.0000 -8920.9300
-907.0000 -270155.0000 -13793.4500
-907.0000 -989089.0000 -30446.9900
-907.0000 -877133.0000 -23548.5400
-907.0000 -1238317.0000 -145869.6600
-907.0000 -1345065.0000 -273086.2100
-907.0000 -642709.0000 -141598.4000
-907.0000 -590105.0000 -96901.3500
-907.0000 -745893.0000 -147861.3200
-907.0000 -682255.0000 -226487.9900
-907.0000 -912581.0000 -86714.0100
-907.0000 -1721653.0000 -96011.0500
-907.0000 -1074987.0000 -34561.3500
-907.0000 -183423.0000 -1819.5800
-907.0000 -796785.0000 -32209.0400
-907.0000 -1563811.0000 -30203.6800
-907.0000 -1461145.0000 -128173.1900
-907.0000 -1010803.0000 -117694.2300
-907.0000 -632187.0000 -44191.9400
-907.0000 -1155485.0000 -57643.1300
-907.0000 -1212549.0000 -65794.2400
-907.0000 -1134483.0000 -27248.0300
-907.0000 -533541.0000 -38762.8400
-907.0000 -1088541.0000 -41049.9100
-907.0000 -1850041.0000 -167123.4600
-907.0000 -661561.0000 -39690.0900
-907.0000 -500435.0000 -14328.5300
-907.0000 -995911.0000 -42818.7100
-907.0000 -1041123.0000 -66962.5700
-907.0000 -1387357.0000 -170816.6300
-907.0000 -319983.0000 -5708.5600
-907.0000 -738753.0000 -25042.1600
-907.0000 -910051.0000 -129854.8600
-907.0000 -458785.0000 -73012.0800
-907.0000 -353217.0000 -36497.0900
-907.0000 -730727.0000 -50321.7400
-907.0000 -761723.0000 -46815.8000
-907.0000 -500147.0000 -25989.2600
-907.0000 -1597145.0000 -275864.1000
-907.0000 -1390715.0000 -97419.6700
-907.0000 -762971.0000 -20011.1400
-907.0000 -1424093.0000 -75685.4700
-907.0000 -518429.0000 -70580.1900
-907.0000 -191249.0000 -3142.9800
-907.0000 -995291.0000 -39845.1200
-907.0000 -1824847.0000 -347365.8000
-907.0000 -1079713.0000 -66932.8000
-907.0000 -643093.0000 -17108.9400
-907.0000 -544877.0000 -13418.5700
-907.0000 -528807.0000 -68949.3700
-907.0000 -492197.0000 -15140.7000
-907.0000 -1013035.0000 -62533.4600
-907.0000 -1003239.0000 -254150.6600
-907.0000 -700195.0000 -22786.3000
-907.0000 -235243.0000 -4301.6600
-907.0000 -829203.0000 -92555.7800
-907.0000 -574641.0000 -11820.1900
-907.0000 -410159.0000 -25079.7400
-907.0000 -523081.0000 -8831.9700
-907.0000 -468259.0000 -14693.9600
-907.0000 -1421723.0000 -99328.0400
-907.0000 -1362811.0000 -83892.5000
-907.0000 -864283.0000 -40212.4000
-907.0000 -820851.0000 -66202.5900
-907.0000 -1014811.0000 -61929.3700
-907.0000 -1016199.0000 -65426.4600
-907.0000 -746443.0000 -90553.8500
-907.0000 -1485233.0000 -133027.8500
-907.0000 -1200759.0000 -106499.4200
-907.0000 -1145511.0000 -59005.3900
-907.0000 -349835.0000 -14991.5800
-907.0000 -1103139.0000 -62427.8400
-907.0000 -1421355.0000 -159510.2800
-907.0000 -1102905.0000 -41164.3200
-907.0000 -824437.0000 -66735.2300
-907.0000 -134249.0000 -2597.0100
-907.0000 -396445.0000 -5980.1200
-907.0000 -542461.0000 -23075.0300
-907.0000 -1331201.0000 -103126.2500
-907.0000 -306161.0000 -51542.4100
-907.0000 -946267.0000 -56332.3400
-907.0000 -533541.0000 -27629.7500
-907.0000 -1554629.0000 -200700.9900
-907.0000 -907.0000 -907.0000
-907.0000 -907.0000 -907.0000
-907.0000 -907.0000 -907.0000
-907.0000 -907.0000 -907.0000
-907.0000 -87521.0000 -1717.3700
-907.0000 -907.0000 -907.0000
-907.0000 -907.0000 -907.0000
-907.0000 -646569.0000 -6325.5100
-907.0000 -907.0000 -907.0000
-907.0000 -907.0000 -907.0000
-907.0000 -907.0000 -907.0000
-907.0000 -907.0000 -907.0000
-907.0000 -907.0000 -907.0000
-907.0000 -907.0000 -907.0000
-907.0000 -17437.0000 -989.6500
-907.0000 -907.0000 -907.0000
-907.0000 -907.0000 -907.0000
-907.0000 -907.0000 -907.0000
-35.0000 -26023.0000 -753.5400
-35.0000 -907.0000 -91.6800
-35.0000 -35.0000 -35.0000
-35.0000 -35.0000 -35.0000
-35.0000 -167067.0000 -870.1600
-35.0000 -35.0000 -35.0000
-35.0000 -35.0000 -35.0000
-35.0000 -317403.0000 -4042.0900
-35.0000 -35.0000 -35.0000
-35.0000 -35.0000 -35.0000
-35.0000 -42453.0000 -247.0900
-35.0000 -35.0000 -35.0000
-35.0000 -35.0000 -35.0000
-35.0000 -287871.0000 -1474.1800
-35.0000 -35.0000 -35.0000
-35.0000 -35.0000 -35.0000
-35.0000 -35.0000 -35.0000
-35.0000 -35.0000 -35.0000
-35.0000 -35.0000 -35.0000
-35.0000 -751799.0000 -25793.0000
-35.0000 -35.0000 -35.0000
-35.0000 -87129.0000 -1225.2000
-35.0000 -35.0000 -35.0000
-35.0000 -35.0000 -35.0000
-35.0000 -35.0000 -35.0000
-35.0000 -35.0000 -35.0000
-35.0000 -35.0000 -35.0000
-35.0000 -35.0000 -35.0000
-35.0000 -401235.0000 -5053.7400
-35.0000 -35.0000 -35.0000
-35.0000 -35.0000 -35.0000
-35.0000 -35.0000 -35.0000
-35.0000 -38941.0000 -229.5300
-35.0000 -35.0000 -35.0000
-35.0000 -35.0000 -35.0000
-35.0000 -148151.0000 -775.5800
-35.0000 -35.0000 -35.0000
-35.0000 -35.0000 -35.0000
-35.0000 -232627.0000 -5806.1100
-35.0000 -35.0000 -35.0000
-35.0000 -35.0000 -35.0000
-35.0000 -35.0000 -35.0000
-35.0000 -35.0000 -35.0000
-35.0000 -35.0000 -35.0000
-35.0000 -35.0000 -35.0000
-35.0000 -979285.0000 -6900.5200
-35.0000 -35.0000 -35.0000
-35.0000 -35.0000 -35.0000
-35.0000 -221127.0000 -1140.4600
-35.0000 -406255.0000 -2066.1000
-35.0000 -35.0000 -35.0000
-35.0000 -237803.0000 -1223.8400
-35.0000 -35.0000 -35.0000
-35.0000 -35.0000 -35.0000
-35.0000 -35.0000 -35.0000
-35.0000 -35.0000 -35.0000
-35.0000 -35.0000 -35.0000
-35.0000 -65201.0000 -360.8300
-35.0000 -861229.0000 -5533.7300
-35.0000 -35.0000 -35.0000
-35.0000 -35.0000 -35.0000
