-1210801.0000 -5665587.0000 -2716787.7100
-19221.0000 -2962651.0000 -588078.4200
-19221.0000 -4507751.0000 -423885.9000
-19221.0000 -5752003.0000 -819822.6900
-19221.0000 -7102349.0000 -626385.1300
-19221.0000 -1756007.0000 -258554.9900
-19221.0000 -5345763.0000 -988017.4900
-19221.0000 -6329499.0000 -1241416.9300
-19221.0000 -7608547.0000 -1028793.1600
-19221.0000 -3479633.0000 -879363.2700
-19221.0000 -6170245.0000 -1154092.7600
-19221.0000 -5851647.0000 -1064923.3400
-19221.0000 -3598015.0000 -711515.3900
-19221.0000 -3577419.0000 -551725.8000
-19221.0000 -5460375.0000 -835284.1300
-19221.0000 -4121731.0000 -807924.6600
-19221.0000 -6221133.0000 -1364891.9900
-19221.0000 -3291839.0000 -297867.4300
-19221.0000 -4306263.0000 -638644.0900
-19221.0000 -5311615.0000 -1018424.3400
-19221.0000 -6312817.0000 -500339.0300
-19221.0000 -4863081.0000 -459157.6600
-19221.0000 -4354195.0000 -668059.1700
-19221.0000 -3679977.0000 -668548.3400
-19221.0000 -3211559.0000 -507233.7200
-19221.0000 -3263651.0000 -620794.6000
-19221.0000 -4217747.0000 -751937.8200
-19221.0000 -2290809.0000 -264440.8500
-19221.0000 -4130011.0000 -535831.5400
-19221.0000 -6124999.0000 -788534.4800
-19221.0000 -5969129.0000 -1534919.3300
-19221.0000 -3659713.0000 -786517.0200
-19221.0000 -3163161.0000 -651799.7100
-19221.0000 -2503039.0000 -555569.5600
-19221.0000 -6687169.0000 -814207.9800
-19221.0000 -4107063.0000 -594636.7200
-19221.0000 -7203065.0000 -1512679.1500
-19221.0000 -4956589.0000 -690348.7900
-19221.0000 -3434025.0000 -764231.0300
-18351.0000 -5398049.0000 -290076.8900
-18351.0000 -2978767.0000 -333197.6300
-18351.0000 -3225741.0000 -720888.0600
-18351.0000 -5315815.0000 -477738.3200
-18351.0000 -2075881.0000 -329348.1100
-18351.0000 -3896231.0000 -607900.9400
-18351.0000 -4489647.0000 -716963.1000
-18351.0000 -3890957.0000 -551405.7100
-8257.0000 -5089423.0000 -585579.2800
-8257.0000 -2463123.0000 -274625.2200
-8257.0000 -4472417.0000 -424462.9100
-8257.0000 -3608031.0000 -430800.5400
-8257.0000 -6116679.0000 -826193.8000
-8257.0000 -5837177.0000 -456414.9900
-8257.0000 -3473247.0000 -803782.0700
-8257.0000 -3854881.0000 -614175.2900
-8257.0000 -2305421.0000 -342617.7600
-8257.0000 -3604105.0000 -473776.8700
-8257.0000 -2642337.0000 -294209.5100
-8257.0000 -4190461.0000 -647068.9100
-8257.0000 -3247219.0000 -276394.3400
-8257.0000 -5103049.0000 -1087467.3000
-8257.0000 -5149325.0000 -580507.8500
-8257.0000 -3042041.0000 -456178.8600
-8257.0000 -3597101.0000 -555271.7300
-8257.0000 -4001161.0000 -698721.4300
-8257.0000 -2966991.0000 -481889.7300
-8257.0000 -3537933.0000 -597399.9200
-8257.0000 -2950655.0000 -973966.1500
-8257.0000 -3534589.0000 -523970.9800
-8257.0000 -4409067.0000 -534898.4900
-8257.0000 -7923407.0000 -957983.8600
-8257.0000 -6374209.0000 -871168.5400
-8257.0000 -3310099.0000 -628472.0000
-8257.0000 -7820325.0000 -1346130.6800
-8257.0000 -3351135.0000 -291293.1700
-8257.0000 -2321083.0000 -377211.7600
-8257.0000 -4304745.0000 -960337.9400
-8257.0000 -8119619.0000 -670237.9300
-7315.0000 -3282045.0000 -431023.4800
-7315.0000 -3368015.0000 -616712.0200
-7315.0000 -2726745.0000 -479430.5700
-7315.0000 -3135061.0000 -324377.3300
-7315.0000 -3957613.0000 -306542.9700
-7315.0000 -3129101.0000 -481445.5800
-7315.0000 -3806821.0000 -447113.4500
-7315.0000 -3328171.0000 -526442.5200
-7315.0000 -2781035.0000 -301370.5700
-7315.0000 -1357887.0000 -288119.2400
-3991.0000 -1091399.0000 -108025.2800
-3991.0000 -1665089.0000 -163868.6900
-3991.0000 -733875.0000 -111668.2900
-3991.0000 -1919615.0000 -445944.8300
-3991.0000 -5667513.0000 -739089.9000
-3991.0000 -3701419.0000 -319016.8400
-3991.0000 -2517331.0000 -317586.2600
-3991.0000 -3638471.0000 -424336.7300
-3991.0000 -2259873.0000 -368055.9700
-3991.0000 -2423509.0000 -133714.4000
-3991.0000 -3340701.0000 -482843.9300
-3991.0000 -1080013.0000 -196309.5800
-3991.0000 -5277531.0000 -224225.2500
-3991.0000 -3660395.0000 -872313.6100
-3991.0000 -3224017.0000 -529143.5500
-3991.0000 -2923655.0000 -436435.2700
-3991.0000 -4016973.0000 -622012.1800
-3991.0000 -1631185.0000 -468387.6200
-3991.0000 -1519223.0000 -171072.0000
-3991.0000 -3832019.0000 -796648.2100
-3991.0000 -1943967.0000 -319437.8500
-3991.0000 -4273333.0000 -294536.8300
-3991.0000 -2961477.0000 -303344.8200
-3991.0000 -1653469.0000 -173035.2700
-3991.0000 -1364395.0000 -345167.3600
-3991.0000 -4543503.0000 -358218.9500
-3991.0000 -4542591.0000 -1552806.5100
-3991.0000 -2209967.0000 -175706.8000
-3991.0000 -2784417.0000 -609767.4600
-3991.0000 -2768169.0000 -483974.1700
-3991.0000 -2259171.0000 -399183.1800
-3991.0000 -2833293.0000 -455060.7400
-3991.0000 -2799681.0000 -610459.7800
-3991.0000 -1941009.0000 -293015.7600
-3991.0000 -2442089.0000 -399262.8100
-3991.0000 -883163.0000 -125246.0700
-3991.0000 -1578597.0000 -181749.0400
-3991.0000 -1784085.0000 -164717.8700
-3991.0000 -1000133.0000 -138865.7700
-3991.0000 -1419079.0000 -95980.8900
-3991.0000 -1667915.0000 -157769.6100
-3991.0000 -1267041.0000 -279270.5600
-3991.0000 -1529009.0000 -244910.7600
-3991.0000 -1963713.0000 -451759.2300
-3991.0000 -1692213.0000 -362510.5000
-3991.0000 -1507379.0000 -141721.5900
-3991.0000 -1758797.0000 -189410.0400
-3991.0000 -737839.0000 -105745.5700
-1763.0000 -1573757.0000 -271639.9100
-1763.0000 -2212813.0000 -254237.2400
-1763.0000 -1552163.0000 -299913.0300
-1763.0000 -2729541.0000 -207243.4900
-1763.0000 -1859341.0000 -152596.1000
-1763.0000 -696271.0000 -136911.6500
-1763.0000 -1512597.0000 -475624.0400
-1763.0000 -1321923.0000 -246482.0000
-1763.0000 -1537579.0000 -222579.9900
-1763.0000 -2320777.0000 -367291.6800
-1763.0000 -1553237.0000 -74162.6900
-1763.0000 -742061.0000 -75413.5400
-1763.0000 -1421485.0000 -307182.9300
-1763.0000 -1048997.0000 -211176.5100
-1763.0000 -1111665.0000 -264863.4800
-1763.0000 -2428327.0000 -352766.6400
-1763.0000 -1803467.0000 -331340.1900
-1763.0000 -527559.0000 -53334.8000
-1763.0000 -954501.0000 -143525.7000
-1763.0000 -1347253.0000 -145359.8200
-1763.0000 -1720943.0000 -334832.4700
-1763.0000 -1919417.0000 -217281.5700
-1763.0000 -1998749.0000 -185845.5700
-1763.0000 -1591093.0000 -368871.8200
-1763.0000 -1356565.0000 -291565.8600
-1763.0000 -1483501.0000 -56097.4500
-1763.0000 -366845.0000 -16539.6200
-1763.0000 -752705.0000 -43134.6800
-1763.0000 -751237.0000 -30265.1900
-1763.0000 -259235.0000 -19891.9100
-1763.0000 -597703.0000 -19149.7100
-1763.0000 -597703.0000 -39917.7800
-1763.0000 -1122491.0000 -107496.8400
-1763.0000 -495659.0000 -25578.9000
-1763.0000 -530869.0000 -15119.5200
-1763.0000 -607169.0000 -54497.8400
-1763.0000 -512039.0000 -78188.1800
-1763.0000 -699573.0000 -40973.7700
-1763.0000 -1777877.0000 -156747.4300
-1763.0000 -798403.0000 -103859.1200
-1763.0000 -1423237.0000 -97901.8900
-1763.0000 -708433.0000 -81681.5100
-1763.0000 -1396917.0000 -97637.7300
-1763.0000 -511175.0000 -6018.4800
-1763.0000 -722981.0000 -32899.9400
-1763.0000 -829771.0000 -48002.4000
-1763.0000 -486397.0000 -16419.7600
-1763.0000 -1230981.0000 -60626.7800
-1763.0000 -813057.0000 -62334.0600
-1763.0000 -368313.0000 -11799.2100
-1763.0000 -1033115.0000 -66839.3300
-1763.0000 -316013.0000 -30892.8700
-1763.0000 -528799.0000 -12947.5400
-1763.0000 -331329.0000 -29030.5300
-1763.0000 -811301.0000 -40348.8300
-1763.0000 -589071.0000 -19833.2200
-1763.0000 -874399.0000 -59889.2900
-1763.0000 -542775.0000 -31911.1500
-1763.0000 -672695.0000 -20234.5000
-1763.0000 -1403991.0000 -41288.2900
-1763.0000 -754909.0000 -75178.5700
-1763.0000 -153427.0000 -3629.7300
-1763.0000 -330757.0000 -20165.1000
-1763.0000 -572331.0000 -18549.7700
-1763.0000 -777425.0000 -54391.1900
-1763.0000 -812209.0000 -53458.8200
-1763.0000 -537221.0000 -57477.0000
-1763.0000 -1903719.0000 -129502.9400
-1763.0000 -177025.0000 -11147.2700
-1763.0000 -1769189.0000 -51594.1600
-1763.0000 -597649.0000 -13162.0800
-1763.0000 -854261.0000 -42998.4300
-1763.0000 -689967.0000 -92504.9900
-1763.0000 -1045283.0000 -95811.4100
-1213.0000 -776181.0000 -37355.2800
-1213.0000 -1306173.0000 -255386.1300
-1213.0000 -898793.0000 -64942.0300
-1213.0000 -744861.0000 -57210.3700
-1213.0000 -264361.0000 -7129.7400
-1213.0000 -913951.0000 -62723.8900
-1213.0000 -658987.0000 -32399.7600
-1213.0000 -1006841.0000 -45988.0500
-1213.0000 -929055.0000 -48447.5300
-1213.0000 -1175689.0000 -53543.4200
-1213.0000 -697035.0000 -35194.2800
-1213.0000 -1351481.0000 -50995.2600
-1213.0000 -279119.0000 -7171.2200
-1213.0000 -780089.0000 -43899.0000
-1213.0000 -835987.0000 -9148.1300
-1213.0000 -738447.0000 -7518.9200
-1213.0000 -587151.0000 -8402.9200
-1213.0000 -676843.0000 -13195.2000
-1213.0000 -452711.0000 -68521.9000
-1213.0000 -670735.0000 -57428.2100
-1213.0000 -415505.0000 -19990.7700
-1213.0000 -875391.0000 -29785.8000
-1213.0000 -1162993.0000 -64347.7900
-1213.0000 -526179.0000 -14364.2000
-1213.0000 -810067.0000 -17954.2200
-1213.0000 -582889.0000 -12552.1200
-1213.0000 -1474809.0000 -53928.8100
-1213.0000 -839975.0000 -56977.9200
-1213.0000 -1083233.0000 -122426.0400
-1213.0000 -512785.0000 -71926.5400
-1213.0000 -974925.0000 -35024.6400
-1213.0000 -715195.0000 -31862.8300
-1213.0000 -946343.0000 -29396.9300
-1213.0000 -353937.0000 -4850.7800
-1213.0000 -651075.0000 -28332.9700
-1213.0000 -415805.0000 -20684.2700
-1213.0000 -1426213.0000 -24700.7200
-1213.0000 -951957.0000 -80863.8300
-1213.0000 -1188929.0000 -194776.6900
-1213.0000 -912631.0000 -74237.0500
-1213.0000 -797977.0000 -59030.2200
-1213.0000 -860733.0000 -28201.2600
-1213.0000 -574425.0000 -81326.8700
-1213.0000 -1339393.0000 -187609.7900
-1213.0000 -713569.0000 -68301.9500
-1213.0000 -1313937.0000 -87328.9300
-1213.0000 -278803.0000 -6387.8300
-1213.0000 -1672273.0000 -51457.2200
-1213.0000 -1249091.0000 -117731.7000
-1213.0000 -1072329.0000 -295868.2800
-1213.0000 -1048497.0000 -45642.5000
-1213.0000 -874247.0000 -66543.4900
-1213.0000 -1029369.0000 -46815.7700
-1213.0000 -974429.0000 -53805.0700
-1213.0000 -1468857.0000 -58379.1300
-1213.0000 -1459009.0000 -162906.5100
-1213.0000 -683899.0000 -35382.9300
-1213.0000 -684179.0000 -33427.3400
-1213.0000 -755123.0000 -29918.7200
-1213.0000 -1040247.0000 -30751.3300
-1213.0000 -1177197.0000 -79124.7900
-1213.0000 -860453.0000 -32064.3500
-1213.0000 -409717.0000 -8924.3900
-1213.0000 -1436015.0000 -52351.7900
-1213.0000 -757215.0000 -47138.9400
-1213.0000 -1396709.0000 -101168.5500
-1213.0000 -1423059.0000 -159361.2300
-1213.0000 -758027.0000 -65072.4700
-1213.0000 -1332417.0000 -64714.1300
-1213.0000 -1144281.0000 -50708.0900
-1213.0000 -1093755.0000 -122405.8200
-1213.0000 -1529389.0000 -54413.7000
-1213.0000 -1440607.0000 -143100.0200
-1213.0000 -665107.0000 -65234.4600
-1213.0000 -954747.0000 -55452.4400
-1213.0000 -464699.0000 -45264.2800
-1213.0000 -371939.0000 -14159.9100
-1213.0000 -363983.0000 -16792.4400
-1213.0000 -906131.0000 -89648.2000
-1213.0000 -1499317.0000 -30948.8000
-1213.0000 -944597.0000 -35641.9900
-1213.0000 -1335537.0000 -79158.3000
-1213.0000 -908619.0000 -49851.5600
-1213.0000 -613459.0000 -20746.0400
-221.0000 -805581.0000 -15597.2700
-221.0000 -906131.0000 -73647.7400
-221.0000 -1847801.0000 -186958.4100
-221.0000 -362287.0000 -52520.4000
-221.0000 -1083281.0000 -81622.4900
-221.0000 -734913.0000 -28627.6900
-221.0000 -541905.0000 -28741.8500
-221.0000 -107987.0000 -2061.8600
-221.0000 -901459.0000 -143995.8500
-221.0000 -815825.0000 -47081.0900
-221.0000 -440893.0000 -34249.6600
-221.0000 -589271.0000 -49171.7700
-221.0000 -686833.0000 -74027.6200
-221.0000 -739439.0000 -31492.6900
-221.0000 -1960691.0000 -76492.8400
-221.0000 -1616691.0000 -186600.0600
-221.0000 -1323629.0000 -199122.2600
-221.0000 -858563.0000 -37492.3600
-221.0000 -486423.0000 -23812.8300
-221.0000 -472063.0000 -14291.1700
-221.0000 -1201691.0000 -127995.0400
-221.0000 -839635.0000 -99173.7800
-221.0000 -2285793.0000 -27553.7000
-221.0000 -314617.0000 -3060.6400
-221.0000 -928689.0000 -26207.2500
-221.0000 -503833.0000 -9921.9600
-221.0000 -249179.0000 -13973.2700
-221.0000 -88481.0000 -662.3000
-221.0000 -221.0000 -221.0000
-221.0000 -221.0000 -221.0000
-221.0000 -221.0000 -221.0000
-221.0000 -221.0000 -221.0000
-221.0000 -221.0000 -221.0000
-221.0000 -221.0000 -221.0000
-221.0000 -221.0000 -221.0000
-221.0000 -221.0000 -221.0000
-221.0000 -221.0000 -221.0000
-221.0000 -221.0000 -221.0000
-221.0000 -221.0000 -221.0000
-221.0000 -12311.0000 -281.4500
-221.0000 -221.0000 -221.0000
-221.0000 -404643.0000 -11129.1100
-221.0000 -221.0000 -221.0000
-221.0000 -221.0000 -221.0000
-221.0000 -233645.0000 -2555.2400
-221.0000 -269027.0000 -1565.0300
-221.0000 -221.0000 -221.0000
-221.0000 -221.0000 -221.0000
-221.0000 -155411.0000 -996.9500
-221.0000 -221.0000 -221.0000
-221.0000 -221.0000 -221.0000
-221.0000 -221.0000 -221.0000
-221.0000 -221.0000 -221.0000
-221.0000 -401491.0000 -5666.4300
-221.0000 -221.0000 -221.0000
-221.0000 -221.0000 -221.0000
-221.0000 -221.0000 -221.0000
-221.0000 -307631.0000 -1758.0500
-221.0000 -221.0000 -221.0000
-221.0000 -131525.0000 -877.5200
-221.0000 -221.0000 -221.0000
-221.0000 -385095.0000 -5861.7500
-221.0000 -221.0000 -221.0000
-221.0000 -221.0000 -221.0000
-221.0000 -221.0000 -221.0000
-221.0000 -109123.0000 -1203.8600
-221.0000 -221.0000 -221.0000
-221.0000 -238989.0000 -1414.8400
-221.0000 -386329.0000 -5641.3000
-221.0000 -221.0000 -221.0000
-221.0000 -221.0000 -221.0000
-221.0000 -221.0000 -221.0000
-221.0000 -87395.0000 -656.8700
-221.0000 -221.0000 -221.0000
-221.0000 -221.0000 -221.0000
-221.0000 -221.0000 -221.0000
-221.0000 -221.0000 -221.0000
-221.0000 -221.0000 -221.0000
-221.0000 -221.0000 -221.0000
-221.0000 -221.0000 -221.0000
-221.0000 -221.0000 -221.0000
-221.0000 -221.0000 -221.0000
-221.0000 -221.0000 -221.0000
-221.0000 -221.0000 -221.0000
-221.0000 -105081.0000 -745.3000
-221.0000 -221.0000 -221.0000
-221.0000 -221.0000 -221.0000
-221.0000 -221.0000 -221.0000
-221.0000 -221.0000 -221.0000
-221.0000 -668411.0000 -4781.4000
-221.0000 -221.0000 -221.0000
-221.0000 -221.0000 -221.0000
-221.0000 -221.0000 -221.0000
-221.0000 -221.0000 -221.0000
-221.0000 -221.0000 -221.0000
-221.0000 -221.0000 -221.0000
-221.0000 -756589.0000 -4957.6000
-221.0000 -221.0000 -221.0000
-221.0000 -221.0000 -221.0000
-221.0000 -221.0000 -221.0000
-221.0000 -221.0000 -221.0000
-221.0000 -221.0000 -221.0000
-221.0000 -221.0000 -221.0000
-221.0000 -221.0000 -221.0000
-221.0000 -144241.0000 -941.1000
-221.0000 -200879.0000 -1684.3300
