-2611.0000 -5420599.0000 -857172.4200
-2611.0000 -4470219.0000 -503493.2700
-2611.0000 -2700211.0000 -788801.8100
-2611.0000 -5333459.0000 -474330.3000
-2611.0000 -4977325.0000 -477582.5600
-2611.0000 -3133721.0000 -607560.3500
-2611.0000 -4165169.0000 -623328.4800
-2611.0000 -2139659.0000 -317996.5600
-2611.0000 -4748107.0000 -830375.8000
-2611.0000 -8031195.0000 -932367.6500
-2611.0000 -4416463.0000 -424806.8500
-2611.0000 -2974959.0000 -355952.7900
-2611.0000 -3909567.0000 -627007.2300
-2611.0000 -2907443.0000 -157540.8300
-2611.0000 -3079393.0000 -496573.4200
-2611.0000 -5646059.0000 -1145854.9800
-2611.0000 -3689053.0000 -538865.0200
-2611.0000 -4694181.0000 -631449.0300
-2611.0000 -6441583.0000 -1163706.3800
-2611.0000 -4995615.0000 -1192612.9300
-2611.0000 -2267249.0000 -424170.8800
-2611.0000 -5195047.0000 -469655.8500
-2611.0000 -6199927.0000 -767982.8500
-2611.0000 -6256495.0000 -534610.2000
-2611.0000 -4634229.0000 -495895.1200
-2611.0000 -4260539.0000 -661529.7700
-2611.0000 -3548297.0000 -463498.3500
-2611.0000 -4145631.0000 -738318.8700
-2611.0000 -2732219.0000 -636854.1100
-2611.0000 -6746197.0000 -801221.5800
-2611.0000 -4975757.0000 -727570.2100
-2611.0000 -4426029.0000 -701814.1800
-2611.0000 -3933541.0000 -345573.3200
-2611.0000 -5106799.0000 -636559.3000
-2611.0000 -3251611.0000 -484254.6100
-2611.0000 -4850757.0000 -875410.0100
-2611.0000 -4528819.0000 -730674.2600
-2611.0000 -4111329.0000 -364723.5800
-2611.0000 -5466009.0000 -636916.0100
-2611.0000 -4409807.0000 -1443859.5300
-2611.0000 -3758977.0000 -544945.8100
-2611.0000 -4393635.0000 -758409.3300
-2611.0000 -5368159.0000 -442824.7700
-2611.0000 -5251033.0000 -519896.2000
-2611.0000 -2795453.0000 -470082.6200
-2611.0000 -2992223.0000 -889474.2500
-2611.0000 -1772513.0000 -413017.2200
-2611.0000 -4903221.0000 -568253.8600
-2611.0000 -2640893.0000 -146562.5100
-2611.0000 -2987077.0000 -655612.9600
-2611.0000 -4492043.0000 -277766.1200
-2611.0000 -3385693.0000 -335824.3400
-2611.0000 -4092019.0000 -932745.0200
-2611.0000 -2615335.0000 -484051.2600
-2611.0000 -4133983.0000 -482908.5400
-2611.0000 -3976977.0000 -575864.8000
-2611.0000 -3363157.0000 -213137.9100
-2611.0000 -2859635.0000 -310118.4200
-2611.0000 -4994345.0000 -1177420.1100
-2611.0000 -2692275.0000 -349534.4600
-2611.0000 -3442607.0000 -568014.9300
-2611.0000 -1968473.0000 -253178.1000
-2611.0000 -1632637.0000 -173068.3400
-2611.0000 -5420241.0000 -1150040.6900
-2611.0000 -2680989.0000 -604414.9700
-2611.0000 -5731035.0000 -536511.7100
-2611.0000 -3440777.0000 -752275.8900
-2611.0000 -5376401.0000 -264332.2500
-2611.0000 -3138795.0000 -499349.0800
-2611.0000 -2817675.0000 -427765.4400
-2611.0000 -5258653.0000 -600932.8400
-2611.0000 -3928593.0000 -436307.1700
-2611.0000 -3184805.0000 -482553.1600
-2611.0000 -6000567.0000 -644224.3700
-2611.0000 -4391979.0000 -581818.7000
-2611.0000 -3524671.0000 -536018.7000
-2611.0000 -2949403.0000 -503057.4400
-2611.0000 -4140081.0000 -400598.1600
-2611.0000 -2742117.0000 -345166.4500
-2611.0000 -4471837.0000 -787530.6500
-2611.0000 -3144265.0000 -615583.6000
-2611.0000 -2179385.0000 -139267.3000
-2611.0000 -2287595.0000 -228405.5000
-2611.0000 -3715387.0000 -794119.7600
-2611.0000 -2425243.0000 -183279.3200
-2611.0000 -3496711.0000 -276387.7500
-2611.0000 -3579177.0000 -418027.5100
-2611.0000 -2835959.0000 -377174.7300
-2611.0000 -3733131.0000 -557902.2900
-2611.0000 -2968509.0000 -378045.5500
-2611.0000 -3947419.0000 -372112.6500
-2611.0000 -2272691.0000 -209728.5500
-2611.0000 -3765049.0000 -351133.6800
-2611.0000 -1079205.0000 -188100.6400
-2611.0000 -1727555.0000 -330045.9100
-2611.0000 -3180793.0000 -293040.0100
-2611.0000 -2606291.0000 -388214.9800
-2611.0000 -2747207.0000 -276444.3900
-2611.0000 -2926417.0000 -732142.6700
-2611.0000 -1819229.0000 -293411.6600
-2611.0000 -1035599.0000 -193099.5500
-2611.0000 -3039211.0000 -316664.0000
-2611.0000 -3226753.0000 -304227.3000
-2611.0000 -3153607.0000 -309224.1500
-2371.0000 -3080587.0000 -382473.2500
-2371.0000 -4642145.0000 -677031.2300
-2371.0000 -1738461.0000 -239749.0400
-2371.0000 -2510057.0000 -465530.2700
-2371.0000 -2351601.0000 -465549.7700
-2371.0000 -1947205.0000 -456079.6900
-2371.0000 -1930643.0000 -227507.7300
-2371.0000 -2100781.0000 -213308.0800
-2371.0000 -1767081.0000 -200310.6100
-2371.0000 -4463027.0000 -563998.4800
-2371.0000 -3873937.0000 -393789.0900
-2371.0000 -1771651.0000 -426339.5100
-2371.0000 -1517183.0000 -424252.1400
-2371.0000 -2338581.0000 -382986.6800
-2371.0000 -3978849.0000 -221646.6700
-2371.0000 -913705.0000 -180661.5700
-2371.0000 -1659759.0000 -168579.3600
-2371.0000 -1452819.0000 -137547.2200
-2371.0000 -669475.0000 -56866.9900
-2371.0000 -2658091.0000 -314212.8100
-2371.0000 -2056571.0000 -397461.2200
-41.0000 -2861843.0000 -180311.5000
-41.0000 -2038857.0000 -215053.2400
-41.0000 -1218233.0000 -155068.8200
-41.0000 -2070339.0000 -209679.7000
-41.0000 -1384961.0000 -134790.0100
-41.0000 -593273.0000 -90758.2200
-41.0000 -2051645.0000 -248630.5600
-41.0000 -2051091.0000 -321221.6500
-41.0000 -1111179.0000 -169015.1400
-41.0000 -1234691.0000 -97607.7000
-41.0000 -788113.0000 -166604.6600
-41.0000 -933165.0000 -139122.4100
-41.0000 -1730903.0000 -314353.8000
-41.0000 -1460099.0000 -232452.6500
-41.0000 -1408627.0000 -156704.3300
-41.0000 -1401033.0000 -221261.1900
-41.0000 -2415845.0000 -384979.5100
-41.0000 -1899457.0000 -305990.1200
-41.0000 -2654313.0000 -194278.3300
-41.0000 -1450855.0000 -160247.5300
-41.0000 -984975.0000 -269844.6700
-41.0000 -1300327.0000 -289452.3100
-41.0000 -1738253.0000 -97446.1500
-41.0000 -1490549.0000 -298311.0900
-41.0000 -1486475.0000 -324501.9600
-41.0000 -575557.0000 -157092.3100
-41.0000 -1228921.0000 -253758.2600
-41.0000 -934837.0000 -185855.1500
-41.0000 -1301377.0000 -159785.9800
-41.0000 -1601929.0000 -149412.7600
-41.0000 -1433563.0000 -205421.9300
-41.0000 -2382343.0000 -248834.9300
-41.0000 -1482003.0000 -297736.9300
-41.0000 -1291341.0000 -342979.3300
-41.0000 -1465969.0000 -250236.7800
-41.0000 -1959293.0000 -444392.7700
-41.0000 -714627.0000 -103035.9800
-41.0000 -1210805.0000 -62137.5000
-41.0000 -734935.0000 -63218.5700
-41.0000 -660385.0000 -16676.3000
-41.0000 -1406801.0000 -60774.1100
-41.0000 -1339961.0000 -207755.4000
-41.0000 -749837.0000 -55524.3600
-41.0000 -1343133.0000 -152043.0100
-41.0000 -1235895.0000 -31536.6800
-41.0000 -436565.0000 -39800.4500
-41.0000 -805333.0000 -21912.7300
-41.0000 -424575.0000 -30446.9400
-41.0000 -848571.0000 -35851.4300
-41.0000 -301383.0000 -3977.8300
-41.0000 -41.0000 -41.0000
-41.0000 -381783.0000 -17790.9500
-41.0000 -952247.0000 -33989.4100
-41.0000 -564253.0000 -17524.6900
-41.0000 -394753.0000 -10088.8700
-41.0000 -52217.0000 -301.8800
-41.0000 -815645.0000 -32881.2800
-41.0000 -752113.0000 -10042.5200
-41.0000 -1725107.0000 -168730.2400
-41.0000 -1168667.0000 -47346.1100
-41.0000 -1412589.0000 -202571.6900
-41.0000 -301437.0000 -14467.8000
-41.0000 -718707.0000 -41931.0500
-41.0000 -653647.0000 -36834.0900
-41.0000 -699933.0000 -202280.4800
-41.0000 -558461.0000 -38564.7200
-41.0000 -684415.0000 -23469.5700
-41.0000 -202573.0000 -9134.4600
-41.0000 -1404261.0000 -82029.9000
-41.0000 -664923.0000 -39683.4700
-41.0000 -1175691.0000 -170485.1000
-41.0000 -735393.0000 -28128.1000
-41.0000 -938217.0000 -76371.5200
-41.0000 -1011039.0000 -30954.2900
-41.0000 -1524615.0000 -16460.0000
-41.0000 -1156249.0000 -169227.2000
-41.0000 -456445.0000 -19150.2600
-41.0000 -860251.0000 -54036.9800
-41.0000 -1337525.0000 -128331.8700
-41.0000 -706435.0000 -66961.2800
-41.0000 -1773361.0000 -130514.6500
-41.0000 -749927.0000 -83930.2400
-41.0000 -518819.0000 -36634.9500
-41.0000 -917873.0000 -32059.2000
-41.0000 -1741813.0000 -73170.3500
-41.0000 -886745.0000 -80794.2300
-41.0000 -976175.0000 -158752.4100
-41.0000 -896087.0000 -80345.0600
-41.0000 -476947.0000 -8505.6900
-41.0000 -648263.0000 -42829.6000
-41.0000 -674513.0000 -38739.1900
-41.0000 -1393575.0000 -16740.6100
-41.0000 -670249.0000 -12699.7600
-41.0000 -966707.0000 -85166.7000
-41.0000 -1036649.0000 -192093.9600
-41.0000 -1926015.0000 -261495.8400
-41.0000 -440831.0000 -40051.9200
-41.0000 -884563.0000 -81740.4800
-41.0000 -239943.0000 -11547.6000
-41.0000 -86451.0000 -1515.8400
-41.0000 -406249.0000 -22993.9000
-41.0000 -1506343.0000 -70773.1200
-41.0000 -537755.0000 -67205.4300
-41.0000 -1686859.0000 -104697.4400
-41.0000 -1537653.0000 -93259.3100
-41.0000 -238733.0000 -4474.2700
-41.0000 -1041369.0000 -44737.4600
-41.0000 -624159.0000 -83895.9900
-41.0000 -699761.0000 -57896.5100
-41.0000 -1169155.0000 -76564.1200
-41.0000 -545719.0000 -14800.1000
-41.0000 -907303.0000 -71710.4100
-41.0000 -999729.0000 -78764.5700
-41.0000 -402053.0000 -34366.7800
-41.0000 -311201.0000 -4809.1300
-41.0000 -739701.0000 -32473.9200
-41.0000 -584167.0000 -65818.8500
-41.0000 -750879.0000 -69140.2700
-41.0000 -777713.0000 -120475.7500
-41.0000 -835347.0000 -147120.7200
-41.0000 -1217367.0000 -271380.8400
-41.0000 -493035.0000 -91186.3700
-41.0000 -607305.0000 -70388.8300
-41.0000 -933663.0000 -45239.1700
-41.0000 -210351.0000 -4196.3500
-41.0000 -1504013.0000 -14737.4100
-41.0000 -2003641.0000 -358312.9200
-41.0000 -960241.0000 -102400.6400
-41.0000 -527433.0000 -41817.7100
-41.0000 -558965.0000 -53476.8300
-41.0000 -1680503.0000 -97133.6300
-41.0000 -1179995.0000 -27958.3600
-41.0000 -718019.0000 -28779.1700
-41.0000 -638181.0000 -86749.5600
-41.0000 -1071599.0000 -28993.9400
-41.0000 -759493.0000 -57373.5600
-41.0000 -601361.0000 -53789.6700
-41.0000 -633529.0000 -86965.7900
-41.0000 -534131.0000 -65465.9800
-41.0000 -1142785.0000 -41490.0500
-41.0000 -787101.0000 -35621.0900
-41.0000 -1528855.0000 -215110.7500
-41.0000 -1334755.0000 -25376.8400
-41.0000 -264133.0000 -17316.7400
-41.0000 -472925.0000 -15761.3800
-41.0000 -126085.0000 -1673.5700
-41.0000 -1392575.0000 -50951.2000
-41.0000 -864947.0000 -83706.7000
-41.0000 -1353843.0000 -142558.3300
-41.0000 -834971.0000 -86420.4600
-41.0000 -861445.0000 -81195.4300
-41.0000 -857117.0000 -41814.0100
-41.0000 -938905.0000 -84524.8400
-41.0000 -449345.0000 -10464.3000
-41.0000 -785123.0000 -72869.7500
-41.0000 -1699913.0000 -13806.4600
-41.0000 -966225.0000 -38835.4300
-41.0000 -907173.0000 -49893.5300
-41.0000 -680775.0000 -15094.6700
-41.0000 -606337.0000 -9209.0800
-41.0000 -1125463.0000 -47217.2300
-41.0000 -771129.0000 -56213.0300
-41.0000 -998939.0000 -139511.5600
-41.0000 -294445.0000 -17121.8000
-41.0000 -466433.0000 -15392.4800
-41.0000 -419139.0000 -42318.6300
-41.0000 -799411.0000 -95191.9000
-41.0000 -220635.0000 -4157.7200
-41.0000 -560207.0000 -16942.2500
-41.0000 -542979.0000 -17743.2000
-41.0000 -1291143.0000 -130233.9500
-41.0000 -1149641.0000 -156129.4800
-41.0000 -502887.0000 -13146.8500
-41.0000 -852967.0000 -44194.5900
-41.0000 -481085.0000 -26128.3900
-41.0000 -1189213.0000 -69347.5500
-41.0000 -1292481.0000 -145032.8200
-41.0000 -899785.0000 -89043.4200
-41.0000 -198817.0000 -41622.7000
-41.0000 -461705.0000 -31938.5700
-41.0000 -829205.0000 -57963.7600
-41.0000 -619671.0000 -38851.0300
-41.0000 -128215.0000 -2999.7700
-41.0000 -970835.0000 -5533.9600
-41.0000 -823393.0000 -66931.9600
-41.0000 -518133.0000 -21751.5700
-41.0000 -250765.0000 -10264.8200
-41.0000 -560683.0000 -9079.1000
-41.0000 -1224017.0000 -42193.6500
-41.0000 -1537241.0000 -123384.6900
-41.0000 -406249.0000 -12112.1900
-41.0000 -1637239.0000 -156646.0500
-41.0000 -966707.0000 -139355.5400
-41.0000 -1030885.0000 -72907.4100
-41.0000 -485187.0000 -52837.1900
-41.0000 -1229169.0000 -87203.3300
-41.0000 -257561.0000 -4681.2800
-41.0000 -241987.0000 -1250.7300
-41.0000 -41.0000 -41.0000
-41.0000 -529059.0000 -2686.0900
-41.0000 -1203293.0000 -6057.2600
-41.0000 -41.0000 -41.0000
-41.0000 -41.0000 -41.0000
-41.0000 -41.0000 -41.0000
-41.0000 -993661.0000 -6537.2300
-41.0000 -41.0000 -41.0000
-41.0000 -41.0000 -41.0000
-41.0000 -41.0000 -41.0000
-41.0000 -109649.0000 -2233.2600
-41.0000 -179893.0000 -1437.7200
-41.0000 -41.0000 -41.0000
-41.0000 -41.0000 -41.0000
-41.0000 -173601.0000 -1684.7500
-41.0000 -41.0000 -41.0000
-41.0000 -41.0000 -41.0000
-41.0000 -837015.0000 -8235.9700
-41.0000 -229697.0000 -1189.2800
-41.0000 -164535.0000 -863.4700
-41.0000 -41.0000 -41.0000
-41.0000 -1549075.0000 -8465.5900
-41.0000 -48315.0000 -523.7400
-41.0000 -41.0000 -41.0000
-41.0000 -41.0000 -41.0000
-41.0000 -41.0000 -41.0000
-41.0000 -58937.0000 -335.4800
-41.0000 -15061.0000 -116.1000
-41.0000 -41.0000 -41.0000
-41.0000 -679343.0000 -3713.1600
-41.0000 -671805.0000 -3399.8200
-41.0000 -338315.0000 -12553.1800
-41.0000 -41.0000 -41.0000
-41.0000 -41.0000 -41.0000
-41.0000 -41.0000 -41.0000
-41.0000 -151447.0000 -798.0300
-41.0000 -41.0000 -41.0000
-41.0000 -41.0000 -41.0000
-41.0000 -508523.0000 -3746.2100
-41.0000 -41.0000 -41.0000
-41.0000 -41.0000 -41.0000
-41.0000 -155231.0000 -816.9500
-41.0000 -41.0000 -41.0000
-41.0000 -188141.0000 -981.5000
-41.0000 -41.0000 -41.0000
-41.0000 -41.0000 -41.0000
-41.0000 -41.0000 -41.0000
-41.0000 -41.0000 -41.0000
-41.0000 -41.0000 -41.0000
-41.0000 -623959.0000 -3160.5900
-41.0000 -41.0000 -41.0000
-41.0000 -41.0000 -41.0000
-41.0000 -41.0000 -41.0000
-41.0000 -41.0000 -41.0000
-41.0000 -42127.0000 -251.4300
-41.0000 -137749.0000 -729.5400
-41.0000 -41.0000 -41.0000
-41.0000 -626295.0000 -3519.8300
-41.0000 -41.0000 -41.0000
-41.0000 -41.0000 -41.0000
-41.0000 -397527.0000 -2448.9600
-41.0000 -242337.0000 -3675.4400
-41.0000 -485839.0000 -4501.0300
-41.0000 -117457.0000 -628.0800
-41.0000 -160913.0000 -845.3600
-41.0000 -41.0000 -41.0000
-41.0000 -41.0000 -41.0000
-41.0000 -41.0000 -41.0000
-41.0000 -41.0000 -41.0000
-41.0000 -41.0000 -41.0000
-41.0000 -733661.0000 -7728.4400
-41.0000 -86113.0000 -471.3600
-41.0000 -41.0000 -41.0000
-41.0000 -41.0000 -41.0000
-41.0000 -41.0000 -41.0000
-41.0000 -41.0000 -41.0000
-41.0000 -41.0000 -41.0000
