-127103.0000 -6920037.0000 -636706.0100
-127103.0000 -5769443.0000 -1112965.2800
-127103.0000 -5518361.0000 -823602.2300
-127103.0000 -4176469.0000 -684578.2800
-72983.0000 -6094767.0000 -461836.4600
-72983.0000 -3445387.0000 -559111.5800
-30931.0000 -4599371.0000 -309836.5700
-30931.0000 -3646067.0000 -353466.5600
-30931.0000 -4484139.0000 -994439.1700
-30931.0000 -4899413.0000 -479628.3100
-30931.0000 -3797705.0000 -543295.2800
-30931.0000 -5849635.0000 -1079339.1900
-30931.0000 -5413969.0000 -970295.0700
-5483.0000 -6145639.0000 -544563.6400
-5483.0000 -2719579.0000 -508933.6900
-5483.0000 -4202235.0000 -1033042.8900
-5483.0000 -1969355.0000 -226137.1400
-5483.0000 -5459175.0000 -532616.8800
-5483.0000 -2263055.0000 -341742.2000
-5483.0000 -4515947.0000 -457519.1400
-5483.0000 -4766985.0000 -369827.4800
-5483.0000 -2927081.0000 -1070766.0800
-5483.0000 -3451899.0000 -754105.9200
-5483.0000 -3351113.0000 -1015953.5500
-5483.0000 -5002953.0000 -352187.6400
-5483.0000 -3136845.0000 -656768.8700
-5483.0000 -5121039.0000 -940538.4300
-5483.0000 -3085951.0000 -506103.6500
-5483.0000 -2961061.0000 -765395.6300
-5483.0000 -5662193.0000 -1273039.4400
-5483.0000 -3601157.0000 -545575.9900
-5483.0000 -4811079.0000 -346368.2100
-5483.0000 -2492787.0000 -563148.9700
-5483.0000 -5332283.0000 -617530.1800
-5483.0000 -8724763.0000 -753455.3300
-5483.0000 -3289129.0000 -578890.3900
-5483.0000 -4338123.0000 -719706.2400
-5483.0000 -2866483.0000 -636501.6600
-5483.0000 -3295739.0000 -639848.5200
-5483.0000 -4342341.0000 -600705.1200
-5483.0000 -6050617.0000 -1068818.9800
-5483.0000 -1592483.0000 -362569.0500
-5483.0000 -2750219.0000 -735180.6100
-5483.0000 -5382865.0000 -265539.5300
-5483.0000 -5672235.0000 -587121.3100
-5483.0000 -3914995.0000 -401553.6600
-5483.0000 -3453589.0000 -469731.1800
-5483.0000 -3329543.0000 -631373.2000
-5483.0000 -3568185.0000 -490457.5500
-5483.0000 -3412481.0000 -695899.5700
-5483.0000 -5932535.0000 -701511.9400
-1809.0000 -2509753.0000 -409519.9400
-1809.0000 -4910543.0000 -939629.5100
-1809.0000 -2994007.0000 -350689.3700
-1809.0000 -4414501.0000 -856669.9400
-1809.0000 -2781147.0000 -512688.8600
-1809.0000 -2905439.0000 -389229.3700
-1809.0000 -2792199.0000 -418093.6900
-1809.0000 -2283517.0000 -446122.1200
-1809.0000 -4728529.0000 -638564.1800
-1809.0000 -3118879.0000 -656157.6300
-1809.0000 -3159719.0000 -602077.1200
-1809.0000 -2951753.0000 -453625.9100
-1809.0000 -2978481.0000 -591789.2300
-1809.0000 -7001019.0000 -788451.3100
-1809.0000 -3215037.0000 -471680.9300
-1809.0000 -1376325.0000 -206582.9500
-1809.0000 -2488237.0000 -259927.9000
-1809.0000 -4458675.0000 -826630.4300
-1809.0000 -4980925.0000 -638615.8900
-1809.0000 -3156521.0000 -284272.6600
-1809.0000 -3957379.0000 -870809.9900
-1809.0000 -2492235.0000 -375418.7700
-1809.0000 -3858493.0000 -298182.8200
-1809.0000 -2597731.0000 -400425.4400
-1809.0000 -5337687.0000 -789841.3700
-1809.0000 -4062833.0000 -604696.1100
-1809.0000 -3278623.0000 -812173.2800
-1809.0000 -4652089.0000 -564077.7300
-1809.0000 -3039087.0000 -726922.9300
-1809.0000 -4543947.0000 -766416.3600
-1809.0000 -2226695.0000 -528958.6200
-1809.0000 -2815863.0000 -301983.0800
-1809.0000 -2374019.0000 -237700.9000
-1809.0000 -2713387.0000 -541802.4000
-1809.0000 -2302263.0000 -185707.7000
-1809.0000 -1384927.0000 -315158.3300
-1809.0000 -3583969.0000 -594376.7800
-1809.0000 -1822885.0000 -253225.3200
-1809.0000 -2192125.0000 -295038.5100
-1809.0000 -4241011.0000 -363788.8000
-1809.0000 -2284657.0000 -337245.8200
-1809.0000 -2609579.0000 -387506.8600
-1809.0000 -3740733.0000 -955245.5800
-1809.0000 -2030861.0000 -299490.9700
-1809.0000 -3403451.0000 -765930.9400
-1809.0000 -4285171.0000 -585455.0000
-1809.0000 -2739413.0000 -647606.9400
-1809.0000 -4636311.0000 -707166.0100
-1809.0000 -6294107.0000 -463187.3400
-1809.0000 -5349669.0000 -500092.6100
-1809.0000 -2317365.0000 -414724.2400
-1809.0000 -5988819.0000 -507554.0900
-1809.0000 -1709375.0000 -308496.0100
-1809.0000 -3895803.0000 -312676.0200
-1809.0000 -4647171.0000 -515369.0100
-1809.0000 -2262787.0000 -220931.5800
-1809.0000 -2886279.0000 -332018.0500
-1809.0000 -2090705.0000 -353890.7700
-1809.0000 -2921673.0000 -616162.7600
-1809.0000 -2779439.0000 -143198.3600
-1809.0000 -3189025.0000 -497126.6700
-1809.0000 -2144667.0000 -306496.6100
-1809.0000 -1510595.0000 -238735.7200
-1809.0000 -2942763.0000 -481631.0100
-1809.0000 -1259997.0000 -288221.9100
-1809.0000 -1874833.0000 -249025.2400
-1809.0000 -1799985.0000 -308068.8500
-1809.0000 -2944131.0000 -560589.5300
-1809.0000 -3807657.0000 -625315.7200
-1809.0000 -1615325.0000 -129341.7900
-1809.0000 -2054301.0000 -265807.1500
-1809.0000 -2486435.0000 -248008.0200
-1809.0000 -1752705.0000 -135926.2100
-1809.0000 -1082615.0000 -131841.2800
-1809.0000 -2288699.0000 -299256.1900
-1809.0000 -1387287.0000 -89613.3000
-1809.0000 -2324049.0000 -183160.4700
-1809.0000 -764945.0000 -61520.0900
-1809.0000 -1517803.0000 -139531.9800
-1809.0000 -1042209.0000 -136854.3800
-1809.0000 -1679835.0000 -208238.5300
-1809.0000 -1684321.0000 -247150.4500
-1809.0000 -2041281.0000 -294356.5300
-1809.0000 -927569.0000 -188389.2300
-1809.0000 -1298087.0000 -330087.9700
-1809.0000 -2006169.0000 -289429.6100
-1809.0000 -3409617.0000 -529657.4400
-1809.0000 -1049429.0000 -133678.6000
-1809.0000 -1012901.0000 -211459.6600
-1809.0000 -935677.0000 -118380.3300
-1809.0000 -1135269.0000 -247875.7700
-1809.0000 -1529669.0000 -321032.5600
-1809.0000 -1138995.0000 -222518.7300
-1809.0000 -1929503.0000 -174001.5700
-1809.0000 -1317881.0000 -185204.8500
-1809.0000 -1378683.0000 -312660.5300
-1809.0000 -1136365.0000 -107445.1900
-1809.0000 -595077.0000 -107650.8200
-1809.0000 -1305347.0000 -100194.7800
-1809.0000 -2173653.0000 -396756.5700
-1809.0000 -1412779.0000 -197276.2900
-1809.0000 -3219753.0000 -194672.9800
-1809.0000 -1656587.0000 -228304.5000
-1389.0000 -665889.0000 -47130.4300
-1389.0000 -2547211.0000 -294422.7800
-1389.0000 -1545133.0000 -139666.5800
-1389.0000 -1498615.0000 -243284.4900
-245.0000 -2409947.0000 -69770.1200
-245.0000 -1858719.0000 -227765.2000
-245.0000 -1571523.0000 -142028.7400
-245.0000 -1415741.0000 -101985.7900
-245.0000 -787137.0000 -25566.9900
-245.0000 -318131.0000 -9599.0100
-245.0000 -805953.0000 -25465.6200
-245.0000 -269865.0000 -4368.5300
-245.0000 -1929441.0000 -21380.9400
-245.0000 -560063.0000 -13461.5600
-245.0000 -1043037.0000 -70359.0200
-245.0000 -344519.0000 -28178.0100
-245.0000 -1957285.0000 -103064.8500
-245.0000 -395397.0000 -35984.9700
-245.0000 -1094801.0000 -246182.2200
-245.0000 -692489.0000 -82989.4700
-245.0000 -880497.0000 -111078.0500
-245.0000 -1289261.0000 -113139.2900
-245.0000 -681975.0000 -25651.7600
-245.0000 -607549.0000 -38287.5700
-245.0000 -541881.0000 -35992.1600
-245.0000 -1109317.0000 -170682.0600
-245.0000 -1529497.0000 -52926.8400
-245.0000 -615213.0000 -15517.0900
-245.0000 -816403.0000 -95651.2400
-245.0000 -743907.0000 -13388.6100
-245.0000 -364039.0000 -9834.4700
-245.0000 -1101335.0000 -35572.8400
-245.0000 -1049015.0000 -68389.6700
-245.0000 -83019.0000 -658.8700
-245.0000 -792371.0000 -48248.6900
-245.0000 -477521.0000 -64211.1000
-245.0000 -509077.0000 -24398.0600
-245.0000 -372647.0000 -31863.1600
-245.0000 -928087.0000 -57519.7200
-245.0000 -714263.0000 -40961.0800
-245.0000 -1037059.0000 -38417.0200
-245.0000 -1682903.0000 -408537.9400
-245.0000 -1032537.0000 -120801.1500
-245.0000 -457575.0000 -37298.1000
-245.0000 -152655.0000 -2062.3600
-245.0000 -295213.0000 -12137.5900
-245.0000 -714161.0000 -13009.8400
-245.0000 -404737.0000 -12305.8600
-245.0000 -125951.0000 -2345.9600
-245.0000 -896291.0000 -31599.0000
-245.0000 -708971.0000 -24299.7800
-245.0000 -671601.0000 -16744.9000
-245.0000 -1321101.0000 -58257.1900
-245.0000 -929639.0000 -33313.7100
-245.0000 -430025.0000 -101855.4100
-245.0000 -636683.0000 -71006.6600
-245.0000 -778325.0000 -20031.5200
-245.0000 -1319891.0000 -125338.5200
-245.0000 -532075.0000 -12557.0500
-245.0000 -1215983.0000 -99553.9100
-245.0000 -863771.0000 -121007.8200
-245.0000 -529997.0000 -10255.7500
-245.0000 -880227.0000 -110843.8500
-245.0000 -527147.0000 -20864.1400
-245.0000 -892753.0000 -65198.2800
-245.0000 -375549.0000 -20086.7700
-245.0000 -1344353.0000 -158406.8500
-245.0000 -872437.0000 -82071.5400
-245.0000 -576653.0000 -27721.8000
-245.0000 -1361255.0000 -40146.7000
-245.0000 -705377.0000 -84870.6500
-245.0000 -733097.0000 -28258.4400
-245.0000 -481039.0000 -140963.8800
-245.0000 -420139.0000 -60366.2800
-245.0000 -821623.0000 -57634.1800
-245.0000 -843059.0000 -130253.2700
-245.0000 -568537.0000 -63341.0100
-245.0000 -993577.0000 -39176.4700
-245.0000 -988273.0000 -175055.6000
-245.0000 -778859.0000 -124626.7700
-245.0000 -819487.0000 -105967.2700
-245.0000 -668887.0000 -16341.5800
-245.0000 -547873.0000 -8967.5000
-245.0000 -620129.0000 -119940.1600
-245.0000 -894903.0000 -68272.3000
-245.0000 -539079.0000 -38087.7500
-245.0000 -1289771.0000 -50556.4200
-245.0000 -1196927.0000 -118755.9900
-245.0000 -530085.0000 -57797.2200
-245.0000 -640859.0000 -55769.9900
-245.0000 -958559.0000 -42974.0400
-245.0000 -868837.0000 -37050.8200
-245.0000 -1988885.0000 -166603.9700
-245.0000 -918159.0000 -92149.6200
-245.0000 -529129.0000 -21279.8400
-245.0000 -475739.0000 -30357.4000
-245.0000 -287199.0000 -5634.2600
-245.0000 -588119.0000 -75954.0400
-245.0000 -2391665.0000 -170314.2900
-245.0000 -363841.0000 -31591.1400
-245.0000 -830787.0000 -48991.3900
-245.0000 -1591069.0000 -117885.5900
-245.0000 -596765.0000 -53936.1000
-245.0000 -815265.0000 -23543.1600
-245.0000 -381573.0000 -11891.5800
-245.0000 -1080771.0000 -28291.4300
-245.0000 -923351.0000 -18338.5400
-245.0000 -855411.0000 -89262.7500
-245.0000 -1790517.0000 -207812.0800
-245.0000 -957797.0000 -60372.4600
-245.0000 -1123565.0000 -59954.0900
-245.0000 -982341.0000 -57248.5000
-245.0000 -1285125.0000 -116625.4600
-245.0000 -399369.0000 -73651.9700
-245.0000 -345303.0000 -12856.6400
-245.0000 -1050965.0000 -55773.4800
-245.0000 -1224523.0000 -286153.0200
-245.0000 -651075.0000 -111283.9400
-245.0000 -1355129.0000 -119350.9500
-245.0000 -1278563.0000 -15379.2700
-245.0000 -1425757.0000 -118667.0700
-245.0000 -1158857.0000 -89829.8400
-245.0000 -1027579.0000 -16663.9000
-245.0000 -1071637.0000 -110173.6200
-245.0000 -701337.0000 -49105.5800
-245.0000 -1690783.0000 -69021.0700
-245.0000 -527147.0000 -10121.7500
-245.0000 -690305.0000 -37263.2000
-245.0000 -568863.0000 -10466.2100
-245.0000 -992461.0000 -32331.0300
-245.0000 -1425245.0000 -102473.3400
-245.0000 -1218657.0000 -23523.0800
-245.0000 -1307339.0000 -84466.1000
-245.0000 -1002925.0000 -242447.4400
-245.0000 -516049.0000 -97064.5900
-245.0000 -405017.0000 -7610.9000
-245.0000 -1488315.0000 -30980.9200
-245.0000 -856469.0000 -273961.2200
-245.0000 -327617.0000 -83215.1800
-245.0000 -727931.0000 -52188.6200
-245.0000 -809275.0000 -70632.6500
-245.0000 -644967.0000 -22444.3400
-245.0000 -261677.0000 -14475.2800
-245.0000 -1388579.0000 -119509.5600
-245.0000 -498775.0000 -13333.7400
-245.0000 -994181.0000 -26986.1200
-245.0000 -534061.0000 -20642.2700
-245.0000 -511093.0000 -7288.6700
-245.0000 -1066435.0000 -63942.7500
-245.0000 -401025.0000 -7959.7200
-245.0000 -861125.0000 -19667.8800
-245.0000 -321223.0000 -17559.8400
-245.0000 -963513.0000 -45475.5600
-245.0000 -628043.0000 -17473.5900
-245.0000 -948877.0000 -35154.0500
-245.0000 -896151.0000 -159458.0200
-245.0000 -517535.0000 -11122.1700
-245.0000 -1106229.0000 -117635.0300
-245.0000 -1048463.0000 -48647.8700
-245.0000 -1432613.0000 -145695.2700
-245.0000 -1129203.0000 -147543.5400
-245.0000 -672215.0000 -62993.7700
-245.0000 -956935.0000 -69203.4200
-245.0000 -579401.0000 -27315.7200
-245.0000 -738753.0000 -81336.3200
-245.0000 -1916483.0000 -92495.5500
-245.0000 -928661.0000 -51375.2600
-245.0000 -245.0000 -245.0000
-245.0000 -245.0000 -245.0000
-245.0000 -245.0000 -245.0000
-245.0000 -238183.0000 -1434.6900
-245.0000 -245.0000 -245.0000
-245.0000 -245.0000 -245.0000
-245.0000 -245.0000 -245.0000
-245.0000 -112877.0000 -1019.2200
-245.0000 -245.0000 -245.0000
-245.0000 -245.0000 -245.0000
-245.0000 -245.0000 -245.0000
-245.0000 -245.0000 -245.0000
-245.0000 -245.0000 -245.0000
-245.0000 -103017.0000 -758.8600
-245.0000 -245.0000 -245.0000
-245.0000 -64921.0000 -891.7600
-245.0000 -245.0000 -245.0000
-245.0000 -245.0000 -245.0000
-245.0000 -245.0000 -245.0000
-245.0000 -245.0000 -245.0000
-245.0000 -245.0000 -245.0000
-245.0000 -46703.0000 -709.5800
-245.0000 -215865.0000 -1323.1000
-245.0000 -245.0000 -245.0000
-245.0000 -245.0000 -245.0000
-245.0000 -245.0000 -245.0000
-245.0000 -245.0000 -245.0000
-245.0000 -245.0000 -245.0000
-245.0000 -117661.0000 -832.0800
-245.0000 -245.0000 -245.0000
-245.0000 -154945.0000 -1018.5000
-245.0000 -245.0000 -245.0000
-245.0000 -245.0000 -245.0000
-245.0000 -245.0000 -245.0000
-245.0000 -245.0000 -245.0000
-245.0000 -245.0000 -245.0000
-245.0000 -245.0000 -245.0000
-245.0000 -245.0000 -245.0000
-245.0000 -245.0000 -245.0000
-245.0000 -245.0000 -245.0000
-245.0000 -245.0000 -245.0000
-245.0000 -245.0000 -245.0000
-245.0000 -704227.0000 -4020.9600
-245.0000 -245.0000 -245.0000
-245.0000 -277079.0000 -1629.1700
-245.0000 -245.0000 -245.0000
-245.0000 -245.0000 -245.0000
-245.0000 -245.0000 -245.0000
-245.0000 -245.0000 -245.0000
-245.0000 -245.0000 -245.0000
-245.0000 -364159.0000 -2064.5700
-245.0000 -245.0000 -245.0000
-245.0000 -245.0000 -245.0000
-245.0000 -245.0000 -245.0000
-245.0000 -245.0000 -245.0000
-245.0000 -245.0000 -245.0000
-245.0000 -245.0000 -245.0000
-245.0000 -245.0000 -245.0000
-245.0000 -245.0000 -245.0000
-245.0000 -245.0000 -245.0000
-245.0000 -269493.0000 -4685.4800
-245.0000 -245.0000 -245.0000
-245.0000 -148489.0000 -986.2200
-245.0000 -245.0000 -245.0000
-245.0000 -245.0000 -245.0000
-245.0000 -163717.0000 -2046.6400
-245.0000 -154945.0000 -1018.5000
-245.0000 -245.0000 -245.0000
-245.0000 -341659.0000 -1952.0700
-245.0000 -245.0000 -245.0000
-245.0000 -245.0000 -245.0000
-245.0000 -201561.0000 -1251.5800
-245.0000 -245.0000 -245.0000
-245.0000 -245.0000 -245.0000
-245.0000 -296215.0000 -1724.8500
-245.0000 -439159.0000 -5516.5100
-245.0000 -245.0000 -245.0000
-245.0000 -245.0000 -245.0000
-245.0000 -245.0000 -245.0000
