-131117.0000 -2872529.0000 -507419.6200
-131117.0000 -6565673.0000 -1302771.6400
-131117.0000 -3174781.0000 -659839.6000
-131117.0000 -4106509.0000 -552483.0500
-131117.0000 -5873677.0000 -812059.4400
-131117.0000 -5141267.0000 -978697.3300
-131117.0000 -4811767.0000 -847333.6700
-5637.0000 -3452245.0000 -630466.0500
-5637.0000 -3667007.0000 -664051.8300
-5637.0000 -5741913.0000 -741930.6400
-5637.0000 -8566823.0000 -1516329.2800
-5637.0000 -3376151.0000 -921585.1000
-5637.0000 -6343813.0000 -238685.4900
-5637.0000 -5995623.0000 -623057.1800
-5637.0000 -4125045.0000 -622913.4500
-5637.0000 -3584467.0000 -513204.8500
-5637.0000 -6940627.0000 -604890.3400
-5637.0000 -5821139.0000 -894456.8500
-5637.0000 -2527607.0000 -577387.7000
-5637.0000 -3861003.0000 -866090.1900
-5637.0000 -3303613.0000 -636716.0800
-5637.0000 -4796529.0000 -746896.1800
-5637.0000 -2423451.0000 -468689.6700
-5637.0000 -3010327.0000 -476811.9000
-5637.0000 -4016681.0000 -584122.0300
-5637.0000 -3968543.0000 -801411.8000
-5637.0000 -3711009.0000 -1069080.0100
-5637.0000 -2988427.0000 -800550.1000
-5637.0000 -3544767.0000 -654416.6700
-5637.0000 -6208959.0000 -701830.6000
-5637.0000 -1670185.0000 -181540.9500
-5637.0000 -4070805.0000 -397530.0400
-5637.0000 -3562733.0000 -673945.4900
-5637.0000 -2328623.0000 -382727.7100
-5637.0000 -3158119.0000 -370867.5700
-5637.0000 -4180917.0000 -829193.5600
-5637.0000 -2821505.0000 -741764.0400
-5637.0000 -4457109.0000 -499181.7400
-5637.0000 -2880893.0000 -480717.4300
-5637.0000 -4096507.0000 -993636.9500
-5637.0000 -4908263.0000 -231173.6800
-5637.0000 -5827029.0000 -448583.0100
-5637.0000 -3492005.0000 -968587.4200
-1321.0000 -4133115.0000 -257608.3200
-1321.0000 -5159465.0000 -846139.5800
-1321.0000 -2879653.0000 -412049.4400
-1321.0000 -4489715.0000 -496865.6800
-1321.0000 -3796163.0000 -856719.3700
-1321.0000 -3544131.0000 -469723.4700
-1321.0000 -5272819.0000 -677113.2100
-1321.0000 -4480549.0000 -688419.1300
-1321.0000 -3586957.0000 -647665.6000
-1321.0000 -3771527.0000 -521304.5800
-1321.0000 -4152735.0000 -866157.2600
-1321.0000 -5796071.0000 -742498.5900
-1321.0000 -3415439.0000 -750625.1500
-1321.0000 -2563915.0000 -885004.0100
-1321.0000 -3086719.0000 -545057.4000
-1321.0000 -3228655.0000 -793234.0900
-1321.0000 -3497019.0000 -850473.1900
-1321.0000 -2687449.0000 -405435.6000
-1321.0000 -3364651.0000 -363798.3200
-1321.0000 -5929617.0000 -1030064.5600
-1321.0000 -6527167.0000 -1263136.0700
-1321.0000 -2540945.0000 -331759.9200
-1321.0000 -2923735.0000 -396972.4900
-1321.0000 -6472059.0000 -391288.5700
-1321.0000 -3992723.0000 -404671.6400
-1321.0000 -4509123.0000 -516772.6200
-1321.0000 -2841581.0000 -373420.3100
-1321.0000 -3173773.0000 -384073.4600
-1321.0000 -3941719.0000 -818840.7900
-1321.0000 -2631499.0000 -500326.7800
-1321.0000 -5914831.0000 -1054868.9200
-1321.0000 -2689619.0000 -440463.8300
-1321.0000 -4464439.0000 -624544.1300
-1321.0000 -2475461.0000 -550737.3500
-1321.0000 -3050291.0000 -216532.2500
-1321.0000 -2660867.0000 -633030.9600
-1321.0000 -7264551.0000 -1045713.3900
-1321.0000 -3567677.0000 -655899.5100
-1321.0000 -2054507.0000 -388039.6900
-1321.0000 -3283957.0000 -376532.2600
-1321.0000 -2229893.0000 -228507.9800
-1321.0000 -3536971.0000 -206248.2400
-1321.0000 -2733491.0000 -355291.6900
-1321.0000 -1178337.0000 -141757.6200
-1321.0000 -2443299.0000 -607021.0200
-1321.0000 -4096169.0000 -380300.3600
-1321.0000 -2178251.0000 -256175.4500
-1321.0000 -3373723.0000 -573757.3900
-1321.0000 -3546075.0000 -579161.7300
-1321.0000 -2162547.0000 -267120.9300
-1321.0000 -3429545.0000 -472500.3700
-1321.0000 -3340349.0000 -648958.6800
-1321.0000 -2832553.0000 -640553.0800
-1321.0000 -1902265.0000 -256195.1100
-1321.0000 -901171.0000 -227769.7000
-1321.0000 -2974651.0000 -207345.6700
-1321.0000 -2268903.0000 -590499.9600
-1321.0000 -1744133.0000 -172712.6500
-1321.0000 -3032867.0000 -508190.4800
-1321.0000 -3786319.0000 -390481.0300
-1321.0000 -2791371.0000 -565186.0000
-1321.0000 -1473773.0000 -238601.8500
-1321.0000 -1636309.0000 -432257.7100
-1321.0000 -1551393.0000 -322993.1500
-1321.0000 -3156225.0000 -489611.4000
-1321.0000 -4158945.0000 -352922.7900
-1321.0000 -2478721.0000 -368859.9300
-1321.0000 -2724649.0000 -482910.1000
-1321.0000 -1723291.0000 -278442.9100
-1321.0000 -1612053.0000 -114116.2700
-893.0000 -1997459.0000 -294540.7900
-893.0000 -3163989.0000 -684397.1200
-893.0000 -3061773.0000 -678604.1300
-893.0000 -3339639.0000 -622746.9200
-893.0000 -2841993.0000 -396965.7100
-893.0000 -2083963.0000 -278662.5600
-893.0000 -2041495.0000 -279193.9500
-893.0000 -3195921.0000 -407221.0100
-893.0000 -1896893.0000 -159073.1000
-893.0000 -979303.0000 -256878.7100
-893.0000 -1607757.0000 -180164.9200
-893.0000 -1096451.0000 -234092.8800
-893.0000 -1257495.0000 -180628.0500
-893.0000 -1257451.0000 -146292.2200
-893.0000 -2642429.0000 -259740.9400
-893.0000 -1861595.0000 -114474.3700
-893.0000 -925095.0000 -162394.8900
-893.0000 -667097.0000 -142122.5000
-893.0000 -1139525.0000 -154025.6100
-893.0000 -2061231.0000 -260861.8200
-893.0000 -2587343.0000 -551879.3200
-893.0000 -1243227.0000 -191877.6200
-893.0000 -1435931.0000 -221573.8200
-893.0000 -1436539.0000 -259430.0400
-893.0000 -1064253.0000 -188916.7200
-893.0000 -1898917.0000 -186233.9400
-893.0000 -1343193.0000 -171740.9900
-893.0000 -868883.0000 -138966.4700
-893.0000 -1656289.0000 -129025.4800
-893.0000 -1489841.0000 -250056.2300
-893.0000 -2155807.0000 -326943.9600
-893.0000 -1461339.0000 -440995.1700
-893.0000 -2024375.0000 -261547.6100
-893.0000 -1155985.0000 -183189.4600
-893.0000 -647771.0000 -75216.0900
-893.0000 -1547625.0000 -265093.9400
-893.0000 -1165031.0000 -244425.6900
-893.0000 -2529549.0000 -433887.5800
-893.0000 -3129991.0000 -414776.3500
-893.0000 -1977133.0000 -349091.0500
-893.0000 -1290063.0000 -231827.8100
-893.0000 -1403211.0000 -119396.2500
-893.0000 -2007707.0000 -170406.9300
-893.0000 -1417137.0000 -226573.4700
-893.0000 -1911749.0000 -359868.4800
-893.0000 -1611647.0000 -273662.7400
-893.0000 -1073331.0000 -103466.4400
-893.0000 -2231093.0000 -259159.3100
-893.0000 -736525.0000 -21841.7100
-893.0000 -812659.0000 -47086.3200
-893.0000 -423529.0000 -35324.2900
-893.0000 -268195.0000 -4324.0400
-893.0000 -182779.0000 -3621.2900
-893.0000 -632753.0000 -14627.5000
-893.0000 -518489.0000 -18589.4700
-893.0000 -1277123.0000 -79199.0200
-893.0000 -1185201.0000 -299862.6000
-893.0000 -812185.0000 -52874.4100
-893.0000 -926065.0000 -138732.1000
-893.0000 -314945.0000 -37203.4700
-893.0000 -909253.0000 -101316.9100
-893.0000 -1281611.0000 -15274.2900
-893.0000 -1049159.0000 -56262.8800
-893.0000 -1192431.0000 -59191.6000
-893.0000 -413833.0000 -38750.4700
-893.0000 -1076171.0000 -43873.2900
-893.0000 -1528885.0000 -45956.3100
-893.0000 -1488021.0000 -78024.3700
-893.0000 -261119.0000 -45705.6200
-893.0000 -1400099.0000 -102767.9500
-893.0000 -922193.0000 -173019.8200
-893.0000 -430041.0000 -32947.2900
-893.0000 -781843.0000 -60586.2500
-893.0000 -814711.0000 -27287.0800
-893.0000 -805981.0000 -40390.5800
-893.0000 -66059.0000 -1777.1500
-893.0000 -1157779.0000 -71925.4800
-893.0000 -1465949.0000 -59254.9700
-893.0000 -742849.0000 -20684.1000
-893.0000 -400377.0000 -26390.6800
-893.0000 -556651.0000 -105860.1100
-893.0000 -2052853.0000 -150764.0700
-893.0000 -795327.0000 -31091.5800
-893.0000 -1711599.0000 -108670.8900
-893.0000 -1103777.0000 -31882.1000
-893.0000 -1425893.0000 -161489.0600
-893.0000 -491421.0000 -21016.4600
-893.0000 -980823.0000 -40337.4800
-893.0000 -886411.0000 -27103.6000
-893.0000 -638355.0000 -15495.2000
-893.0000 -367927.0000 -7246.4100
-893.0000 -630035.0000 -113442.6200
-893.0000 -522813.0000 -96488.6100
-893.0000 -404485.0000 -44749.1700
-893.0000 -110105.0000 -8491.5200
-893.0000 -595549.0000 -28529.6900
-893.0000 -508465.0000 -36011.1000
-893.0000 -1322781.0000 -53316.6000
-893.0000 -1182315.0000 -93571.4800
-893.0000 -884859.0000 -63755.1100
-893.0000 -983689.0000 -166259.1700
-893.0000 -1084023.0000 -40741.9100
-893.0000 -875857.0000 -55793.3600
-893.0000 -274589.0000 -28586.3400
-893.0000 -442317.0000 -23845.1600
-893.0000 -441071.0000 -13954.4200
-893.0000 -908369.0000 -43340.7500
-893.0000 -934473.0000 -25229.3500
-893.0000 -196813.0000 -6810.8000
-893.0000 -205617.0000 -3466.8000
-893.0000 -1590065.0000 -101739.4100
-893.0000 -849323.0000 -82243.4400
-893.0000 -1260289.0000 -208262.4500
-893.0000 -816433.0000 -80041.0600
-893.0000 -1279155.0000 -158834.4500
-893.0000 -598335.0000 -97103.8400
-893.0000 -1741877.0000 -123135.2500
-893.0000 -1115709.0000 -111123.6700
-893.0000 -1605527.0000 -127346.6900
-893.0000 -1437775.0000 -112252.1000
-893.0000 -723737.0000 -60896.5600
-893.0000 -901629.0000 -43743.5100
-893.0000 -850575.0000 -42680.0600
-893.0000 -487347.0000 -32426.8000
-893.0000 -555529.0000 -20115.7400
-893.0000 -493991.0000 -16698.3400
-893.0000 -211327.0000 -11604.4900
-893.0000 -199785.0000 -13406.7300
-567.0000 -637609.0000 -39349.4100
-567.0000 -1221933.0000 -104789.4800
-567.0000 -495467.0000 -51486.8200
-567.0000 -923727.0000 -24973.9200
-567.0000 -1433801.0000 -86578.9100
-567.0000 -1203693.0000 -171025.8800
-567.0000 -1325299.0000 -83488.9800
-567.0000 -1834547.0000 -43582.5900
-567.0000 -1130303.0000 -99259.5800
-567.0000 -706947.0000 -21055.2800
-567.0000 -970467.0000 -42111.2000
-567.0000 -1389585.0000 -28826.5400
-567.0000 -861755.0000 -13299.3000
-567.0000 -113755.0000 -1814.6000
-567.0000 -1019463.0000 -34588.1600
-567.0000 -782543.0000 -35475.6600
-567.0000 -817021.0000 -8731.5400
-567.0000 -450777.0000 -37625.7800
-567.0000 -855233.0000 -73820.0300
-567.0000 -319643.0000 -5090.1100
-567.0000 -391693.0000 -41429.7300
-567.0000 -1443971.0000 -40616.5600
-567.0000 -1498731.0000 -97521.0100
-567.0000 -1040303.0000 -64279.4000
-567.0000 -516653.0000 -61094.5100
-567.0000 -607547.0000 -36556.6100
-567.0000 -1212247.0000 -180645.7600
-567.0000 -1437825.0000 -305610.5000
-567.0000 -1096295.0000 -117335.5000
-567.0000 -1151223.0000 -56162.9800
-567.0000 -1498731.0000 -67470.7900
-567.0000 -1259815.0000 -46088.0900
-567.0000 -1325299.0000 -86385.3100
-567.0000 -881449.0000 -40885.6000
-567.0000 -742671.0000 -42581.2700
-567.0000 -1038107.0000 -147331.5400
-567.0000 -1137525.0000 -47934.6200
-567.0000 -579677.0000 -40595.9500
-567.0000 -751385.0000 -61047.0100
-567.0000 -1081187.0000 -30219.3500
-567.0000 -812883.0000 -69821.1700
-567.0000 -651237.0000 -42724.1800
-567.0000 -1511361.0000 -179420.4700
-567.0000 -1753915.0000 -431520.3000
-567.0000 -1657985.0000 -164865.9900
-567.0000 -1411601.0000 -200096.5800
-567.0000 -380409.0000 -44843.1700
-567.0000 -564705.0000 -33953.4800
-567.0000 -887255.0000 -60964.0500
-567.0000 -509851.0000 -21669.5100
-567.0000 -467209.0000 -14396.4700
-567.0000 -1394225.0000 -138954.1500
-567.0000 -782069.0000 -30930.2400
-567.0000 -558431.0000 -47860.8700
-567.0000 -1214709.0000 -71421.4400
-567.0000 -1252069.0000 -37270.1800
-567.0000 -901791.0000 -75148.9700
-567.0000 -970647.0000 -61668.1500
-567.0000 -176469.0000 -6051.1000
-567.0000 -1441647.0000 -58590.8900
-567.0000 -881805.0000 -112298.0200
-567.0000 -595649.0000 -77119.8300
-567.0000 -977393.0000 -195183.8700
-567.0000 -671279.0000 -40900.3700
-567.0000 -841757.0000 -88838.7600
-377.0000 -850737.0000 -83326.9800
-377.0000 -848841.0000 -85507.3000
-377.0000 -1152033.0000 -197430.6300
-377.0000 -914715.0000 -63952.9700
-377.0000 -353553.0000 -6726.7800
-377.0000 -748453.0000 -21388.7300
-377.0000 -739417.0000 -27305.6800
-377.0000 -1764609.0000 -232399.0700
-377.0000 -859093.0000 -194000.2600
-377.0000 -558653.0000 -32895.5400
-377.0000 -967797.0000 -38806.6200
-377.0000 -921101.0000 -46967.4000
-377.0000 -543827.0000 -43153.9700
-377.0000 -1291075.0000 -106518.5200
-377.0000 -1169775.0000 -88228.6000
-377.0000 -211525.0000 -1662.5200
-377.0000 -377.0000 -377.0000
-377.0000 -377.0000 -377.0000
-377.0000 -377.0000 -377.0000
-377.0000 -377.0000 -377.0000
-39.0000 -377.0000 -192.7900
-39.0000 -377.0000 -40.6900
-39.0000 -39.0000 -39.0000
-39.0000 -39.0000 -39.0000
-39.0000 -39.0000 -39.0000
-39.0000 -39.0000 -39.0000
-39.0000 -896007.0000 -15766.6600
-39.0000 -174297.0000 -910.2900
-39.0000 -39.0000 -39.0000
-39.0000 -39.0000 -39.0000
-39.0000 -39.0000 -39.0000
-39.0000 -39.0000 -39.0000
-39.0000 -39.0000 -39.0000
-39.0000 -39.0000 -39.0000
-39.0000 -39.0000 -39.0000
-39.0000 -39.0000 -39.0000
-39.0000 -39.0000 -39.0000
-39.0000 -39.0000 -39.0000
-39.0000 -39.0000 -39.0000
-39.0000 -39.0000 -39.0000
-39.0000 -39.0000 -39.0000
-39.0000 -39.0000 -39.0000
-39.0000 -141819.0000 -747.9000
-39.0000 -39.0000 -39.0000
-39.0000 -39.0000 -39.0000
-39.0000 -39.0000 -39.0000
-39.0000 -39.0000 -39.0000
-39.0000 -7225.0000 -74.9300
-39.0000 -39.0000 -39.0000
-39.0000 -39.0000 -39.0000
-39.0000 -39.0000 -39.0000
-39.0000 -39.0000 -39.0000
-39.0000 -438249.0000 -2230.0500
-39.0000 -39.0000 -39.0000
-39.0000 -39.0000 -39.0000
-39.0000 -39.0000 -39.0000
-39.0000 -166243.0000 -870.0200
-39.0000 -39.0000 -39.0000
-39.0000 -402507.0000 -2051.3400
-39.0000 -39.0000 -39.0000
-39.0000 -269287.0000 -1385.2400
-39.0000 -39.0000 -39.0000
-39.0000 -65127.0000 -1313.3700
-39.0000 -39.0000 -39.0000
-39.0000 -39.0000 -39.0000
-39.0000 -39.0000 -39.0000
-39.0000 -39.0000 -39.0000
-39.0000 -39.0000 -39.0000
-39.0000 -39.0000 -39.0000
-39.0000 -39.0000 -39.0000
-39.0000 -39.0000 -39.0000
-39.0000 -39.0000 -39.0000
-39.0000 -39.0000 -39.0000
-39.0000 -39.0000 -39.0000
-39.0000 -39.0000 -39.0000
-39.0000 -39.0000 -39.0000
-39.0000 -39.0000 -39.0000
-39.0000 -39.0000 -39.0000
-39.0000 -112199.0000 -599.8000
-39.0000 -39.0000 -39.0000
-39.0000 -39.0000 -39.0000
-39.0000 -82233.0000 -449.9700
-39.0000 -173719.0000 -907.4000
-39.0000 -39.0000 -39.0000
-39.0000 -39.0000 -39.0000
-39.0000 -39.0000 -39.0000
-39.0000 -44149.0000 -259.5500
-39.0000 -39.0000 -39.0000
-39.0000 -39.0000 -39.0000
-39.0000 -39.0000 -39.0000
-39.0000 -39.0000 -39.0000
-39.0000 -39.0000 -39.0000
-39.0000 -39.0000 -39.0000
-39.0000 -39.0000 -39.0000
