-770209.0000 -3680771.0000 -1482269.3800
-770209.0000 -5128257.0000 -1176918.6600
-216885.0000 -4377963.0000 -488439.9700
-91249.0000 -4031369.0000 -648752.5000
-91249.0000 -5523317.0000 -1014416.2400
-91249.0000 -7004849.0000 -846404.5400
-91249.0000 -3686323.0000 -1385819.3100
-91249.0000 -4293451.0000 -519379.4800
-91249.0000 -6115561.0000 -1144449.8200
-37029.0000 -3395565.0000 -155396.1600
-37029.0000 -3686657.0000 -820805.5000
-37029.0000 -4984953.0000 -1032314.8800
-37029.0000 -1673187.0000 -284907.6600
-37029.0000 -2129293.0000 -385640.0800
-37029.0000 -4674297.0000 -1009913.0200
-37029.0000 -3781859.0000 -628318.1400
-37029.0000 -4537661.0000 -668510.9900
-37029.0000 -5923521.0000 -1157067.7000
-37029.0000 -3956103.0000 -574503.5500
-37029.0000 -4088625.0000 -1029437.7700
-37029.0000 -4248501.0000 -428018.7600
-37029.0000 -5672289.0000 -765064.3400
-37029.0000 -3714803.0000 -432021.2400
-37029.0000 -3426041.0000 -800493.1100
-37029.0000 -2588371.0000 -609386.9100
-37029.0000 -6872143.0000 -1200499.7100
-37029.0000 -2615119.0000 -747106.1700
-37029.0000 -5291981.0000 -281333.5000
-9333.0000 -4634949.0000 -223180.4200
-9333.0000 -7134203.0000 -768328.5400
-9333.0000 -3398903.0000 -688564.0100
-9333.0000 -3012271.0000 -641995.8400
-9333.0000 -5609899.0000 -829034.5200
-9333.0000 -2431025.0000 -282421.9100
-9333.0000 -2984393.0000 -459609.7800
-9333.0000 -2485715.0000 -329955.6000
-9333.0000 -4374685.0000 -322927.4900
-9333.0000 -3735839.0000 -750662.1800
-9333.0000 -2462455.0000 -127451.1500
-9333.0000 -3176011.0000 -372567.6000
-9333.0000 -5109169.0000 -718220.9000
-9333.0000 -2487731.0000 -248674.1100
-9333.0000 -6738523.0000 -581199.3600
-9333.0000 -1231459.0000 -248818.9000
-9333.0000 -2054247.0000 -299946.2700
-9333.0000 -2735581.0000 -370621.4800
-9333.0000 -4386077.0000 -567392.9100
-9281.0000 -4911943.0000 -672897.3600
-9281.0000 -7727023.0000 -634963.9500
-5015.0000 -3573091.0000 -339859.4100
-5015.0000 -6985295.0000 -743214.9000
-5015.0000 -4262713.0000 -740602.2800
-5015.0000 -3590797.0000 -787715.4200
-5015.0000 -6740465.0000 -863470.8100
-5015.0000 -3162091.0000 -474796.7200
-5015.0000 -2136113.0000 -431236.7300
-5015.0000 -2385995.0000 -294965.6400
-5015.0000 -6742125.0000 -1231739.0400
-5015.0000 -6255099.0000 -680482.5000
-5015.0000 -3931101.0000 -1112922.4000
-5015.0000 -2337633.0000 -497262.2600
-5015.0000 -5464605.0000 -1061641.9900
-5015.0000 -2105281.0000 -526420.7100
-5015.0000 -4788911.0000 -347878.3400
-5015.0000 -4346835.0000 -753695.2300
-5015.0000 -4913071.0000 -723120.4700
-5015.0000 -4373967.0000 -367081.3200
-5015.0000 -3696819.0000 -327276.0700
-5015.0000 -6162209.0000 -1043521.5600
-5015.0000 -3569963.0000 -578851.5600
-5015.0000 -5519413.0000 -468974.7000
-5015.0000 -3824959.0000 -951732.5700
-5015.0000 -4601087.0000 -563917.9400
-5015.0000 -7065525.0000 -1067764.2800
-5015.0000 -2640837.0000 -713317.8100
-5015.0000 -4021601.0000 -712606.3200
-5015.0000 -4371883.0000 -1016474.0200
-5015.0000 -3196291.0000 -331282.5000
-5015.0000 -2843245.0000 -317488.1900
-5015.0000 -5176099.0000 -630300.3600
-5015.0000 -4277281.0000 -958856.8800
-5015.0000 -3279389.0000 -461996.4700
-5015.0000 -2409219.0000 -480484.1600
-5015.0000 -1976315.0000 -222881.3300
-5015.0000 -2722555.0000 -465944.0000
-5015.0000 -2648229.0000 -391895.6900
-5015.0000 -2958445.0000 -513893.3700
-5015.0000 -2736003.0000 -283135.3800
-5015.0000 -2571225.0000 -236697.7000
-5015.0000 -1428519.0000 -158487.1100
-5015.0000 -1816169.0000 -546167.3100
-5015.0000 -3036933.0000 -480963.4200
-5015.0000 -1824085.0000 -90138.1800
-5015.0000 -5033227.0000 -860314.5000
-5015.0000 -2145837.0000 -387929.4300
-5015.0000 -3534583.0000 -798343.7900
-5015.0000 -2991005.0000 -331389.9300
-5015.0000 -3819315.0000 -686082.1100
-5015.0000 -2594023.0000 -466685.3400
-5015.0000 -1940077.0000 -205629.7000
-5015.0000 -2167963.0000 -461563.2300
-5015.0000 -2832879.0000 -354966.9000
-5015.0000 -2808247.0000 -351694.2500
-5015.0000 -1529151.0000 -318321.9200
-5015.0000 -3169119.0000 -486557.7200
-5015.0000 -1808281.0000 -478746.6400
-5015.0000 -2609161.0000 -325677.6900
-5015.0000 -2584077.0000 -536387.3000
-5015.0000 -3360813.0000 -778658.5600
-5015.0000 -2132419.0000 -658843.5700
-5015.0000 -1848851.0000 -167194.4600
-3051.0000 -2111431.0000 -254315.4600
-3051.0000 -2938923.0000 -291677.4400
-3051.0000 -2302317.0000 -297548.8100
-3051.0000 -2447147.0000 -546377.4800
-3051.0000 -3389499.0000 -819210.9700
-3051.0000 -1909607.0000 -450490.6500
-3051.0000 -3742883.0000 -752692.6700
-3051.0000 -2197469.0000 -360507.6100
-3051.0000 -1719229.0000 -568892.4700
-3051.0000 -1699285.0000 -267902.1400
-3051.0000 -1056491.0000 -279935.8200
-3051.0000 -1150695.0000 -172743.9700
-3051.0000 -1005761.0000 -184546.5100
-3051.0000 -591651.0000 -55136.1200
-3051.0000 -1039917.0000 -356724.4200
-3051.0000 -1027307.0000 -170535.0900
-3051.0000 -822081.0000 -198785.5500
-3051.0000 -1001019.0000 -131697.3700
-3051.0000 -1631765.0000 -269337.8600
-3051.0000 -1124961.0000 -128833.4900
-3051.0000 -886621.0000 -57868.3100
-3051.0000 -2153951.0000 -241296.2700
-3051.0000 -958331.0000 -185921.2700
-3051.0000 -824347.0000 -232359.2800
-2905.0000 -1109427.0000 -158691.9300
-2905.0000 -666205.0000 -47421.5400
-2905.0000 -779135.0000 -99709.5600
-2905.0000 -765713.0000 -127985.3500
-2905.0000 -1171971.0000 -142909.4900
-2905.0000 -1487893.0000 -245188.1400
-2905.0000 -1084789.0000 -116536.3300
-2905.0000 -1154877.0000 -146892.4400
-2905.0000 -2107809.0000 -256003.7600
-2905.0000 -734107.0000 -129653.6800
-2905.0000 -1624559.0000 -224291.1500
-2905.0000 -1433855.0000 -288554.0800
-2905.0000 -1804493.0000 -217866.4500
-2905.0000 -1336119.0000 -435742.1500
-2009.0000 -2274625.0000 -118180.1600
-2009.0000 -983301.0000 -236899.5800
-2009.0000 -2016541.0000 -304092.8800
-2009.0000 -1843559.0000 -303439.9000
-2009.0000 -2433465.0000 -332757.0200
-2009.0000 -2004373.0000 -211679.8000
-2009.0000 -1918073.0000 -246470.9500
-2009.0000 -1074657.0000 -175766.1700
-2009.0000 -1967461.0000 -192755.9800
-2009.0000 -1943191.0000 -246276.9100
-2009.0000 -599205.0000 -120909.9900
-2009.0000 -1395863.0000 -236276.7300
-2009.0000 -450507.0000 -41075.3600
-2009.0000 -743519.0000 -52262.4900
-2009.0000 -610873.0000 -19641.1300
-2009.0000 -2075707.0000 -60019.8000
-2009.0000 -1004147.0000 -37816.0200
-2009.0000 -1336593.0000 -51380.9400
-2009.0000 -925833.0000 -54984.4800
-2009.0000 -1297383.0000 -19917.4100
-2009.0000 -409243.0000 -5263.6800
-2009.0000 -403279.0000 -27484.7000
-2009.0000 -786587.0000 -8445.5200
-2009.0000 -933113.0000 -23731.4800
-2009.0000 -1345265.0000 -58817.8300
-2009.0000 -1159599.0000 -126315.6900
-2009.0000 -607583.0000 -105139.5300
-2009.0000 -970167.0000 -150613.7800
-2009.0000 -477541.0000 -49501.5800
-2009.0000 -1260313.0000 -58494.7000
-2009.0000 -373053.0000 -8009.4700
-2009.0000 -777697.0000 -38567.3200
-2009.0000 -495721.0000 -55257.8900
-2009.0000 -749551.0000 -21295.6800
-2009.0000 -1078611.0000 -16477.1900
-2009.0000 -91525.0000 -3156.2300
-2009.0000 -267239.0000 -10310.9600
-2009.0000 -1253687.0000 -89365.9300
-2009.0000 -507659.0000 -22988.5800
-2009.0000 -1512655.0000 -119293.0800
-2009.0000 -347463.0000 -28135.9700
-2009.0000 -742245.0000 -44092.2300
-2009.0000 -1421113.0000 -95526.7200
-2009.0000 -578221.0000 -52209.1300
-2009.0000 -1108033.0000 -74508.2400
-2009.0000 -445591.0000 -30907.0800
-2001.0000 -1484829.0000 -102359.2900
-2001.0000 -950127.0000 -44084.0600
-2001.0000 -683809.0000 -24239.8900
-2001.0000 -988783.0000 -98409.5500
-2001.0000 -396703.0000 -10600.6200
-2001.0000 -85777.0000 -2838.7600
-2001.0000 -604729.0000 -40625.5500
-2001.0000 -943975.0000 -62815.1800
-2001.0000 -807819.0000 -73338.7900
-2001.0000 -791117.0000 -26185.1500
-2001.0000 -1148901.0000 -30401.3500
-2001.0000 -592759.0000 -9041.4400
-2001.0000 -450741.0000 -12490.6100
-2001.0000 -1087769.0000 -178767.3800
-2001.0000 -109331.0000 -11249.9800
-2001.0000 -755957.0000 -83297.2300
-2001.0000 -491895.0000 -63828.8500
-2001.0000 -300617.0000 -27067.0700
-2001.0000 -871723.0000 -209691.6300
-2001.0000 -1407409.0000 -136752.4400
-2001.0000 -414833.0000 -49238.6200
-2001.0000 -375119.0000 -20448.6000
-2001.0000 -942175.0000 -21396.8200
-2001.0000 -669845.0000 -51298.8100
-2001.0000 -653787.0000 -47585.8900
-2001.0000 -730731.0000 -20968.9500
-2001.0000 -1119471.0000 -58255.9300
-2001.0000 -1913323.0000 -69526.6200
-2001.0000 -1097769.0000 -81162.7600
-2001.0000 -638611.0000 -44066.3500
-2001.0000 -529105.0000 -37733.4800
-2001.0000 -1686599.0000 -170278.2900
-2001.0000 -817605.0000 -95499.2000
-1131.0000 -681823.0000 -83825.3500
-1131.0000 -358427.0000 -18976.7500
-1131.0000 -897701.0000 -72571.2000
-1131.0000 -1179733.0000 -144126.1300
-1131.0000 -1142841.0000 -34039.8800
-1131.0000 -215019.0000 -13245.5900
-1131.0000 -1031271.0000 -61644.3100
-1131.0000 -346619.0000 -26658.5800
-1131.0000 -919023.0000 -183909.7800
-1131.0000 -1155515.0000 -153260.8000
-1131.0000 -1364973.0000 -32324.6300
-1131.0000 -98861.0000 -2928.4700
-1131.0000 -1396217.0000 -66005.0100
-1131.0000 -461941.0000 -23011.6100
-1131.0000 -1116695.0000 -59510.8600
-1131.0000 -683375.0000 -49364.2400
-1131.0000 -738529.0000 -41978.1600
-1131.0000 -724279.0000 -23087.0100
-1131.0000 -1099017.0000 -9777.4000
-505.0000 -331879.0000 -11674.8100
-505.0000 -2302427.0000 -49574.3000
-505.0000 -782489.0000 -29478.4100
-505.0000 -1113405.0000 -102554.2600
-505.0000 -1024833.0000 -110753.8200
-505.0000 -1019781.0000 -61718.6200
-505.0000 -1721749.0000 -118237.4000
-505.0000 -807571.0000 -27440.9600
-505.0000 -997671.0000 -148180.1000
-505.0000 -766407.0000 -110519.5000
-505.0000 -1857805.0000 -41473.8000
-505.0000 -1231447.0000 -49567.3300
-505.0000 -1618315.0000 -67380.1300
-505.0000 -1130065.0000 -22086.8500
-505.0000 -740165.0000 -20524.2100
-505.0000 -517547.0000 -8701.5000
-505.0000 -748309.0000 -43577.9600
-505.0000 -540751.0000 -27684.8600
-505.0000 -830707.0000 -79575.9900
-505.0000 -338105.0000 -8567.4000
-505.0000 -937453.0000 -76270.6000
-505.0000 -647067.0000 -35720.6000
-505.0000 -1157695.0000 -152046.6500
-505.0000 -1129351.0000 -137626.0200
-505.0000 -536315.0000 -72886.4000
-505.0000 -910805.0000 -48779.6600
-505.0000 -999685.0000 -172950.4800
-505.0000 -504873.0000 -85435.8200
-505.0000 -971997.0000 -67278.6500
-505.0000 -386001.0000 -30247.2400
-505.0000 -1040545.0000 -111323.7900
-505.0000 -1569307.0000 -123557.2800
-505.0000 -650679.0000 -59250.3500
-505.0000 -1741085.0000 -124004.8000
-505.0000 -1463295.0000 -18611.3000
-505.0000 -922863.0000 -28433.7600
-505.0000 -1122845.0000 -50511.0200
-505.0000 -497861.0000 -27121.3500
-505.0000 -630071.0000 -90121.5200
-505.0000 -789423.0000 -17229.2000
-505.0000 -1211547.0000 -12424.8200
-505.0000 -906839.0000 -21381.2800
-505.0000 -469635.0000 -18356.8000
-505.0000 -1392693.0000 -65518.3600
-505.0000 -662897.0000 -32943.0900
-505.0000 -828891.0000 -73216.1000
-505.0000 -1202307.0000 -89921.2700
-505.0000 -499229.0000 -33815.3800
-505.0000 -903025.0000 -31563.2600
-505.0000 -761199.0000 -14694.2400
-505.0000 -966161.0000 -57594.5700
-505.0000 -1344541.0000 -87766.9600
-505.0000 -985421.0000 -93320.8200
-505.0000 -928027.0000 -106831.0400
-505.0000 -1961423.0000 -202375.5700
-505.0000 -1551111.0000 -81751.1100
-505.0000 -1436247.0000 -139512.8700
-505.0000 -761615.0000 -30121.0500
-505.0000 -931969.0000 -79015.5100
-505.0000 -1010007.0000 -244190.9400
-505.0000 -1167063.0000 -201351.0700
-505.0000 -778781.0000 -103098.0000
-505.0000 -973765.0000 -77206.2600
-505.0000 -1013967.0000 -25963.0200
-505.0000 -268743.0000 -8420.1300
-505.0000 -1050033.0000 -69349.1900
-505.0000 -842543.0000 -21168.5400
-505.0000 -740165.0000 -30521.4100
-505.0000 -303133.0000 -14224.7700
-505.0000 -1200151.0000 -106621.4000
-505.0000 -662173.0000 -28005.7600
-505.0000 -991553.0000 -79429.2000
-505.0000 -831181.0000 -84336.0300
-505.0000 -1022337.0000 -157502.4700
-505.0000 -115901.0000 -2556.3900
-505.0000 -505.0000 -505.0000
-505.0000 -505.0000 -505.0000
-505.0000 -505.0000 -505.0000
-505.0000 -318571.0000 -2095.3300
-505.0000 -505.0000 -505.0000
-505.0000 -505.0000 -505.0000
-505.0000 -505.0000 -505.0000
-505.0000 -505.0000 -505.0000
-505.0000 -505.0000 -505.0000
-505.0000 -268743.0000 -4640.0100
-505.0000 -505.0000 -505.0000
-505.0000 -505.0000 -505.0000
-505.0000 -505.0000 -505.0000
-505.0000 -505.0000 -505.0000
-505.0000 -505.0000 -505.0000
-505.0000 -505.0000 -505.0000
-505.0000 -505.0000 -505.0000
-505.0000 -95403.0000 -1453.9800
-505.0000 -505.0000 -505.0000
-505.0000 -505.0000 -505.0000
-505.0000 -142477.0000 -1214.8600
-505.0000 -385887.0000 -5189.8800
-505.0000 -505.0000 -505.0000
-505.0000 -505.0000 -505.0000
-505.0000 -69643.0000 -850.6900
-505.0000 -505.0000 -505.0000
-505.0000 -1885.0000 -518.8000
-505.0000 -505.0000 -505.0000
-505.0000 -505.0000 -505.0000
-505.0000 -505.0000 -505.0000
-505.0000 -505.0000 -505.0000
-505.0000 -505.0000 -505.0000
-505.0000 -505.0000 -505.0000
-505.0000 -505.0000 -505.0000
-505.0000 -505.0000 -505.0000
-505.0000 -505.0000 -505.0000
-505.0000 -162785.0000 -1409.1600
-505.0000 -505.0000 -505.0000
-505.0000 -505.0000 -505.0000
-505.0000 -505.0000 -505.0000
-505.0000 -505.0000 -505.0000
-505.0000 -505.0000 -505.0000
-505.0000 -505.0000 -505.0000
-505.0000 -505.0000 -505.0000
-505.0000 -505.0000 -505.0000
-505.0000 -505.0000 -505.0000
-505.0000 -505.0000 -505.0000
-505.0000 -505.0000 -505.0000
-505.0000 -505.0000 -505.0000
-505.0000 -505.0000 -505.0000
-505.0000 -505.0000 -505.0000
-505.0000 -505.0000 -505.0000
-505.0000 -505.0000 -505.0000
-505.0000 -450703.0000 -2755.9900
-505.0000 -505.0000 -505.0000
-505.0000 -505.0000 -505.0000
-505.0000 -505.0000 -505.0000
-505.0000 -505.0000 -505.0000
-505.0000 -505.0000 -505.0000
-505.0000 -505.0000 -505.0000
-505.0000 -505.0000 -505.0000
-505.0000 -505.0000 -505.0000
-505.0000 -505.0000 -505.0000
-505.0000 -505.0000 -505.0000
-505.0000 -505.0000 -505.0000
-505.0000 -560095.0000 -9053.2200
-505.0000 -505.0000 -505.0000
-505.0000 -505.0000 -505.0000
-385.0000 -505.0000 -466.6000
-163.0000 -505.0000 -339.1900
-163.0000 -179597.0000 -1078.5300
-163.0000 -163.0000 -163.0000
-163.0000 -163.0000 -163.0000
-163.0000 -163.0000 -163.0000
-163.0000 -163.0000 -163.0000
-163.0000 -163.0000 -163.0000
-163.0000 -163.0000 -163.0000
-163.0000 -163.0000 -163.0000
