-315065.0000 -1668171.0000 -378995.1700
-315065.0000 -3554911.0000 -871833.5800
-181985.0000 -4980761.0000 -646937.6400
-115551.0000 -2992359.0000 -268450.8300
-115551.0000 -3773605.0000 -618310.6300
-115551.0000 -6207233.0000 -1015822.3200
-115551.0000 -4234067.0000 -590177.0700
-115551.0000 -3794291.0000 -619282.9200
-14971.0000 -1342375.0000 -258649.2300
-14971.0000 -4372125.0000 -792689.4000
-14971.0000 -4146139.0000 -919294.8100
-14971.0000 -4404549.0000 -668624.1300
-14971.0000 -3367621.0000 -499986.7000
-11139.0000 -6689991.0000 -427878.1000
-4057.0000 -4605917.0000 -368852.3200
-4057.0000 -5733683.0000 -1030381.6300
-4057.0000 -5536681.0000 -205096.2100
-4057.0000 -5230195.0000 -1478454.3300
-4057.0000 -4198623.0000 -230140.2100
-4057.0000 -2929443.0000 -443284.0700
-4057.0000 -3044155.0000 -436120.1900
-4057.0000 -3870345.0000 -948071.9400
-4057.0000 -3309027.0000 -474199.9200
-4057.0000 -4758705.0000 -603356.5400
-4057.0000 -9456817.0000 -534548.4800
-4057.0000 -5398667.0000 -707353.4500
-4057.0000 -2770399.0000 -421718.9500
-4057.0000 -5380883.0000 -947840.5800
-4057.0000 -5467895.0000 -383490.1000
-4057.0000 -4732933.0000 -398950.8200
-4057.0000 -3057623.0000 -429733.0400
-4057.0000 -2445529.0000 -454415.1500
-4057.0000 -4958727.0000 -701457.8100
-4057.0000 -5746175.0000 -970574.5200
-4057.0000 -4451605.0000 -524185.6100
-4057.0000 -2627523.0000 -829656.7900
-4057.0000 -3493319.0000 -610088.2400
-4057.0000 -4063769.0000 -847675.5100
-4057.0000 -8259015.0000 -761148.0700
-4057.0000 -3250435.0000 -485105.6600
-4057.0000 -3846475.0000 -496811.6700
-4057.0000 -6693375.0000 -600069.7400
-4057.0000 -5417985.0000 -533987.2200
-3073.0000 -2090927.0000 -196297.4500
-3073.0000 -3243109.0000 -501925.9800
-3073.0000 -4898563.0000 -893804.2200
-3073.0000 -3291297.0000 -724272.8800
-3073.0000 -4329021.0000 -1296239.8100
-3073.0000 -2212545.0000 -438978.3700
-3073.0000 -2836875.0000 -318914.6600
-3073.0000 -4139661.0000 -570490.1200
-3073.0000 -2338607.0000 -417880.5700
-3073.0000 -3501363.0000 -745335.7300
-3073.0000 -2742779.0000 -424682.4100
-3073.0000 -5759601.0000 -427091.8300
-3073.0000 -3559609.0000 -1156962.8100
-3073.0000 -4593859.0000 -406370.7800
-3073.0000 -3699195.0000 -811516.2200
-3073.0000 -4334549.0000 -1004221.8500
-3073.0000 -4622445.0000 -1128416.4800
-3073.0000 -1999135.0000 -230990.4100
-3073.0000 -4740093.0000 -380072.8500
-3073.0000 -4414817.0000 -772925.6700
-3073.0000 -2121995.0000 -291828.7000
-3073.0000 -4068971.0000 -315104.3100
-3073.0000 -3276655.0000 -323323.8900
-3073.0000 -2979431.0000 -687529.9300
-3073.0000 -2201207.0000 -320566.3900
-3073.0000 -5731035.0000 -1256473.0700
-3073.0000 -3140655.0000 -594972.8200
-3073.0000 -3348117.0000 -275303.2100
-3073.0000 -2383311.0000 -314629.3700
-3073.0000 -3753149.0000 -946469.5600
-3073.0000 -3004645.0000 -374999.8800
-3073.0000 -6022725.0000 -730504.9900
-3073.0000 -5983447.0000 -182684.4900
-3073.0000 -5834869.0000 -731141.5300
-3073.0000 -4140557.0000 -580625.5600
-3073.0000 -4297265.0000 -1005426.7700
-3073.0000 -2110621.0000 -358851.4700
-3073.0000 -7209971.0000 -596030.2800
-3073.0000 -4608501.0000 -403797.6800
-3073.0000 -1500209.0000 -187959.0200
-3073.0000 -2321593.0000 -600504.5800
-3073.0000 -2117789.0000 -305768.6300
-3073.0000 -3507889.0000 -453942.3500
-3073.0000 -2983855.0000 -179577.7100
-3073.0000 -1825289.0000 -603380.4400
-3073.0000 -3605645.0000 -532639.9100
-3073.0000 -2864293.0000 -650477.8600
-3073.0000 -3694049.0000 -506678.0900
-3073.0000 -5172723.0000 -1032597.4200
-3073.0000 -2851953.0000 -501422.3100
-3073.0000 -2418191.0000 -377038.9000
-3073.0000 -2486925.0000 -333386.4800
-3073.0000 -5520255.0000 -583042.6300
-3073.0000 -2017117.0000 -191398.5600
-3073.0000 -1277603.0000 -253681.4400
-3073.0000 -2394263.0000 -540430.1300
-3073.0000 -3000369.0000 -763355.3600
-3073.0000 -3749441.0000 -1159795.7100
-3073.0000 -1800091.0000 -279866.5000
-3073.0000 -4392843.0000 -404218.4200
-3073.0000 -2131185.0000 -371655.6500
-3073.0000 -2065919.0000 -393517.1300
-3073.0000 -3644827.0000 -469456.6600
-3073.0000 -3478113.0000 -632901.4200
-3073.0000 -1297991.0000 -267038.9700
-3073.0000 -3138267.0000 -430852.6100
-3073.0000 -1582067.0000 -217459.7800
-3073.0000 -3386907.0000 -338943.0600
-3073.0000 -1440447.0000 -222246.7300
-3073.0000 -1968305.0000 -424250.7000
-3073.0000 -3119553.0000 -935516.2400
-3073.0000 -5506493.0000 -1722051.6800
-3073.0000 -1157491.0000 -284443.0800
-3073.0000 -1954435.0000 -171241.2200
-3073.0000 -3476665.0000 -439662.6100
-3073.0000 -1955567.0000 -324168.5900
-3073.0000 -1640507.0000 -381816.4600
-3073.0000 -2118105.0000 -303433.7600
-3073.0000 -760621.0000 -69876.0700
-3073.0000 -1705501.0000 -172213.2300
-3073.0000 -645277.0000 -137683.8000
-3073.0000 -2881601.0000 -206990.0100
-3073.0000 -1829137.0000 -233168.4400
-3073.0000 -1007969.0000 -135045.8300
-3073.0000 -2344871.0000 -201666.9400
-3073.0000 -930165.0000 -175173.7700
-3073.0000 -2358321.0000 -286693.6000
-3073.0000 -1201191.0000 -179613.0800
-3073.0000 -2033097.0000 -134089.6600
-3073.0000 -1426471.0000 -192493.4700
-3073.0000 -1821105.0000 -72333.6800
-3073.0000 -1454197.0000 -177103.5700
-3073.0000 -1306403.0000 -242552.3800
-3073.0000 -1674325.0000 -287839.1700
-3073.0000 -1335119.0000 -180113.7100
-3073.0000 -1139683.0000 -389536.6000
-3073.0000 -1948401.0000 -292395.5800
-3073.0000 -1891925.0000 -102899.9000
-3073.0000 -953003.0000 -137813.5000
-3073.0000 -373011.0000 -46755.1900
-3073.0000 -2026029.0000 -106797.8600
-3073.0000 -1224865.0000 -247468.0400
-3073.0000 -1273583.0000 -195350.5900
-3073.0000 -1065157.0000 -360609.1600
-3073.0000 -1007843.0000 -169510.9600
-3073.0000 -1275351.0000 -151524.0500
-3073.0000 -1335751.0000 -255405.8600
-3073.0000 -1878633.0000 -224293.8200
-3073.0000 -1525911.0000 -239448.5200
-3073.0000 -1916483.0000 -255786.1900
-3073.0000 -1077547.0000 -175752.2400
-3073.0000 -1258741.0000 -225369.5900
-3073.0000 -1935335.0000 -263709.7100
-3073.0000 -1110129.0000 -199360.0900
-3073.0000 -1065451.0000 -192467.8000
-3073.0000 -773263.0000 -109173.7900
-1447.0000 -1628191.0000 -116845.0200
-1447.0000 -2418185.0000 -323973.6900
-1447.0000 -1097529.0000 -196586.6900
-1447.0000 -1009561.0000 -103749.2100
-1447.0000 -784191.0000 -30692.3100
-1447.0000 -1175001.0000 -43174.7100
-1447.0000 -316789.0000 -31365.4100
-1447.0000 -574671.0000 -15372.7000
-1447.0000 -793739.0000 -52226.3100
-1447.0000 -926395.0000 -72962.9500
-1447.0000 -463293.0000 -29278.1000
-1447.0000 -892957.0000 -110327.7000
-1447.0000 -788101.0000 -128382.2900
-1447.0000 -1049789.0000 -66192.5400
-1447.0000 -1321909.0000 -8908.3100
-1447.0000 -1421551.0000 -33207.4600
-1447.0000 -520685.0000 -4043.1900
-1447.0000 -2217377.0000 -54078.0800
-1447.0000 -736745.0000 -55855.1300
-1447.0000 -693613.0000 -12888.6000
-1447.0000 -749807.0000 -91704.0900
-1447.0000 -1238861.0000 -94348.8500
-1447.0000 -995691.0000 -42467.0600
-1447.0000 -822675.0000 -179075.9100
-1447.0000 -162723.0000 -9843.7200
-1447.0000 -868145.0000 -131001.7500
-1447.0000 -1848581.0000 -56212.1000
-1447.0000 -1585291.0000 -65869.8600
-1447.0000 -935641.0000 -26472.5900
-1447.0000 -299831.0000 -16558.3200
-1447.0000 -195861.0000 -7922.2000
-1447.0000 -1482145.0000 -71625.5200
-1447.0000 -848775.0000 -10176.1300
-1447.0000 -713859.0000 -10799.4700
-1447.0000 -989875.0000 -13957.4100
-1447.0000 -1001733.0000 -114955.8300
-1447.0000 -403231.0000 -31554.7400
-1447.0000 -912151.0000 -54755.0500
-1447.0000 -1961871.0000 -72341.8000
-1447.0000 -1769639.0000 -112233.2600
-1447.0000 -321537.0000 -16644.1400
-1447.0000 -876669.0000 -67809.9800
-1447.0000 -1128747.0000 -158280.5800
-1447.0000 -641057.0000 -124536.2700
-1447.0000 -1416943.0000 -120786.6100
-1447.0000 -697989.0000 -74853.4500
-1447.0000 -637409.0000 -49114.6100
-1447.0000 -1346461.0000 -110213.1400
-1447.0000 -1562483.0000 -194752.9700
-1447.0000 -367219.0000 -30380.5200
-1447.0000 -1335667.0000 -49477.3200
-1447.0000 -965111.0000 -169490.2700
-1447.0000 -759697.0000 -91416.5600
-1447.0000 -48381.0000 -1709.8700
-1447.0000 -703895.0000 -89777.8900
-1447.0000 -890795.0000 -41026.9400
-1447.0000 -1525245.0000 -239229.5900
-1447.0000 -1234579.0000 -60986.6400
-1447.0000 -486731.0000 -14433.5100
-1447.0000 -860031.0000 -136543.8400
-1447.0000 -1426447.0000 -135916.3900
-1447.0000 -378879.0000 -41014.2000
-1447.0000 -1741691.0000 -111153.4100
-1447.0000 -642917.0000 -28108.3700
-1447.0000 -237611.0000 -8356.3900
-1447.0000 -517439.0000 -25084.0300
-1447.0000 -1414289.0000 -47956.2100
-1447.0000 -193883.0000 -5930.9300
-1447.0000 -1089561.0000 -36169.8900
-1447.0000 -1840953.0000 -27975.2900
-1447.0000 -977759.0000 -39193.0900
-1447.0000 -661393.0000 -12876.1500
-1447.0000 -668007.0000 -15232.4300
-1447.0000 -344451.0000 -22343.4300
-1447.0000 -360189.0000 -32174.9900
-1447.0000 -711237.0000 -43369.8100
-1447.0000 -854595.0000 -45153.7400
-1447.0000 -1436675.0000 -75348.2300
-1447.0000 -1079173.0000 -49839.2700
-1447.0000 -402719.0000 -13634.7600
-1447.0000 -1132153.0000 -81216.1200
-1447.0000 -810297.0000 -75820.8000
-1447.0000 -835893.0000 -22752.9900
-1447.0000 -810735.0000 -103228.9300
-1447.0000 -1775635.0000 -315651.4300
-1447.0000 -1158865.0000 -20649.5900
-1447.0000 -258033.0000 -7628.0400
-1447.0000 -998945.0000 -34003.5300
-1447.0000 -1109835.0000 -192567.5900
-1447.0000 -1893709.0000 -77071.3700
-1447.0000 -798891.0000 -108715.7500
-1447.0000 -702291.0000 -33269.3800
-1447.0000 -272531.0000 -24966.0800
-1447.0000 -1242385.0000 -40658.7700
-1447.0000 -1464787.0000 -57377.0100
-1447.0000 -696341.0000 -26510.4100
-1447.0000 -328535.0000 -11976.3500
-1447.0000 -528677.0000 -17802.7300
-1447.0000 -523663.0000 -19063.5700
-1447.0000 -352007.0000 -16207.5800
-1447.0000 -847487.0000 -39739.8000
-1447.0000 -689433.0000 -58576.2000
-1447.0000 -1375655.0000 -94375.6400
-1447.0000 -540041.0000 -74600.5900
-1447.0000 -1099127.0000 -46370.0600
-103.0000 -989175.0000 -36189.7100
-103.0000 -492197.0000 -20968.3800
-103.0000 -1136667.0000 -58245.5300
-103.0000 -644929.0000 -33739.5800
-103.0000 -283307.0000 -5760.4100
-103.0000 -171647.0000 -5403.0500
-103.0000 -800557.0000 -48713.5800
-103.0000 -798027.0000 -53369.7300
-103.0000 -974479.0000 -16965.9500
-103.0000 -1232693.0000 -203090.2100
-103.0000 -1031015.0000 -101061.9300
-103.0000 -400023.0000 -64312.5000
-103.0000 -990361.0000 -99528.2300
-103.0000 -269363.0000 -12733.5200
-103.0000 -829111.0000 -94279.7400
-103.0000 -931481.0000 -75738.2500
-103.0000 -1048695.0000 -41340.9700
-103.0000 -2139461.0000 -194994.2700
-103.0000 -1009235.0000 -100041.3000
-103.0000 -595301.0000 -55717.5600
-103.0000 -1244751.0000 -248305.2300
-103.0000 -592561.0000 -78126.5600
-103.0000 -470367.0000 -27124.2700
-103.0000 -587711.0000 -27072.0600
-103.0000 -828003.0000 -25893.2500
-103.0000 -704185.0000 -113604.4900
-103.0000 -671743.0000 -75185.2700
-103.0000 -780355.0000 -78818.8400
-103.0000 -1274003.0000 -166744.4900
-103.0000 -670511.0000 -48036.0300
-103.0000 -397169.0000 -29077.4300
-103.0000 -794149.0000 -56615.0900
-103.0000 -815707.0000 -79801.4600
-103.0000 -740323.0000 -17787.1600
-103.0000 -444495.0000 -29591.4000
-103.0000 -391945.0000 -23222.8900
-103.0000 -1434327.0000 -153967.5800
-103.0000 -612749.0000 -69455.2200
-103.0000 -852517.0000 -62473.6700
-103.0000 -71877.0000 -1295.3000
-103.0000 -444219.0000 -15149.5300
-103.0000 -1053313.0000 -26316.4600
-103.0000 -1017471.0000 -53503.9400
-103.0000 -896149.0000 -97242.8300
-103.0000 -1203447.0000 -104676.3800
-103.0000 -862315.0000 -124102.8400
-103.0000 -1334599.0000 -77301.7800
-103.0000 -779183.0000 -27310.3300
-103.0000 -1009915.0000 -14907.0200
-103.0000 -931781.0000 -22039.3600
-103.0000 -743957.0000 -20247.4400
-103.0000 -805467.0000 -15735.8000
-103.0000 -706995.0000 -48843.4800
-103.0000 -1314755.0000 -34648.0200
-103.0000 -673063.0000 -49201.3100
-103.0000 -931851.0000 -133898.8300
-103.0000 -1857909.0000 -258832.1600
-103.0000 -65269.0000 -428.8300
-103.0000 -103.0000 -103.0000
-103.0000 -103.0000 -103.0000
-103.0000 -103.0000 -103.0000
-103.0000 -103.0000 -103.0000
-103.0000 -103.0000 -103.0000
-103.0000 -889835.0000 -4551.6600
-103.0000 -103.0000 -103.0000
-103.0000 -103.0000 -103.0000
-103.0000 -527289.0000 -2738.9300
-103.0000 -103.0000 -103.0000
-103.0000 -103.0000 -103.0000
-103.0000 -722173.0000 -3713.3500
-103.0000 -103.0000 -103.0000
-103.0000 -2039.0000 -122.3600
-103.0000 -154647.0000 -875.7200
-103.0000 -103.0000 -103.0000
-103.0000 -927945.0000 -4742.2100
-103.0000 -103.0000 -103.0000
-103.0000 -148839.0000 -4040.3300
-103.0000 -103.0000 -103.0000
-103.0000 -103.0000 -103.0000
-103.0000 -103.0000 -103.0000
-103.0000 -722173.0000 -3713.3500
-103.0000 -103.0000 -103.0000
-103.0000 -103.0000 -103.0000
-103.0000 -103.0000 -103.0000
-103.0000 -103.0000 -103.0000
-103.0000 -423799.0000 -2221.4800
-103.0000 -70481.0000 -490.0300
-103.0000 -103.0000 -103.0000
-103.0000 -103.0000 -103.0000
-103.0000 -103.0000 -103.0000
-103.0000 -103.0000 -103.0000
-103.0000 -103.0000 -103.0000
-103.0000 -103.0000 -103.0000
-103.0000 -103.0000 -103.0000
-103.0000 -103.0000 -103.0000
-103.0000 -65269.0000 -428.8300
-103.0000 -319179.0000 -1698.3800
-103.0000 -195771.0000 -1081.3400
-103.0000 -103.0000 -103.0000
-103.0000 -20711.0000 -309.0800
-103.0000 -103.0000 -103.0000
-103.0000 -103.0000 -103.0000
-103.0000 -170697.0000 -1607.6300
-103.0000 -1205191.0000 -15713.8100
-103.0000 -103.0000 -103.0000
-103.0000 -103.0000 -103.0000
-103.0000 -103.0000 -103.0000
-103.0000 -117313.0000 -689.0500
-103.0000 -103.0000 -103.0000
-103.0000 -103.0000 -103.0000
-103.0000 -103.0000 -103.0000
-103.0000 -103.0000 -103.0000
-103.0000 -117313.0000 -689.0500
-103.0000 -102869.0000 -616.8300
-103.0000 -103.0000 -103.0000
-103.0000 -103.0000 -103.0000
-103.0000 -103.0000 -103.0000
-103.0000 -103.0000 -103.0000
-103.0000 -103.0000 -103.0000
-103.0000 -65269.0000 -428.8300
-103.0000 -103.0000 -103.0000
-103.0000 -155293.0000 -878.9500
-103.0000 -527289.0000 -2738.9300
-103.0000 -103.0000 -103.0000
-103.0000 -103.0000 -103.0000
-103.0000 -437177.0000 -4293.3200
-103.0000 -103.0000 -103.0000
-103.0000 -103.0000 -103.0000
-103.0000 -103.0000 -103.0000
-103.0000 -155293.0000 -878.9500
-103.0000 -103.0000 -103.0000
-103.0000 -103.0000 -103.0000
-103.0000 -103.0000 -103.0000
-103.0000 -516553.0000 -2685.2500
-103.0000 -103.0000 -103.0000
-103.0000 -96011.0000 -582.5400
