-3091.0000 -4166879.0000 -424174.3000
-3091.0000 -2807357.0000 -124588.0800
-3091.0000 -5769653.0000 -1499054.7200
-3091.0000 -3487905.0000 -455150.7800
-3091.0000 -2793809.0000 -493853.7600
-3091.0000 -4288785.0000 -744845.1000
-3091.0000 -4498005.0000 -1029549.2000
-3091.0000 -4692655.0000 -544312.5200
-3091.0000 -4539655.0000 -809123.2100
-3091.0000 -4398543.0000 -460308.5700
-3091.0000 -2833827.0000 -636716.6800
-3091.0000 -5507265.0000 -474001.2200
-3091.0000 -2191773.0000 -379057.8600
-3091.0000 -3423579.0000 -737190.6100
-3091.0000 -4637931.0000 -701249.9100
-3091.0000 -5643861.0000 -337037.8400
-3091.0000 -6822211.0000 -533111.0800
-3091.0000 -2018157.0000 -361581.1900
-3091.0000 -6958519.0000 -1579192.2600
-3091.0000 -5052295.0000 -1008903.3100
-3091.0000 -6468783.0000 -405645.5600
-3091.0000 -3721019.0000 -664386.4700
-3091.0000 -4670851.0000 -421440.0700
-3091.0000 -2734847.0000 -548677.3200
-797.0000 -7586209.0000 -515822.7800
-797.0000 -2997097.0000 -723504.6700
-797.0000 -4811513.0000 -661213.4600
-797.0000 -3595529.0000 -655566.7800
-797.0000 -5108603.0000 -618676.8900
-797.0000 -3204623.0000 -382995.9000
-797.0000 -4008985.0000 -791706.4300
-797.0000 -3499441.0000 -336141.7100
-797.0000 -4148171.0000 -392506.1700
-797.0000 -5099623.0000 -600684.2200
-797.0000 -3897679.0000 -219914.7300
-797.0000 -5553275.0000 -911538.1700
-797.0000 -4611951.0000 -581309.0500
-797.0000 -4506559.0000 -955669.3300
-797.0000 -4885849.0000 -436977.4000
-797.0000 -3651281.0000 -499412.3000
-797.0000 -3803463.0000 -663142.8800
-797.0000 -3567377.0000 -499221.5800
-797.0000 -3527989.0000 -622186.9900
-797.0000 -4490797.0000 -461906.4100
-797.0000 -4066993.0000 -568757.1200
-797.0000 -4900745.0000 -588895.7500
-797.0000 -2327027.0000 -407662.1600
-797.0000 -5037123.0000 -614083.5800
-797.0000 -7518495.0000 -651512.5200
-797.0000 -2946695.0000 -262765.3700
-797.0000 -2293865.0000 -211351.4900
-797.0000 -4707873.0000 -561992.3100
-797.0000 -4550585.0000 -232031.4800
-797.0000 -2834501.0000 -409999.2600
-797.0000 -2771005.0000 -239647.8400
-797.0000 -3008463.0000 -264488.7400
-797.0000 -3348335.0000 -548084.5600
-797.0000 -3703705.0000 -585977.9300
-797.0000 -4547041.0000 -799977.6400
-797.0000 -1077605.0000 -216550.7200
-797.0000 -5188601.0000 -790363.4900
-797.0000 -5892713.0000 -777042.3700
-797.0000 -5050609.0000 -427784.4100
-797.0000 -2636821.0000 -495082.8100
-797.0000 -3445035.0000 -380931.7700
-797.0000 -2537817.0000 -583211.9400
-797.0000 -3344453.0000 -386321.8200
-797.0000 -2689115.0000 -616834.7000
-797.0000 -3033999.0000 -489097.1600
-797.0000 -4942681.0000 -893518.8700
-439.0000 -2302375.0000 -433484.2400
-439.0000 -1444737.0000 -240739.4300
-439.0000 -4875773.0000 -674734.6800
-439.0000 -3479417.0000 -314815.8600
-439.0000 -7552571.0000 -966015.5700
-439.0000 -5056917.0000 -822570.1300
-439.0000 -5360889.0000 -955279.4800
-439.0000 -3224921.0000 -300315.5400
-439.0000 -4114537.0000 -529773.7500
-439.0000 -3117663.0000 -509697.2500
-439.0000 -3889757.0000 -665326.1300
-439.0000 -1662003.0000 -295640.6300
-439.0000 -2511441.0000 -209848.9600
-439.0000 -4404583.0000 -826079.6200
-439.0000 -1736839.0000 -238993.2400
-439.0000 -4435049.0000 -248640.5100
-439.0000 -2198851.0000 -518505.1800
-439.0000 -3572119.0000 -612833.9700
-439.0000 -2098871.0000 -147065.5900
-439.0000 -2409369.0000 -508094.9100
-439.0000 -2725945.0000 -423522.3200
-439.0000 -3057937.0000 -350442.0500
-439.0000 -2984791.0000 -508794.9800
-439.0000 -4220293.0000 -577593.3000
-439.0000 -3819661.0000 -440099.6700
-439.0000 -2779567.0000 -563961.0000
-439.0000 -2402585.0000 -333896.3300
-439.0000 -5031319.0000 -521237.0600
-439.0000 -1069381.0000 -188030.7800
-439.0000 -1488845.0000 -163682.6000
-439.0000 -2364955.0000 -205610.0900
-439.0000 -3618125.0000 -512842.0800
-439.0000 -3379541.0000 -404932.9100
-439.0000 -3948917.0000 -356708.1200
-439.0000 -1512701.0000 -353583.5900
-439.0000 -1847701.0000 -321976.2000
-439.0000 -2503027.0000 -270096.6500
-439.0000 -1385591.0000 -214304.6200
-439.0000 -1508527.0000 -279501.5000
-439.0000 -3852799.0000 -675566.0800
-439.0000 -2452489.0000 -390570.8400
-439.0000 -2784647.0000 -435557.7900
-439.0000 -2106063.0000 -152099.2200
-439.0000 -3905433.0000 -479345.4000
-439.0000 -3463819.0000 -229913.2700
-439.0000 -2008339.0000 -283272.1600
-439.0000 -1641857.0000 -218795.5900
-439.0000 -7251037.0000 -513237.9800
-439.0000 -4004587.0000 -724671.0300
-439.0000 -1884881.0000 -385359.2300
-439.0000 -3722879.0000 -468997.2000
-439.0000 -1389299.0000 -210981.5100
-439.0000 -1176367.0000 -161574.1900
-439.0000 -1958975.0000 -348086.6200
-439.0000 -1238827.0000 -267070.0800
-439.0000 -2332247.0000 -150247.6800
-439.0000 -1039047.0000 -149440.3400
-439.0000 -607537.0000 -132024.1100
-439.0000 -923867.0000 -47564.1600
-439.0000 -1752061.0000 -328835.7300
-439.0000 -1670533.0000 -282757.0700
-439.0000 -1409567.0000 -251854.2900
-439.0000 -1243033.0000 -171091.2700
-439.0000 -1757835.0000 -364222.0400
-439.0000 -903421.0000 -113344.8100
-439.0000 -1406485.0000 -156675.5500
-439.0000 -2130049.0000 -236772.2400
-439.0000 -1349663.0000 -188030.9100
-439.0000 -1037393.0000 -56187.1000
-439.0000 -1604689.0000 -231508.0500
-439.0000 -1790707.0000 -361991.6800
-439.0000 -3251649.0000 -133353.0800
-439.0000 -896377.0000 -100627.1000
-439.0000 -1336877.0000 -174455.5000
-439.0000 -3000951.0000 -526139.2100
-439.0000 -1168733.0000 -221561.9100
-439.0000 -1951961.0000 -393878.1000
-439.0000 -797463.0000 -36549.4000
-439.0000 -1402355.0000 -242051.1100
-439.0000 -2114243.0000 -349094.0500
-439.0000 -1681471.0000 -513093.1700
-439.0000 -2049569.0000 -270661.8600
-439.0000 -1754441.0000 -306736.5400
-439.0000 -1819987.0000 -330192.7300
-439.0000 -1640887.0000 -348919.4400
-439.0000 -1640207.0000 -359847.2900
-439.0000 -2087905.0000 -209264.3500
-439.0000 -1675279.0000 -206875.0500
-439.0000 -1010933.0000 -149871.9700
-439.0000 -1556469.0000 -161249.9200
-439.0000 -1119629.0000 -159053.8200
-439.0000 -1951883.0000 -124193.5300
-439.0000 -1263345.0000 -147945.8100
-439.0000 -1620353.0000 -90112.1800
-439.0000 -755765.0000 -88059.8300
-439.0000 -1197917.0000 -178420.9700
-439.0000 -1287033.0000 -100745.7500
-439.0000 -1667611.0000 -67679.9500
-439.0000 -620283.0000 -118676.7200
-439.0000 -1201695.0000 -156720.7400
-439.0000 -1097887.0000 -62109.8400
-439.0000 -1368927.0000 -104582.9800
-229.0000 -586175.0000 -15873.3700
-229.0000 -487407.0000 -36726.6800
-229.0000 -947753.0000 -133337.6900
-229.0000 -1099121.0000 -143513.2200
-229.0000 -1214419.0000 -128738.0000
-229.0000 -1541259.0000 -142197.4900
-229.0000 -871887.0000 -29492.1600
-229.0000 -1747383.0000 -257775.2100
-229.0000 -1120025.0000 -43405.0900
-229.0000 -650443.0000 -39815.4400
-229.0000 -1169409.0000 -84086.2300
-229.0000 -541609.0000 -24316.0600
-229.0000 -455045.0000 -5275.5400
-229.0000 -759649.0000 -8216.9100
-229.0000 -896509.0000 -61475.9200
-229.0000 -1383513.0000 -75104.9300
-229.0000 -486431.0000 -20745.0900
-229.0000 -882509.0000 -56570.3900
-229.0000 -233581.0000 -21070.1900
-229.0000 -1508135.0000 -324012.4700
-229.0000 -590759.0000 -44631.4900
-229.0000 -875675.0000 -46735.0000
-229.0000 -364133.0000 -12644.3900
-229.0000 -117645.0000 -2443.4200
-229.0000 -1033749.0000 -135078.8000
-229.0000 -1685327.0000 -267089.3100
-229.0000 -574763.0000 -111241.2400
-229.0000 -485787.0000 -101282.0100
-229.0000 -534271.0000 -37467.3800
-229.0000 -565477.0000 -19362.4800
-229.0000 -925463.0000 -111509.1500
-229.0000 -1332929.0000 -236548.6000
-229.0000 -590725.0000 -97515.0400
-229.0000 -1078245.0000 -65264.8700
-229.0000 -1124533.0000 -123069.8900
-229.0000 -596685.0000 -121379.9900
-229.0000 -1096787.0000 -58670.3200
-229.0000 -769917.0000 -24996.1200
-229.0000 -406061.0000 -22013.0300
-229.0000 -335325.0000 -16755.8900
-229.0000 -248875.0000 -1976.1600
-229.0000 -900103.0000 -111735.6100
-229.0000 -1025247.0000 -50055.7400
-229.0000 -1220223.0000 -41533.5000
-229.0000 -1554005.0000 -220598.2300
-229.0000 -822031.0000 -236845.2100
-229.0000 -612141.0000 -40859.8700
-229.0000 -1078389.0000 -41708.9500
-229.0000 -882889.0000 -66784.9700
-229.0000 -590765.0000 -46420.1200
-229.0000 -726883.0000 -46322.8200
-229.0000 -710839.0000 -95493.7900
-229.0000 -1858703.0000 -189247.6400
-229.0000 -1033043.0000 -38189.4000
-229.0000 -1235521.0000 -54313.7800
-229.0000 -9319.0000 -274.4500
-229.0000 -654895.0000 -14466.8100
-229.0000 -717949.0000 -25030.1000
-229.0000 -1233997.0000 -107340.1700
-229.0000 -480605.0000 -21568.4000
-229.0000 -1247651.0000 -22497.5900
-229.0000 -725243.0000 -87239.1300
-229.0000 -1082085.0000 -102717.6500
-229.0000 -925729.0000 -53797.7300
-229.0000 -464449.0000 -36859.1900
-229.0000 -804597.0000 -5144.9800
-229.0000 -1036881.0000 -12367.3600
-229.0000 -1085871.0000 -27668.0000
-229.0000 -1449963.0000 -75603.7000
-229.0000 -562127.0000 -26638.3500
-229.0000 -759269.0000 -23456.7700
-229.0000 -1362147.0000 -93862.7700
-229.0000 -321653.0000 -20607.0100
-229.0000 -470953.0000 -14077.6500
-229.0000 -741459.0000 -35324.9100
-229.0000 -1533035.0000 -56633.4500
-229.0000 -1468573.0000 -37437.4200
-229.0000 -589701.0000 -12028.4400
-229.0000 -558761.0000 -11024.8900
-229.0000 -1488387.0000 -98913.3700
-229.0000 -1389487.0000 -157559.1000
-229.0000 -590861.0000 -54581.7700
-229.0000 -1139007.0000 -69530.6200
-229.0000 -2683951.0000 -189165.5400
-229.0000 -579279.0000 -10359.7000
-229.0000 -559501.0000 -15250.1600
-229.0000 -699079.0000 -48226.6400
-229.0000 -773885.0000 -41487.8800
-229.0000 -283031.0000 -45437.8300
-229.0000 -766545.0000 -49539.2400
-229.0000 -1790857.0000 -125401.2600
-229.0000 -1259861.0000 -58813.0600
-229.0000 -355017.0000 -37174.2300
-229.0000 -1860779.0000 -239815.6700
-229.0000 -1126833.0000 -178341.2600
-229.0000 -1355921.0000 -49460.1000
-229.0000 -904225.0000 -102815.0200
-229.0000 -1396245.0000 -114111.1500
-229.0000 -657087.0000 -92466.8600
-229.0000 -1027351.0000 -13684.7300
-229.0000 -850889.0000 -74255.2800
-229.0000 -1613615.0000 -157926.8600
-229.0000 -975447.0000 -57286.7300
-229.0000 -296017.0000 -4214.0900
-229.0000 -980625.0000 -24334.2300
-229.0000 -1311333.0000 -273986.9300
-229.0000 -858189.0000 -64852.1300
-229.0000 -503277.0000 -20223.8400
-229.0000 -978751.0000 -48673.7300
-229.0000 -1063561.0000 -177528.9400
-229.0000 -790389.0000 -96577.1900
-229.0000 -607527.0000 -14007.1300
-229.0000 -520151.0000 -31676.3900
-229.0000 -672705.0000 -41560.1300
-229.0000 -964597.0000 -28009.5300
-229.0000 -986669.0000 -9223.0100
-229.0000 -688217.0000 -7975.8000
-229.0000 -1168479.0000 -114083.4800
-229.0000 -1133167.0000 -118663.6100
-229.0000 -1622407.0000 -62781.1500
-229.0000 -1838489.0000 -95733.0600
-229.0000 -365941.0000 -23125.0200
-229.0000 -973747.0000 -35562.4800
-229.0000 -1137035.0000 -65991.3900
-229.0000 -447587.0000 -111156.8400
-229.0000 -919205.0000 -204259.5800
-229.0000 -1068307.0000 -182795.4300
-229.0000 -599391.0000 -71434.9200
-229.0000 -574697.0000 -20122.7100
-229.0000 -1158437.0000 -74196.8300
-229.0000 -645037.0000 -13847.5100
-229.0000 -269019.0000 -9149.6400
-229.0000 -1022209.0000 -79509.9700
-229.0000 -768959.0000 -118807.8200
-229.0000 -682619.0000 -65623.3100
-229.0000 -671617.0000 -45333.8100
-229.0000 -391723.0000 -73990.2000
-229.0000 -469189.0000 -25862.7300
-229.0000 -673553.0000 -7098.8200
-229.0000 -1196625.0000 -73619.7900
-229.0000 -557621.0000 -10186.1000
-229.0000 -1089947.0000 -133545.1100
-229.0000 -697897.0000 -40548.6500
-229.0000 -754583.0000 -44540.2000
-229.0000 -871687.0000 -18470.9700
-229.0000 -1442469.0000 -49230.9900
-229.0000 -590823.0000 -33600.8700
-229.0000 -1918965.0000 -70920.6700
-229.0000 -899547.0000 -37184.5300
-229.0000 -229.0000 -229.0000
-229.0000 -229.0000 -229.0000
-229.0000 -229.0000 -229.0000
-229.0000 -229.0000 -229.0000
-229.0000 -229.0000 -229.0000
-229.0000 -229.0000 -229.0000
-229.0000 -229.0000 -229.0000
-229.0000 -229.0000 -229.0000
-229.0000 -229.0000 -229.0000
-229.0000 -229.0000 -229.0000
-229.0000 -229.0000 -229.0000
-229.0000 -229.0000 -229.0000
-229.0000 -229.0000 -229.0000
-229.0000 -229.0000 -229.0000
-229.0000 -10623.0000 -280.9700
-229.0000 -148713.0000 -971.4200
-229.0000 -551327.0000 -2984.4900
-229.0000 -229.0000 -229.0000
-229.0000 -229.0000 -229.0000
-229.0000 -229.0000 -229.0000
-229.0000 -229.0000 -229.0000
-229.0000 -132963.0000 -892.6700
-229.0000 -16651.0000 -311.1100
-229.0000 -559835.0000 -3027.0300
-229.0000 -229.0000 -229.0000
-229.0000 -229.0000 -229.0000
-229.0000 -229.0000 -229.0000
-229.0000 -181293.0000 -1134.3200
-229.0000 -180775.0000 -1131.7300
-229.0000 -229.0000 -229.0000
-229.0000 -229.0000 -229.0000
-229.0000 -192665.0000 -1191.1800
-229.0000 -229.0000 -229.0000
-229.0000 -229.0000 -229.0000
-229.0000 -229.0000 -229.0000
-229.0000 -1167773.0000 -110966.2300
-229.0000 -229.0000 -229.0000
-229.0000 -46621.0000 -561.8100
-229.0000 -309351.0000 -5366.7700
-229.0000 -229.0000 -229.0000
-229.0000 -229.0000 -229.0000
-229.0000 -229.0000 -229.0000
-229.0000 -229.0000 -229.0000
-229.0000 -229.0000 -229.0000
-229.0000 -229.0000 -229.0000
-229.0000 -229.0000 -229.0000
-229.0000 -244353.0000 -1449.6200
-229.0000 -229.0000 -229.0000
-229.0000 -470629.0000 -2581.0000
-229.0000 -490711.0000 -2681.4100
-229.0000 -229.0000 -229.0000
-229.0000 -133647.0000 -896.0900
-229.0000 -229.0000 -229.0000
-229.0000 -229.0000 -229.0000
-229.0000 -229.0000 -229.0000
-229.0000 -229.0000 -229.0000
-229.0000 -229.0000 -229.0000
-229.0000 -229.0000 -229.0000
-229.0000 -229.0000 -229.0000
-229.0000 -229.0000 -229.0000
-229.0000 -229.0000 -229.0000
-229.0000 -229.0000 -229.0000
-229.0000 -229.0000 -229.0000
-229.0000 -229.0000 -229.0000
-229.0000 -229.0000 -229.0000
-229.0000 -229.0000 -229.0000
-229.0000 -229.0000 -229.0000
-229.0000 -229.0000 -229.0000
-229.0000 -229.0000 -229.0000
-229.0000 -229.0000 -229.0000
-229.0000 -229.0000 -229.0000
-229.0000 -229.0000 -229.0000
-229.0000 -229.0000 -229.0000
-229.0000 -229.0000 -229.0000
-229.0000 -229.0000 -229.0000
-229.0000 -229.0000 -229.0000
-229.0000 -229.0000 -229.0000
-229.0000 -229.0000 -229.0000
-229.0000 -229.0000 -229.0000
