-547843.0000 -5420705.0000 -1419502.1500
-341985.0000 -3510109.0000 -701283.2400
-111081.0000 -5651087.0000 -777722.2700
-82523.0000 -3543769.0000 -448021.0000
-40247.0000 -5098345.0000 -466537.6900
-16231.0000 -4053229.0000 -410199.8800
-16231.0000 -4513533.0000 -929207.6500
-16231.0000 -3971715.0000 -981391.4200
-16231.0000 -2225991.0000 -332912.6400
-16231.0000 -4071789.0000 -670324.6300
-14691.0000 -4821083.0000 -606635.0600
-14691.0000 -2604037.0000 -476063.8500
-10689.0000 -8379055.0000 -457865.7100
-10689.0000 -3020637.0000 -462856.7500
-10689.0000 -5056439.0000 -1139002.5200
-10689.0000 -3767265.0000 -540160.4400
-10689.0000 -5510007.0000 -1263490.3700
-10689.0000 -6799933.0000 -546680.6700
-10689.0000 -5159913.0000 -625796.2000
-10689.0000 -2460375.0000 -642702.3400
-10689.0000 -4305845.0000 -756154.0700
-10689.0000 -7161625.0000 -1403377.5900
-10689.0000 -3889961.0000 -348561.9300
-10689.0000 -6552643.0000 -628914.8500
-10689.0000 -2758463.0000 -717874.8200
-10689.0000 -4399579.0000 -995278.6600
-10689.0000 -3884091.0000 -625676.2500
-10689.0000 -2346033.0000 -379623.5700
-10689.0000 -6027245.0000 -1631467.5900
-10689.0000 -8946573.0000 -950609.4700
-10689.0000 -3014275.0000 -552304.2300
-10689.0000 -6238703.0000 -605155.9000
-10689.0000 -2754703.0000 -576654.4500
-10689.0000 -5229799.0000 -906937.9500
-10689.0000 -2346985.0000 -427720.1100
-10689.0000 -3634095.0000 -641320.2500
-10689.0000 -5042411.0000 -878773.4100
-10689.0000 -3695747.0000 -333823.7200
-10689.0000 -3605127.0000 -744824.6600
-10689.0000 -5790439.0000 -1554169.5000
-10689.0000 -5712019.0000 -1164552.5100
-10689.0000 -3482931.0000 -121350.3100
-10689.0000 -2476533.0000 -485700.7000
-10689.0000 -3175151.0000 -688730.9400
-10689.0000 -3217621.0000 -318273.0600
-10689.0000 -4203263.0000 -460455.3100
-10689.0000 -5009507.0000 -503263.5300
-10689.0000 -3523321.0000 -426645.3700
-10689.0000 -6215767.0000 -284519.9200
-10689.0000 -3726077.0000 -1354053.3600
-10689.0000 -2446325.0000 -416330.0200
-10689.0000 -4197621.0000 -526390.2700
-10689.0000 -2455437.0000 -473130.9600
-10689.0000 -2322159.0000 -284994.9900
-10689.0000 -3634845.0000 -641634.6400
-10689.0000 -3573595.0000 -318396.6500
-10689.0000 -2540947.0000 -307678.1300
-10689.0000 -5892571.0000 -1012514.2000
-10689.0000 -3324631.0000 -285541.2900
-10689.0000 -1942009.0000 -413404.1600
-10689.0000 -2011809.0000 -191874.2100
-10689.0000 -4420873.0000 -909057.7000
-10689.0000 -5212053.0000 -680971.9200
-10689.0000 -3611551.0000 -1032704.7300
-10689.0000 -4792209.0000 -776424.4000
-10689.0000 -5231977.0000 -600524.8700
-10689.0000 -4085345.0000 -591969.6700
-10689.0000 -3412471.0000 -563261.0700
-10689.0000 -2713129.0000 -217161.4600
-10689.0000 -3955157.0000 -419977.9700
-10689.0000 -2270777.0000 -385267.2000
-10689.0000 -3152983.0000 -601896.8700
-10689.0000 -4160489.0000 -930786.2700
-10689.0000 -3729943.0000 -362565.3500
-10689.0000 -3808105.0000 -658679.6200
-10689.0000 -3077297.0000 -432668.0800
-10689.0000 -2807437.0000 -455794.2100
-10689.0000 -5704577.0000 -1565967.4200
-10689.0000 -2795659.0000 -493532.9400
-10689.0000 -4490375.0000 -550127.4500
-10689.0000 -3259563.0000 -495348.4600
-10689.0000 -2721281.0000 -363495.3500
-10689.0000 -2420527.0000 -399360.2000
-4617.0000 -1904457.0000 -143587.6700
-4617.0000 -1959059.0000 -246863.8300
-4617.0000 -1814719.0000 -209591.8900
-4617.0000 -2214801.0000 -310018.9700
-4617.0000 -3934757.0000 -446812.0700
-4617.0000 -2656855.0000 -490237.9700
-4617.0000 -1568335.0000 -170319.5600
-4617.0000 -2322577.0000 -416877.1000
-4617.0000 -1876213.0000 -337039.0400
-4617.0000 -1619609.0000 -607491.2100
-4617.0000 -2882735.0000 -578633.3900
-4617.0000 -2363351.0000 -570776.6500
-4617.0000 -2537677.0000 -348717.8800
-4617.0000 -2859821.0000 -591682.7800
-4617.0000 -2387771.0000 -474795.3300
-4617.0000 -2718173.0000 -354048.5100
-4617.0000 -5874417.0000 -605555.4000
-4617.0000 -1773929.0000 -216991.0800
-4617.0000 -3136271.0000 -243416.3400
-4617.0000 -2235001.0000 -278967.7100
-4617.0000 -1811379.0000 -389344.3900
-4617.0000 -1811603.0000 -313567.3300
-4617.0000 -4376939.0000 -362279.5200
-3983.0000 -2172009.0000 -211795.9700
-3983.0000 -2950111.0000 -506532.2600
-3983.0000 -3192713.0000 -488489.2600
-3983.0000 -2347123.0000 -429029.1400
-3983.0000 -4864007.0000 -296099.3800
-3983.0000 -3341751.0000 -399773.1100
-3983.0000 -1509931.0000 -298018.1600
-3983.0000 -2255911.0000 -309492.9600
-3983.0000 -4147601.0000 -526955.4500
-3983.0000 -3792103.0000 -440643.1900
-3983.0000 -1504689.0000 -258971.9100
-3983.0000 -3057613.0000 -528657.3100
-3983.0000 -5785765.0000 -480107.8200
-3983.0000 -2101997.0000 -662284.6400
-3983.0000 -2624089.0000 -353569.4200
-3983.0000 -3268137.0000 -239487.7300
-3983.0000 -1212119.0000 -202242.1500
-3983.0000 -341165.0000 -32785.9200
-3983.0000 -1079221.0000 -110241.6200
-3983.0000 -1902587.0000 -205252.6100
-3983.0000 -1057189.0000 -185686.0300
-3983.0000 -1517147.0000 -105404.4000
-3983.0000 -1436107.0000 -253167.3600
-3983.0000 -1248901.0000 -212980.2000
-3983.0000 -2009321.0000 -107951.0900
-3983.0000 -1060677.0000 -81508.9900
-3983.0000 -1371639.0000 -153510.8500
-3983.0000 -444327.0000 -42589.6400
-3983.0000 -1388247.0000 -243472.5800
-3983.0000 -985281.0000 -107323.6200
-3983.0000 -1487223.0000 -356119.4200
-3983.0000 -1850107.0000 -320362.2300
-3983.0000 -2037041.0000 -471053.9700
-3983.0000 -652585.0000 -127004.2700
-3983.0000 -513883.0000 -92959.6600
-3983.0000 -831829.0000 -131061.8100
-3983.0000 -2486817.0000 -126401.4900
-3983.0000 -1151951.0000 -82283.6000
-3983.0000 -1912955.0000 -375971.8900
-3983.0000 -964291.0000 -116536.3100
-3983.0000 -1384911.0000 -129226.0600
-3983.0000 -1593531.0000 -145999.7000
-3983.0000 -920251.0000 -83050.3100
-3983.0000 -709175.0000 -126517.1800
-2295.0000 -1378925.0000 -155859.6300
-2295.0000 -1226873.0000 -187579.2500
-2295.0000 -1492691.0000 -225523.6700
-2295.0000 -1077537.0000 -182131.3800
-2295.0000 -1355023.0000 -241786.4800
-2295.0000 -2055595.0000 -213843.6300
-2295.0000 -1377037.0000 -195467.1300
-2295.0000 -856225.0000 -100160.8500
-2295.0000 -2917241.0000 -235659.3200
-2295.0000 -1369403.0000 -210551.8800
-2295.0000 -1684741.0000 -211282.4700
-2295.0000 -578439.0000 -76037.6700
-2295.0000 -2182117.0000 -314880.2300
-2295.0000 -599553.0000 -55815.5700
-2295.0000 -657685.0000 -28315.8000
-2295.0000 -783073.0000 -37600.6800
-2295.0000 -1131791.0000 -68973.7100
-2295.0000 -619705.0000 -66504.7700
-2295.0000 -600023.0000 -46018.9000
-2295.0000 -1319123.0000 -75767.4700
-2295.0000 -1140619.0000 -44986.0200
-2295.0000 -735359.0000 -32773.4600
-2295.0000 -666547.0000 -37891.7700
-2295.0000 -760325.0000 -50712.4400
-2295.0000 -474859.0000 -52719.6900
-2295.0000 -875499.0000 -71813.7400
-2295.0000 -908749.0000 -63983.4400
-2295.0000 -694095.0000 -51670.1500
-2295.0000 -617013.0000 -31033.3300
-2295.0000 -1171507.0000 -88283.1200
-2295.0000 -1764027.0000 -45396.5800
-2295.0000 -512805.0000 -78124.6700
-2295.0000 -424795.0000 -32646.8100
-2295.0000 -441047.0000 -12052.9900
-2295.0000 -584159.0000 -13516.0000
-2295.0000 -1422705.0000 -206396.1900
-2295.0000 -1383123.0000 -86889.6400
-2295.0000 -1428729.0000 -101393.3800
-2295.0000 -812675.0000 -22086.0900
-2295.0000 -1966659.0000 -53189.2500
-2295.0000 -1054693.0000 -84759.3800
-2295.0000 -909639.0000 -68626.2500
-2295.0000 -794463.0000 -65876.2700
-2295.0000 -571781.0000 -18339.1200
-2295.0000 -252199.0000 -15318.6300
-2295.0000 -1288605.0000 -75835.7300
-2295.0000 -930137.0000 -33010.7200
-2295.0000 -1535929.0000 -197774.0500
-2295.0000 -755785.0000 -56217.5800
-2295.0000 -271289.0000 -15848.9700
-2295.0000 -398975.0000 -11932.3200
-2295.0000 -429095.0000 -30862.5600
-2295.0000 -1340797.0000 -15691.4300
-2295.0000 -771483.0000 -88400.0500
-2295.0000 -2244829.0000 -40774.8900
-2295.0000 -702877.0000 -58595.8000
-2295.0000 -668457.0000 -35377.4400
-2295.0000 -621381.0000 -14652.7700
-2295.0000 -1393251.0000 -93453.9100
-2295.0000 -1485829.0000 -58930.2900
-2295.0000 -1138835.0000 -103683.1600
-2295.0000 -518517.0000 -46513.0200
-2295.0000 -513449.0000 -18197.8800
-2295.0000 -741419.0000 -94718.8600
-2295.0000 -1203329.0000 -151990.2600
-2295.0000 -968961.0000 -87426.1800
-2295.0000 -698501.0000 -29843.0200
-2295.0000 -426659.0000 -11018.4300
-2295.0000 -1212955.0000 -140709.5000
-2295.0000 -995705.0000 -82111.8900
-2295.0000 -714761.0000 -48109.8300
-2295.0000 -405627.0000 -69855.3100
-2295.0000 -412545.0000 -29968.7800
-2295.0000 -1589999.0000 -44455.9500
-2295.0000 -165909.0000 -5552.8900
-2295.0000 -1617751.0000 -155888.6100
-2295.0000 -406451.0000 -19470.7000
-2295.0000 -1166413.0000 -108297.6200
-2295.0000 -819759.0000 -69500.1300
-2295.0000 -275229.0000 -15153.3400
-2295.0000 -822701.0000 -52520.4900
-2295.0000 -945085.0000 -65977.8200
-2295.0000 -1239315.0000 -224104.6800
-2295.0000 -816427.0000 -69360.5800
-2295.0000 -1208951.0000 -63300.4600
-2295.0000 -861467.0000 -66228.5000
-2295.0000 -525097.0000 -26328.1700
-2295.0000 -1360031.0000 -143864.1300
-2295.0000 -1605093.0000 -79363.5100
-1379.0000 -351547.0000 -15361.7500
-1379.0000 -309805.0000 -20867.3900
-1379.0000 -1041153.0000 -132807.4000
-1379.0000 -770269.0000 -16913.6800
-1379.0000 -648479.0000 -5995.0800
-1379.0000 -1625647.0000 -52359.5200
-1379.0000 -233111.0000 -7948.4500
-1379.0000 -1817883.0000 -180964.3500
-1379.0000 -803565.0000 -128083.3400
-1379.0000 -612591.0000 -53931.0300
-1379.0000 -347389.0000 -33590.0900
-1379.0000 -1144803.0000 -20011.3100
-1379.0000 -415865.0000 -3961.0900
-1379.0000 -1480765.0000 -253507.2500
-1379.0000 -1232739.0000 -162775.2700
-1379.0000 -738281.0000 -72623.4500
-1379.0000 -1216447.0000 -161645.9200
-1379.0000 -1472721.0000 -125384.3400
-1379.0000 -1903401.0000 -210934.8000
-1379.0000 -795605.0000 -25353.2100
-1379.0000 -1105425.0000 -28901.0200
-659.0000 -897717.0000 -60606.2500
-659.0000 -244791.0000 -6135.5600
-659.0000 -393659.0000 -15299.1500
-659.0000 -933873.0000 -17507.4700
-659.0000 -518315.0000 -49996.6000
-659.0000 -682713.0000 -62092.0500
-659.0000 -1359391.0000 -175757.6300
-659.0000 -1468929.0000 -62236.1100
-659.0000 -1631751.0000 -46006.9800
-659.0000 -405631.0000 -8049.3300
-659.0000 -925899.0000 -20977.1300
-659.0000 -1228423.0000 -55836.3800
-659.0000 -2117181.0000 -140650.2700
-659.0000 -904829.0000 -12191.2100
-659.0000 -1789371.0000 -279961.7100
-659.0000 -1436049.0000 -245138.0200
-659.0000 -540923.0000 -70486.7700
-659.0000 -710101.0000 -56720.0000
-659.0000 -1278077.0000 -108600.9500
-659.0000 -461331.0000 -23387.8600
-659.0000 -1272235.0000 -68769.1300
-659.0000 -1716323.0000 -174744.2800
-659.0000 -1099929.0000 -53021.8700
-659.0000 -971643.0000 -59027.4100
-659.0000 -1215387.0000 -60085.3800
-659.0000 -621925.0000 -98115.3600
-659.0000 -1342681.0000 -143259.5200
-659.0000 -1417993.0000 -111078.0200
-659.0000 -1325059.0000 -56876.1900
-659.0000 -852967.0000 -69418.4700
-659.0000 -1468019.0000 -42624.0300
-659.0000 -839789.0000 -81817.0500
-659.0000 -1319049.0000 -118740.2200
-659.0000 -1577825.0000 -83735.1400
-659.0000 -904999.0000 -54458.8400
-659.0000 -1052469.0000 -40306.9200
-659.0000 -825027.0000 -18255.9300
-659.0000 -652375.0000 -29198.9700
-659.0000 -1333515.0000 -29592.3500
-659.0000 -948409.0000 -21191.0400
-659.0000 -334437.0000 -4704.4100
-659.0000 -892445.0000 -28881.9500
-659.0000 -1292381.0000 -118317.9300
-659.0000 -1521795.0000 -18800.4700
-659.0000 -1317133.0000 -44484.1200
-659.0000 -637521.0000 -21772.0300
-659.0000 -666131.0000 -32019.2000
-659.0000 -970135.0000 -53834.2700
-659.0000 -960477.0000 -83672.7400
-659.0000 -661565.0000 -33451.3400
-659.0000 -795971.0000 -10565.8300
-659.0000 -863683.0000 -77620.1100
-659.0000 -1203065.0000 -79106.5300
-659.0000 -986157.0000 -96648.4600
-659.0000 -1166767.0000 -239990.7200
-659.0000 -1398225.0000 -150955.5500
-659.0000 -739353.0000 -40053.3400
-659.0000 -921239.0000 -110286.2700
-659.0000 -169265.0000 -28178.0800
-659.0000 -979461.0000 -67736.0200
-659.0000 -1025337.0000 -26848.4400
-659.0000 -659.0000 -659.0000
-659.0000 -118075.0000 -1509.9600
-659.0000 -659.0000 -659.0000
-659.0000 -659.0000 -659.0000
-659.0000 -659.0000 -659.0000
-659.0000 -659.0000 -659.0000
-659.0000 -659.0000 -659.0000
-659.0000 -659.0000 -659.0000
-659.0000 -659.0000 -659.0000
-659.0000 -659.0000 -659.0000
-659.0000 -659.0000 -659.0000
-659.0000 -106523.0000 -1188.3200
-659.0000 -659.0000 -659.0000
-659.0000 -881217.0000 -5061.7900
-659.0000 -659.0000 -659.0000
-659.0000 -659.0000 -659.0000
-659.0000 -659.0000 -659.0000
-659.0000 -659.0000 -659.0000
-659.0000 -659.0000 -659.0000
-659.0000 -659.0000 -659.0000
-659.0000 -659.0000 -659.0000
-659.0000 -659.0000 -659.0000
-659.0000 -659.0000 -659.0000
-659.0000 -177779.0000 -1544.6000
-659.0000 -659.0000 -659.0000
-659.0000 -659.0000 -659.0000
-659.0000 -659.0000 -659.0000
-659.0000 -659.0000 -659.0000
-659.0000 -659.0000 -659.0000
-659.0000 -659.0000 -659.0000
-659.0000 -659.0000 -659.0000
-659.0000 -659.0000 -659.0000
-659.0000 -659.0000 -659.0000
-659.0000 -659.0000 -659.0000
-659.0000 -659.0000 -659.0000
-659.0000 -2477.0000 -668.0900
-659.0000 -659.0000 -659.0000
-659.0000 -659.0000 -659.0000
-659.0000 -659.0000 -659.0000
-659.0000 -659.0000 -659.0000
-659.0000 -659.0000 -659.0000
-659.0000 -659.0000 -659.0000
-659.0000 -659.0000 -659.0000
-659.0000 -659.0000 -659.0000
-659.0000 -659.0000 -659.0000
-659.0000 -659.0000 -659.0000
-659.0000 -659.0000 -659.0000
-659.0000 -659.0000 -659.0000
-659.0000 -659.0000 -659.0000
-659.0000 -336813.0000 -2339.7700
-659.0000 -831541.0000 -4813.4100
-659.0000 -659.0000 -659.0000
-659.0000 -659.0000 -659.0000
-659.0000 -659.0000 -659.0000
-659.0000 -659.0000 -659.0000
-659.0000 -659.0000 -659.0000
-659.0000 -659.0000 -659.0000
-659.0000 -659.0000 -659.0000
-659.0000 -659.0000 -659.0000
-659.0000 -659.0000 -659.0000
-659.0000 -659.0000 -659.0000
-659.0000 -659.0000 -659.0000
-659.0000 -82647.0000 -1068.9400
-659.0000 -659.0000 -659.0000
-659.0000 -659.0000 -659.0000
-659.0000 -659.0000 -659.0000
-659.0000 -659.0000 -659.0000
-659.0000 -659.0000 -659.0000
-659.0000 -659.0000 -659.0000
-659.0000 -659.0000 -659.0000
-659.0000 -659.0000 -659.0000
-659.0000 -659.0000 -659.0000
-659.0000 -659.0000 -659.0000
-659.0000 -659.0000 -659.0000
-659.0000 -659.0000 -659.0000
-659.0000 -659.0000 -659.0000
-659.0000 -659.0000 -659.0000
-659.0000 -659.0000 -659.0000
-659.0000 -713123.0000 -4221.3200
