-124257.0000 -3082795.0000 -340061.6800
-123379.0000 -2584273.0000 -415226.3400
-123379.0000 -6295401.0000 -1276195.8700
-123379.0000 -3174401.0000 -569218.5500
-123379.0000 -5579753.0000 -433015.6600
-123379.0000 -4451083.0000 -896304.2100
-123379.0000 -3639553.0000 -862574.0300
-123379.0000 -2881833.0000 -458680.8000
-14739.0000 -5884909.0000 -335568.5900
-14739.0000 -5463161.0000 -1222228.5200
-2173.0000 -3764099.0000 -953501.5400
-2173.0000 -6929677.0000 -1297028.2400
-2173.0000 -3923529.0000 -968250.4200
-2173.0000 -2064293.0000 -448791.0000
-2173.0000 -5575745.0000 -231636.3600
-2173.0000 -5749047.0000 -1016680.3600
-2173.0000 -3215319.0000 -418564.4200
-2173.0000 -4798335.0000 -592185.0100
-2173.0000 -5761119.0000 -824147.4500
-2173.0000 -5150411.0000 -1109231.5200
-2173.0000 -3234859.0000 -843571.3200
-2173.0000 -4828081.0000 -514958.7900
-2173.0000 -4408713.0000 -810999.3300
-2173.0000 -7260747.0000 -376590.8800
-2173.0000 -3371545.0000 -366453.2300
-2173.0000 -2878445.0000 -593314.9400
-2173.0000 -5099229.0000 -778991.2600
-2173.0000 -7496673.0000 -1234920.1900
-2173.0000 -2886915.0000 -415358.4200
-187.0000 -4144533.0000 -469639.4900
-187.0000 -5136699.0000 -564797.9500
-187.0000 -3498073.0000 -258498.6800
-187.0000 -6096689.0000 -620231.3700
-187.0000 -4718825.0000 -698296.5300
-187.0000 -3088043.0000 -565506.5900
-187.0000 -3066917.0000 -508742.9200
-187.0000 -5846225.0000 -562365.1400
-187.0000 -5572351.0000 -579831.7100
-187.0000 -3655151.0000 -647020.1400
-187.0000 -5449765.0000 -613213.9400
-187.0000 -2578353.0000 -608802.3000
-187.0000 -7823309.0000 -1225620.7500
-187.0000 -3011685.0000 -362599.5900
-187.0000 -3101037.0000 -696195.9800
-187.0000 -4145315.0000 -697613.4000
-187.0000 -2672975.0000 -563907.5800
-187.0000 -3011755.0000 -327390.8500
-187.0000 -2787745.0000 -458170.8100
-187.0000 -2405177.0000 -372931.0200
-187.0000 -3044607.0000 -929244.9300
-187.0000 -3651397.0000 -697823.0200
-187.0000 -6048825.0000 -761666.6500
-187.0000 -2800585.0000 -468233.6300
-187.0000 -5847457.0000 -850929.5100
-187.0000 -4457211.0000 -607538.2800
-187.0000 -4214465.0000 -470647.5400
-187.0000 -4515497.0000 -347094.5500
-187.0000 -2929755.0000 -1003811.2800
-187.0000 -5611113.0000 -601601.7700
-187.0000 -4293913.0000 -619928.4300
-187.0000 -2835997.0000 -465491.9100
-187.0000 -4701153.0000 -973437.4600
-187.0000 -4277869.0000 -489158.6100
-187.0000 -4260353.0000 -669229.3500
-187.0000 -4165621.0000 -1154984.8500
-187.0000 -8319239.0000 -1380920.9700
-187.0000 -2640347.0000 -369604.9200
-187.0000 -5466745.0000 -505867.2300
-187.0000 -4888999.0000 -229783.4800
-187.0000 -6108935.0000 -625202.9400
-187.0000 -4182567.0000 -842230.3500
-187.0000 -3439783.0000 -237230.8500
-187.0000 -3681045.0000 -555908.2700
-187.0000 -5941111.0000 -711071.1500
-187.0000 -3453399.0000 -837867.3700
-187.0000 -4262149.0000 -473215.1800
-187.0000 -2522159.0000 -416947.4100
-187.0000 -4327171.0000 -967289.3200
-187.0000 -3512667.0000 -804763.9800
-187.0000 -3026871.0000 -444665.2800
-187.0000 -3355081.0000 -936056.2000
-187.0000 -1504039.0000 -205703.1500
-187.0000 -2159315.0000 -323902.9400
-187.0000 -2319703.0000 -404663.4800
-187.0000 -2216177.0000 -164835.0400
-187.0000 -2701695.0000 -364650.2900
-187.0000 -2243215.0000 -137098.0900
-187.0000 -3248789.0000 -317764.3400
-187.0000 -3038393.0000 -667655.7500
-187.0000 -4637417.0000 -983707.4000
-187.0000 -2291547.0000 -368552.0500
-187.0000 -1386187.0000 -215000.5100
-187.0000 -1987309.0000 -663803.9200
-187.0000 -3832113.0000 -550134.5500
-187.0000 -2301069.0000 -231703.4800
-187.0000 -2288129.0000 -235252.1800
-187.0000 -1939385.0000 -285729.0700
-187.0000 -2881691.0000 -416049.3600
-187.0000 -3207505.0000 -355923.3900
-187.0000 -1879061.0000 -243755.7500
-187.0000 -1933487.0000 -407701.6500
-187.0000 -3449895.0000 -610149.8600
-187.0000 -2544417.0000 -364888.4600
-187.0000 -3371315.0000 -678060.9200
-187.0000 -1670025.0000 -169841.9700
-187.0000 -2958137.0000 -292697.1900
-187.0000 -984525.0000 -224035.3900
-187.0000 -2651341.0000 -594920.8400
-187.0000 -2679957.0000 -176556.2400
-187.0000 -2089701.0000 -194658.6000
-187.0000 -1844751.0000 -258427.8100
-187.0000 -2175897.0000 -443524.0500
-187.0000 -2268223.0000 -186103.6000
-187.0000 -4287585.0000 -526822.5500
-187.0000 -1785557.0000 -367358.2200
-187.0000 -2979263.0000 -451601.6800
-187.0000 -1585727.0000 -486493.7200
-187.0000 -2352429.0000 -268047.6000
-187.0000 -3076283.0000 -301555.5800
-187.0000 -4881073.0000 -573856.2400
-187.0000 -2862665.0000 -225413.9500
-187.0000 -1731409.0000 -133382.0600
-187.0000 -2231267.0000 -216499.6100
-187.0000 -1924369.0000 -261630.5900
-187.0000 -1280341.0000 -142994.8300
-187.0000 -1889359.0000 -212844.9200
-187.0000 -2278579.0000 -195432.5800
-187.0000 -1917991.0000 -253027.5400
-187.0000 -961577.0000 -150770.8000
-187.0000 -2973753.0000 -171427.7600
-187.0000 -1271059.0000 -179807.6000
-187.0000 -1718659.0000 -198627.6200
-187.0000 -842481.0000 -74546.6000
-187.0000 -1217121.0000 -130263.9500
-187.0000 -975791.0000 -144261.1700
-187.0000 -1762569.0000 -239722.8600
-187.0000 -1808267.0000 -236184.0200
-187.0000 -1201893.0000 -112219.4300
-187.0000 -2184973.0000 -406911.1100
-187.0000 -1802699.0000 -231406.8500
-187.0000 -963237.0000 -239877.6400
-187.0000 -2103201.0000 -209911.8300
-187.0000 -1801641.0000 -171034.2600
-187.0000 -931363.0000 -282740.7300
-187.0000 -1444939.0000 -246201.0100
-187.0000 -1535163.0000 -191264.1400
-187.0000 -1352501.0000 -335915.1900
-187.0000 -1379577.0000 -363997.2600
-187.0000 -558907.0000 -97616.5500
-187.0000 -1705303.0000 -194154.9700
-187.0000 -1196285.0000 -144795.7900
-187.0000 -2167029.0000 -288025.1400
-187.0000 -1294897.0000 -302486.9700
-187.0000 -1435629.0000 -170104.0100
-187.0000 -1385155.0000 -200674.6500
-187.0000 -1763661.0000 -323315.9900
-187.0000 -1624407.0000 -270719.3400
-187.0000 -1975153.0000 -300569.2600
-187.0000 -1437471.0000 -176441.8400
-187.0000 -1381225.0000 -228654.6200
-187.0000 -1125429.0000 -148647.7000
-187.0000 -434519.0000 -35751.8400
-187.0000 -951729.0000 -36759.6500
-187.0000 -280715.0000 -13083.8000
-187.0000 -1241503.0000 -88588.8000
-187.0000 -326413.0000 -13453.3400
-187.0000 -406477.0000 -24876.1300
-187.0000 -672783.0000 -74403.9400
-187.0000 -146709.0000 -4326.7000
-187.0000 -1168521.0000 -40341.9000
-187.0000 -719699.0000 -31932.0700
-187.0000 -865081.0000 -48837.6200
-187.0000 -859857.0000 -76229.7600
-187.0000 -1463615.0000 -170425.3000
-187.0000 -684337.0000 -31600.7800
-187.0000 -815417.0000 -30739.5000
-187.0000 -734683.0000 -48855.1700
-187.0000 -2301143.0000 -84574.5500
-187.0000 -419873.0000 -29377.9800
-187.0000 -671659.0000 -19954.1100
-187.0000 -1681629.0000 -44329.1300
-187.0000 -249667.0000 -5237.9600
-187.0000 -961391.0000 -60694.0800
-187.0000 -359789.0000 -5872.7100
-187.0000 -470401.0000 -50864.9100
-187.0000 -882493.0000 -176408.8200
-187.0000 -1209691.0000 -88635.7900
-187.0000 -1288969.0000 -62943.8400
-187.0000 -1403045.0000 -93857.3500
-187.0000 -412061.0000 -17526.5100
-187.0000 -1392505.0000 -140801.0800
-187.0000 -675795.0000 -47987.9000
-187.0000 -1384357.0000 -137264.8900
-187.0000 -773039.0000 -54615.3000
-187.0000 -832291.0000 -33078.8200
-187.0000 -411003.0000 -31759.7400
-187.0000 -770979.0000 -70171.5700
-187.0000 -728925.0000 -53545.0800
-187.0000 -1566357.0000 -82692.6600
-187.0000 -812621.0000 -55065.9000
-187.0000 -216669.0000 -9490.5400
-187.0000 -475587.0000 -11098.7500
-187.0000 -1486051.0000 -52358.9400
-187.0000 -1652199.0000 -158772.3100
-187.0000 -389959.0000 -41659.6800
-187.0000 -1342811.0000 -79219.2800
-187.0000 -569483.0000 -122733.7300
-187.0000 -1489149.0000 -61291.5200
-187.0000 -496807.0000 -29856.2400
-187.0000 -900123.0000 -69289.0100
-187.0000 -645069.0000 -44389.1600
-187.0000 -1588485.0000 -73092.0800
-187.0000 -765983.0000 -25096.3000
-187.0000 -501477.0000 -20648.1100
-187.0000 -895517.0000 -64577.7600
-187.0000 -118577.0000 -6890.7300
-187.0000 -821347.0000 -10025.3800
-187.0000 -1525615.0000 -31264.1400
-187.0000 -1059195.0000 -153158.3400
-187.0000 -511519.0000 -142382.4300
-187.0000 -1619081.0000 -309817.5600
-187.0000 -823527.0000 -150484.4400
-187.0000 -799787.0000 -27613.8900
-187.0000 -1625297.0000 -11801.7400
-187.0000 -650293.0000 -40242.7300
-187.0000 -469929.0000 -15987.5500
-187.0000 -508613.0000 -29023.9500
-187.0000 -260721.0000 -9352.7900
-187.0000 -841249.0000 -41096.7500
-187.0000 -1068739.0000 -37067.9400
-187.0000 -1485497.0000 -80409.7800
-187.0000 -1229289.0000 -129858.4800
-187.0000 -1678073.0000 -57886.0300
-187.0000 -853851.0000 -40194.7600
-187.0000 -1212725.0000 -81851.3700
-187.0000 -895859.0000 -121279.0400
-187.0000 -1253989.0000 -109230.1800
-187.0000 -499383.0000 -75875.6600
-187.0000 -335841.0000 -8702.5500
-187.0000 -427079.0000 -19412.3500
-187.0000 -721657.0000 -15876.5600
-187.0000 -803071.0000 -58999.7100
-187.0000 -615785.0000 -78615.4300
-187.0000 -2347381.0000 -166493.8200
-187.0000 -355865.0000 -17259.4800
-187.0000 -1432815.0000 -62732.5200
-187.0000 -1237759.0000 -61414.5100
-187.0000 -1112551.0000 -62546.7300
-187.0000 -292933.0000 -5709.8900
-187.0000 -599043.0000 -53404.0200
-187.0000 -1166527.0000 -20569.9100
-187.0000 -741841.0000 -23014.2600
-187.0000 -847793.0000 -71147.8400
-187.0000 -694713.0000 -30897.0400
-187.0000 -200209.0000 -9358.6700
-187.0000 -740023.0000 -40972.3800
-187.0000 -1024469.0000 -70619.5100
-187.0000 -1483523.0000 -20106.0000
-187.0000 -1231197.0000 -199616.9300
-187.0000 -892707.0000 -37268.0700
-187.0000 -630637.0000 -38432.3900
-187.0000 -1200955.0000 -102181.0500
-187.0000 -925449.0000 -105683.0700
-187.0000 -1074585.0000 -44913.0900
-187.0000 -765625.0000 -33799.0200
-187.0000 -1214015.0000 -84521.2000
-187.0000 -1655125.0000 -76362.0400
-187.0000 -1335575.0000 -129049.0100
-187.0000 -489649.0000 -7259.3100
-187.0000 -1866733.0000 -155951.8000
-187.0000 -568789.0000 -30330.2300
-187.0000 -1060537.0000 -38141.2200
-187.0000 -933675.0000 -124968.4900
-187.0000 -593529.0000 -16356.2700
-187.0000 -218705.0000 -3547.4000
-187.0000 -1443359.0000 -50516.1100
-187.0000 -746007.0000 -38736.2200
-187.0000 -1080807.0000 -13739.6700
-187.0000 -1482103.0000 -165647.5500
-187.0000 -1394783.0000 -182761.4600
-187.0000 -1919337.0000 -147507.3300
-187.0000 -871531.0000 -108098.5000
-187.0000 -1011331.0000 -227356.4600
-187.0000 -739473.0000 -26228.0800
-187.0000 -392779.0000 -11621.8000
-187.0000 -1342905.0000 -14615.7700
-187.0000 -1759575.0000 -41843.9000
-187.0000 -1073271.0000 -55478.0800
-187.0000 -815417.0000 -30384.4100
-187.0000 -1145231.0000 -41562.6000
-187.0000 -1094339.0000 -30268.5800
-187.0000 -1310893.0000 -26557.8000
-187.0000 -290559.0000 -2326.0700
-187.0000 -490813.0000 -14635.7600
-187.0000 -766575.0000 -47745.3900
-187.0000 -206237.0000 -3910.3100
-187.0000 -213119.0000 -4422.0000
-187.0000 -744161.0000 -71472.2900
-187.0000 -1654343.0000 -38906.6400
-187.0000 -1223695.0000 -118016.5400
-187.0000 -535863.0000 -53305.3100
-187.0000 -1504605.0000 -168734.8500
-187.0000 -1084897.0000 -58333.8200
-187.0000 -745693.0000 -56898.7000
-187.0000 -825657.0000 -47804.0900
-187.0000 -406477.0000 -31096.4700
-187.0000 -829831.0000 -69894.7900
-187.0000 -1147473.0000 -64183.3200
-187.0000 -1328109.0000 -52268.2400
-187.0000 -962841.0000 -72781.5000
-187.0000 -409973.0000 -44523.3100
-187.0000 -828727.0000 -52206.0600
-187.0000 -1442411.0000 -247490.4600
-187.0000 -1093701.0000 -96667.3500
-187.0000 -556189.0000 -59421.0300
-187.0000 -658283.0000 -56171.1900
-187.0000 -741023.0000 -151182.9100
-187.0000 -640625.0000 -33670.1500
-187.0000 -803907.0000 -7083.9700
-187.0000 -1113939.0000 -35529.6000
-187.0000 -389111.0000 -35538.6000
-187.0000 -125075.0000 -2194.7200
-187.0000 -12339.0000 -247.7600
-187.0000 -187.0000 -187.0000
-187.0000 -187.0000 -187.0000
-187.0000 -78843.0000 -580.2800
-187.0000 -187.0000 -187.0000
-187.0000 -187.0000 -187.0000
-187.0000 -187.0000 -187.0000
-187.0000 -187.0000 -187.0000
-187.0000 -187.0000 -187.0000
-187.0000 -187.0000 -187.0000
-187.0000 -187.0000 -187.0000
-187.0000 -187.0000 -187.0000
-187.0000 -187.0000 -187.0000
-187.0000 -187.0000 -187.0000
-187.0000 -4211.0000 -207.1200
-187.0000 -187.0000 -187.0000
-187.0000 -187.0000 -187.0000
-187.0000 -187.0000 -187.0000
-187.0000 -187.0000 -187.0000
-187.0000 -187.0000 -187.0000
-187.0000 -187.0000 -187.0000
-187.0000 -187.0000 -187.0000
-187.0000 -187.0000 -187.0000
-187.0000 -187.0000 -187.0000
-187.0000 -187.0000 -187.0000
-187.0000 -187.0000 -187.0000
-187.0000 -187.0000 -187.0000
-187.0000 -187.0000 -187.0000
-187.0000 -257737.0000 -3383.2600
-187.0000 -209717.0000 -4910.2200
-187.0000 -187.0000 -187.0000
-187.0000 -254527.0000 -1458.7000
-187.0000 -187.0000 -187.0000
-187.0000 -187.0000 -187.0000
-187.0000 -117229.0000 -772.2100
-187.0000 -187.0000 -187.0000
-187.0000 -187.0000 -187.0000
-187.0000 -187.0000 -187.0000
-187.0000 -187.0000 -187.0000
-187.0000 -187.0000 -187.0000
-187.0000 -258109.0000 -2032.1000
-187.0000 -117229.0000 -772.2100
-187.0000 -187.0000 -187.0000
-187.0000 -187.0000 -187.0000
-187.0000 -137567.0000 -873.9000
-187.0000 -187.0000 -187.0000
-187.0000 -187.0000 -187.0000
-187.0000 -32911.0000 -350.6200
-187.0000 -359673.0000 -1984.4300
-187.0000 -187.0000 -187.0000
-187.0000 -187.0000 -187.0000
-187.0000 -187.0000 -187.0000
-187.0000 -187.0000 -187.0000
-187.0000 -1387307.0000 -8734.5700
-187.0000 -187.0000 -187.0000
-187.0000 -187.0000 -187.0000
-187.0000 -187.0000 -187.0000
-187.0000 -139889.0000 -885.5100
-187.0000 -187.0000 -187.0000
-187.0000 -187.0000 -187.0000
-187.0000 -187.0000 -187.0000
-187.0000 -187.0000 -187.0000
-187.0000 -187.0000 -187.0000
-187.0000 -187.0000 -187.0000
-187.0000 -187.0000 -187.0000
-187.0000 -187.0000 -187.0000
-187.0000 -370527.0000 -3024.8200
-187.0000 -187.0000 -187.0000
-187.0000 -187.0000 -187.0000
-187.0000 -175221.0000 -1838.1200
-187.0000 -187.0000 -187.0000
-187.0000 -187.0000 -187.0000
-187.0000 -187.0000 -187.0000
-187.0000 -187.0000 -187.0000
-187.0000 -187449.0000 -2557.2600
-187.0000 -187.0000 -187.0000
-187.0000 -187.0000 -187.0000
-187.0000 -124679.0000 -2676.8400
