-345415.0000 -6801235.0000 -1372116.4100
-345415.0000 -4384419.0000 -1093690.0600
-345415.0000 -6113133.0000 -881174.8200
-273329.0000 -3446597.0000 -565433.0800
-122503.0000 -5767381.0000 -1009124.5100
-122503.0000 -4809397.0000 -917764.4800
-35561.0000 -5026055.0000 -446303.7300
-35561.0000 -4799809.0000 -862582.6700
-22429.0000 -3852955.0000 -480512.3000
-22429.0000 -4336261.0000 -695931.1100
-22429.0000 -4428721.0000 -837518.1400
-22429.0000 -5050729.0000 -618547.6900
-22429.0000 -3506985.0000 -501062.0100
-22429.0000 -3232507.0000 -815480.6900
-22429.0000 -3959469.0000 -591135.6800
-22429.0000 -2331419.0000 -302452.1200
-22429.0000 -5860177.0000 -1373917.8400
-22429.0000 -2850107.0000 -317715.6000
-22429.0000 -8874543.0000 -2405751.7700
-22429.0000 -5080883.0000 -727119.5100
-22429.0000 -5283099.0000 -1003109.2900
-22429.0000 -8054093.0000 -624195.6400
-22429.0000 -3076869.0000 -315526.8400
-22429.0000 -3017137.0000 -403919.7300
-22429.0000 -4602581.0000 -419359.1600
-22429.0000 -4212937.0000 -405898.8800
-22429.0000 -7827837.0000 -1625720.9200
-22429.0000 -3500505.0000 -601822.4700
-22429.0000 -3981227.0000 -374806.2600
-22429.0000 -5639601.0000 -700213.5300
-22429.0000 -3808721.0000 -662718.7800
-22429.0000 -3506909.0000 -501892.9900
-1747.0000 -3792395.0000 -305028.4800
-1747.0000 -4744119.0000 -626980.2100
-1747.0000 -4127383.0000 -712855.4600
-1747.0000 -2747053.0000 -304022.8000
-1747.0000 -3336581.0000 -691467.0100
-1747.0000 -5498667.0000 -528208.1600
-1747.0000 -3725977.0000 -461793.8100
-1747.0000 -2563127.0000 -277562.9900
-1747.0000 -4911143.0000 -788506.2600
-1747.0000 -3310769.0000 -868956.5800
-1747.0000 -4002289.0000 -633790.1800
-1747.0000 -1963245.0000 -226141.1900
-1747.0000 -3867761.0000 -703184.5800
-1747.0000 -4696193.0000 -613196.2800
-1747.0000 -4999399.0000 -329674.8900
-1747.0000 -3177507.0000 -570475.8000
-1747.0000 -3554253.0000 -652495.0300
-1747.0000 -2785851.0000 -467644.1100
-1747.0000 -4171471.0000 -1144356.3000
-1747.0000 -5748645.0000 -742760.6400
-1747.0000 -2224057.0000 -151702.6500
-1747.0000 -5139689.0000 -548976.8700
-1747.0000 -3098469.0000 -399301.4500
-1747.0000 -4055829.0000 -724278.0200
-1747.0000 -3623567.0000 -420840.6600
-1747.0000 -4240595.0000 -452789.1600
-1747.0000 -3781851.0000 -384809.3600
-1747.0000 -3934987.0000 -266389.9200
-1747.0000 -5664027.0000 -1142471.7100
-1747.0000 -1560595.0000 -450343.4600
-637.0000 -3651755.0000 -521004.2600
-637.0000 -1997849.0000 -329638.5200
-637.0000 -5204931.0000 -628252.0000
-637.0000 -2976237.0000 -719916.7600
-637.0000 -2403855.0000 -445487.7500
-637.0000 -4772805.0000 -443671.4300
-637.0000 -3083679.0000 -417129.0100
-637.0000 -2998033.0000 -361781.9300
-637.0000 -4960505.0000 -879038.6900
-637.0000 -2964529.0000 -462735.0400
-637.0000 -5502157.0000 -805410.8800
-637.0000 -3833069.0000 -469809.8400
-637.0000 -3420517.0000 -576235.7100
-637.0000 -4675131.0000 -768165.2700
-637.0000 -4172705.0000 -386351.3400
-637.0000 -3763065.0000 -380377.6000
-637.0000 -2758847.0000 -257513.4800
-637.0000 -3585967.0000 -293901.9400
-637.0000 -2499349.0000 -437002.2700
-637.0000 -2985785.0000 -380444.0000
-637.0000 -714357.0000 -193689.4600
-637.0000 -2606895.0000 -379762.9800
-637.0000 -1929675.0000 -290166.4400
-637.0000 -2421087.0000 -314110.8300
-637.0000 -2662293.0000 -235467.6000
-637.0000 -4032487.0000 -639727.3400
-637.0000 -2663135.0000 -313801.9400
-637.0000 -2771691.0000 -458292.5700
-637.0000 -2532945.0000 -358517.3700
-637.0000 -1970793.0000 -409496.5300
-637.0000 -2446757.0000 -322393.7300
-637.0000 -3710711.0000 -344002.5400
-637.0000 -2517757.0000 -448196.0800
-637.0000 -3002231.0000 -892680.1100
-637.0000 -2500253.0000 -328781.7700
-637.0000 -1829685.0000 -380570.5200
-637.0000 -3205511.0000 -523536.1700
-637.0000 -2375425.0000 -377033.3300
-637.0000 -2125737.0000 -218641.4500
-637.0000 -1971525.0000 -345268.0300
-637.0000 -2320663.0000 -307036.4000
-637.0000 -3013751.0000 -393042.4300
-637.0000 -2772549.0000 -554828.5900
-637.0000 -2149789.0000 -149066.3100
-637.0000 -1977261.0000 -504560.7300
-637.0000 -5895719.0000 -898427.8900
-637.0000 -1592355.0000 -138407.1000
-637.0000 -2972709.0000 -269388.1800
-637.0000 -3995473.0000 -488945.2700
-637.0000 -4987285.0000 -642325.1000
-637.0000 -3341421.0000 -369335.7300
-637.0000 -2085729.0000 -141144.4200
-637.0000 -2651347.0000 -601085.3200
-637.0000 -2214121.0000 -225807.0800
-637.0000 -2455887.0000 -278531.6700
-637.0000 -2255991.0000 -201695.2600
-637.0000 -2390931.0000 -385135.0100
-637.0000 -1529929.0000 -409329.9200
-637.0000 -5101259.0000 -391291.0300
-637.0000 -3836197.0000 -484444.7100
-637.0000 -1058443.0000 -138869.9400
-637.0000 -1099025.0000 -99075.9400
-637.0000 -1947167.0000 -382436.9600
-637.0000 -1167341.0000 -220428.9300
-637.0000 -1531667.0000 -222338.5800
-637.0000 -1504949.0000 -189048.4300
-637.0000 -1452657.0000 -220580.2400
-637.0000 -2046287.0000 -482923.1800
-637.0000 -1566287.0000 -273604.9400
-637.0000 -1857067.0000 -394386.2500
-637.0000 -1348755.0000 -239491.9100
-637.0000 -1410835.0000 -290717.6000
-637.0000 -1953961.0000 -157005.4400
-637.0000 -1929895.0000 -394901.0100
-637.0000 -2479727.0000 -170449.2700
-637.0000 -1644641.0000 -302491.6000
-637.0000 -650273.0000 -132316.1300
-637.0000 -2138857.0000 -288520.3400
-637.0000 -395671.0000 -47359.2600
-637.0000 -1373565.0000 -203288.6200
-637.0000 -1763553.0000 -177088.8400
-637.0000 -2133743.0000 -332386.7700
-637.0000 -1969271.0000 -262427.9600
-637.0000 -2571451.0000 -410611.0900
-637.0000 -2572229.0000 -415491.1300
-637.0000 -1369907.0000 -305720.9000
-637.0000 -1727101.0000 -268721.4200
-637.0000 -1205677.0000 -114834.8100
-637.0000 -1135911.0000 -200516.2400
-637.0000 -2078131.0000 -229573.7000
-637.0000 -1319359.0000 -227811.3400
-637.0000 -1611881.0000 -276698.2600
-637.0000 -1223777.0000 -105084.6700
-637.0000 -979893.0000 -138477.8900
-637.0000 -939535.0000 -277282.0500
-637.0000 -859775.0000 -160274.3400
-637.0000 -1601079.0000 -292298.9200
-637.0000 -1545747.0000 -144890.4000
-637.0000 -1628895.0000 -157002.8700
-637.0000 -487071.0000 -30081.6600
-637.0000 -400633.0000 -21345.9900
-637.0000 -486023.0000 -43846.3100
-637.0000 -1098215.0000 -224060.4700
-637.0000 -1886463.0000 -110319.1700
-637.0000 -768467.0000 -42950.9300
-637.0000 -1234283.0000 -25988.0800
-637.0000 -496093.0000 -56821.2400
-637.0000 -692861.0000 -29296.8200
-637.0000 -331691.0000 -10202.8800
-637.0000 -896683.0000 -52665.4900
-637.0000 -896683.0000 -196693.0700
-637.0000 -908877.0000 -110282.9100
-637.0000 -769637.0000 -11551.7300
-637.0000 -743993.0000 -51786.5100
-637.0000 -971967.0000 -30938.5000
-637.0000 -800177.0000 -51716.3300
-637.0000 -991111.0000 -40859.2300
-637.0000 -333603.0000 -14962.3800
-637.0000 -524343.0000 -15993.9200
-637.0000 -918353.0000 -142728.1300
-637.0000 -909813.0000 -77875.3200
-637.0000 -716597.0000 -43253.7400
-637.0000 -1241451.0000 -68804.6900
-637.0000 -1499737.0000 -51866.6600
-637.0000 -855231.0000 -18306.0600
-637.0000 -397217.0000 -29152.6600
-637.0000 -1093665.0000 -46646.9600
-637.0000 -727081.0000 -124537.5100
-637.0000 -521933.0000 -17693.5700
-637.0000 -508919.0000 -10345.1900
-637.0000 -1716773.0000 -44564.5600
-637.0000 -887377.0000 -26610.0500
-637.0000 -837399.0000 -36945.2700
-637.0000 -1200087.0000 -68948.7300
-637.0000 -1248347.0000 -125523.3900
-637.0000 -419397.0000 -19152.5400
-637.0000 -906707.0000 -87101.4600
-637.0000 -1141155.0000 -55328.2400
-637.0000 -1055897.0000 -29335.0100
-637.0000 -933323.0000 -179853.1900
-637.0000 -421661.0000 -10922.4300
-637.0000 -89947.0000 -2572.6100
-637.0000 -493201.0000 -7422.2000
-637.0000 -739023.0000 -36756.9000
-637.0000 -1092849.0000 -50842.3800
-637.0000 -724687.0000 -27643.4400
-245.0000 -756035.0000 -100388.9700
-245.0000 -1128841.0000 -82889.0100
-245.0000 -538109.0000 -19415.9600
-245.0000 -963041.0000 -61774.3900
-245.0000 -321331.0000 -8557.4300
-245.0000 -1145819.0000 -26333.8500
-245.0000 -1232243.0000 -22560.2300
-245.0000 -1084327.0000 -63064.9000
-245.0000 -444241.0000 -31178.0400
-245.0000 -333507.0000 -34185.9300
-245.0000 -907099.0000 -44595.9700
-245.0000 -501339.0000 -21914.6600
-245.0000 -801983.0000 -61771.3500
-245.0000 -929771.0000 -42405.2700
-245.0000 -1384595.0000 -160232.5800
-245.0000 -1037475.0000 -246441.5900
-245.0000 -530867.0000 -12337.9600
-245.0000 -366001.0000 -13027.2900
-245.0000 -810385.0000 -46313.2300
-245.0000 -319973.0000 -6658.7300
-245.0000 -966911.0000 -136166.9200
-245.0000 -415629.0000 -12922.6300
-245.0000 -881757.0000 -26034.1700
-245.0000 -2721859.0000 -72681.7300
-245.0000 -506037.0000 -21675.4400
-245.0000 -377901.0000 -4875.4600
-245.0000 -601981.0000 -32794.7700
-245.0000 -1102783.0000 -70084.8700
-245.0000 -1413335.0000 -82379.2300
-245.0000 -447629.0000 -5063.1800
-245.0000 -657785.0000 -4782.8500
-245.0000 -318831.0000 -13926.1100
-245.0000 -1054825.0000 -42582.9900
-245.0000 -461327.0000 -16327.8900
-245.0000 -815849.0000 -27883.6900
-245.0000 -742105.0000 -35590.9800
-245.0000 -1188547.0000 -95717.2100
-245.0000 -819165.0000 -53556.0600
-245.0000 -598327.0000 -15661.0200
-245.0000 -866693.0000 -84185.5100
-245.0000 -809417.0000 -51501.4900
-245.0000 -749989.0000 -34066.4200
-245.0000 -707609.0000 -50594.7100
-245.0000 -914439.0000 -144991.1600
-245.0000 -1884129.0000 -148693.1900
-245.0000 -503505.0000 -65172.0300
-245.0000 -1057519.0000 -33433.1600
-245.0000 -592125.0000 -27533.6300
-245.0000 -587587.0000 -12668.9500
-245.0000 -1091021.0000 -64265.0400
-245.0000 -1126089.0000 -115676.8500
-245.0000 -1184353.0000 -51617.7300
-245.0000 -192403.0000 -9702.0800
-245.0000 -568785.0000 -25287.6700
-245.0000 -1437691.0000 -120057.9700
-245.0000 -905639.0000 -74513.3900
-245.0000 -709267.0000 -24206.4100
-245.0000 -1137653.0000 -91551.9100
-245.0000 -1399591.0000 -397046.9800
-245.0000 -726579.0000 -82539.3200
-229.0000 -123985.0000 -5644.2900
-229.0000 -335269.0000 -5180.6600
-229.0000 -1047093.0000 -208034.9800
-229.0000 -502287.0000 -50410.9300
-229.0000 -1487971.0000 -78032.1900
-229.0000 -1730281.0000 -227612.5700
-229.0000 -765977.0000 -68196.6200
-229.0000 -431387.0000 -13499.2400
-229.0000 -879585.0000 -48862.9000
-229.0000 -523927.0000 -6522.2600
-229.0000 -1823913.0000 -138839.2600
-229.0000 -1083991.0000 -64619.6600
-229.0000 -1505933.0000 -76296.2200
-229.0000 -587035.0000 -83206.3900
-229.0000 -235273.0000 -25104.0600
-229.0000 -488895.0000 -12402.7900
-229.0000 -1151245.0000 -49607.9700
-229.0000 -1769749.0000 -52255.3100
-229.0000 -514845.0000 -36788.8800
-229.0000 -576333.0000 -22997.7600
-229.0000 -508419.0000 -49929.2500
-229.0000 -672565.0000 -69428.9500
-229.0000 -989895.0000 -62582.8900
-229.0000 -1677035.0000 -131234.7500
-229.0000 -1128153.0000 -180527.6200
-229.0000 -671105.0000 -105017.0600
-229.0000 -628351.0000 -114074.6200
-229.0000 -765051.0000 -102551.4500
-229.0000 -1210745.0000 -145404.5900
-229.0000 -1202281.0000 -61257.6900
-229.0000 -864803.0000 -73620.8400
-229.0000 -548149.0000 -24827.6500
-229.0000 -1568847.0000 -81439.8700
-229.0000 -524453.0000 -9940.5100
-229.0000 -1425229.0000 -78035.9700
-229.0000 -2490427.0000 -33923.1400
-229.0000 -859235.0000 -24272.6700
-229.0000 -956395.0000 -19921.2700
-229.0000 -921537.0000 -84210.2400
-229.0000 -799345.0000 -141240.8600
-229.0000 -975601.0000 -58421.0800
-229.0000 -861519.0000 -30532.5000
-229.0000 -956171.0000 -58969.5800
-229.0000 -1050483.0000 -63714.9500
-229.0000 -1227967.0000 -106256.3200
-229.0000 -394225.0000 -13416.9200
-229.0000 -600899.0000 -8742.0300
-229.0000 -431263.0000 -20457.4700
-229.0000 -672075.0000 -31919.0700
-229.0000 -395181.0000 -14131.1600
-229.0000 -802813.0000 -37932.7100
-229.0000 -972031.0000 -33603.6100
-229.0000 -831163.0000 -127875.9400
-229.0000 -280827.0000 -13058.1700
-229.0000 -229.0000 -229.0000
-229.0000 -406209.0000 -3060.4200
-229.0000 -229.0000 -229.0000
-229.0000 -229.0000 -229.0000
-229.0000 -229.0000 -229.0000
-229.0000 -229.0000 -229.0000
-229.0000 -139743.0000 -926.5700
-229.0000 -229.0000 -229.0000
-229.0000 -229.0000 -229.0000
-229.0000 -229.0000 -229.0000
-229.0000 -229.0000 -229.0000
-229.0000 -229.0000 -229.0000
-229.0000 -179453.0000 -1125.1200
-229.0000 -229.0000 -229.0000
-229.0000 -229.0000 -229.0000
-229.0000 -229.0000 -229.0000
-229.0000 -229.0000 -229.0000
-229.0000 -229.0000 -229.0000
-229.0000 -229.0000 -229.0000
-229.0000 -229.0000 -229.0000
-229.0000 -229.0000 -229.0000
-229.0000 -229.0000 -229.0000
-229.0000 -75353.0000 -898.9300
-229.0000 -229.0000 -229.0000
-229.0000 -229.0000 -229.0000
-229.0000 -229.0000 -229.0000
-229.0000 -229.0000 -229.0000
-229.0000 -229.0000 -229.0000
-229.0000 -383013.0000 -4056.8400
-229.0000 -229.0000 -229.0000
-229.0000 -229.0000 -229.0000
-229.0000 -229.0000 -229.0000
-229.0000 -224713.0000 -1351.4200
-229.0000 -229.0000 -229.0000
-229.0000 -229.0000 -229.0000
-229.0000 -229.0000 -229.0000
-229.0000 -1163775.0000 -6046.7300
-229.0000 -229.0000 -229.0000
-229.0000 -336729.0000 -1911.5000
-229.0000 -538165.0000 -2918.6800
-229.0000 -229.0000 -229.0000
-229.0000 -229.0000 -229.0000
-229.0000 -229.0000 -229.0000
-229.0000 -229.0000 -229.0000
-229.0000 -229.0000 -229.0000
-229.0000 -334951.0000 -1902.6100
-229.0000 -739431.0000 -4827.5000
-229.0000 -229.0000 -229.0000
-229.0000 -229.0000 -229.0000
-229.0000 -229.0000 -229.0000
-229.0000 -229.0000 -229.0000
-229.0000 -157983.0000 -1793.7200
-229.0000 -229.0000 -229.0000
-229.0000 -229.0000 -229.0000
-229.0000 -229.0000 -229.0000
-229.0000 -229.0000 -229.0000
-229.0000 -473089.0000 -2593.3000
-229.0000 -229.0000 -229.0000
-229.0000 -229.0000 -229.0000
-229.0000 -229.0000 -229.0000
-229.0000 -64937.0000 -552.5400
-229.0000 -229.0000 -229.0000
-229.0000 -229.0000 -229.0000
-229.0000 -229.0000 -229.0000
-229.0000 -229.0000 -229.0000
-229.0000 -1185693.0000 -8594.1300
-229.0000 -229.0000 -229.0000
-229.0000 -229.0000 -229.0000
-229.0000 -229.0000 -229.0000
-229.0000 -229.0000 -229.0000
-229.0000 -143723.0000 -1194.4800
-229.0000 -229.0000 -229.0000
-229.0000 -229.0000 -229.0000
-229.0000 -229.0000 -229.0000
-229.0000 -229.0000 -229.0000
-229.0000 -123889.0000 -1170.8400
-229.0000 -229.0000 -229.0000
-229.0000 -229.0000 -229.0000
