-97433.0000 -3223137.0000 -712838.8500
-7843.0000 -5381743.0000 -590796.9500
-7843.0000 -4741603.0000 -1019209.1100
-7843.0000 -5048225.0000 -1151837.3100
-7843.0000 -4023967.0000 -670030.9900
-7843.0000 -7120367.0000 -635882.7300
-7843.0000 -8290123.0000 -1225509.7600
-7843.0000 -5579531.0000 -366547.8900
-7843.0000 -2498779.0000 -555867.5000
-7843.0000 -4040265.0000 -572736.1100
-7843.0000 -6704903.0000 -933270.1000
-7843.0000 -2375119.0000 -467744.9800
-7843.0000 -5401495.0000 -507659.6300
-7843.0000 -3779951.0000 -1006031.7100
-7843.0000 -3978775.0000 -306868.4200
-7843.0000 -7359639.0000 -746602.9200
-7843.0000 -4941491.0000 -925720.1900
-7843.0000 -4522725.0000 -1344711.3700
-7843.0000 -5571481.0000 -981370.0300
-7843.0000 -7447001.0000 -693158.9800
-7843.0000 -2485813.0000 -432660.7300
-7843.0000 -5173563.0000 -1483566.5700
-7843.0000 -3987189.0000 -837885.6000
-7843.0000 -2809995.0000 -629135.2200
-7843.0000 -2190549.0000 -496867.7500
-7843.0000 -2811593.0000 -790126.6600
-7843.0000 -3948877.0000 -478868.1300
-7843.0000 -6000937.0000 -1273484.2900
-7843.0000 -3879989.0000 -969885.6500
-7843.0000 -3406665.0000 -449620.9800
-7843.0000 -2411665.0000 -388957.2900
-7843.0000 -4510377.0000 -401455.1800
-7843.0000 -4133673.0000 -664014.8000
-7843.0000 -2001139.0000 -282286.2800
-7843.0000 -5868561.0000 -716538.6100
-7843.0000 -4370633.0000 -729387.9300
-7843.0000 -4920019.0000 -755236.8300
-7843.0000 -2729317.0000 -256037.2600
-7843.0000 -2977667.0000 -456659.3900
-7843.0000 -7897805.0000 -794166.1900
-7843.0000 -4521615.0000 -679012.3000
-7843.0000 -4189511.0000 -973658.5000
-7843.0000 -4252755.0000 -243572.5600
-7843.0000 -3874457.0000 -717499.0300
-7843.0000 -5498499.0000 -1036004.1300
-7843.0000 -2931443.0000 -707958.1600
-7843.0000 -3252919.0000 -437633.4500
-7843.0000 -3103859.0000 -669452.8500
-7843.0000 -1905151.0000 -197088.6000
-7843.0000 -2766499.0000 -636629.7100
-7843.0000 -3408599.0000 -444126.1000
-7843.0000 -3683413.0000 -417383.7300
-7843.0000 -3402771.0000 -682953.7700
-7843.0000 -1722929.0000 -347908.2400
-7843.0000 -5445021.0000 -651975.4700
-7843.0000 -4693419.0000 -802703.5500
-7843.0000 -5428841.0000 -686224.8400
-7843.0000 -3622947.0000 -502207.7800
-7843.0000 -2555061.0000 -333808.0200
-7843.0000 -5118951.0000 -675094.0400
-7843.0000 -4148133.0000 -287477.6700
-7843.0000 -3019475.0000 -271849.2700
-7843.0000 -2443419.0000 -342119.0900
-7843.0000 -2918989.0000 -418226.7400
-7843.0000 -2333879.0000 -450375.2200
-7843.0000 -7239241.0000 -659342.3200
-7843.0000 -2451757.0000 -296585.5700
-7843.0000 -2538211.0000 -298293.4700
-7843.0000 -4248617.0000 -453207.6700
-7843.0000 -4093951.0000 -742581.0500
-7843.0000 -4081923.0000 -671855.2800
-7843.0000 -4871415.0000 -560203.9100
-7843.0000 -3565817.0000 -774475.7600
-7843.0000 -4754499.0000 -1101760.0700
-7843.0000 -4861489.0000 -934067.5000
-7843.0000 -2921153.0000 -756219.8400
-7843.0000 -1894185.0000 -325569.8500
-7843.0000 -3528911.0000 -475100.1200
-7843.0000 -5497765.0000 -970983.8300
-7843.0000 -3949187.0000 -890077.5100
-7843.0000 -5377137.0000 -957110.9100
-7843.0000 -3530725.0000 -384846.3700
-7843.0000 -2281905.0000 -692002.8800
-7843.0000 -2170417.0000 -266696.5700
-7843.0000 -2278471.0000 -475545.6200
-7843.0000 -1764367.0000 -205581.6900
-7843.0000 -2000767.0000 -335056.4400
-7843.0000 -2598833.0000 -203888.4300
-7843.0000 -3907495.0000 -253352.1500
-7843.0000 -3218053.0000 -586844.6600
-7843.0000 -2546381.0000 -682588.1200
-7843.0000 -4037557.0000 -527114.4000
-7843.0000 -4146853.0000 -932031.6700
-7843.0000 -2033625.0000 -385629.6800
-7843.0000 -1782771.0000 -418262.9400
-7843.0000 -2643573.0000 -332961.7900
-7843.0000 -942849.0000 -174018.2300
-7843.0000 -1912157.0000 -454815.1200
-7843.0000 -4016783.0000 -568564.3000
-7843.0000 -2194869.0000 -438749.6900
-7843.0000 -2464733.0000 -301009.1500
-7843.0000 -1230247.0000 -254310.0900
-7843.0000 -3356919.0000 -259064.6700
-7843.0000 -3395955.0000 -502377.4000
-7843.0000 -2097127.0000 -272946.1600
-7843.0000 -3867889.0000 -749515.2600
-5753.0000 -4287213.0000 -489703.4800
-5753.0000 -2679707.0000 -576603.5300
-5753.0000 -3708621.0000 -388833.0900
-5753.0000 -4265509.0000 -818100.6500
-5753.0000 -3011757.0000 -531067.3300
-233.0000 -2156861.0000 -205575.1800
-233.0000 -1868117.0000 -482627.3700
-233.0000 -1636115.0000 -339832.9900
-233.0000 -2178253.0000 -474757.6600
-233.0000 -1825833.0000 -268751.0000
-233.0000 -2444933.0000 -296044.3300
-233.0000 -1849001.0000 -502635.1500
-233.0000 -1830027.0000 -123463.9800
-233.0000 -2352227.0000 -300772.7800
-233.0000 -4121705.0000 -804768.6100
-233.0000 -1461305.0000 -147995.4600
-233.0000 -784463.0000 -117540.4400
-233.0000 -1432735.0000 -159968.0200
-233.0000 -2167169.0000 -252023.6400
-233.0000 -1621335.0000 -208129.7100
-233.0000 -1002729.0000 -232315.9300
-233.0000 -3258075.0000 -348671.8100
-233.0000 -1214103.0000 -173044.3400
-233.0000 -1364867.0000 -112772.9200
-233.0000 -2488355.0000 -329030.6400
-233.0000 -958883.0000 -217436.4300
-233.0000 -1329305.0000 -110988.0900
-233.0000 -2435557.0000 -116459.6400
-233.0000 -1645893.0000 -266257.9400
-233.0000 -1487073.0000 -302986.8000
-233.0000 -1116429.0000 -103339.6300
-233.0000 -1452407.0000 -156629.1400
-233.0000 -1193881.0000 -140295.9000
-233.0000 -957709.0000 -234377.9300
-233.0000 -1621285.0000 -234638.2600
-233.0000 -2449627.0000 -255811.5000
-233.0000 -2718109.0000 -378231.1800
-233.0000 -1865743.0000 -520021.9600
-233.0000 -2356319.0000 -271930.0900
-233.0000 -1547989.0000 -267400.6400
-233.0000 -607403.0000 -154950.6600
-233.0000 -1716037.0000 -279538.9000
-233.0000 -864403.0000 -131911.9600
-233.0000 -1912663.0000 -159075.5000
-233.0000 -818273.0000 -127704.4000
-233.0000 -1101247.0000 -146919.7900
-233.0000 -1206879.0000 -66942.3600
-233.0000 -1310017.0000 -204246.2800
-233.0000 -1396379.0000 -257997.5600
-233.0000 -1371921.0000 -416667.5000
-233.0000 -860757.0000 -169345.5300
-233.0000 -1135551.0000 -220478.2000
-233.0000 -923945.0000 -179145.1200
-233.0000 -1328999.0000 -255279.5200
-233.0000 -2303235.0000 -178100.2500
-233.0000 -708891.0000 -40383.6100
-233.0000 -702841.0000 -15847.9100
-233.0000 -540875.0000 -114643.9500
-233.0000 -313807.0000 -63232.2400
-233.0000 -293207.0000 -6252.5300
-233.0000 -734903.0000 -34592.6900
-233.0000 -972951.0000 -58572.1100
-233.0000 -550299.0000 -37295.4000
-233.0000 -258275.0000 -7878.8100
-233.0000 -166083.0000 -1084.3300
-233.0000 -1070265.0000 -42475.9300
-233.0000 -684609.0000 -6237.3100
-233.0000 -472715.0000 -4828.0000
-233.0000 -818237.0000 -49753.8000
-233.0000 -2302535.0000 -194210.6200
-233.0000 -1253381.0000 -179704.2400
-233.0000 -387339.0000 -10329.2800
-233.0000 -129509.0000 -5200.0100
-233.0000 -664045.0000 -19520.0100
-233.0000 -154957.0000 -10794.4500
-233.0000 -672079.0000 -47191.7700
-233.0000 -1472323.0000 -106571.0200
-233.0000 -1536311.0000 -66694.0000
-233.0000 -2179187.0000 -20248.6200
-233.0000 -697735.0000 -14245.1700
-233.0000 -486599.0000 -4647.1900
-233.0000 -627971.0000 -20126.0700
-233.0000 -794079.0000 -91807.8000
-233.0000 -551977.0000 -21884.6600
-233.0000 -233.0000 -233.0000
-233.0000 -911759.0000 -81687.5900
-233.0000 -337433.0000 -23692.6200
-233.0000 -1582699.0000 -35640.6200
-233.0000 -2181555.0000 -29971.4700
-233.0000 -1069091.0000 -24322.0100
-233.0000 -698415.0000 -22575.3800
-233.0000 -318259.0000 -9855.7100
-25.0000 -395989.0000 -4825.6800
-25.0000 -993583.0000 -51735.8600
-25.0000 -395731.0000 -20337.5000
-25.0000 -1186875.0000 -167644.3600
-25.0000 -1300369.0000 -99937.9000
-25.0000 -803817.0000 -56612.3000
-25.0000 -1709975.0000 -112691.1100
-25.0000 -1327519.0000 -51739.7600
-25.0000 -659589.0000 -75413.4700
-25.0000 -894733.0000 -61970.1400
-25.0000 -1311087.0000 -49788.1500
-25.0000 -852821.0000 -54106.2100
-25.0000 -1430103.0000 -45889.3700
-25.0000 -545485.0000 -16758.6100
-25.0000 -925399.0000 -77701.2100
-25.0000 -1279447.0000 -75303.0700
-25.0000 -883973.0000 -75769.3700
-25.0000 -599769.0000 -42776.0700
-25.0000 -661719.0000 -15484.6800
-25.0000 -671821.0000 -29870.8200
-25.0000 -388377.0000 -28079.0400
-25.0000 -1746111.0000 -32626.0900
-25.0000 -1140323.0000 -167065.9400
-25.0000 -457091.0000 -34451.1900
-25.0000 -453361.0000 -16950.5300
-25.0000 -896071.0000 -46999.4300
-25.0000 -753179.0000 -21374.4700
-25.0000 -1533485.0000 -43407.4500
-25.0000 -1500951.0000 -32124.0100
-25.0000 -706113.0000 -28358.5300
-25.0000 -784089.0000 -62843.8400
-25.0000 -1373077.0000 -89925.0600
-25.0000 -858399.0000 -40582.8900
-25.0000 -604415.0000 -54341.9800
-25.0000 -695887.0000 -45523.8200
-25.0000 -1072305.0000 -43539.7500
-25.0000 -88929.0000 -2596.8000
-25.0000 -220445.0000 -9010.9000
-25.0000 -899071.0000 -22308.9600
-25.0000 -1049939.0000 -42991.1900
-25.0000 -428525.0000 -7269.6800
-25.0000 -833285.0000 -37796.7900
-25.0000 -572323.0000 -5280.5500
-25.0000 -1585943.0000 -79660.9500
-25.0000 -676187.0000 -13230.0300
-25.0000 -1298943.0000 -206559.7600
-25.0000 -1122083.0000 -97325.8300
-25.0000 -801371.0000 -65902.8400
-25.0000 -660535.0000 -88818.1800
-25.0000 -766833.0000 -78903.0000
-25.0000 -2447457.0000 -274718.1600
-25.0000 -1425535.0000 -86993.4900
-25.0000 -467759.0000 -85393.9200
-25.0000 -1593993.0000 -260793.6700
-25.0000 -1126707.0000 -109770.4900
-25.0000 -448383.0000 -16708.2400
-25.0000 -611411.0000 -12863.9900
-25.0000 -777787.0000 -9000.1200
-25.0000 -1825729.0000 -158103.4000
-25.0000 -596933.0000 -21041.6700
-25.0000 -830137.0000 -37218.8900
-25.0000 -732617.0000 -30252.4100
-25.0000 -565691.0000 -22512.0500
-25.0000 -1508257.0000 -55834.0600
-25.0000 -983271.0000 -128136.1000
-25.0000 -585955.0000 -53468.5600
-25.0000 -1329595.0000 -124198.3100
-25.0000 -905883.0000 -94557.3500
-25.0000 -1581761.0000 -72339.4200
-25.0000 -1291223.0000 -67007.4500
-25.0000 -541903.0000 -32865.1500
-25.0000 -1373727.0000 -97109.2700
-25.0000 -566029.0000 -20211.1000
-25.0000 -269435.0000 -5428.1000
-25.0000 -460683.0000 -8764.9000
-25.0000 -459085.0000 -12565.4200
-25.0000 -1053869.0000 -27774.8900
-25.0000 -344793.0000 -18953.5700
-25.0000 -900921.0000 -71762.9500
-25.0000 -436785.0000 -15509.4000
-25.0000 -663013.0000 -18788.7900
-25.0000 -873503.0000 -91632.8900
-25.0000 -942107.0000 -22602.4100
-25.0000 -1182891.0000 -48897.3800
-25.0000 -938129.0000 -19146.6300
-25.0000 -584705.0000 -16280.6400
-25.0000 -1217479.0000 -152053.8300
-25.0000 -516631.0000 -27479.9500
-25.0000 -579457.0000 -57206.2700
-25.0000 -851447.0000 -100680.0800
-25.0000 -1063045.0000 -66568.0100
-25.0000 -455353.0000 -14790.5600
-25.0000 -372957.0000 -32240.6300
-25.0000 -325537.0000 -21001.1700
-25.0000 -1201575.0000 -99747.9900
-25.0000 -1212623.0000 -51415.3700
-25.0000 -804379.0000 -32132.5500
-25.0000 -1434485.0000 -118614.4100
-25.0000 -663329.0000 -30639.3400
-25.0000 -479849.0000 -5881.3100
-25.0000 -894897.0000 -25995.6200
-25.0000 -1453385.0000 -144549.9100
-25.0000 -905601.0000 -9803.6500
-25.0000 -259331.0000 -17991.9700
-25.0000 -732889.0000 -37197.2000
-25.0000 -902167.0000 -67355.4800
-25.0000 -878475.0000 -76674.8800
-25.0000 -1515549.0000 -101998.9800
-25.0000 -700287.0000 -37490.7000
-25.0000 -747239.0000 -41374.6300
-25.0000 -706001.0000 -9714.4800
-25.0000 -752767.0000 -9335.8500
-25.0000 -637469.0000 -32101.6200
-25.0000 -832993.0000 -19441.2500
-25.0000 -384443.0000 -31131.6100
-25.0000 -802597.0000 -18045.8900
-25.0000 -811569.0000 -30939.1800
-25.0000 -685365.0000 -10293.1300
-25.0000 -1082271.0000 -35353.3900
-25.0000 -1613613.0000 -16100.5500
-25.0000 -1338057.0000 -48555.1100
-25.0000 -809355.0000 -39038.8800
-25.0000 -332075.0000 -14884.6700
-25.0000 -671821.0000 -6162.9900
-25.0000 -25.0000 -25.0000
-25.0000 -25.0000 -25.0000
-25.0000 -25.0000 -25.0000
-25.0000 -25.0000 -25.0000
-25.0000 -25.0000 -25.0000
-25.0000 -25.0000 -25.0000
-25.0000 -25.0000 -25.0000
-25.0000 -9157.0000 -70.6600
-25.0000 -25.0000 -25.0000
-25.0000 -753071.0000 -3790.2300
-25.0000 -25.0000 -25.0000
-25.0000 -25.0000 -25.0000
-25.0000 -112339.0000 -1148.1400
-25.0000 -25.0000 -25.0000
-25.0000 -25.0000 -25.0000
-25.0000 -25.0000 -25.0000
-25.0000 -25.0000 -25.0000
-25.0000 -25.0000 -25.0000
-25.0000 -25.0000 -25.0000
-25.0000 -294197.0000 -1642.3100
-25.0000 -358379.0000 -2650.8200
-25.0000 -25.0000 -25.0000
-25.0000 -130949.0000 -679.6200
-25.0000 -25.0000 -25.0000
-25.0000 -25.0000 -25.0000
-25.0000 -25.0000 -25.0000
-25.0000 -25.0000 -25.0000
-25.0000 -155215.0000 -1308.0300
-25.0000 -25.0000 -25.0000
-25.0000 -25.0000 -25.0000
-25.0000 -25.0000 -25.0000
-25.0000 -25.0000 -25.0000
-25.0000 -25.0000 -25.0000
-25.0000 -25.0000 -25.0000
-25.0000 -41201.0000 -230.8800
-25.0000 -25.0000 -25.0000
-25.0000 -25.0000 -25.0000
-25.0000 -25.0000 -25.0000
-25.0000 -25.0000 -25.0000
-25.0000 -25.0000 -25.0000
-25.0000 -25.0000 -25.0000
-25.0000 -108993.0000 -569.8400
-25.0000 -308651.0000 -1568.1300
-25.0000 -25.0000 -25.0000
-25.0000 -25.0000 -25.0000
-25.0000 -25.0000 -25.0000
-25.0000 -25.0000 -25.0000
-25.0000 -25.0000 -25.0000
-25.0000 -25.0000 -25.0000
-25.0000 -244673.0000 -1253.0200
-25.0000 -25.0000 -25.0000
-25.0000 -75045.0000 -400.1000
-25.0000 -25.0000 -25.0000
-25.0000 -25.0000 -25.0000
-25.0000 -25.0000 -25.0000
-25.0000 -25.0000 -25.0000
-25.0000 -25.0000 -25.0000
-25.0000 -25.0000 -25.0000
-25.0000 -25.0000 -25.0000
-25.0000 -25.0000 -25.0000
-25.0000 -25.0000 -25.0000
-25.0000 -25.0000 -25.0000
-25.0000 -117395.0000 -611.8500
-25.0000 -48805.0000 -268.9000
-25.0000 -401295.0000 -5236.4100
-25.0000 -25.0000 -25.0000
-25.0000 -311177.0000 -1580.7600
-25.0000 -25.0000 -25.0000
-25.0000 -25.0000 -25.0000
-25.0000 -25.0000 -25.0000
-25.0000 -25.0000 -25.0000
-25.0000 -25.0000 -25.0000
-25.0000 -25.0000 -25.0000
-25.0000 -25.0000 -25.0000
-25.0000 -25.0000 -25.0000
-25.0000 -25.0000 -25.0000
-25.0000 -25.0000 -25.0000
-25.0000 -25.0000 -25.0000
