-192617.0000 -4066773.0000 -471230.5700
-192617.0000 -7590095.0000 -1209482.5200
-74615.0000 -3050117.0000 -473995.0900
-74615.0000 -3903867.0000 -415675.8400
-74615.0000 -3580189.0000 -652420.7600
-74615.0000 -6170141.0000 -704595.6000
-74615.0000 -3596045.0000 -570479.5500
-74615.0000 -3506965.0000 -529745.6600
-51205.0000 -4518775.0000 -440651.2700
-51205.0000 -1810311.0000 -534138.9200
-51205.0000 -5556875.0000 -783133.1700
-33287.0000 -6795581.0000 -475989.7200
-33287.0000 -5127563.0000 -568741.7200
-33287.0000 -7474709.0000 -1357418.3200
-14061.0000 -4204877.0000 -483649.0000
-14061.0000 -2610377.0000 -227852.8200
-14061.0000 -9086075.0000 -621925.2100
-14061.0000 -1893089.0000 -330724.4900
-14061.0000 -4968057.0000 -991805.1600
-14061.0000 -4777771.0000 -809336.6300
-14061.0000 -3977421.0000 -450626.0100
-14061.0000 -4103461.0000 -736896.7400
-14061.0000 -4560693.0000 -572601.4400
-14061.0000 -3209649.0000 -485810.7500
-14061.0000 -4136763.0000 -629447.3100
-14061.0000 -5741643.0000 -284612.2400
-14061.0000 -8091595.0000 -1416675.7100
-14061.0000 -2830433.0000 -564370.5000
-14061.0000 -4066377.0000 -422017.7800
-14061.0000 -2881519.0000 -336982.9400
-14061.0000 -2746883.0000 -603291.9600
-14061.0000 -4067943.0000 -767831.9000
-14061.0000 -3171521.0000 -705459.2800
-14061.0000 -6072613.0000 -802201.2000
-14061.0000 -7362837.0000 -1526551.2600
-14061.0000 -3499699.0000 -722486.0400
-14061.0000 -2229743.0000 -353349.3500
-14061.0000 -4919797.0000 -519787.1200
-14061.0000 -4711459.0000 -1032744.0800
-14061.0000 -2398979.0000 -356310.4400
-14061.0000 -6720649.0000 -633247.9500
-14061.0000 -6461361.0000 -992020.0900
-14061.0000 -5079219.0000 -908958.4800
-14061.0000 -4868681.0000 -361927.8700
-14061.0000 -4012949.0000 -462561.8000
-14061.0000 -4479457.0000 -393556.3200
-14061.0000 -6818005.0000 -555363.3300
-14061.0000 -3199149.0000 -399729.6800
-14061.0000 -3117665.0000 -606161.9300
-14061.0000 -4798745.0000 -1037043.4500
-14061.0000 -5662367.0000 -1451352.2400
-14061.0000 -3623045.0000 -739827.2700
-14061.0000 -2560293.0000 -604221.8500
-14061.0000 -5756457.0000 -634912.6500
-14061.0000 -2762909.0000 -344957.2400
-14061.0000 -4574453.0000 -818938.9700
-14061.0000 -3065107.0000 -496196.7000
-14061.0000 -4383127.0000 -409867.4100
-14061.0000 -4969951.0000 -532605.7000
-14061.0000 -4413823.0000 -989043.5200
-14061.0000 -2170069.0000 -288746.8800
-14061.0000 -5432185.0000 -620727.2500
-11689.0000 -3284943.0000 -414281.7700
-11689.0000 -4297051.0000 -522667.4000
-11689.0000 -1196935.0000 -162498.7400
-11689.0000 -2709647.0000 -296119.5400
-11689.0000 -5915679.0000 -633576.7500
-11689.0000 -4143083.0000 -522235.3800
-11689.0000 -6363961.0000 -890775.7800
-11689.0000 -9134559.0000 -893949.1800
-11689.0000 -4518617.0000 -590148.2700
-11689.0000 -2559643.0000 -306230.0500
-11689.0000 -3517259.0000 -492148.5100
-11689.0000 -4204375.0000 -638964.0800
-11689.0000 -3808969.0000 -914103.6800
-11689.0000 -4324603.0000 -624671.3900
-11689.0000 -2687457.0000 -472297.6500
-10969.0000 -7359713.0000 -829701.7000
-10969.0000 -2826565.0000 -574611.5100
-10969.0000 -9152347.0000 -1419843.5800
-10969.0000 -3127595.0000 -834952.8400
-10969.0000 -1421029.0000 -188372.2100
-10969.0000 -3501351.0000 -565130.2600
-10969.0000 -3702855.0000 -707199.7200
-10969.0000 -3701611.0000 -354546.2600
-10969.0000 -2484883.0000 -330853.0400
-10969.0000 -4161287.0000 -667740.0500
-10969.0000 -1835781.0000 -376429.2400
-10969.0000 -2559283.0000 -293928.5100
-10969.0000 -2314447.0000 -344310.2700
-10969.0000 -3146955.0000 -351376.4000
-10969.0000 -2156029.0000 -335642.5200
-10969.0000 -1493217.0000 -157186.3400
-10969.0000 -2739367.0000 -702878.0100
-10969.0000 -3750209.0000 -568932.3000
-10969.0000 -3500247.0000 -177239.1500
-10969.0000 -3048011.0000 -628145.7400
-10969.0000 -4926811.0000 -416530.3000
-10969.0000 -2731187.0000 -466570.4700
-10969.0000 -2389715.0000 -222298.3600
-10969.0000 -3757539.0000 -520643.1000
-10969.0000 -2279589.0000 -292631.1500
-10969.0000 -2837785.0000 -402287.4100
-10969.0000 -3512435.0000 -422451.5900
-10969.0000 -1474017.0000 -267635.9300
-10969.0000 -3736945.0000 -270408.5500
-10969.0000 -2885537.0000 -340107.1400
-10969.0000 -2633647.0000 -298623.6900
-10969.0000 -2873619.0000 -503607.0900
-10969.0000 -2192395.0000 -354136.3700
-10969.0000 -2105971.0000 -634798.6900
-10969.0000 -3164749.0000 -842943.2900
-10969.0000 -2462373.0000 -336783.9000
-10969.0000 -2331317.0000 -419851.1500
-10969.0000 -2947821.0000 -525140.2000
-10969.0000 -2015627.0000 -344768.6900
-10969.0000 -2562319.0000 -346076.5600
-10969.0000 -2669915.0000 -379714.9500
-10969.0000 -2586281.0000 -358070.7200
-10969.0000 -3447823.0000 -250361.9200
-10969.0000 -2867025.0000 -829650.1400
-10969.0000 -2006793.0000 -403807.8700
-3595.0000 -686863.0000 -63162.5300
-3595.0000 -2738261.0000 -184036.2500
-3595.0000 -1615569.0000 -182017.4200
-3595.0000 -1916209.0000 -199940.4100
-3595.0000 -1029375.0000 -155538.9600
-3595.0000 -1338771.0000 -205718.7900
-3595.0000 -2126991.0000 -249748.8400
-3595.0000 -1310285.0000 -348129.5100
-3595.0000 -1641723.0000 -155168.2400
-3595.0000 -2348597.0000 -449504.3700
-3595.0000 -1301099.0000 -161468.0100
-3595.0000 -1881335.0000 -332543.2800
-3595.0000 -1941927.0000 -136693.0300
-3595.0000 -2280245.0000 -276147.0800
-3595.0000 -1073087.0000 -183439.4400
-3595.0000 -1820849.0000 -278135.0100
-3595.0000 -909271.0000 -160023.9900
-3595.0000 -1963243.0000 -179135.4100
-3595.0000 -1690459.0000 -217192.7200
-3595.0000 -1571207.0000 -117578.3400
-3595.0000 -1997797.0000 -268824.6100
-3595.0000 -2245899.0000 -487302.3400
-3595.0000 -1086229.0000 -72567.6700
-3595.0000 -1005549.0000 -172921.4900
-3595.0000 -1100159.0000 -201213.9500
-3595.0000 -1361513.0000 -216642.7700
-3595.0000 -1343955.0000 -154510.3100
-3595.0000 -1722643.0000 -194613.9900
-3595.0000 -1358349.0000 -151494.7000
-3595.0000 -1510019.0000 -404293.0200
-3595.0000 -933801.0000 -229963.1200
-3595.0000 -3050751.0000 -587824.9300
-1357.0000 -1188077.0000 -147178.5600
-1357.0000 -2188627.0000 -240195.0900
-1357.0000 -1837233.0000 -133958.9300
-1357.0000 -1049749.0000 -124979.1500
-1357.0000 -565637.0000 -85840.3200
-1357.0000 -945445.0000 -83358.3800
-1357.0000 -2005201.0000 -324992.7100
-1357.0000 -499685.0000 -68116.4700
-1357.0000 -1104695.0000 -32785.0100
-1357.0000 -594643.0000 -17216.2200
-1357.0000 -950379.0000 -37698.6900
-1357.0000 -614587.0000 -36214.7300
-1357.0000 -1392367.0000 -99413.5900
-1357.0000 -871407.0000 -76596.3300
-1357.0000 -359087.0000 -38514.0900
-1357.0000 -1031501.0000 -150600.5300
-1357.0000 -1020137.0000 -75826.4700
-1357.0000 -1228591.0000 -87929.5300
-1357.0000 -569549.0000 -7290.2500
-1357.0000 -402449.0000 -19707.1800
-1357.0000 -922943.0000 -24759.0800
-1357.0000 -1470169.0000 -78614.4900
-1357.0000 -926767.0000 -95893.2900
-93.0000 -1190753.0000 -107289.8500
-93.0000 -2189861.0000 -115018.1500
-93.0000 -585573.0000 -93558.6600
-93.0000 -346007.0000 -3958.9200
-93.0000 -1742377.0000 -70433.4200
-93.0000 -989541.0000 -29687.0600
-93.0000 -401177.0000 -18927.7100
-93.0000 -849175.0000 -70632.4300
-93.0000 -351883.0000 -16137.6400
-93.0000 -1089279.0000 -62502.5600
-93.0000 -650323.0000 -22133.0000
-93.0000 -672617.0000 -14821.9100
-93.0000 -1446019.0000 -278617.7700
-93.0000 -1028409.0000 -117145.3800
-93.0000 -830839.0000 -143202.8800
-93.0000 -815511.0000 -40920.6900
-93.0000 -1509327.0000 -121207.0600
-93.0000 -923463.0000 -97768.7100
-93.0000 -1219697.0000 -51066.8800
-93.0000 -1426015.0000 -73738.3300
-93.0000 -877249.0000 -136366.7500
-93.0000 -1890375.0000 -206475.3400
-93.0000 -119409.0000 -982.9600
-93.0000 -473431.0000 -8535.0800
-93.0000 -1066513.0000 -61147.2000
-93.0000 -1033203.0000 -94109.2300
-93.0000 -1488009.0000 -224558.2600
-93.0000 -632387.0000 -73425.1800
-93.0000 -223175.0000 -1858.4400
-93.0000 -582777.0000 -19686.8700
-93.0000 -230475.0000 -13482.2400
-93.0000 -547885.0000 -51761.9100
-93.0000 -1266897.0000 -68929.0700
-93.0000 -1543123.0000 -16462.3400
-93.0000 -1050049.0000 -87322.5300
-93.0000 -796217.0000 -87887.1400
-93.0000 -671753.0000 -10763.2900
-93.0000 -1064047.0000 -32952.3800
-93.0000 -232443.0000 -3410.3500
-93.0000 -1542827.0000 -11361.6600
-93.0000 -748563.0000 -52247.0100
-93.0000 -795671.0000 -72253.1100
-93.0000 -972711.0000 -49298.0800
-93.0000 -776149.0000 -184759.4400
-93.0000 -364951.0000 -17033.1700
-93.0000 -580667.0000 -30395.8500
-93.0000 -251547.0000 -25024.4900
-93.0000 -483851.0000 -105004.1000
-93.0000 -1175689.0000 -30137.9700
-93.0000 -1045317.0000 -42733.5700
-93.0000 -963819.0000 -32626.3800
-93.0000 -525399.0000 -12955.0300
-93.0000 -1902953.0000 -52068.8100
-93.0000 -446837.0000 -5157.5000
-93.0000 -785287.0000 -63317.9600
-93.0000 -439859.0000 -23502.8100
-93.0000 -1753027.0000 -119836.8200
-93.0000 -1596941.0000 -130963.0100
-93.0000 -655615.0000 -85615.7300
-93.0000 -1306961.0000 -112697.5600
-93.0000 -1026755.0000 -28692.9800
-93.0000 -768675.0000 -31498.8200
-93.0000 -982373.0000 -48354.4600
-93.0000 -838649.0000 -51073.0800
-93.0000 -1821203.0000 -74010.8700
-93.0000 -241157.0000 -15742.1900
-93.0000 -286253.0000 -14881.6000
-93.0000 -862457.0000 -15397.9100
-93.0000 -1886461.0000 -70471.2500
-93.0000 -621519.0000 -16760.0400
-93.0000 -1076527.0000 -91484.7600
-93.0000 -765427.0000 -42566.9400
-93.0000 -583921.0000 -24633.5500
-93.0000 -980871.0000 -47520.6100
-93.0000 -1151155.0000 -69303.3600
-93.0000 -558155.0000 -34334.1400
-93.0000 -505803.0000 -19835.0100
-93.0000 -896139.0000 -74823.1200
-93.0000 -916499.0000 -67690.9100
-93.0000 -1280993.0000 -31507.4700
-93.0000 -2043303.0000 -302661.8000
-93.0000 -622819.0000 -143738.0100
-93.0000 -415413.0000 -27815.3800
-93.0000 -1191161.0000 -111824.1900
-93.0000 -1170841.0000 -49009.6000
-93.0000 -734289.0000 -67363.0300
-93.0000 -345957.0000 -43822.2800
-93.0000 -641265.0000 -43026.6900
-93.0000 -1457733.0000 -85722.2800
-93.0000 -814007.0000 -81674.8800
-93.0000 -739567.0000 -48273.1200
-93.0000 -846791.0000 -36320.3800
-93.0000 -1777867.0000 -91768.1400
-93.0000 -796485.0000 -31019.1600
-93.0000 -372373.0000 -10679.6600
-93.0000 -1016137.0000 -166745.9100
-93.0000 -961789.0000 -147242.0700
-93.0000 -980417.0000 -261280.8900
-93.0000 -395733.0000 -24730.5000
-93.0000 -643543.0000 -96631.9700
-93.0000 -718477.0000 -147265.4800
-93.0000 -643141.0000 -216856.8400
-93.0000 -508013.0000 -18445.2500
-93.0000 -915853.0000 -30950.1300
-93.0000 -685111.0000 -70495.1500
-93.0000 -784807.0000 -70708.1300
-93.0000 -516103.0000 -35735.6500
-93.0000 -1600851.0000 -53554.0300
-93.0000 -1008741.0000 -50329.5700
-93.0000 -252129.0000 -10724.4200
-93.0000 -448719.0000 -14480.3700
-93.0000 -653701.0000 -6421.5500
-93.0000 -587989.0000 -21640.8200
-93.0000 -807661.0000 -75025.8000
-93.0000 -600401.0000 -11516.9600
-93.0000 -436099.0000 -5744.0200
-93.0000 -583523.0000 -47459.2800
-93.0000 -1031191.0000 -69217.9500
-93.0000 -807633.0000 -52154.6100
-93.0000 -628025.0000 -39495.1200
-93.0000 -991263.0000 -150943.0400
-93.0000 -1113347.0000 -86274.9800
-93.0000 -245301.0000 -8305.0400
-93.0000 -476857.0000 -26119.0400
-93.0000 -583833.0000 -20221.7300
-93.0000 -683033.0000 -29689.7400
-93.0000 -449179.0000 -10452.9600
-93.0000 -1527757.0000 -78349.2500
-93.0000 -751723.0000 -43671.9500
-93.0000 -417577.0000 -39925.9500
-93.0000 -966573.0000 -85344.9500
-93.0000 -718555.0000 -82625.2800
-93.0000 -975633.0000 -59011.5500
-93.0000 -304671.0000 -18974.9100
-93.0000 -1420451.0000 -95133.5400
-93.0000 -718147.0000 -60219.8400
-93.0000 -517943.0000 -15892.1800
-93.0000 -948949.0000 -126495.4400
-93.0000 -823641.0000 -40890.3900
-93.0000 -943331.0000 -47001.0400
-93.0000 -1070061.0000 -52953.4800
-93.0000 -741165.0000 -16742.3600
-93.0000 -915209.0000 -64798.5500
-93.0000 -580955.0000 -17342.2000
-93.0000 -65259.0000 -418.8300
-93.0000 -115095.0000 -668.0100
-93.0000 -93.0000 -93.0000
-93.0000 -93.0000 -93.0000
-93.0000 -93.0000 -93.0000
-93.0000 -93.0000 -93.0000
-93.0000 -93.0000 -93.0000
-93.0000 -93.0000 -93.0000
-93.0000 -93.0000 -93.0000
-93.0000 -93.0000 -93.0000
-93.0000 -93.0000 -93.0000
-93.0000 -93.0000 -93.0000
-93.0000 -177751.0000 -1031.7800
-93.0000 -93.0000 -93.0000
-93.0000 -93.0000 -93.0000
-93.0000 -93.0000 -93.0000
-93.0000 -93.0000 -93.0000
-93.0000 -93.0000 -93.0000
-93.0000 -93.0000 -93.0000
-93.0000 -93.0000 -93.0000
-93.0000 -93.0000 -93.0000
-93.0000 -93.0000 -93.0000
-93.0000 -93.0000 -93.0000
-93.0000 -93.0000 -93.0000
-93.0000 -14123.0000 -163.1500
-93.0000 -93.0000 -93.0000
-93.0000 -93.0000 -93.0000
-93.0000 -319169.0000 -3883.8500
-93.0000 -212767.0000 -1156.3700
-93.0000 -93.0000 -93.0000
-93.0000 -93.0000 -93.0000
-93.0000 -93.0000 -93.0000
-93.0000 -36211.0000 -273.5900
-93.0000 -65259.0000 -418.8300
-93.0000 -93.0000 -93.0000
-93.0000 -968611.0000 -4995.1100
-93.0000 -93.0000 -93.0000
-93.0000 -93.0000 -93.0000
-93.0000 -93.0000 -93.0000
-93.0000 -93.0000 -93.0000
-93.0000 -93.0000 -93.0000
-93.0000 -93.0000 -93.0000
-93.0000 -93.0000 -93.0000
-93.0000 -192343.0000 -1054.2500
-93.0000 -93.0000 -93.0000
-93.0000 -93.0000 -93.0000
-93.0000 -93.0000 -93.0000
-93.0000 -966573.0000 -4925.4000
-93.0000 -93.0000 -93.0000
-93.0000 -93.0000 -93.0000
-93.0000 -93.0000 -93.0000
-93.0000 -93.0000 -93.0000
-93.0000 -93.0000 -93.0000
-93.0000 -93.0000 -93.0000
-93.0000 -93.0000 -93.0000
-93.0000 -160533.0000 -895.2000
-93.0000 -93.0000 -93.0000
-93.0000 -65107.0000 -418.0700
-93.0000 -93.0000 -93.0000
-93.0000 -309029.0000 -4158.8700
-93.0000 -93.0000 -93.0000
-93.0000 -93.0000 -93.0000
-93.0000 -93.0000 -93.0000
-93.0000 -93.0000 -93.0000
-93.0000 -93.0000 -93.0000
-93.0000 -29135.0000 -238.2100
-93.0000 -93.0000 -93.0000
-93.0000 -93.0000 -93.0000
-93.0000 -93.0000 -93.0000
-93.0000 -159431.0000 -1765.2100
-93.0000 -78221.0000 -717.1800
-93.0000 -93.0000 -93.0000
-93.0000 -93.0000 -93.0000
-93.0000 -93.0000 -93.0000
-93.0000 -15525.0000 -170.1600
-93.0000 -93.0000 -93.0000
-93.0000 -93.0000 -93.0000
-93.0000 -93.0000 -93.0000
-93.0000 -107103.0000 -628.0500
