4.1663 -1.0726 1.6199
4.1663 -0.8976 1.2036
4.1663 -0.2227 1.2123
4.1663 -0.2448 1.4262
4.1663 -0.3937 1.0679
4.1663 -0.4809 1.2720
4.2326 -0.9368 1.6880
4.2326 -0.9396 1.6526
4.2326 -0.5801 1.4635
4.2326 -0.6871 1.6311
4.2326 -0.4882 1.3401
4.2326 -0.2685 1.4035
4.2382 -0.0408 1.7966
4.2382 -0.4036 1.3977
4.2400 -0.2630 1.9415
4.2400 -0.5474 1.4876
4.2400 -0.5761 1.3489
4.2400 -0.1652 1.5658
4.2400 0.2862 2.0356
4.2400 0.0789 1.8653
4.2523 -0.7894 2.0099
4.2523 -1.2473 2.0097
4.2523 -0.4279 2.2947
4.2523 0.6511 2.8321
4.2523 -0.5350 2.7922
4.2523 -0.9820 2.9747
4.2524 -0.2535 3.1763
4.2526 -0.5358 3.2786
4.2527 -0.5526 3.4130
4.2533 -0.4986 3.4593
4.2533 1.5077 3.7434
4.2533 1.2253 3.8154
4.2538 2.7279 3.9507
4.2539 2.7092 3.9731
4.2539 3.3657 4.0400
4.2539 3.6874 4.1081
4.2539 3.9019 4.1555
4.2539 4.0043 4.1895
4.2539 4.0658 4.2107
4.2539 4.1283 4.2242
4.2539 4.1716 4.2346
4.2539 4.2066 4.2415
4.2539 4.2241 4.2461
4.2539 4.2337 4.2490
4.2539 4.2365 4.2501
4.2539 4.2436 4.2510
4.2539 4.2461 4.2516
4.2539 4.2493 4.2522
4.2539 4.2503 4.2526
4.2539 4.2512 4.2530
