3.5519 0.0094 1.3076
3.5519 1.1073 2.0543
3.5662 0.5144 2.8708
3.5662 0.8056 2.1606
4.0668 0.1822 2.1622
4.0668 0.7377 1.7429
4.0668 0.6901 1.8093
4.0668 1.0398 2.0676
4.0668 1.8552 2.7949
4.0668 0.7462 2.1951
4.0668 0.3422 2.6935
4.0668 1.4751 2.8934
4.0668 0.6221 3.0317
4.2344 3.2770 3.8147
4.2366 1.4133 3.6381
4.2366 2.9302 3.8347
4.2366 2.7626 3.6979
4.2479 1.6790 3.2596
4.2493 3.9611 4.1724
4.2493 3.9768 4.1714
4.2493 1.7205 3.2138
4.2502 3.8051 4.1343
4.2527 4.1969 4.2422
4.2531 2.8357 3.8929
4.2535 4.0208 4.2173
4.2536 4.2461 4.2516
4.2538 4.2294 4.2495
4.2538 4.2320 4.2479
4.2538 4.2504 4.2531
4.2539 4.2536 4.2538
