2.7054 -0.0007 1.1256
3.3183 -0.5492 1.3891
4.0918 -1.2346 1.4511
4.1606 -1.8176 1.2704
4.2412 -0.5733 1.5039
4.2412 -1.2033 1.3360
4.2412 -1.1232 1.7232
4.2412 -0.0366 2.3930
4.2412 -0.5605 1.5243
4.2412 -1.2262 1.8633
4.2412 -0.5650 2.0088
4.2412 -0.9705 1.6982
4.2412 -0.5353 1.6745
4.2412 -0.4325 1.6489
4.2412 0.0995 1.7982
4.2412 -0.1573 1.8150
4.2412 -0.7013 1.5751
4.2412 -0.2008 1.5826
4.2412 0.1820 2.0546
4.2437 0.4527 2.4587
4.2437 -0.5180 2.2064
4.2437 -0.3183 2.4047
4.2437 -0.5705 2.5931
4.2437 0.1442 2.8203
4.2437 -0.0531 2.7745
4.2437 0.4660 2.7857
4.2437 0.7442 3.0531
4.2437 -1.4320 3.0267
4.2437 0.7886 3.2610
4.2437 -0.9537 3.2514
4.2437 -0.7626 3.2878
4.2437 0.0842 3.3051
4.2437 1.4719 3.5741
4.2437 2.8243 3.6824
4.2437 2.8742 3.7404
4.2437 3.0688 3.8021
4.2438 3.0689 3.8930
4.2438 3.3390 3.9821
4.2438 3.5873 4.0377
4.2438 3.7286 4.0813
4.2438 3.8784 4.1157
4.2438 4.0023 4.1448
4.2438 4.0637 4.1684
4.2438 4.1121 4.1887
4.2438 4.1406 4.2037
4.2438 4.1643 4.2167
4.2438 4.1740 4.2256
4.2438 4.1993 4.2313
4.2438 4.2138 4.2349
4.2438 4.2192 4.2373
