3.9653 -0.3477 1.1114
3.9653 -0.1874 1.1822
3.9653 -1.4326 1.1327
3.9653 -0.5051 1.2251
3.9653 -0.4362 1.6520
3.9653 -0.0313 1.3757
3.9653 0.3251 1.3628
3.9653 -0.4046 1.2080
3.9653 -0.3009 1.4798
3.9839 -1.2356 1.4727
3.9839 -0.6197 1.6643
3.9839 0.0132 1.3873
3.9839 -0.4691 1.4647
3.9839 -0.7953 1.5652
3.9839 -0.4612 1.8384
3.9839 -0.0986 2.0775
3.9839 -0.3840 1.7047
3.9839 -0.3186 1.8873
3.9839 -0.2975 2.0023
4.0007 0.4325 2.3389
4.2142 0.7439 2.5672
4.2142 -0.8725 2.4049
4.2362 -1.0341 2.1903
4.2362 -0.1574 2.1343
4.2362 0.2459 2.3511
4.2362 -1.2084 2.1920
4.2393 0.0769 2.4483
4.2393 -0.0623 2.5235
4.2393 1.0542 3.0216
4.2419 -1.2690 3.0110
4.2457 -1.3022 3.1300
4.2457 -0.3050 3.3749
4.2457 1.3356 3.7260
4.2457 1.9136 3.8437
4.2457 2.5050 3.9412
4.2457 2.8834 4.0239
4.2457 3.5559 4.0810
4.2457 3.8169 4.1207
4.2457 3.9279 4.1503
4.2457 4.0490 4.1730
4.2458 4.0793 4.1942
4.2458 4.1363 4.2096
4.2458 4.1477 4.2186
4.2458 4.1865 4.2252
4.2458 4.1990 4.2299
4.2458 4.2140 4.2343
4.2458 4.2201 4.2375
4.2458 4.2250 4.2399
4.2458 4.2285 4.2414
4.2458 4.2347 4.2426
