3.9630 1.4299 2.7741
3.9630 0.0665 2.2767
3.9630 0.8204 2.1540
3.9630 0.7944 2.0306
3.9630 0.2918 2.3815
3.9630 1.1647 2.3689
3.9630 0.8957 1.6074
3.9630 0.9292 1.9313
3.9630 0.7014 2.4439
3.9630 -0.9406 2.5304
3.9630 1.2157 2.5938
4.0768 0.5466 2.8091
4.2373 2.2751 3.8649
4.2462 2.0609 3.7152
4.2462 1.1618 2.6786
4.2462 0.7417 1.8862
4.2462 0.8476 2.0186
4.2462 0.6859 2.1797
4.2462 1.1248 2.4253
4.2462 1.1576 2.6442
4.2462 2.4151 3.6219
4.2462 3.5254 4.0746
4.2462 2.4924 3.7741
4.2498 3.8841 4.2027
4.2498 4.2255 4.2405
4.2498 4.2311 4.2417
4.2498 4.2335 4.2446
4.2498 4.2418 4.2482
4.2538 4.2499 4.2524
4.2538 4.2522 4.2535
