3.4048 0.7893 2.5926
3.4048 0.9326 2.1208
3.4048 1.1724 1.7367
4.2007 1.0416 2.4448
4.2007 0.7051 2.1397
4.2007 0.9682 2.8037
4.2084 3.1551 3.7640
4.2084 0.8477 2.2798
4.2084 0.6356 2.5845
4.2084 1.1231 2.4666
4.2084 1.5059 3.0033
4.2175 1.8214 3.8169
4.2175 1.0041 2.7524
4.2175 0.7677 3.1030
4.2175 0.5859 2.6308
4.2175 1.5646 3.1403
4.2175 3.1462 3.7871
4.2498 2.6418 3.9172
4.2508 2.7669 4.0050
4.2508 1.4110 3.2347
4.2508 2.7411 3.9241
4.2508 1.7712 3.7728
4.2508 3.1318 3.8598
4.2508 2.7088 3.5521
4.2508 3.6389 4.0133
4.2508 3.4984 4.0410
4.2508 4.1464 4.2262
4.2508 4.1421 4.2166
4.2508 4.1817 4.2352
4.2509 4.2367 4.2479
