4.1967 0.3176 2.3985
4.1967 0.9857 1.9775
4.1967 0.2498 2.6091
4.2472 -1.9871 1.5292
4.2472 -0.4129 2.6386
4.2472 -0.1391 2.2710
4.2472 1.0501 2.1876
4.2472 0.0310 2.4746
4.2476 1.2406 2.5243
4.2476 0.7971 2.8403
4.2476 0.4432 2.2826
4.2476 -0.2676 2.8937
4.2476 0.8306 2.0137
4.2476 1.6654 2.9783
4.2476 3.0460 3.6735
4.2476 3.0549 3.8009
4.2476 1.5219 2.9808
4.2476 -0.0093 2.2681
4.2476 1.2687 3.1783
4.2476 1.6596 2.4900
4.2476 0.6857 2.6850
4.2476 1.2865 2.3021
4.2476 2.2287 2.6917
4.2476 2.0514 2.8473
4.2500 2.2340 3.2685
4.2500 2.4391 3.4658
4.2515 2.9435 4.1222
4.2515 4.2464 4.2495
4.2538 4.2507 4.2526
4.2538 4.2524 4.2536
