3.5902 -1.5306 1.3768
3.5902 -0.2864 1.3170
3.7896 -0.5343 1.7823
4.1095 -1.0488 2.0197
4.1928 -1.7049 1.5998
4.2103 -2.1078 1.4561
4.2103 -1.7894 1.3682
4.2321 -0.9047 1.8471
4.2321 -0.4838 2.1628
4.2321 -1.1450 2.0963
4.2321 -0.4900 1.8130
4.2321 -0.1840 1.4776
4.2376 -0.9834 1.9469
4.2376 -1.0840 2.0844
4.2376 -0.9811 1.8411
4.2376 -0.8724 1.9064
4.2376 -1.4167 2.0362
4.2376 -0.4180 2.2282
4.2407 0.2845 2.8806
4.2491 0.8193 3.0364
4.2491 -0.9897 2.5096
4.2529 -0.4958 2.8188
4.2529 0.7806 2.9015
4.2537 -0.2886 3.0512
4.2537 0.9568 3.2380
4.2537 0.4369 3.2115
4.2537 1.4030 3.2772
4.2537 1.2825 3.2789
4.2537 1.7101 3.4083
4.2537 2.0711 3.5322
4.2537 2.8279 3.6656
4.2537 3.1035 3.8072
4.2537 3.3346 3.9246
4.2537 3.5794 4.0165
4.2537 3.6706 4.0784
4.2537 3.8687 4.1232
4.2537 3.9642 4.1566
4.2537 4.0390 4.1823
4.2537 4.0774 4.2028
4.2537 4.1334 4.2182
4.2537 4.1625 4.2294
4.2537 4.1917 4.2377
4.2537 4.2078 4.2427
4.2537 4.2185 4.2456
4.2537 4.2334 4.2481
4.2537 4.2400 4.2493
4.2537 4.2452 4.2503
4.2537 4.2457 4.2512
4.2537 4.2478 4.2518
4.2537 4.2493 4.2524
