4.1079 -1.8773 1.2734
4.1079 -0.4454 1.2507
4.1079 -0.0081 1.1689
4.1079 -0.4920 1.1921
4.1079 -0.0089 1.3944
4.1079 -0.3713 1.3490
4.1079 -0.3105 1.2752
4.1079 0.3138 1.4955
4.1079 -0.2415 1.1985
4.1079 -0.1143 1.2250
4.1079 0.2992 1.3380
4.1079 -0.1174 1.3035
4.1079 -0.1125 1.4093
4.2310 -0.2451 1.5349
4.2310 -0.1683 1.6748
4.2395 0.1845 2.1105
4.2478 0.7725 2.9429
4.2521 0.0504 3.2484
4.2521 -0.6448 2.7104
4.2521 -0.3534 2.3397
4.2521 -0.5524 2.0343
4.2521 -1.1583 2.4182
4.2521 -0.7245 2.7393
4.2521 -0.1025 3.0773
4.2532 0.6101 3.1689
4.2532 -1.1387 3.0897
4.2532 0.4777 3.2416
4.2532 1.1858 3.3284
4.2532 1.1102 3.4114
4.2532 0.0816 3.4180
4.2536 2.1950 3.6095
4.2536 2.6048 3.7195
4.2536 3.0241 3.8877
4.2536 3.1379 3.9729
4.2536 3.4759 4.0285
4.2536 3.6705 4.0900
4.2536 3.8545 4.1368
4.2536 3.9385 4.1628
4.2536 4.0277 4.1842
4.2536 4.0602 4.2050
4.2536 4.1134 4.2188
4.2536 4.1611 4.2269
4.2536 4.1948 4.2343
4.2536 4.2016 4.2387
4.2536 4.2161 4.2414
4.2536 4.2292 4.2445
4.2536 4.2330 4.2469
4.2536 4.2381 4.2487
4.2536 4.2418 4.2499
4.2536 4.2448 4.2509
