2.6125 0.7393 1.7289
2.8969 0.7890 1.9976
2.8969 1.1954 1.8760
2.8969 0.7781 1.7780
2.8969 0.2523 2.1256
2.8969 0.9692 1.7198
2.8969 0.7733 1.7580
3.1879 1.2505 2.5540
3.2204 0.6248 2.6362
3.9739 0.2690 2.3222
3.9739 1.0393 2.3572
3.9739 1.8661 3.0351
3.9739 0.8355 2.5362
3.9739 0.6830 2.2602
3.9739 1.3936 2.7137
3.9739 0.3707 2.9246
4.1740 1.4263 3.0862
4.2058 1.3636 3.7278
4.2058 2.1117 3.7454
4.2058 1.4013 3.2737
4.2430 1.8132 3.2571
4.2444 3.8801 4.1752
4.2501 4.1834 4.2365
4.2524 4.2285 4.2472
4.2524 3.7144 4.1186
4.2524 4.2260 4.2476
4.2532 4.2473 4.2518
4.2538 4.2077 4.2469
4.2538 4.2519 4.2534
4.2538 4.2535 4.2538
